742.5,721.5,26,73
741.3724335668478,722.4845772498218,25.750257921617596,75.11891970766229
739.0387552271479,723.7673670134075,26.02995743548986,76.32454083738186
738.8865397046732,722.6790766740746,26.299791079863557,77.86197846633053
736.3890361652407,721.0346362822307,26.451394342505374,77.79779256720278
735.0987699920897,720.7987358231121,26.50521856273918,77.66220367773896
734.348883838018,722.3072970757688,26.467567260195327,78.52880586190912
734.414489638341,722.1016737235724,26.3526909196724,80.3809511039378
733.5644630334881,722.874447493819,26.649587252814282,82.7877746838973
736.4224093824824,724.0069187949217,27.581037236710316,85.21351878442024
739.6353626573897,722.9689041235088,28.493059935705492,87.59026521284622
747.5886246736336,721.869042587222,29.046143981220567,89.6593397767517
755.7666578616551,717.4241324828149,29.799538435866317,89.57184312918159
762.7678549233996,718.783830044861,29.77245940637126,89.25040103853657
773.6222163444007,717.6912315010273,29.512436515540895,88.60621928289643
782.6810803648652,716.9346432420983,28.950395425295593,87.74776107899862
787.4986982863128,715.4634697115196,28.215459608340286,85.68658383671976
791.3385939594148,714.384111959969,27.628021129262773,83.86077032141895
795.666647821827,715.1136978867618,26.806849069569004,82.40153416323272
799.448461645747,717.4087156257862,26.168329377661692,81.8386168912082
800.8264780795097,716.2788860599361,25.74330828229194,80.02141797923767
801.7247540377404,717.6611052631723,25.364462855393658,79.69833909272377
802.6291126489127,716.6311609304639,24.968767555160497,78.99862568828576
802.6417711821559,717.7458178349063,24.740253784286228,78.79853389096715
801.6434046285411,717.1574108141427,24.76019527126143,78.3478884064323
801.1046975094032,718.083011307996,24.73573456198939,79.01069164922507
800.0591125821581,717.6198261555937,24.820133805670217,78.29693417597619
799.2144253079515,716.7479959450407,24.808294517413508,77.83832027457274
796.2666643938634,718.3743623855921,24.462762287514835,77.94085873288613
795.8665906682234,718.5990281733975,24.41350385405206,77.91912250444153
794.212908784086,717.1216382739113,24.475597370099013,77.28715847177935
792.2465697341652,717.9311349705914,24.58698116223185,77.03598498370025
790.1991511539119,718.4958361166774,24.665957765182334,76.8469792388457
788.1543694007896,719.7811862903055,24.652560208041947,77.90240589621301
785.8269402862745,719.2406460705517,24.72044763095036,78.04948781057777
783.7507041942088,719.7483910615024,24.696011798877066,77.73196523876405
781.6078452003976,719.9815000950382,24.51119069348174,77.81227986221761
780.6335782516474,720.0024670155544,24.331682369912844,77.61552547467736
779.5095396772298,719.0953736993681,24.347278515940435,76.94357781635466
775.8251303007601,718.7802255386745,23.78742924672411,77.82347289417461
776.4343170949011,718.5311613888684,23.750737768274707,78.77950395310006
772.661229025407,719.3720508325226,23.607563779089165,78.48206582888378
773.6352932207647,720.3929138809365,23.82625806026401,78.61611359108011
769.3927841723329,720.736066440933,24.070947368370295,78.7058450912273
769.960014456149,720.5505433402479,24.092702349253287,78.70592119243281
768.2289279522,720.825840582232,24.48623297929785,79.18620119920277
769.2184324541271,721.1465957945584,24.898462188029338,79.071550952067
769.9203555919676,719.7777770308453,25.074837565332913,78.21366345317158
773.1152910828341,719.6209840618048,24.59797050510868,76.52516155975545
782.2314384119388,719.3899733132871,24.461615483129748,74.78927846999875
791.3200548551772,718.8222320013228,24.481390729587446,73.1575410736333
800.83686716813,719.0572991731398,24.084534444746478,72.38377330833997
810.1028956698316,719.2826521068149,23.615881524595153,71.88125383854208
819.9303750669574,719.7664504434483,23.65822459496748,72.33065996240214
829.872846618653,717.2271670340181,23.102455533324303,71.19671667231484
837.6074980157845,716.4627432064592,23.044430510057442,71.15656909008203
840.4927397961843,717.2126146228787,22.934792228951444,71.5024467702053
849.054043012172,716.796702429078,22.581280264139266,71.54700418812612
852.3730072489079,718.8029667838546,22.529015109301255,71.18742600385664
853.3270212627883,719.1900596515889,23.107484006894595,71.27764286057035
856.2024090191056,719.2236493375669,23.138784853055,71.5727026706096
854.6587429025643,719.0185525877179,22.892919730867256,71.51097553103108
855.526732739746,719.6627443012321,22.766133023918908,71.8585923796144
856.66229887841,717.4695119853021,23.14168753896446,71.77808990560898
857.0248766309323,718.4021312184525,23.530934566497308,72.16730557520303
858.4075948812765,718.4324245233526,23.664905929425995,71.75788120233196
862.4977170090999,719.027788441443,23.366336440319635,72.00766864592079
865.7792717715348,718.0624422766504,23.309213605971138,72.36358337235683
868.7260358718628,719.364315897506,22.880536784709584,73.03764312794462
873.3694140832599,719.0317341892022,23.597347103858827,72.800765526543
875.6435365036738,719.7437068909021,23.632085756835874,72.52490464443702
876.6061426720255,718.2809096496596,23.530181411160363,72.13506848574741
878.7273153428636,719.7640219817176,23.429907793422245,71.71145875846005
878.2905965575269,720.9921016481712,23.529706042768424,72.40205965084907
877.4865564840446,719.5116546299289,23.678034464536076,73.07010176243737
879.2383334140886,719.8326115142975,24.093069481172346,72.78477531426654
879.3665087937334,720.2129500041949,24.262750669018814,71.565042821328
878.1707457860671,723.8417832704492,24.49168880326314,71.66171112005716
878.2822123860375,718.6019229005346,24.39657326389245,70.85348897353367
874.8508721470428,720.9596199454254,24.269951106689014,70.94528911669292
875.9747736774491,721.833981134668,24.139545354225945,71.07820156963638
876.4948893912394,720.3385735926809,24.446537685342648,71.35895629556299
877.9281557547328,719.9538092921861,24.332810429776394,71.55038451327086
883.8148066656145,723.7402064611503,24.46651201072299,71.65875587053304
886.4521331610508,721.0788886019672,24.35629822120521,71.73615233108669
888.8477534676138,720.7518168298008,24.51723465580891,72.18755334352394
890.2346232002865,719.8789441790335,24.05383988650839,72.93032055858689
895.7570561627741,722.2288503556326,24.4433592612156,73.37189376065581
901.1672318291596,721.3341223754466,24.732348596169334,72.67348188884425
897.4252579571279,719.9812474700707,24.505281592613123,72.67014504302541
899.0418265919069,721.950297875572,24.356856589976957,72.7936453939796
901.2702787575666,721.8321396473095,24.11131080586825,72.43768939004403
897.7186881134704,720.6748279141294,24.26800323679139,72.27224608012854
898.4134323268402,720.1554815829041,23.953488989319844,71.9932037858377
893.6800070589239,719.7536611442479,24.23285478394141,72.30214747977978
895.4956470405057,719.9770106737777,24.099370879432527,71.3749012608098
897.1935342224236,719.2025412240408,23.635558052004143,70.79787432661963
899.5720421148053,720.1749112336627,23.73174985543674,70.526899847499
907.6718981904594,721.5038798552156,23.558170287746744,69.68269260584279
910.7744349434498,720.9416362281476,23.541221438443067,70.08568935762135
918.5169895324183,720.5677386508415,23.53259274451499,69.95928011503182
926.6287572546178,720.0041664280591,23.81081396820676,69.63576063637952
929.0981395662828,718.8261996975775,23.888394845822603,69.47631443006046
932.4073968068597,719.1243264575236,24.818356583846366,69.63356429237433
938.6273040876492,719.6519108290357,24.9100666804701,70.41066116481328
939.5501868062845,719.3885833109407,25.576116552724244,70.3234091618379
939.8039320525296,720.6633198175128,26.491046323524323,70.37939130883463
939.8813975433912,721.793299464712,27.340467553753303,69.94485561272569
938.7949746494986,723.4053137427245,27.673837352196937,69.79563350849828
937.5001179078854,722.6741542941513,28.347012120060747,68.742614938451
936.5341539636061,724.4644232771087,28.386434005239593,68.0688979850332
932.6114330745002,723.9037696057203,28.963896638401458,67.51933478528377
932.6749447822915,724.5802306022922,29.685749937525202,67.09695716851316
932.0836326988598,724.5226214111498,30.11198687065439,67.23108327847173
932.8671803742099,721.8993570234707,30.205145163943882,66.70833114333796
934.9298801480728,721.452789679214,29.4399207489694,67.42478012607026
943.4599123320294,722.1450663518325,28.723400387403927,67.26108380502623
952.0564809287869,721.8619284070835,27.260319002909984,68.8302432480292
959.3277765181506,718.5861297182104,26.544839068384196,68.7939914856081
965.1406276535868,717.6105345490821,25.451237475001932,69.46203460802138
970.2291004664191,716.8279424580728,24.19930443783814,71.58115574835304
973.0209806435423,716.1025662090223,23.280868294712576,73.24343396979235
974.9932766667386,713.7280809953457,22.943702414854503,73.15549176515677
974.985159413683,710.6428455509996,22.64668077644191,71.97543584415662
975.6687961848862,710.247813049692,22.52215442164988,71.6043083104177
975.093407330918,711.091515779173,22.496059280121916,71.50954968869021
968.775164304005,709.1087334847953,22.36230073555932,70.70002930506423
964.1965416827355,708.5305094634225,22.501698916941077,70.70243605752651
959.5986231427651,706.6417002575017,23.285453324762777,70.4975784733505
955.1736061062359,710.0302784711596,24.006260713250974,71.49935032591164
951.4623567332474,711.2224202874081,24.48168790695134,71.98094312964805
947.7718392497907,713.1923123105373,24.752143860040107,71.97700660421786
949.0396748325268,712.8740826774216,25.073741981677248,72.01194521290991
944.466964605023,711.5485170512961,25.000664206704318,72.12734467271093
940.4536330173745,710.3207766679184,24.636708104047234,72.53525258828533
941.4475212853743,712.1508646102851,24.611633127114548,72.5218984408413
937.6488231361908,713.0848019927256,24.54629110226987,72.67667010311486
937.7591371244208,714.0997685984287,24.50081410139483,72.76281526847886
933.6756738026461,714.5526639186297,24.472099227304994,72.7686673583127
929.8239544843847,714.5030911911381,24.534823695279435,72.17545026637532
927.6228356844821,716.4416577824012,24.37861679511502,71.33686364604387
925.2517493408637,716.1693034723774,24.322760059591637,70.95563950108465
922.693566562119,717.129198906575,24.54686125093125,69.62085135304525
919.079182902055,718.491583909694,25.54569864704802,67.48669357949225
915.4467840688709,718.4329543266111,25.77704618676829,66.86497996256931
911.8502682354339,720.7714580398823,26.07668195291599,65.37109278672897
907.917910471146,720.4831448991227,26.169883542587932,64.42968031855318
903.8288229181435,723.3360017931453,26.057018228060663,63.741658619588854
904.8201700967921,725.0856056619568,25.632405855283466,62.631594825752416
901.605706341766,728.0643727985429,25.035412497415855,62.313490121824856
898.9873045113867,729.9326037429532,24.55627043750173,62.77151389737183
898.6920160846789,729.9696069548363,24.442264957352545,62.90615439690912
897.8737964805259,729.8224055545841,24.260957884034713,63.01112554498695
895.4500402220257,728.5181044159482,23.91441532062133,63.32557794661794
895.5088876099293,728.3715380278262,23.35556612443838,63.00515529149584
894.9073174895889,729.5354916972398,23.085423551093392,62.99761314317481
894.4948298314819,729.6157480002267,22.697713520703903,63.21963891543948
893.9933311222278,730.6164308918735,22.648363279147265,63.09757789880092
893.4024172124663,732.2484888285769,22.717228614310592,62.88052585290865
893.1124384754693,734.2991506472183,22.744978379945845,62.65139054532266
889.2392389642665,735.8259754051209,22.746871996925467,62.575905225531955
890.3304563949416,739.1529918792515,22.687412961838586,62.3887101602662
891.094874270054,738.2666494065639,22.64373482059973,62.18472317151341
890.8675327162434,739.3913590527044,22.473558833601054,61.98252196356797
889.9870353403659,737.6091103137751,22.416501174276778,61.86813255101512
889.760734843673,740.2328482130706,22.139096307333883,61.451555514173485
887.2523017770477,741.8119075943453,22.386031124208746,60.801656470557226
889.3767065494419,741.4395896594889,22.103374962675453,60.35981253336999
889.4464644663389,742.8932160613721,22.158836144138437,61.51390959837805
886.2445790981345,738.7173383496519,22.141684124351915,61.93825537292307
891.6881516865068,735.4947710793737,22.22411482956538,62.18546339217826
891.2879324107154,735.0452684647206,22.169152997675862,62.89495838033352
892.1010784176392,730.6396010430971,21.86324286363463,64.71368276902126
892.9651789699392,726.2748161583261,21.753288910409648,67.43167922389651
894.1158733036515,718.7778457674058,21.602904318988973,69.80453769982877
895.7990470164884,714.993741787909,21.69152439209429,71.19921078867468
897.5149379402383,713.3716575119385,21.717491434517857,72.71312361761629
899.1272451262191,712.3809627848493,21.595187004801595,73.46892629982948
900.4259950832569,709.1335617636835,21.443251122327066,74.04379311572065
901.4917192254736,710.9208220191722,21.249213669344883,74.48549031333093
902.7444643247073,711.7756223654474,21.10771759242894,74.96088980197877
904.2085714951298,710.2070321638869,20.973455001385677,75.20119696939716
905.7249678847786,713.2546077476652,20.895120458782568,75.62286432524742
906.965047013072,712.1972108728907,20.77166238415681,75.88199060291092
908.0944668440886,713.1234609768727,20.685056780503487,76.05571405446223
909.2622690531194,714.7694988333384,20.535244093322707,76.06447442780406
910.3478615861886,716.8850038213022,20.53839617585062,76.15718204602312
911.3382195191939,719.4548995313293,20.579635561533934,75.80041446019764
914.1945598650566,721.5188971480522,20.836357659878114,74.98440662680649
913.8613702516687,725.2521636806555,20.864944239768974,74.74713591358984
909.8994438899587,728.199844335383,21.15440422484685,74.59688416224023
910.734888153147,731.0110211123713,21.334686476744608,74.70165959080761
911.4129050457577,732.2404979405819,21.215636109987763,74.9079559973288
911.8744021919346,732.412157848699,21.028980433051615,75.3200294477723
908.2055662618001,731.014487173563,21.402494711991253,75.59796934121165
909.0694100011825,730.7039601168913,21.752552194011244,75.60861526764256
908.6675795299773,729.4072604649399,22.25767099450738,75.79782951485899
907.9727969302787,727.3631393123839,22.498651828059767,75.93778504819676
904.7988221660415,726.7203471255784,22.58644663241312,76.43462497219214
905.1739488362902,723.2147874704276,23.19034680582422,76.11843658138291
904.6844641718068,722.8212752294193,23.50984295402013,75.72338150979549
903.6968736605826,726.1424311354134,23.578263879918456,77.04662202782416
903.8480703111394,725.0935779124696,23.426046850601203,77.9543292509564
903.4774012294379,727.3168211887456,23.330505402988845,79.53237120182231
903.2680655197862,726.7569342717006,23.161662302600664,80.40206817572299
899.4808998039638,724.005470416272,22.927167287712415,80.27652594257977
900.3811916488096,722.5032815015298,22.66625954902469,79.1701764618835
896.8311310696217,724.2190670244471,22.57511750854796,79.34521046899702
898.2187792878495,719.7806732380345,22.370079689493334,79.49072915907061
894.7126829663131,721.1685471557803,22.446616738694207,80.5187826217206
894.3313512940147,719.5737237379205,22.85578990947431,78.85174334217531
890.2313638080848,719.4335874763152,23.327274528703658,78.04586879545487
889.6076780484808,720.9914999018921,23.46992819722644,77.92893148321106
889.5595758164442,722.48783306215,23.34931553562168,78.1304208557494
886.040257453959,722.143015365669,23.04236071548697,76.50326733689178
883.3773713024495,721.6011314635891,22.625525424969474,77.07901479965543
880.7128481238193,721.251763501777,22.32586580383655,78.21872448197713
881.2121593625642,717.5180522272775,22.070768652598545,78.40677433886795
876.5397207249731,717.9014348149101,21.779822677963903,79.11170804379854
875.7480820812538,717.2897977869758,21.36836543972198,79.68104702486083
871.374484688862,713.8955673099837,20.955997159930273,80.95973138659046
868.2577249222815,711.843982889958,20.684340148902105,80.83316628270254
864.783190505865,710.078179456168,20.66509910243195,80.41841923792921
864.2433962010275,713.684018714337,21.002856588277957,79.49809585464783
862.6348640534396,714.9442777380333,21.45535017041072,78.55414271528275
862.0374501429109,716.4431946749579,22.03312495954679,77.27309856387612
857.8371788682566,715.9114951502919,23.16752704788729,75.71460086943382
858.129204847732,716.4966734411158,24.00796554074924,73.86193460064837
854.5702215691759,715.6233854402283,24.28144252342895,73.04697333664589
855.2818248441833,716.9020946987785,24.495411771830288,72.67891114660239
854.5237811176523,716.1170779646017,24.288390575638502,72.48923990590285
854.383907424429,715.8838908679469,24.107328939896814,73.04471781284407
851.9042538351241,715.2394402546549,23.41605237445764,73.28385059155205
852.6457367836671,714.9910873590409,22.84568854436552,73.06057244742385
852.8286169412388,714.7302914574676,22.515754871288202,72.63722708101866
850.2805640061464,715.770836132748,22.20349978337367,72.82535188374777
851.5741717242075,715.6481565996696,21.986033654883762,72.30962788344095
852.1482905841672,715.2522910877746,21.68550922660966,71.84537531615143
853.4830297409833,716.227303806645,21.124151831251364,71.44392897520473
854.4791016156809,718.0535061030902,20.764337665024286,72.00094172545393
854.7828986550556,719.7416712276147,20.65716952106626,72.32631454799905
854.9313865543038,720.6283189334897,20.685936771953124,71.76384720212138
856.6456213073861,722.4393065645352,20.60369348115086,70.5828197111028
856.4784459960059,721.5692506371072,20.457402977278626,70.08822444887795
855.4412590153618,724.0966976390297,20.277438912520235,69.9995746657666
856.553918538407,725.2460802729872,20.364085808812554,69.17336825386195
855.7954010949545,725.7434025777175,20.694665088303353,68.0582542307038
856.2683862057426,726.3838032155345,21.10360679013578,67.30126906377342
856.6219855234832,728.6066163675084,21.115918352293974,67.2902698159473
856.7105737739827,730.527354507451,21.32999258085571,67.16110456549623
856.2880678594717,730.2730943277743,21.35581378850176,67.13916754741606
855.4328500969127,728.6899769922214,21.37063390281492,67.01087492627008
851.2387566611205,746.3238769966194,21.032847645126772,69.62201549974958
850.8635947576958,750.5800859359681,20.979969120910255,70.1947187758374
852.5259812793213,723.3603334379562,20.88448680145975,69.38108046131424
853.6391681563858,727.7243954115123,21.241125389783754,68.73522809012985
853.5580277844917,728.7323764565522,21.32919645092841,69.36093813444955
852.887369706548,729.6710546493771,21.462835600094415,70.43668266852322
853.2666002181488,729.5109847020974,21.429194833126072,71.65148160544106
852.6812657915059,726.0407406783413,21.430840649455074,71.61657635766498
849.5113458583336,726.9383301046861,21.460117428336396,71.08563657777518
851.241491704975,731.1521309331107,21.38556458469338,72.07959044002986
851.1575418594997,731.5126610608893,21.461317811951815,72.86397936030755
852.4449722813581,728.8854477815037,21.3264575022927,71.99432335377098
853.6741740559571,725.5654158872208,21.325110713882726,71.87815011230754
855.9738199035564,738.2085937167984,20.99766674359845,72.8493132214629
856.7612474609513,737.6484622483327,21.59522402428617,72.85590592848226
858.2530417299075,738.636915960846,21.168309966811954,75.29143451190922
858.8239964520391,737.3483217445944,21.13175292428227,77.26671879058847
858.2203161094577,736.6534411397364,21.708020465028092,78.76679603098569
859.2700049871189,737.9486549492459,21.62041438863015,80.2226826514686
859.9965141015797,739.5513185520651,21.329831333697065,82.98981190106089
860.8444415138514,735.4371208157708,21.50193875032637,82.46670342925268
862.3850817280204,735.4985550449876,21.419776888501588,79.88038096271657
863.4087400574134,737.3530065491133,21.031488044580566,79.5730375457586
865.9846682749459,741.4902022497242,20.885967821673756,79.57073133435608
867.3566231503651,741.4997541516084,20.880839046177233,80.70648600055075
863.7033051693196,739.4784636999274,20.99940089632969,80.01636703284956
864.9785710757895,737.8788302555558,20.99865994261214,79.94904118057993
865.6708420713285,743.1245620463827,20.82992479338457,78.23449124180956
866.3184179836512,743.1124187450374,20.895167088955574,75.86620782573176
867.8201714529929,744.8257324209676,21.037148174030193,75.96814898011229
869.6667233383741,744.5566281141155,21.062897876930926,75.70889387874024
873.8983878768856,748.8756050821314,21.10066838639467,75.3647984708455
874.5394434937291,751.0213448891377,21.877140173871876,76.42560901033625
875.0090958471573,746.4982759155839,21.867771458779508,76.25240472569348
870.6916878588429,744.3833672988677,21.896353838606554,76.23869120885105
875.4039515058137,752.6368742170237,22.110651961229873,77.1625111890675
875.8061709475014,750.6228691783601,21.817183610748646,78.32187249892341
876.3277277473624,744.8843493166099,21.82790254200195,78.41443842176446
876.791322093217,743.8609571526483,21.880932558807796,78.0831945953146
883.6741859950195,753.4611279633306,21.826243344680606,77.3136333847167
885.8689723436835,763.0364304648649,21.613815651624826,79.11295666533935
887.4423149328533,756.3862547467814,21.61153440776412,79.10117621979255
886.6335089171021,759.1562838147305,21.411227781010073,79.10945935815586
886.7503694184032,761.427000836607,21.31001532452152,81.80997010428936
887.490339721754,760.4124928672724,21.22981934767993,81.49153030298356
888.9877277998952,758.2478375472082,21.309148454153913,80.81368600155305
890.9369332394475,756.5649915317678,21.338386834616628,79.60110902761214
893.912192852961,765.9148708260833,21.80326096009822,80.89134448805332
895.9486573567161,765.5201495518555,22.28777890922252,80.45637316474388
897.229069066135,766.1050644896692,22.414470033917937,81.62659923165181
899.2988589965189,769.273616256159,22.328655470086154,84.33648227856715
900.4913057485284,767.1716031601984,22.40074624760713,86.18137308116044
902.6759656122528,764.882896814979,22.637392611314358,84.76953368114516
904.8582329683775,764.0318302679032,22.62830423771855,85.03305240685802
907.8615968241062,770.7771774163643,22.726751067734504,86.15133542774575
907.5174561550054,770.1666816671253,23.30216227152285,85.98127730273453
910.6822169900499,771.9350143716343,23.317438689507487,86.0349217520385
911.8149098096756,769.1405587795462,23.33422286913435,86.08834909908737
906.3474437441349,770.9552013651075,24.166747544771482,87.40845195515571
907.2970802356562,769.8883740384116,24.96117487529707,87.37170861164515
909.6049757608438,770.6859963077977,24.966345014191873,87.63632687728568
910.244661557612,773.864290462743,25.183241097008832,87.70867028049932
912.9738336657554,775.3367172367766,25.492550345993003,89.13952435877495
913.6850403350693,773.1071525292657,25.960614187846147,89.92828319503093
914.9759523959012,774.4849053254743,26.39866130107601,91.80820507758935
918.9137616308933,773.4134168589043,26.20008388486391,92.89100718792207
920.1154141428157,776.3455664906618,25.862613144848044,94.5040004620961
914.390365108648,773.9544634679263,26.457242463183242,95.06013467300289
916.7333050222852,777.9503745335189,26.487629267988847,95.51158322510616
918.4097570479443,777.1741244729673,26.493869189067663,95.67366279014126
920.5542070263829,777.6444823241626,26.491288488019258,95.72502253101835
923.1942893886321,781.092392552575,26.421822844941644,96.66207494177779
924.9908176208575,787.7202907461867,26.541430031003724,98.47723955308949
926.6339691019574,784.750262064079,26.863801118181307,101.28649166332222
926.6326195447601,786.9179049139352,27.17141032612183,104.87370991182149
928.4059556838263,782.3218671164223,27.79210216847293,108.51129017222219
928.2796013550956,779.4678311187874,29.005942398657595,111.14928594030386
926.9601402542846,777.9197627355454,29.989054959395087,112.0478075601509
927.9681214810765,775.6013161370289,30.59682745683056,113.8210194408081
929.278762392282,773.949991882287,30.253677596242085,114.48740553345237
929.3264976939894,777.4659108218667,30.624779903374595,114.77699499956891
929.7802150600387,776.9153554365324,30.607635252776976,114.9028818713497
930.8526360142808,778.8039443115244,30.944447749886614,114.28636963345082
932.9544239258428,777.8078064303076,31.322876473881884,113.16464769805424
934.1294305668459,775.8114803895768,31.313840622219313,109.78468587265556
934.2861349795234,781.1478530719808,31.352095207528087,110.5894719409531
933.624106945738,783.3730863856589,31.963205575406867,112.22578776904105
935.11852683333,786.4589896391585,32.047792285284764,114.17593808729819
943.8739596297688,791.0933584189405,31.306351130883613,115.20707101876195
945.0287179319082,787.6607624587799,31.0134029489223,114.28376978265013
946.9729724317806,788.5715163818749,30.8106015182999,112.52343792358475
949.4949535455934,790.543072223624,31.013863144739094,109.6146928477524
950.716431378083,793.158712380173,30.69286049031886,106.80525797075057
952.1267244157818,796.5107695276876,30.192856089497138,105.46225770083744
955.0810182106392,798.5557378565949,29.98898089068218,103.3675043916785
956.2085054973401,794.8660139877802,29.735850008152426,101.58811194986458
959.5957010701643,797.7182399234719,28.68929690190231,99.00980401082379
961.5787156511195,799.6215245473884,27.764812415818838,97.2879594276787
963.7458936641284,800.8239832004156,26.762506474868864,96.08158400127832
964.9999160325444,801.7130313564842,25.972598644660625,95.29578742468709
966.0970915399525,802.3326312981656,25.323161517821926,94.60180189631635
968.6206519726521,802.4339473682646,24.601447680621025,92.72380764598029
970.4485991171856,805.9225835146018,24.170036404707123,91.93916516745387
971.2108232536293,807.3432630171008,24.02108201590626,91.37749046764709
973.523712374845,810.0585944439895,23.796633290839445,92.18828459934312
974.2997817517823,809.7994069393341,24.453597167580032,93.31196134643933
975.4865949710781,812.3097493047167,25.254753243560554,94.35359589439133
976.6188474411103,812.5377753294796,26.32214842327771,95.1664866778121
976.8843534662024,813.8655700991914,27.375581491997803,95.10311482218077
978.046213438075,813.4790292526384,27.9297847984508,95.24763948890046
979.5832018521668,812.8160126313468,28.362254093390415,95.22539182480628
981.6110383744029,815.4496947091769,28.193932561826976,95.5597656452204
981.9810541000503,814.113359072287,27.80712571585419,96.65595414617289
984.9759351464686,815.319423674008,27.362494829530036,97.13915036501803
987.6221639592558,816.6667603798801,26.614852267432237,97.42494069648369
988.5198855247002,816.1816051341436,26.06734121299765,96.51374832121158
990.1719722784737,816.8004073718151,25.568810548697062,94.71211033756786
992.6710281916451,816.6570536023033,25.21297024106157,92.70059199692211
994.2143152204374,819.9021584153938,24.804217342839912,91.65301599958643
994.3704344568306,821.3700543208182,25.037891076226394,91.32446009724602
995.4840070314916,822.5947225185863,25.38294241051621,90.37587901176833
995.9154546603896,824.202749096414,26.07839533158377,89.79797988595931
996.959862339421,826.0543010374647,26.839864788355783,88.98327870428193
997.6819638321006,828.1904321559566,27.66879388879667,88.82759456940998
998.0786034929948,828.9196519219581,28.60248297463916,87.98750184774784
999.3598268153913,830.2259606866642,28.872224936108218,87.43253369234391
1000.8750343936268,832.7805653576033,29.078771144383282,87.98600211535808
1001.8237145591968,834.0403906018798,29.076287054927327,88.40315997450726
1004.0297903549384,834.2185377053819,28.81544018527643,88.46390334394007
1005.410537205266,835.6585820635382,28.339341630037538,89.26813984582813
1006.6598396375779,836.7476152637349,27.369391340761634,90.70074234306348
1008.8664429768979,836.7218988892866,26.538068331021062,91.42727595493983
1009.685752777967,837.6883119009425,26.457105136239285,90.83856149340343
1012.0106142369327,838.9920783004736,26.267907254165987,90.1818279211021
1014.8021880610858,841.5535123285804,25.642311562036728,91.03628196648161
1016.5387836476184,844.1544749809325,25.170515137658995,92.45941722009644
1018.5194566421545,845.3563185679036,25.006637095593078,93.12104743850352
1018.9862852267337,847.1417185687413,25.324961542454897,93.63336635238569
1021.3206399083979,848.791625599149,26.082136902789976,93.3962289597376
1022.1730982670302,850.5624934345963,26.929215224511445,94.19308057293131
1022.29993942175,851.4186031108554,27.307287313417838,94.1703570223385
1024.403035012679,854.0460470683076,27.671802022215203,94.57812875251474
1024.6142216064495,853.0868311632331,27.82670911764872,94.55684076648308
1026.0131144990432,854.4582154212663,28.01278096414437,94.71428024678487
1026.9949617503416,855.3200585212202,27.58961976576202,95.20170630769582
1028.8542541596985,856.3531874532542,26.848314371715656,96.33590053293737
1030.2980321608354,856.4277251499725,26.233877342220286,97.74738453147621
1032.047589517241,858.1375582689212,25.70121713532962,98.54048494091755
1034.6371667399806,855.1866102155989,25.2435549803471,97.54708256657486
1035.2685084649534,856.6853812884352,25.18607172571427,95.78472330225732
1037.430263935547,858.7578968398103,25.07571319312693,93.79260410098108
1037.4919587010597,861.0697926997743,25.427973704396717,91.9076586830857
1037.399377506339,865.1212629114705,26.111558299286248,91.02947450053807
1037.0042949326466,866.5375841704317,26.521494301382646,90.97813538837728
1037.606278644588,867.5096724200009,27.071703255749902,89.46806842803235
1038.0197764173977,869.3696417947568,27.807020789964724,89.22048075273935
1039.7841403011523,872.5018032628896,28.451396831811756,89.3143111596745
1041.0471604944375,873.3344745728236,28.896402416158402,89.41363032874678
1043.0461081593055,874.0424380408109,28.705351320888692,89.35395296361882
1043.5129629285966,876.8907145920559,28.812027743839167,89.68124028852746
1045.569892338887,876.266040954713,28.408084799647057,89.63728311985383
1047.7071905667601,877.3255491204483,27.685178207105857,90.37314020719143
1049.5190492667093,878.7052254630996,26.759316995027778,90.12205134825894
1051.6940503577555,879.1924628747789,26.428588570870065,90.01394303052322
1053.0485904608013,879.7703870707511,25.89591737089739,89.08341153561359
1055.7762552611034,882.7447237821821,25.518924009153924,89.62173953181892
1055.986054554783,883.1474840690202,25.34475088451724,89.75418280148853
1057.5836197182325,883.8436212575369,25.097904468369975,91.31909130867115
1058.4509265162694,886.3829962502522,24.99664505930803,92.93350614868012
1060.1273902747723,887.5105587089437,25.39456655086217,94.3647244243513
1060.469800283012,888.7209810643017,25.609571988140985,96.45260964832772
1060.9551827155476,891.2153483228434,26.42451352394101,97.55738432847937
1061.6240313636965,894.8953930471267,26.806930101125253,99.89581744766176
1061.9719178949424,892.5585258369956,27.065266170923415,102.01802675195714
1062.7525461898206,891.722377101253,27.69441685732041,103.56101884583995
1064.564001546308,891.7528299342109,28.28071606332173,102.75188540482722
1066.4015648856077,893.6333507477584,28.54589318721237,101.9884870100778
1066.8455394516934,895.118081108652,28.411883266409575,101.72311759879179
1067.55953702479,895.7199480027145,28.33520123438236,102.35434307923657
1068.1112341311411,896.1287389856453,27.80017199951671,102.04958427783795
1070.387432292967,896.3009644563074,27.62105953893255,101.74225676330894
1071.9646472166942,896.3055146389753,27.603809543010385,100.99701537195307
1074.4979731229241,897.2779104481211,27.22821636626226,98.61387489411273
1075.179098138329,898.1773643845767,27.354069605983323,95.87822191402776
1075.7322108904102,901.4168713086038,27.63324177447402,94.51193570803271
1074.8856643208135,903.2433701903323,28.458149572308976,94.37959476868781
1075.00048258867,906.5568199625035,29.10900298200795,94.52427925831145
1075.3774934123753,907.5696533719084,29.99429825106299,94.9011404870632
1076.6459579731054,909.0580441484906,30.70160297626709,93.69003292891703
1077.65462435665,913.610750811986,31.58043462644484,95.09871586199682
1078.4860511778036,913.8620489667203,31.71855428030315,94.49221611735766
1080.0662178556852,916.0792062854432,31.958266796274415,94.14566621990197
1082.2968738293266,919.295950731399,31.825996806847005,94.78774505031106
1084.2324954703297,920.1057814761411,31.642013914168725,95.07719112670658
1085.5233245104982,921.1773248445987,30.734927467170678,95.01265592062938
1087.635095859251,923.0450990309502,29.57683162330314,95.25231201570001
1089.4249098694129,921.5940435900349,28.83052708167748,94.00932039661514
1091.2499985679408,921.4851567423442,28.468460656072494,94.07646005652835
1093.0689776964261,922.5125857187066,28.491834767952707,92.6042164064386
1093.5788062332538,924.2341393872646,28.528683135963234,91.74901495311178
1096.8824317580516,927.7215116529135,28.13129479541297,92.47386730368046
1097.3269642820421,930.5179764688479,27.875566947119694,94.6649538041664
1098.3683563760956,932.3246966083761,27.588115190806064,96.94898352251585
1100.5286823988401,934.4272209578374,27.5889138556136,98.4093338981477
1101.140091210611,935.4548427722353,28.209657046929443,100.25977116420364
1102.2116261440524,936.7241392915621,28.760798901466735,101.9016237966315
1102.265687357713,939.8977352495785,29.256467591813916,102.65926739085265
1103.8918544828707,937.1585683065762,30.13003408689042,103.82960738800237
1104.9794618340431,940.4289119858222,30.271598282784346,104.89413081060785
1107.0255316844564,940.854972575055,30.37798687175313,104.53336013391798
1109.3690948732626,942.9196685419304,29.90383170462016,104.49280582376343
1111.6969872459072,941.8755701205116,29.307719314982943,105.56750042641984
1113.3977620497585,943.5254519113985,29.055309588414126,105.16537683449911
1115.4401986507428,944.751143170621,28.88593774257051,104.74664907832201
1116.9831952938562,945.8160068446913,28.897322948699205,102.95752436651873
1117.3100649683565,945.3885474511784,28.852459708821478,101.97558857648005
1119.1281327088739,944.5872343704191,28.87129415843578,101.09325132094537
1119.5786404817595,947.8779818034693,29.45857881694174,98.94075873984862
1121.369650045729,951.4708470841504,29.990181400733285,99.07433884361728
1122.062144369542,953.1279817188437,30.450677844316942,99.21755477320511
1122.1785359282812,955.2513702872916,31.202666634167898,100.4097782428463
1123.4270439669851,956.0734512343212,31.75829910107183,99.42627828459328
1123.1596016230724,957.3024174958367,32.81012998545361,99.33204758193571
1124.576101933061,959.7009280872048,33.16962781098691,100.12697824627584
1126.4185814090904,962.1192825398401,33.64841426221783,99.747947659029
1128.5496186983896,963.2478225180829,33.89705469140153,101.29022726255634
1131.3920790192176,965.3377336663075,33.737283871980495,101.23577260755613
1134.2587506772402,965.1687274131623,33.00182101476739,102.03476743653944
1136.3296262822118,966.5530027936309,31.908558421767466,101.4672424000133
1138.2594741084422,967.4204607252367,31.405714347065604,102.70807340684237
1139.6152141936739,968.4657618608086,31.29954056354968,102.89697090490958
1141.923715504964,967.3147573852802,30.93770780943828,103.11048507828673
1143.2830993763052,967.9276121681507,30.479252623976482,103.80456482681582
1145.6540652515598,969.9875419645693,30.108277771203213,104.29387757818623
1146.7488940661058,971.8248115578152,29.909944328436314,104.46664178219741
1149.062912805916,974.0932637209493,29.228634363082445,105.27753532656544
1150.5891958968582,977.0485796617497,29.12053667942849,103.49147810621928
1152.414302121907,979.9941622526579,29.268726300330002,102.27492926122548
1152.6710380341158,980.795203268036,29.926916568121335,101.55650987151789
1153.0091467788054,979.2656124339945,31.05461338728996,101.44108760054438
1154.0277044145691,980.4369437158956,31.435859064325122,100.18502355225263
1156.3384687448238,983.3300871905913,31.00376874686372,98.92515433510022
1158.3071392822196,984.8122799377995,30.980119192763233,98.02821411885122
1159.5210764007525,983.5731504704397,31.479326540628023,96.76712631094102
1161.471274151197,984.2785352661607,31.341886705327433,96.5026347432188
1167.6895922662559,982.4347762288295,31.007433817189348,96.42467206112163
1167.6182706736026,983.0631712025479,30.83128793761179,96.15504088901437
1169.1473616716082,987.380747639778,30.408918701000076,95.09806880450168
1170.4966836665674,987.6984831629145,30.139069571921468,94.49151293998456
1172.4617097862847,989.7602543103102,29.920221146039605,93.51966971135539
1174.4892271583963,988.7228492272322,29.739357658835615,91.84894068912638
1175.8612593342652,990.3418093454052,30.043961930068345,90.9612466166445
1178.0717940863306,990.3129771985643,31.023892925663034,90.40721794529564
1178.185207650259,990.5369880916389,31.658078197002922,90.01775461574603
1179.4760772371567,990.7911791463963,32.373012797926506,89.21662161120807
1180.4882125097433,992.9798919584407,34.123590237067425,87.85598613871528
1182.0655599120616,991.4623656749228,35.24384975143093,86.6697886485305
1182.9019069782473,991.1747295495654,35.99038679543598,85.98861429928493
1185.5475074585374,991.340414910252,35.72465990635827,86.29692295022264
1187.5657899795738,990.943818900378,34.697502622998186,87.6701953003424
1191.1364080314474,989.7676471758073,34.561434003534714,87.76185759713998
1194.4829119260194,991.3761546128092,34.194250951939324,86.35162103486562
1196.7776583140874,988.9180216495095,33.52425280470979,84.6132949242641
1198.2406507141673,992.3045440187901,32.56569144357592,84.19346921799057
1200.9244051613691,988.8071902355473,31.827712502175192,84.9400817489231
1203.7146559092166,986.970961404123,30.788056400614373,86.32263195632736
1206.6558735987094,986.1167633193446,30.68939301335896,86.68646583378518
1206.2481571565017,984.916995844653,30.19680780943338,87.74233732911264
1208.0089250736073,983.4209986426137,29.359068142596,91.45789725204726
1210.0504514936258,979.7974337279813,28.93342497052765,93.57461116486914
1211.5242471508304,978.3418994991924,28.686606895254183,94.88406598166166
1211.734604698138,978.543594539488,29.216814528223832,96.28530475010004
1212.6691453885883,975.3241433962573,29.693681128203743,98.3739801574416
1213.5341105426794,976.3173008004009,30.21363494859243,98.86178858867176
1214.250184701788,969.2985118212542,30.836226105625578,99.68749539980932
1215.2773334011144,971.0157547622749,31.34330718597651,101.22810860452928
1217.1640456613447,966.5506076051412,31.15691617572379,101.18002176187547
1218.7361783449228,965.6472718445277,31.48593982147689,100.67943777658675
1220.9088399249933,962.391429191978,31.094744688297922,101.94782741213072
1222.7542451622405,958.2324921413581,31.259048912213395,103.68527672775653
1224.3759310021583,956.5082924042752,30.723430175417015,104.09451285086327
1225.1403857140542,951.1068497684926,30.25769499936656,103.61243642198902
1228.2113080923173,950.8231610216931,29.820694717633067,102.17910819659382
1230.7178257361631,947.5767171888587,29.499399465952195,98.91630528761667
1231.2583693950974,946.9056746714475,30.02897127055063,95.45519484590707
1232.1522866711214,944.7261015936856,30.505598951092466,93.85822337142594
1234.5128271873266,943.1460411813438,30.479709302043688,92.44995191934578
1235.9002916588463,943.8165175380782,30.83827878925633,93.0986485016839
1236.0557803139752,940.1244616258876,31.594836640970694,94.07210911909456
1235.1122241861844,937.3890436457805,32.2974632226476,93.47335212658082
1235.930728333329,932.9352415126416,33.037997424086456,92.60884450015817
1236.9870938555282,930.6050207935629,33.642592543933326,91.4167950363687
1238.9302620012368,929.3299927321453,34.220889717329506,91.29903952704733
1240.055205087483,926.3579375421041,34.37929679205968,91.7304841585338
1242.6154104462494,919.9638178528967,33.84057114075051,91.3308554186623
1244.8369214419045,917.5138974594131,33.207918641017244,90.24937153293054
1246.697072313267,914.1445093271846,32.35111177133922,88.6680393836914
1247.5849974729808,913.4250037572425,31.4850880882257,88.63023828011397
1249.16388397214,908.0329970835631,30.428775546755737,89.75752383664017
1250.965000661621,902.7951454436575,30.033689289223087,89.666319233761
1251.8914360813217,896.9503128005667,29.234307538833775,89.42804033659286
1253.1831846358239,888.3967998562316,29.455800006169387,86.8231082937446
1252.931842574321,887.5393903834176,29.267658964856764,85.27836832328046
1254.3252192092223,885.5572219021238,28.947557849976715,84.17886918815098
1256.1721022068245,884.9282712496109,28.724369810018075,85.48298766651475
1257.520194263603,881.690412729361,28.85146102414395,87.6409304112075
1257.7475924927799,879.616477671334,28.551587855804225,88.81156163375277
1258.6482812003499,872.1432018968345,28.52603057673452,90.5753052603885
1260.7709492784998,866.1823024630689,28.522519524194603,90.62389894298313
1261.6999696089017,857.4616130573887,28.521383250864957,90.63470905927502
1262.922413577882,858.6586667854647,28.52017583773,90.67793995532665
1263.0464712890396,850.5959286084017,28.503769552973868,90.8775463677411
1263.5335404352975,845.2958453183286,28.45051509482028,91.52612336353667
1264.8350567530074,841.59863087952,28.41053082213257,91.85316466028233
1265.3858014669152,837.1411773103423,28.353801621520283,92.60343137200195
1264.3997821383955,832.6053341773221,28.178098245554835,94.07949700587072
1265.270465171483,830.0563785336927,28.174116856312935,93.9174733909383
1265.1628830312754,827.4452463205957,28.251965103484153,93.85572836049778
1264.3258253457718,829.5181821620455,29.057614216442406,90.60420458371097
1263.0937308570935,826.4693148103383,30.034611635914445,88.99502581590339
1264.1562337540586,825.6996095973072,30.37120495354146,87.92121960340054
1263.8738419136973,822.4413094113113,30.5335239166375,88.4696130929156
1264.9137658288978,821.6645497649283,30.776026111413493,87.60334044880717
1265.4075366567986,820.3937981244716,30.5583235636023,87.48854914544634
1266.4920752294145,819.7352279782239,30.102459385289542,86.90648649509359
1266.9620339960068,816.418583226831,29.88081918727154,87.27861037898286
1269.1078036252197,816.7194896628777,29.510453978223083,87.4921980477182
1268.7850053825107,815.5755810900923,29.110480090106076,86.78834959155856
1270.019993308319,813.9074895619513,28.632887003305683,88.27536065172404
1272.0877254115842,812.5574494835644,28.52852831511676,88.61470777627108
1272.8240728343903,815.4580771952025,28.514751206511523,88.67067109536552
1273.2537320332444,815.6677034642208,28.197033274577628,89.70435055748915
1274.0140499436213,815.4570083092946,28.085093986073492,89.99487512954572
1277.4922302202035,812.7508119563996,28.0466874009571,89.95150258799072
1275.4404544927243,813.9438617564048,27.908614023762258,89.84849000313247
1276.5102868930328,815.4754886172971,27.52509374676566,89.84041849989953
1276.4117082995654,814.8620193804927,27.45004707103376,89.78003564439129
1277.796083649232,815.0026011011421,27.122939132930757,88.08908156798353
1279.6067558494585,814.9048506690192,27.0623990995431,87.74916499467605
1275.9493717287683,817.3690405614441,27.063315030742967,86.47797124116771
1278.272926054454,819.7634563000959,26.934033413368258,85.85060159400338
1279.6700348094496,819.4230621925651,26.86928758687897,84.55913994353287
1280.8293915417548,818.3475778396179,26.79594951709008,84.0178035613842
1281.571793931925,819.4451961016009,26.794794825059977,84.00087194807787
1282.3176495313978,822.0783690968924,26.67521461614249,83.1012232688962
1283.0601187451539,821.9772773956352,26.64684502579635,82.88391198290003
1282.1557353458197,820.0868240380886,26.63970458455052,82.84908645731609
1284.342003525723,818.0344922225619,26.671812237195336,82.7662586714384
1279.8784020037779,821.7688168028978,26.71155457246715,82.28233784710083
1275.7149510056993,822.1640384410445,26.774799952413414,81.50942690826449
1277.559177769302,818.859930488388,26.730794943960895,81.32541125382382
1274.152858909665,814.2038185492473,26.737411926541135,81.27986421230545
1276.3247318231938,810.5990211639968,26.722010921413148,81.22977966533223
1276.1031092648452,809.0905470055259,26.606594577233878,80.14219049524392
1274.3823726644184,810.674995697657,26.360758512950515,79.89286975587929
1273.9455573490154,810.757239432236,26.09741361694723,79.18523937194911
1273.5614796726234,811.0393330825472,26.240519199852837,78.64981188426302
1271.3125584841991,810.2263641311357,26.48484585633362,78.07529173731187
1270.5059732415398,811.012651825999,26.4041269621513,77.80293469132
1269.8003890191512,814.4619076113161,26.586152979483664,78.60844219035737
1268.8007327059963,812.6545523466647,26.895384247837512,79.55629595391308
1269.3338324884191,810.8055414642772,26.80235979142468,79.376354652587
1266.4992910398123,810.8112259501032,27.263638485604982,79.0567691091272
1267.2298528447934,812.5418362015453,27.963493192903755,78.93946287664406
1266.0797724476358,813.1017109085285,28.563886993696087,79.42416619190277
1266.622871289115,812.3028491540088,29.085773750969175,79.778447642379
1263.028606950206,810.276517743766,29.089331573074013,80.47148917647228
1263.5576810227544,808.7779903281053,29.175464934515812,82.14080333854318
1261.9402043147052,809.2820620515987,29.361904699719886,81.62267101735934
1261.4965212056306,806.772473412343,28.81376576612044,80.56979104870908
1260.8156032600864,806.462886179783,28.20084744292234,80.36712856543397
1259.9539474722244,805.0563173582408,27.442139594207717,80.08643466936451
1259.680496616824,802.2360879549175,27.05362520259887,78.8050528082865
1259.5066300007786,802.510602142477,26.114047357572034,79.72244222262677
1257.3344135993543,800.9474192276251,25.816832344716353,80.31142401912726
1256.9311646900646,798.2218193392328,25.39891593390241,80.33706379835358
1256.7882297357464,799.0569718167089,25.081665217519742,81.23848039720369
1255.6990131993766,798.4795572172702,24.542617153937627,81.90526831438098
1256.5414233921128,797.556264582872,24.469850162782812,82.17531692775135
1255.5130549847645,796.5367097217198,24.385389534470896,81.31677831555248
1254.5291900747063,795.3379927219944,24.64076242957681,80.62832464448647
1253.8508126135928,793.9493488924621,24.940151457485868,79.0536440151294
1254.4403214167742,794.7098258485955,24.978365720820833,79.39846115808409
1253.7317351422034,793.5416261406949,25.57689559408577,78.07083645927642
1252.7158398883912,793.785579516853,25.519775760447438,78.49265328684385
1253.9458631477746,793.9423026244192,25.600759887051005,78.4985786527892
1253.3275843054225,790.5899337134655,25.617327199097236,78.74668958260668
1253.122851305023,789.7601615974663,26.171919140338495,78.09970119322143
1252.4107707501466,789.3456205369912,26.410922235793596,77.58710040325238
1253.1619965170682,787.8180942507015,26.103160094994195,76.62777299765173
1252.782829755752,788.0069056386155,25.80723574790636,76.7170975091448
1252.5858802443527,788.4370569774358,25.653420179678722,76.84912043546642
1252.5091802961463,787.2376600443837,25.63613649843442,76.02410076778754
1252.1705212385486,787.5055739050058,25.420543954316415,77.02064587884155
1252.1745994479156,785.5280584013415,25.361917097728185,77.05416905078215
1251.7846086406,784.8424472516973,25.273144802294613,77.0933242180743
1251.6264789436214,784.3241929464642,25.215526909341012,77.32325782825437
1251.625562787762,784.5982824554814,25.276436953324932,77.28027371264007
1251.420200451408,782.7100540381667,25.35827920000934,77.58032897981025
1251.1070350036653,782.7709037424302,25.477979317181862,78.823317014063
1250.543901351476,780.6385381330392,25.15831506771988,79.75540615444508
1249.6717965212451,777.583281891201,24.874375361802944,79.79322385967923
1249.0196382474148,778.3240275852543,24.810758278520186,79.1628968125456
1250.6579736188653,775.6703624585123,24.404917594670604,79.47214252089407
1250.4300442025622,774.5654167545874,24.216140869148706,80.30352357279443
1250.653308514686,773.471691132907,24.442594878014823,80.66860130674819
1249.3214902341776,772.3010318871444,24.644573438085644,81.02767566432414
1249.6390547642511,771.1457592587059,24.80740042738083,80.93593176905581
1248.438236899538,770.0565406271033,24.860366389427302,80.91620528447342
1249.9404295606162,767.0733850910616,24.940880731196263,81.14419219121262
1250.1847208283987,765.4062049736627,24.762996496231064,78.93903979173294
1249.8536692661278,765.8436902618745,24.860566744758234,77.72435054565645
1249.8084885090027,765.6218478132029,24.78230987798508,77.04314642684844
1250.1628861436413,764.3331049797671,24.796763448086228,76.25190536337317
1250.1580614157958,765.9834225025047,25.138208506813974,75.65974447713879
1249.9990466450167,764.5313166238585,25.291087361273703,76.12023041007498
1250.9219232879918,763.3968373231456,25.195605514875552,75.83801413242676
1251.4642590083076,764.5135736695131,25.301952178797485,76.17017759768113
1250.2380281307019,760.8625273924993,24.84496769453754,76.49065317783186
1251.5504452893233,760.0567965762814,24.903019739370492,76.50048483780981
1251.822376723857,759.1505569835429,24.676191561875566,76.92363602035729
1251.820264752609,758.0316850008657,24.756806553100375,77.25036721696628
1253.9800138377675,755.8547520446359,24.986222338472068,76.70192180435231
1252.9875022423769,755.6077478239534,24.838601591188716,75.7957873376211
1252.810530093341,754.7183274408313,24.648268936517276,75.30989335883956
1252.9610994826355,754.4004886621898,24.949288227538386,74.19309911150383
1253.2041228106132,754.8489577000206,24.971749478973994,74.55391130859321
1253.026006861916,754.2579921668348,24.66795697184249,74.88463720481016
1253.448601427991,754.6899658432542,24.402555213235427,74.84901226255484
1253.2239249869992,752.774133992973,24.389271117784364,75.36589405889657
1253.130554154398,752.3467516584961,24.51428999775271,75.96675638195453
1253.1491649818631,751.7072692368453,24.688330673235317,75.69204187821808
1252.6284064235954,749.6874581532281,24.75163990355176,75.56094919025821
1252.3772430727968,749.3609498612088,24.473466371975565,75.52661264014148
1252.4521445251664,747.2805858246995,24.348689837076314,74.5809774166514
1249.8539160747468,745.1337115519643,24.798563276153708,75.82257857366356
1250.009222681429,745.2876069622463,25.04330745939184,75.57615777941982
1249.9863933907216,744.5739278913188,25.212775184707926,74.69200535837803
1248.5146286634042,742.307477222028,25.032390397552014,74.97430874316332
1248.224912038905,741.5301548762695,25.31704407763974,74.17468702957474
1248.6014050197984,742.5622310370933,25.218805542362677,74.01868156614246
1248.166808477455,742.2777302757978,25.570204912048972,73.98556668276956
1247.2288562913573,739.9440519929959,25.850624789081785,72.16588129814753
1246.9261674350284,740.4325835126419,26.03914171267894,70.95363050482045
1246.3475662507215,740.4470146669768,25.65614182127544,71.09256261746594
1246.3065329667008,739.8443946966814,25.400445765291188,70.90302931319889
1245.8303649953061,739.3760040237064,25.14068442090252,70.9793848888663
1246.2709266164734,737.8478127198398,24.576437321785487,70.20981234408774
1245.229050759108,738.5894201447561,24.455133322862533,69.99794191754916
1245.9765185541326,737.7318695223363,24.759919450647757,69.45506519989506
1244.0921234979467,737.3591536461325,24.515894087555818,70.37103160775419
1243.8855710997968,737.0892207667096,24.0585006438615,70.50557341416368
1243.809980264397,735.6727934627417,23.73459708597944,71.01020145578498
1242.8615310740465,734.5648233372426,23.632380834074027,70.73197795518088
1243.2243880768226,732.9840042747229,23.38366268409174,71.31126892560296
1242.6890665978212,732.1458032595344,23.458056145157734,70.97963291200406
1241.8622474984875,732.3215626249539,23.682211406965806,70.17533283174461
1241.5351337383881,732.5467248247066,23.409482511988404,70.01022041258194
1240.8992866766878,733.0121392696574,23.40826675570449,70.54472748783705
1240.2031742593815,731.9971675099061,23.23818780880778,70.40383646601872
1239.7595083735432,732.1203635222246,23.09809429133029,70.22674613601333
1239.590769533717,731.9613055763194,23.06583115701179,70.51645444108519
1238.483455023073,732.7020411975209,23.16353636924861,70.67136923555523
1238.0660664561155,733.2592738149277,23.141288356679116,71.77105848262933
1237.4291070715592,733.0632017435537,23.311997391828967,72.35923300371898
1237.3130239026211,732.8272944707855,23.276675607718385,72.48352824092679
1236.4511146761022,732.3174587322148,23.39457422280482,72.72740133769315
1236.354167425884,733.3089451092237,23.139580987635863,73.72358007102605
1236.1358764056024,733.783901659065,23.306224142033386,74.50563847364737
1235.3343157568315,732.1826112891603,23.35901038994588,74.70206419941891
1234.9300500473137,731.7813530234007,23.268620021242796,75.18041791989702
1234.7628010554702,732.6459147828912,23.492484788131645,76.10097024701597
1232.0078813897858,730.7877927277597,23.90481044381078,75.57102905454461
1233.8425851640714,731.0155974907701,24.20848972919327,75.69259371523032
1234.7132118612478,730.3466359047289,24.622984702149843,75.07513549388
1231.2619446502292,732.3197170850462,25.22135233036389,74.15175498215274
1233.2986340853304,731.0092628473352,25.878908556902207,72.57681594628335
1230.7083140418074,731.3463504058307,26.323010710598606,71.74821184059732
1231.4824281795998,731.803024720906,26.662070886208603,70.80411879567004
1229.1932574820805,732.2379430019162,26.434135959836038,69.67866151564739
1227.7329410747639,731.7324474042146,26.30440356489,69.1758354007174
1229.9899935012372,733.4035604014751,26.239789735960738,69.23183495207948
1227.0905811455027,734.3088488219124,26.69520252497465,68.16261966964231
1228.1624572765616,735.2524536726788,27.046962986779867,67.7059407546237
1225.7293524936701,736.2746334388758,26.940504381633797,67.7884621064005
1227.2850344157755,735.574357613453,27.292398088616128,67.4211106677227
1225.2895342063996,736.7857766551224,26.945078728925644,67.9422864183834
1225.2205981604413,735.7717142715449,26.571775844016457,68.14035344532697
1225.20946947547,736.8808885553922,26.568108248219875,68.25939506203497
1225.5201654490695,738.2000595264874,26.31093838053632,68.85075368518244
1223.6058073366476,738.133478564872,25.944394080630477,69.29058386016624
1223.9439146168888,738.4476055768298,25.32405340589851,70.57802526509897
1223.3260676503232,738.7705684127891,25.272647739191783,70.07703274239881
1223.2834895953324,739.8364517597972,25.267862764788298,69.74915985293282
1222.9162517903585,740.1724504414641,25.0930835257791,70.37372408837686
1221.5553221316918,740.7892598051342,25.323551661166515,70.05609493880681
1220.271369690991,743.2574495498807,25.55021279867189,70.56053614328357
1219.9616976775585,742.3570894231298,25.950770183581458,70.55721775294843
1218.5070982732846,743.7956146311973,26.653217407122415,70.83349408661503
1217.3654567669869,744.5337917965609,27.000051726442415,70.26500492255205
1217.0081623788717,746.2016970787679,27.529401053529327,69.53401580169577
1216.1449801091214,747.7588358681596,27.760199105717646,69.94819848711815
1215.5033893377317,748.3489840306729,27.47374764144763,69.82393875362152
1216.7432807536636,749.8410049194933,27.09438957612408,71.47245246075222
1216.6430897600885,749.6696673833329,26.603220533592374,71.93474971889947
1216.138421717991,750.867147997674,26.025253336957178,72.25206542579463
1215.2680659919174,751.9145016985624,25.420269055079984,72.42864355792284
1215.3822053364343,751.6666085766568,25.01370215958847,72.64604606989201
1215.8190084961766,751.0744090436488,24.508889804489637,72.19682260878551
1214.932884145188,751.286968629653,23.781506863171888,72.17739520947649
1215.4109064345166,750.8505204911829,23.42951107306165,72.40209723297201
1212.5784645975075,753.2284935305161,23.20222050315304,74.01437148359032
1213.7715283293746,751.1844802254714,22.977050375844335,75.08213466022328
1212.990626241692,757.1310505659686,22.940688800706123,75.17027144504907
1212.530732077997,756.6560239047346,22.938247838087413,75.17309985248946
1212.269761894086,756.8495022070026,22.91354554481499,75.1972024785195
1212.5344954334248,762.6132889426043,22.90844257994526,75.20370951268721
1212.9704733370374,762.2589327905848,22.840538231555623,75.2939079941706
1212.0596020508215,765.2070283113073,22.651384359666935,75.59638877050517
1212.415244672803,766.3104537215651,22.806495900486077,75.09737600846137
1211.0829937258225,766.5080129412537,23.46998594599732,73.6880646302795
1210.352620138114,767.3854098433013,24.022245145817156,72.5620750330325
1209.3428542690679,768.6400125859138,24.52497409612846,71.97909699817828
1207.2466517447701,768.4777191718455,25.098567298944648,72.62252757846059
1206.0380124807457,769.5435374472178,25.34621386898547,72.78322010066842
1204.431293395071,769.6294971852244,25.534275482031298,72.79457706932871
1203.2819867300832,768.59151143909,25.817662447871015,71.74219615795667
1202.5248109767072,770.9429147397689,26.401288618548318,71.92787021989844
1201.8711943669057,770.165897040818,26.725887770615934,72.10720829018635
1200.7031190420782,770.92027677876,26.386064528058657,73.30865103140437
1199.8506270298324,770.8047160306672,26.44968600467618,73.1125892571356
1199.558221697111,771.3020564762129,26.39166790758714,74.00096727164586
1198.0907917666025,771.5080434381606,26.005782777302237,75.08776918755606
1197.8501618171422,772.0510121610979,24.96064616323767,77.05632326160942
1197.1385009962091,764.9604579660507,24.949930834965173,76.84522450601277
1192.7594494646235,766.2932310501382,25.13912425305593,77.28211082723303
1193.732350182052,766.5357881347209,25.353438537040464,75.76624662182792
1192.8202192373813,764.914251482842,25.285705354017104,74.93529953984358
1191.9000164019894,766.2977580500728,24.847268098775427,75.3680334909532
1191.6430593592372,764.7067732221101,24.346550555289248,74.84616789793164
1191.154858419606,763.3298285922466,23.948997542393506,73.58998635687732
1190.8156176004175,764.7914199960665,24.13049782820294,73.59855551571407
1190.8414714262397,763.7322709260974,23.79794003431782,72.5162423027316
1190.346824754645,762.9660409693963,23.651297355702518,70.95071146486715
1190.0688533936006,763.4085851709923,23.541103991804132,70.59392292978217
1189.3632620861295,763.9387669449148,23.065716510730425,70.8015119433156
1188.820115814364,764.0056822514636,22.952838107186338,71.65502505876044
1188.966986338127,762.3662315637981,22.579744934134727,73.43847522216194
1188.8862814427387,760.6099045544362,22.207834417179978,73.80782584656816
1188.76226702011,762.218473154157,22.093940253280223,73.3879396332259
1189.4027004726606,763.4843762473573,21.969977091922722,73.3044202185995
1189.2025318930566,761.3885904306712,21.65446574563403,72.89539590089137
1189.1599884988082,763.3695998212022,21.273000216988095,72.78095016174538
1190.0071422641063,762.2822647887614,21.181531917883063,71.24306910968357
1189.4824734746921,762.7916478806208,21.047706330665445,69.43222133149763
1190.7189858030592,760.9356188370164,20.792755280422107,69.44315045905066
1190.5109917122218,762.5946616319957,20.463688501846455,69.4231357766849
1191.252755298215,761.386528187934,20.568018457049373,68.03816293588054
1191.0003073576988,761.6534944485958,21.080145017120802,67.04966328017669
1191.7342994942048,758.5053524640846,21.34852785054632,67.7981581523668
1192.7328206974184,761.8672686637431,21.850570870449513,68.45966405947689
1192.377245417167,761.9637008711104,22.60038745575695,69.25513161829491
1192.169117756782,761.9497363744005,23.499878046311416,68.90381467484421
1193.7548295057259,761.931349337723,24.072192961280837,68.95149267662812
1193.933226764284,762.0806098900755,24.412817849148094,69.95586616420803
1194.2503969777285,763.9445605093404,24.72641026165273,70.14169769278348
1194.4274949034202,763.0172062296878,24.969863984549114,70.06173783034333
1194.078270644165,763.2284172319391,25.531206039746312,69.16230024113342
1195.551486109589,764.50797980859,25.765630621517797,69.06713978853047
1195.6948973524215,762.9793615710521,25.866064460143704,68.83615323542325
1195.5492284281506,763.6321123118684,25.99668511937338,69.63929766977598
1195.9362493733809,762.6099449213783,26.238219233895073,70.29664154594789
1196.305053503401,764.1970464222588,26.473479833622683,70.12025534525803
1196.9372371568643,764.6820997289434,26.27621507815638,70.16636560601152
1198.051862700694,762.9692956944631,26.586824239062533,69.749254120071
1198.5430919367116,765.2749681155741,26.722809017683673,69.98007045643803
1199.292365786899,764.3977957716459,26.792005691584006,69.93434616979948
1199.9481206195653,764.7635878455776,26.982496119711513,69.33221787146435
1200.7012981773742,764.7079467002376,27.338984875210507,68.57242745258395
1201.003878453629,764.7110730710442,27.267810175895814,68.38135101912579
1201.9821981228988,764.9254381624578,27.14133395857973,68.08411115626595
1202.2587498851299,765.0612475379235,27.045261773524587,68.19450462357142
1203.7077319692007,765.187872941147,27.072334274160102,68.27098969225403
1202.8005500460438,763.5713029726187,26.13132273518956,69.00355742472095
1204.019504816723,764.0746798135732,25.569199259886805,68.80099145786536
1204.6333153482833,763.7908391376761,25.29007060456488,68.23173709875246
1205.198846327282,764.8974074532174,24.86269977148346,67.65735066317332
1205.01227208232,765.1195945440098,24.489518238595664,67.96645333972751
1206.2169509141404,767.0211998675902,23.99377472881695,68.42538725814904
1206.4922972561824,765.8505023227177,23.676175589573806,67.97713953707233
1207.6523817631075,766.5412457733879,23.372811032433994,68.50613110844164
1207.5206520105617,768.4493980889671,23.101296260506526,69.12788771461854
1207.5761901728213,768.3773255251084,22.920696884605874,69.94913910358927
1208.6382068128282,768.7149853434191,22.84393366417784,70.1977477873756
1207.7663924326637,765.9355233333131,22.55269442256894,69.9006132100231
1208.658264197159,766.2806914042067,22.667966558632376,70.08412193022018
1209.925443621008,766.7680449321845,22.66698321256706,70.42831963176428
1210.8650788731059,767.4388041478696,22.40263463582358,72.2206245951694
1209.9871933909071,770.5759508669852,22.71987324777387,73.74350418016199
1210.8676829311005,768.3252982672369,22.947005424939817,75.55671643265228
1211.5333324844573,769.9838600988999,23.086072557774045,77.03947136658608
1210.9065174448974,768.0756868348907,23.18691340177896,78.34177813973677
1212.68466038756,769.225605606545,23.6601337229665,78.21305265697524
1212.1902365914134,768.7613642051939,24.10454861557922,77.65754490963602
1212.297452500022,769.0484044679682,24.61797343440917,77.31268039346588
1212.7813978407435,770.0390105214751,24.891379401945457,77.1893913173052
1213.9464506235547,769.5898088721398,25.375607752033225,76.30412991260694
1214.1708108648997,770.9184634651375,25.400706286753678,76.48319381735536
1215.4315207533607,770.0325541416651,25.34276030667602,75.53749580360997
1216.3147262097375,769.9599031930154,25.58056844909828,74.92683062031624
1216.5301977947395,769.6671639790682,25.620803155090044,73.69710740808159
1217.140339505731,770.2862269043219,25.468280439054983,73.27304057666285
1218.320591584248,769.6659559211525,25.447160361000616,72.78441436635053
1219.2705804408838,769.9498168186733,25.209338275933302,72.98145884719189
1219.6756108727202,769.6724383625902,25.137536668146378,72.69105378492783
1219.5599822350196,769.3861693028504,24.934503862285037,72.25112916923146
1220.6181838105838,769.6857870280963,24.765647193242625,72.22010551263907
1222.1866637277624,770.9680805085757,25.119303442030954,72.23344471058553
1221.96216870498,770.1292292805038,25.436707725690738,72.0233101143841
1222.9464789119268,770.5322151216122,25.48141657929931,72.13006584772877
1223.912280570685,771.8158193150163,25.756239405428758,72.24425489897008
1221.9634071428545,771.3127481904656,26.085294769008993,72.34492057794185
1223.992531582385,772.0127329958016,26.597376986597226,71.83877578302014
1225.8190453224504,772.7934609941487,27.49742720422056,71.71929502226475
1223.581540291519,771.0648365822211,27.549973849029648,71.52396453856393
1226.3342785778864,774.0974614460597,27.53732898329605,71.74136003641154
1228.336371162938,773.2690132563471,27.544908339560234,71.9809045739103
1230.0829612864748,771.7915836459533,27.917162262255854,71.86122317961606
1226.0802493753763,774.2711500506437,27.359147668925168,72.70243626790986
1228.0343303493419,773.8410959352685,27.10484152162272,72.95875069878302
1230.7397086646665,773.8318341210531,27.33950973380805,73.93281057351352
1231.5003162979083,773.0497511752637,27.637307586068157,75.88710719357549
1231.5198769625063,774.0269667168691,27.518260101364852,77.11115911970325
1231.830443581191,773.5207850388011,27.081294368306054,78.51755954372925
1232.2775502326833,772.1255478990859,27.11510845675486,80.28360176005697
1230.0525456511457,770.3093970166698,27.029668114978044,81.67733450366417
1233.5906420862148,771.6725700313691,26.7447516997656,83.06948536910205
1234.2204563934063,771.9818138677414,26.38118915498557,82.92950086398673
1234.5513891963435,772.7834526848088,26.181807014782606,83.2323583120968
1234.391531032829,772.4556371334877,25.903385367072215,84.26230408053323
1235.9921299522919,774.1870504246592,25.45346878959055,84.95456115450142
1236.9959052020658,772.0371429114072,25.38681921186447,85.05185962521938
1238.4797834535516,772.176149445639,25.281420325317402,85.03952749571472
1239.048798856713,773.7781178736502,25.310514982480395,84.39820937214483
1240.23732249632,771.1707690956041,25.11965163270935,84.5071787788228
1241.4408769274658,774.7622286362857,24.969996450456698,84.9813060155139
1241.931123522922,770.369904272559,24.63671630132658,84.6311700444809
1243.0607368518351,772.1481093765052,24.660756426260956,84.6797941879375
1243.899795152081,770.8802279253008,24.747417486138858,84.7597312846821
1245.0090747334923,768.8239080742741,24.802458424787137,84.70924213389132
1246.4010368335987,769.1751519888653,24.991143029277453,84.36745914393859
1247.340665087591,769.9096227698889,25.140162964773957,84.41502091593671
1249.1629551992644,772.6019420343489,25.248455685305522,84.99615453896374
1251.2780772588028,775.4239613571594,24.805075608510883,85.02459504602207
1252.0456974872548,774.0728017429165,24.858910478526326,85.02805672865543
1253.3851190693604,776.2281080433784,25.437926782775534,85.18690890663166
1253.7029988276954,773.6939701847946,26.46428009817486,84.68863007744312
1254.8254934072656,775.4086536790783,26.603337970436655,83.60098462360484
1255.9921191231115,775.5670214010906,27.25739337201242,84.10119872591716
1257.0983267602787,775.8616013792225,27.445355371237437,84.68878025048079
1259.6288044994772,778.8309075952416,27.153161527667116,85.12289664305816
1261.2257436351483,773.8613860629723,26.970115566047838,87.11781548579475
1262.6044189075985,778.1403542680819,26.71626953584158,87.55093361048779
1264.4377285389394,776.3095399714183,26.69291909678372,87.81093180220364
1266.2921971381727,779.4432868048036,26.189896395692337,87.22454041128134
1268.3304504517605,775.8545664222833,25.939481534874,86.47393256563481
1270.3875559045528,778.4717595731199,25.054344153764752,85.43518301322914
1275.7436606701326,782.2684557159309,24.63219752696282,84.56997304343354
1276.6839902099366,785.0550600454778,24.142530850385164,83.90839501483299
1277.8358689123047,785.780623874747,23.997535900635615,83.63585205115697
1279.964510975545,784.0374163808646,23.704492086731715,83.39868381748616
1281.1039517184001,782.6098864521493,23.628575622154386,82.983090665502
1282.4536642523744,786.1895277767222,23.916947337653152,81.9583614488209
1284.2633146045841,784.4413572912981,24.286308399285915,81.11456350746812
1284.979723866202,784.81644192816,25.022258758801776,79.35189359001421
1285.835950927888,784.8412046222212,25.25811846771276,77.90059033838924
1287.7327413841138,783.006194121809,25.662532264276177,76.42220626414031
1288.7195489205149,784.1338076776192,25.977594645468812,76.89424498732838
1289.9014198918808,786.4467969840296,26.240498744607116,76.59513920013015
1291.967582887244,785.1762678184085,25.888740876744706,75.82150956407197
1293.5326082856507,785.8041159932392,25.523573836568584,76.64020100318324
1289.5552099134454,783.3741505267227,25.182346258469302,77.43230089678747
1296.8271588532043,782.450546819036,24.846827170760804,76.77745815079894
1297.5497606655565,784.2480519186922,24.535525261334957,75.95943526571091
1298.133051234769,784.4916683399804,23.73141528618293,75.38174809805457
1300.300609918214,784.7725824827405,23.334271180172294,75.18146254405781
1300.8743566746848,787.1316453504606,22.635867730802772,75.73236165755559
1302.8143186585369,788.234583880114,22.128632056555595,77.77022801789612
1303.9849181105258,787.9442927728057,21.877949004552143,77.54190582310405
1306.2594663406862,787.3491714952861,22.331896195811897,78.1707212617494
1307.0453600185538,786.8891216045629,22.707259904949712,79.13697318786622
1308.7181176213544,786.0629302066375,23.315935907234344,79.76900803087429
1309.2468119121468,785.6319445796104,24.05017008356121,80.12094955174756
1311.3953003383724,785.772887472541,25.11876043844633,80.07967594492723
1311.402883750892,786.5200018659732,26.615493442318048,80.10624751015929
1312.5155749093562,785.9303516656095,27.59866873113293,80.35236668463341
1313.9516385633553,786.3185589337877,28.34037485056401,80.1689716933552
1314.494287266101,786.583983933387,29.282798850101543,79.80110420269665
1315.7561896227787,785.9987762857256,29.552195106442447,78.85869672694702
1316.2015798429436,786.8144196087965,29.722147865232117,77.82621026314789
1318.1501386480793,786.5940621102652,29.94008295500354,78.3385711012129
1319.6369034234924,786.43465723977,29.858544542635485,77.99802484416418
1322.1840804048782,787.1557330641378,29.980156327697166,78.48617510010664
1325.2690155074101,787.9223484719261,29.803276139570627,78.66027331933559
1327.644439059845,788.0667284310138,29.99749214886762,77.934237276206
1328.8875100391645,788.091268575358,29.83883861262225,78.07758469721625
1330.4987913408509,787.8512788169713,29.28195069568109,78.14444668602775
1331.41483164304,789.3293306059662,29.021767121179625,79.09276133809473
1332.9737749916253,788.5846718575154,28.82838828037799,78.89811827801232
1333.6938514277408,787.0214681776444,28.776141959508067,79.15816401971247
1334.1478011761428,786.7373365134997,28.532708068916847,79.58953657899697
1334.76085712499,785.6389833695933,28.59780372317846,80.27517261534486
1334.7997871530865,785.7196735608926,28.741276589563512,81.46755652832434
1332.401704603958,784.5855842346244,28.592575507400415,81.13935351658463
1332.728913047703,784.9292878484534,28.47394232800609,81.60688450990449
1333.4580832410868,784.1016568272896,28.302389331947285,82.25167342009848
1332.541579717761,783.4747503580495,28.510700123868784,82.09321915047947
1332.2529950392054,782.5712142523157,28.286906496417927,81.83710304750916
1334.1618934093256,783.4219592834555,28.125474673932644,82.9565415588379
1333.196217684138,781.997360758995,28.45786083709939,83.3892957366651
1332.5199195959538,781.0669653710532,28.36170484862728,83.32869717119442
1332.3630552588495,780.3212617907412,28.508162162080694,83.15091702446061
1331.6865205173951,779.997823328146,28.508306344391386,83.38807209830233
1334.3158496553624,778.5889344783423,28.26626059821149,82.93421259660036
1337.0176602544373,778.8357753145789,27.909768554266876,83.01970979385153
1341.36724361675,780.1068257008659,28.058726333730583,82.51543818196784
1347.4244284657368,778.9261540388345,28.62531061524934,81.48484901854263
1357.7196605854447,779.9302043910823,28.515568803201987,80.17309149756458
1371.8075489946277,781.8220010474017,28.97288867978224,80.01184029460592
1384.14850314798,782.0886306470695,28.652476344757282,79.2540167664805
1404.1252665569925,785.2995336468176,29.125215243284877,78.1467897769942
1428.1097334419112,789.8253935375128,28.761597635556807,77.6164437443831
1449.9425261579534,792.1509725591643,28.941845028179802,76.47391955308518
1476.8211540072557,798.4515453027796,29.114818516586823,77.34540742767103
1498.14579231476,802.2656685176439,28.69808584689067,78.78024369294951
1520.6786915726545,805.3103082001888,28.69572193193148,79.77607546906461
1538.6628221283543,806.9276829972011,29.167982060766633,78.68443901133143
1549.409187584793,810.8784673420621,29.89783110394363,78.53661778483601
1566.868214127972,812.3251756168604,29.843803133552676,78.53480232090209
1575.6575230950352,814.8044017636769,30.004860721276756,79.22634630793925
1581.7421326079075,815.4403539497193,30.211247278723143,80.22788897259763
1587.6727988921718,815.6012688203275,30.219287078053327,81.4183253904388
1591.0570727643828,815.8022411350815,30.399661490918888,81.59928694751143
1593.2699406473719,815.3779569194862,30.72903741927648,81.02436890752597
1593.6465588912758,815.2631026799237,30.947156965747787,79.51911659220224
1593.3753561548872,815.0702698966966,31.26392974118093,78.93817840270557
1594.708476515904,813.6562219355468,32.281134234372495,77.69779860173853
1594.1907010957875,813.519369278343,32.94482302073425,76.67976445233988
1589.9281778764346,814.3251666002745,33.102138365079895,75.6131717325148
1591.1757945563095,815.3754953323113,33.9389291027726,74.6517296185923
1590.2280832552312,814.4234196118516,34.041228817318014,74.63261214528904
1589.4545397967793,812.4007175939053,34.18608594830285,74.55169629592771
1589.1940359188054,812.5129631606928,34.09948443224699,74.88224224359419
1589.8829633751013,812.6833464709938,33.848361511423406,74.94251975331761
1590.1705209682887,812.5940865137848,34.04756013253618,75.75972960294312
1590.997102165285,811.7428800400863,34.28664505776485,76.00981148420837
1593.0149364468934,812.5530173649892,34.85501139521334,76.32752320830403
