1015	362	28	23
1015	362	26	22
1015	362	25	21
1015	363	27	21
1016	363	26	23
1016	363	26	21
1016	363	27	23
1016	364	26	21
1017	364	25	20
1016	364	26	21
1016	364	26	22
1016	364	27	21
1016	365	26	21
1016	365	27	21
1016	365	27	21
1017	365	26	25
1017	365	26	22
1017	366	27	23
1018	366	26	22
1017	367	27	21
1018	366	26	22
1018	367	26	21
1019	367	26	23
1019	368	26	24
1019	368	26	21
1019	369	26	22
1019	369	27	22
1021	369	25	25
1020	370	26	23
1020	370	26	26
1020	369	25	27
1021	371	25	24
1021	371	26	25
1021	372	26	24
1021	371	26	23
1021	371	27	24
1021	372	26	23
1022	372	26	25
1022	372	26	24
1022	372	26	23
1023	373	27	23
1023	372	26	24
1023	372	26	24
1023	374	27	24
1025	374	27	27
1024	373	27	26
1024	375	27	24
1024	374	28	24
1025	375	27	24
1025	375	27	24
1025	375	27	25
1027	376	27	27
1027	377	26	27
1026	375	27	27
1028	377	26	26
1029	378	24	26
1028	377	27	27
1029	378	26	26
1028	378	28	26
1030	379	25	27
1030	379	26	27
1031	380	26	27
1031	380	26	27
1030	380	27	28
1031	381	26	29
1031	381	28	28
1030	382	26	29
1031	382	28	28
1031	382	25	28
1032	383	28	28
1033	384	28	29
1032	382	27	33
1033	384	29	31
1033	384	27	30
1033	385	25	32
1033	384	29	29
1033	385	28	30
1034	386	28	30
1034	386	27	32
1034	386	25	34
1033	386	29	31
1034	387	24	32
1034	388	26	30
1033	388	28	30
1029	389	26	29
1025	389	25	28
1022	393	29	29
1016	397	25	23
1008	398	25	22
1001	399	25	22
992	399	26	22
983	401	26	17
983	401	26	17
983	401	26	17
983	401	26	17
983	401	26	17
930	419	24	18
930	419	24	18
895	403	28	15
895	403	28	15
895	403	28	15
895	403	28	15
895	403	28	15
842	426	27	17
825	409	28	20
820	410	27	21
814	411	25	17
812	413	26	19
809	412	28	22
809	412	29	24
809	414	29	22
809	414	28	23
808	414	28	25
808	415	29	26
808	416	28	27
808	416	29	25
808	416	28	27
807	417	30	26
807	417	29	29
807	420	28	25
807	420	28	27
806	422	28	25
806	422	28	27
806	423	28	25
805	423	29	27
805	425	28	26
805	426	28	26
805	426	28	28
804	427	28	29
804	429	28	26
803	428	30	28
803	429	30	29
802	430	31	29
802	432	31	25
802	432	30	28
801	434	31	29
801	434	32	28
800	435	31	30
801	436	30	29
800	437	31	30
800	438	30	32
799	439	31	31
798	439	32	32
799	440	32	32
798	442	30	31
798	442	30	33
797	442	30	34
797	445	31	33
796	444	30	33
795	445	30	34
796	448	30	34
795	448	31	35
794	450	31	35
794	450	31	35
794	452	31	35
793	453	31	35
793	455	32	35
792	456	33	36
792	457	33	36
791	458	35	34
791	461	34	35
791	461	34	36
790	462	34	37
789	464	35	37
789	465	34	35
789	466	35	35
788	469	34	36
788	468	35	37
788	471	36	37
788	473	35	36
787	475	36	35
788	477	35	36
787	478	36	36
787	478	38	36
787	480	36	37
787	484	37	36
787	485	37	37
787	486	38	38
788	487	37	36
787	489	37	38
785	491	39	37
786	493	39	34
786	495	39	37
786	495	39	40
785	497	39	40
786	499	40	37
784	500	40	40
785	501	40	42
783	504	40	42
782	506	41	40
782	509	40	41
779	511	40	41
779	512	41	43
779	512	40	44
778	515	41	44
777	516	42	45
776	520	42	44
774	523	44	43
775	524	43	45
774	526	44	44
773	528	46	46
773	531	44	45
773	533	44	45
773	535	45	46
774	538	44	45
775	539	44	46
776	543	44	45
777	545	45	46
777	547	48	46
778	549	47	46
779	552	46	46
778	555	47	47
777	556	49	45
777	557	48	49
778	562	49	50
778	564	49	49
780	566	48	51
779	570	49	49
779	573	49	48
780	576	48	53
781	579	49	48
781	581	50	50
780	586	50	51
779	588	51	54
782	589	53	54
781	593	52	56
780	598	51	56
780	599	53	57
778	605	53	57
778	605	56	57
778	608	55	61
777	613	55	62
776	616	57	58
776	619	55	61
774	623	57	59
774	626	58	61
772	632	58	61
771	634	59	65
770	638	59	63
768	642	59	65
767	647	61	65
766	652	61	66
764	654	62	68
763	658	62	68
761	663	62	68
761	671	63	65
758	669	64	72
756	675	64	74
755	680	66	74
753	685	66	77
752	692	65	72
749	703	66	71
747	706	66	72
744	716	70	69
743	721	71	68
740	728	71	69
738	732	71	70
736	739	72	72
734	746	76	71
732	752	76	73
729	759	77	73
727	766	77	74
725	772	78	75
722	780	81	75
718	786	81	77
716	793	83	77
713	800	84	79
711	808	85	76
708	816	84	83
707	824	86	80
702	834	87	83
702	842	87	77
695	850	92	82
691	861	91	81
690	871	93	84
686	881	94	84
682	891	96	85
677	902	105	78
675	913	105	82
671	925	103	84
671	936	101	82
662	948	104	87
659	960	109	87
656	972	110	87
655	986	117	87
642	1000	128	94
649	1008	116	87
645	1024	95	69
783	646	60	67
789	650	45	60
788	653	37	43
786	656	36	40
786	662	35	34
785	666	35	34
784	669	35	35
784	673	36	38
782	678	37	39
781	681	40	42
780	687	40	49
779	691	40	49
778	696	39	53
