1195	674	64	240
1207	673	80	239
1221	671	78	234
1235	676	77	248
1243	677	78	248
1249	674	75	267
1249	675	75	273
1246	676	84	283
1245	680	83	266
1245	678	81	271
1241	677	81	276
1237	681	82	284
1237	677	79	276
1233	685	80	269
1226	675	81	266
1227	684	75	241
1225	685	73	246
1224	678	70	237
1225	673	62	249
1227	669	54	258
1223	670	53	247
1220	672	54	244
1217	675	57	245
1210	682	63	228
1208	678	63	240
1202	684	67	235
1200	673	67	244
1198	672	67	239
1196	677	68	238
1191	668	70	240
1191	671	67	236
1187	681	64	247
1186	670	65	245
1186	672	59	232
1181	676	59	232
1180	673	57	227
1175	676	60	228
1174	666	62	237
1171	682	63	243
1167	667	70	263
1166	660	74	277
1166	667	81	264
1168	665	80	265
1174	664	79	265
1177	673	79	268
1161	658	106	268
1116	665	146	264
1108	674	154	259
1122	672	151	250
1120	673	151	256
1128	668	142	257
1141	662	132	256
1148	666	133	262
1158	655	123	261
1166	663	126	260
1174	661	124	256
1186	660	122	254
1188	660	125	260
1201	660	123	260
1211	671	125	254
1217	668	125	257
1219	672	133	245
1224	672	135	248
1221	666	138	250
1222	664	142	253
1226	666	142	249
1228	671	137	243
1233	665	137	247
1227	670	141	247
1307	678	73	212
1317	668	57	214
1316	666	57	222
1312	670	62	220
1317	668	62	217
1314	665	65	218
1319	667	62	209
1315	672	67	223
1317	676	66	217
1317	672	65	220
1317	674	66	221
1322	674	64	227
1321	678	64	225
1322	676	66	208
1324	668	61	208
1324	670	65	201
1327	671	60	204
1328	665	62	201
1330	671	63	200
1331	667	64	202
1331	673	69	197
1337	676	63	202
1338	671	61	192
1339	676	65	198
1344	679	59	194
1344	683	62	207
1344	675	61	191
1345	675	66	190
1347	678	66	195
1348	674	65	198
1349	671	65	200
1347	670	68	197
1348	680	64	202
1347	666	71	205
1347	678	70	201
1345	678	71	199
1346	678	72	199
1346	680	74	191
1345	676	72	192
1345	682	74	196
1344	679	76	190
1347	679	72	191
1342	682	81	189
1342	682	81	191
1344	680	79	187
1344	679	79	186
1348	679	70	188
1347	677	65	187
1349	678	69	184
1346	677	70	181
1348	677	67	179
1347	677	67	183
1347	675	63	184
1347	677	60	186
1346	675	60	182
1346	681	63	175
1342	679	66	178
1344	678	60	179
1344	678	59	174
1342	673	60	185
1342	676	58	174
1341	681	64	165
1340	674	61	171
1342	679	60	161
1340	673	61	168
1337	674	58	174
1337	677	60	174
1337	673	57	179
1334	673	59	179
1333	673	57	175
1330	671	59	181
1327	675	61	176
1324	675	61	179
1326	673	58	175
1321	675	60	175
1319	677	61	175
1316	675	63	173
1312	674	58	165
1309	678	62	169
1311	675	62	168
1311	673	55	175
1309	674	55	172
1310	675	52	180
1309	674	50	173
1307	674	48	180
1307	674	45	174
1306	675	46	177
1303	675	48	177
1302	677	47	177
1300	679	46	176
1298	678	48	168
1299	678	49	175
1296	682	47	168
1296	683	46	168
1295	685	45	168
1295	682	41	171
1295	681	42	168
1293	679	42	167
1291	682	41	165
1291	675	40	167
1291	679	40	165
1290	681	41	171
1289	683	42	182
1286	683	44	173
1282	681	46	174
1279	682	50	179
1278	684	50	175
1279	684	49	175
1278	687	50	174
1276	690	52	172
1273	688	51	167
1273	688	49	178
1273	691	46	170
1272	692	48	176
1272	689	45	178
1272	689	45	176
1274	689	43	179
1274	689	41	178
1273	694	41	172
1272	689	41	183
1273	685	41	186
1272	693	43	186
1270	689	45	185
1272	691	44	186
1272	698	44	185
1272	694	45	188
1272	701	46	189
1271	696	47	185
1272	701	45	186
1272	699	48	186
1273	706	45	183
1272	705	46	183
1272	706	48	183
1273	708	47	187
1272	701	47	185
1272	707	48	187
1273	701	48	186
1271	701	48	195
1272	703	50	190
1272	704	50	196
1272	709	52	194
1271	710	52	193
1271	709	54	199
1273	710	54	200
1274	708	53	203
1272	712	54	201
1272	714	56	200
1268	716	58	202
1263	716	63	198
1265	721	60	192
1262	720	63	191
1264	723	63	194
1259	728	63	188
1258	726	64	186
1258	727	61	191
1256	723	64	189
1256	725	63	192
1254	728	65	188
1250	726	71	190
1250	735	72	195
1250	740	69	194
1252	736	63	200
1253	740	65	199
1249	745	70	196
1248	747	67	195
1247	750	64	195
1248	756	62	192
1247	758	64	195
1246	760	63	190
1246	759	60	193
1246	764	59	189
1243	768	59	192
1241	767	62	192
1238	769	61	192
1241	775	55	191
1239	778	55	192
1233	782	62	188
1235	786	58	185
1232	788	61	191
1229	792	65	190
1223	799	70	186
1224	801	64	188
1222	805	65	186
1219	805	64	189
1217	813	65	183
1214	813	64	187
1211	818	58	175
1209	820	59	170
1206	826	59	168
1208	824	57	178
1205	836	56	173
1203	828	56	179
1201	835	54	170
1202	840	55	174
1201	837	50	181
1195	841	55	174
1195	845	52	185
1192	847	54	179
1191	853	51	175
1189	855	52	185
1187	856	51	173
1184	860	52	170
1183	866	48	164
1184	866	45	166
1182	870	45	160
1180	864	44	161
1179	869	44	167
1176	870	44	170
1173	870	47	172
1172	869	48	166
1169	872	51	163
1170	873	49	176
1166	874	54	173
1168	874	54	182
1166	876	57	183
1166	876	56	180
1163	879	59	173
1165	882	55	176
1162	884	60	168
1161	883	56	169
1159	880	56	163
1159	872	50	166
1160	866	46	166
1160	865	45	154
1161	867	43	157
1161	858	41	157
1161	853	41	162
1161	850	40	165
1160	844	40	152
1160	841	40	167
1161	836	42	162
1158	837	46	156
1160	827	45	165
1159	824	45	158
1159	820	45	160
1160	818	46	158
1161	813	45	159
1161	812	46	159
1162	805	43	160
1163	805	43	160
1165	803	42	160
1169	805	45	162
1170	806	45	151
1176	800	41	153
1180	801	44	156
1186	802	45	161
1192	797	46	164
1197	800	48	159
1206	798	46	166
1210	796	53	168
1218	800	53	169
1223	798	57	164
1231	802	56	163
1245	802	55	167
1253	803	56	164
1265	807	56	159
1272	802	58	163
1281	804	62	162
1291	798	58	163
1300	797	58	154
1311	794	59	157
1320	790	58	156
1331	786	59	157
1342	781	56	155
1352	779	56	157
1361	777	59	155
1370	774	58	156
1377	774	56	157
1383	769	58	155
1390	767	55	160
1392	771	59	156
1395	769	55	157
1395	768	56	154
1396	767	57	156
1393	765	57	148
1392	764	59	149
1392	768	56	145
1390	765	57	146
1389	765	55	144
1388	764	56	146
1387	763	55	149
1386	760	54	153
1383	758	55	157
1380	757	58	157
1378	759	58	157
1375	761	59	154
1373	762	60	154
1371	762	60	152
1369	765	60	153
1366	760	60	156
1366	760	58	157
1363	761	59	152
1362	757	58	150
1360	755	57	148
1358	756	58	144
1357	751	56	147
1356	748	54	149
1356	746	52	152
1353	744	53	150
1352	741	53	148
1351	743	53	146
1350	740	52	148
1348	739	53	146
1346	738	53	143
1345	738	52	145
1344	737	53	140
1344	731	52	146
1342	731	51	141
1340	726	52	141
1339	723	51	137
1338	719	50	133
1337	716	50	132
1334	710	50	131
1335	703	49	137
1332	699	51	136
1330	695	50	138
1329	687	51	143
1326	682	51	142
1323	679	53	144
1319	673	55	140
1317	666	56	141
1318	662	54	141
1316	658	55	141
1315	652	54	140
1314	641	54	143
1312	638	54	142
1312	633	53	141
1310	630	54	143
1309	620	52	135
1306	613	52	137
1307	606	50	139
1307	600	50	140
1305	595	50	136
1304	590	51	135
1303	586	51	135
1303	582	50	138
1303	580	50	136
1301	579	51	134
1302	576	49	138
1301	576	51	130
1299	572	51	132
1299	573	50	128
1298	572	50	127
1298	572	48	123
1297	573	48	125
1297	572	49	124
1295	570	48	125
1293	570	49	128
1293	569	49	131
1291	569	50	134
1291	570	50	137
1288	569	50	134
1285	570	52	133
1284	571	53	134
1283	572	51	136
1282	577	50	137
1281	574	51	135
1280	573	52	136
1279	572	50	136
1277	572	51	136
1277	571	50	134
1276	570	47	135
1276	568	46	136
1275	568	46	132
1273	569	47	129
1272	568	45	132
1272	568	45	132
1271	569	45	134
1269	570	46	130
1268	568	46	132
1266	569	45	129
1265	570	45	129
1264	571	43	127
1261	568	43	126
1260	571	43	124
1258	566	42	120
1255	570	42	121
1252	569	42	124
1250	567	41	126
1247	567	43	129
1243	565	43	133
1239	566	44	133
1235	567	46	132
1233	575	45	130
1227	577	48	124
1226	578	46	124
1222	574	47	124
1216	574	49	125
1213	571	49	125
1210	571	48	124
1206	570	48	125
1204	569	46	124
1201	569	45	125
1199	569	43	121
1196	569	42	120
1194	571	40	123
1191	568	40	128
1189	569	40	129
1186	565	40	131
1183	564	41	129
1180	565	41	123
1179	565	40	124
1177	565	40	123
1176	561	39	124
1174	563	40	122
1173	565	38	121
1171	566	39	122
1171	571	38	118
1170	568	37	115
1168	568	37	115
1167	563	37	119
1165	563	38	123
1163	565	38	119
1161	568	38	123
1157	565	39	122
1156	562	39	123
1154	569	38	118
1151	566	39	117
1148	569	40	119
1145	564	42	120
1143	563	40	118
1139	563	41	120
1138	565	40	120
1135	564	40	121
1133	562	40	119
1131	562	39	120
1128	560	41	121
1127	563	38	118
1126	561	38	119
1124	561	37	119
1121	562	39	118
1120	560	39	120
1117	566	38	118
1114	558	40	122
1110	555	40	122
1107	563	38	116
1102	564	40	119
1097	562	41	116
1092	558	41	116
1088	558	39	114
1082	560	39	109
1076	561	37	106
1070	560	37	106
1063	556	38	110
1060	557	38	111
1055	557	39	112
1052	556	39	115
1048	559	39	113
1043	556	40	116
1038	553	41	116
1036	552	40	115
1033	554	39	113
1031	556	39	112
1028	547	41	114
1027	563	41	110
1025	556	43	112
1024	556	43	112
1022	553	45	114
1023	555	44	112
1027	553	40	111
1027	556	39	107
1027	552	38	110
1028	553	37	109
1029	554	37	109
1028	554	38	108
1027	553	39	112
1028	553	38	112
1025	552	41	112
1025	560	41	110
1024	558	41	111
1023	555	42	112
1021	560	43	111
1020	559	43	113
1018	560	44	112
1019	561	41	113
1016	562	42	112
1013	562	42	109
1009	564	42	105
1008	564	41	103
1006	565	41	104
1002	565	41	106
998	566	41	110
993	568	40	113
988	570	40	112
980	571	41	111
974	574	39	113
964	575	42	114
957	576	40	113
947	578	44	116
940	584	43	116
933	587	44	116
927	583	46	118
923	588	48	118
919	590	49	117
917	590	48	117
917	597	45	119
918	594	43	119
917	596	43	121
916	597	44	119
914	606	46	120
915	603	45	124
915	605	46	126
915	610	45	128
915	613	48	127
915	614	46	129
915	620	48	128
916	624	47	126
917	626	44	126
915	629	44	131
918	630	42	129
914	638	44	131
915	635	44	120
915	639	42	118
911	643	43	120
911	645	45	120
911	647	45	128
909	647	44	130
909	647	44	134
906	653	45	134
906	654	45	131
903	654	48	134
900	656	50	137
898	658	51	138
896	661	53	136
896	664	51	136
894	669	53	134
893	672	53	136
893	667	53	136
891	670	52	134
890	663	51	136
888	667	51	133
889	665	46	133
889	673	44	130
886	669	44	133
885	668	45	136
884	669	44	135
881	669	47	137
879	670	46	136
878	670	46	137
875	675	45	136
874	675	49	137
873	676	48	136
875	678	44	134
871	679	46	133
869	678	46	130
869	678	43	136
866	681	43	133
865	683	42	128
864	685	41	125
861	685	42	130
857	687	44	136
856	689	45	133
855	688	45	135
852	689	46	136
850	692	47	135
847	694	48	135
845	697	50	135
843	699	49	134
840	702	51	136
838	699	53	137
838	702	53	138
836	706	54	133
834	705	55	133
833	705	53	131
834	702	49	128
833	703	48	128
834	705	44	127
833	702	43	128
832	704	44	126
829	703	45	130
830	702	44	129
829	704	45	128
827	702	45	130
827	700	47	130
826	703	44	128
825	701	47	129
824	703	46	128
824	702	45	122
825	699	43	125
826	700	42	126
827	698	42	128
828	698	41	127
828	700	41	120
829	699	44	121
831	696	42	124
833	693	41	127
835	693	43	128
837	695	42	124
837	692	41	127
841	694	39	126
841	692	39	126
844	691	40	126
841	692	43	130
845	692	42	128
847	693	43	128
848	694	44	129
849	690	44	129
852	693	45	129
854	693	44	127
856	691	45	125
859	690	42	125
860	690	43	120
864	687	42	121
867	687	40	123
867	686	42	121
869	686	41	122
870	685	43	122
874	686	42	126
876	685	43	126
879	683	46	124
879	688	46	123
883	684	47	123
886	686	45	125
888	683	46	127
891	681	46	125
894	681	44	124
896	680	42	127
899	679	43	124
901	676	44	121
903	678	44	119
906	675	46	119
909	678	46	118
911	672	45	119
913	674	45	119
915	673	47	121
917	672	45	121
919	677	45	119
922	677	44	122
924	679	44	118
925	678	43	118
928	675	43	117
930	673	44	120
932	675	44	118
934	675	45	119
935	670	44	120
939	670	42	118
939	670	43	117
944	666	42	117
947	664	40	118
948	667	40	118
951	663	39	118
954	665	40	115
955	663	41	116
959	661	41	120
961	662	41	120
962	665	42	122
967	663	38	123
969	663	39	121
971	659	42	123
974	659	40	120
976	663	40	117
977	660	40	118
981	659	41	118
983	660	40	114
986	659	40	116
987	657	42	115
990	656	43	115
992	655	40	115
995	656	41	116
997	654	41	117
1000	657	39	116
1001	654	41	117
1005	651	40	119
1009	655	38	116
1012	655	37	118
1014	656	36	116
1016	659	38	113
1019	653	37	117
1022	655	37	116
1025	654	37	116
1028	653	36	115
1028	654	38	111
1032	650	38	113
1037	649	37	113
1039	646	36	115
1042	647	37	112
1046	647	35	108
1047	648	35	108
1050	649	37	107
1053	649	36	107
1055	645	38	106
1058	648	37	102
1061	648	36	103
1062	646	38	105
1064	646	38	105
1067	644	37	105
1068	641	38	108
1071	645	37	107
1071	639	38	107
1071	642	39	104
1072	641	39	105
1073	639	38	105
1074	639	39	107
1074	638	38	107
1077	636	37	108
1076	640	36	105
1076	636	37	108
1076	643	36	104
1076	637	36	105
1076	637	37	103
1076	638	36	104
1075	637	36	103
1076	639	35	100
1075	637	36	104
1074	637	37	100
1073	640	36	98
1071	637	38	101
1069	639	40	98
1068	636	41	100
1069	638	40	102
1065	636	42	103
1065	634	43	105
1061	632	44	104
1066	635	40	102
1061	634	44	102
1050	628	59	110
1040	629	68	110
1038	628	70	110
1036	629	73	107
1035	629	72	105
1033	626	75	107
1032	626	75	108
1034	626	73	110
1033	627	74	107
1032	626	74	111
1031	625	77	113
1031	627	76	111
1032	627	75	112
1031	625	75	114
1037	628	71	109
1031	627	78	104
1029	631	80	98
1031	627	77	101
1031	627	79	104
1034	632	77	98
1033	631	78	99
1034	630	76	101
1037	628	75	105
1036	629	75	103
1037	630	75	105
1034	626	76	108
1034	627	76	106
1033	628	77	108
1033	624	78	110
1035	623	76	109
1034	625	75	109
1036	624	75	108
1036	624	73	107
1038	628	70	104
1038	626	72	104
1036	624	71	100
1035	624	73	100
1036	627	72	98
1034	624	73	99
1036	625	71	97
1037	623	72	101
1037	624	72	100
1038	624	72	101
1038	624	71	101
1038	623	73	102
1036	623	74	102
1039	627	72	101
1037	625	74	103
1037	623	74	105
1040	624	70	103
1041	624	69	103
1041	623	68	104
1043	620	63	105
1032	619	74	102
1025	616	78	105
1023	618	75	101
1020	616	77	99
1018	615	79	97
1015	614	76	95
1014	614	76	102
1011	615	76	97
1011	614	74	101
1006	614	79	100
1005	613	76	100
1004	618	75	94
999	617	76	98
998	616	75	100
994	613	76	102
994	615	75	96
990	614	75	100
988	614	76	97
986	615	76	99
982	613	75	96
980	613	77	97
977	610	76	99
977	613	77	96
974	611	75	98
968	610	77	98
965	610	77	99
964	610	76	96
969	613	74	98
964	613	75	99
958	612	78	98
958	610	78	100
962	612	77	100
958	615	77	99
959	615	76	97
954	617	80	99
957	614	79	97
956	612	80	98
953	612	81	98
952	611	84	102
950	608	81	103
953	607	81	108
946	608	88	104
943	610	86	103
947	609	86	103
943	607	89	101
937	608	90	102
941	608	87	104
946	612	89	98
941	611	91	105
947	613	85	103
952	617	81	97
947	615	87	102
947	613	84	107
948	615	88	103
945	609	86	109
951	616	83	107
951	615	85	104
953	615	82	105
950	614	86	105
951	616	87	104
948	614	87	103
978	617	61	104
994	618	41	99
1000	619	34	97
999	625	36	91
999	622	37	95
1000	617	35	97
1000	624	39	93
1001	623	39	96
1002	624	37	100
1003	628	36	97
1005	627	35	96
1005	626	36	97
1006	627	37	99
1008	629	35	95
1008	628	36	97
1011	630	35	95
1012	627	35	101
1015	633	33	99
1014	634	35	92
1015	634	33	94
1014	630	34	101
1016	631	35	96
1017	629	32	99
1018	632	33	97
1019	634	32	94
1019	634	33	97
1019	629	35	98
1020	634	34	97
1019	636	36	91
1020	637	31	88
1021	635	31	97
1021	635	34	96
1023	634	32	92
1022	635	36	87
1022	630	34	95
1022	633	34	93
1021	630	35	92
1022	632	34	94
1023	630	35	93
1023	633	36	93
1023	631	37	93
1025	628	34	95
1022	628	38	94
1025	627	35	96
1025	628	36	96
1027	629	36	92
1027	629	37	94
1028	625	36	97
1028	625	39	99
1030	626	35	96
1032	625	35	94
1033	623	36	95
1033	622	35	93
1034	622	36	95
1034	623	36	94
1036	621	35	96
1035	625	33	89
1037	621	31	94
1037	625	32	93
1037	625	32	92
1038	629	31	89
1038	630	32	88
1039	629	29	90
1037	635	33	89
1037	637	35	88
1038	636	34	94
1037	641	33	91
1038	644	32	88
1037	644	34	91
1036	648	35	88
1037	651	35	87
1037	655	35	85
1036	651	33	92
1037	658	33	84
1037	662	32	84
1037	663	31	85
1036	666	33	88
1035	666	34	87
1036	671	33	87
1037	673	32	90
1036	673	33	92
1036	678	32	89
1036	678	31	92
1036	683	33	89
1036	682	34	92
1036	685	32	86
1037	682	31	93
1035	686	34	85
1038	685	30	88
1036	687	34	86
1037	684	33	87
1037	682	31	88
1037	683	32	86
1038	681	33	83
1036	680	36	91
1037	682	34	84
1037	681	33	86
1037	679	33	86
1036	681	34	84
1037	678	33	90
1037	681	31	86
1037	680	30	85
1037	679	29	85
1037	681	30	85
1037	678	29	87
1036	678	31	86
1037	679	30	88
1036	678	32	85
1036	677	32	84
1035	677	32	84
1035	674	30	85
1036	675	29	85
1037	675	27	87
1037	676	28	84
1036	676	29	88
1037	674	29	86
1034	673	30	85
1037	673	31	87
1036	672	30	88
1037	672	29	84
1037	668	31	89
1039	673	29	87
1040	669	28	89
1040	670	29	83
1041	670	28	83
1041	667	27	87
1042	666	30	86
1039	666	32	84
1041	664	30	85
1042	662	29	82
1043	659	29	86
1042	655	28	85
1042	657	26	85
1043	651	27	86
1045	647	25	86
1044	644	26	90
1044	643	25	85
1043	639	27	87
1045	636	25	89
1043	637	27	87
1043	634	27	86
1043	632	25	84
1042	630	26	85
1042	628	28	88
1040	623	30	86
1041	621	29	87
1039	621	31	84
1040	618	31	82
1039	615	31	84
1039	612	33	85
1037	610	34	89
1039	611	31	88
1040	607	30	85
1039	606	32	83
1039	606	30	85
1040	605	30	82
1040	603	31	85
1039	601	32	86
1040	600	30	88
1040	603	30	85
1039	598	32	89
1040	599	33	87
1040	599	32	87
1041	598	30	85
1040	598	32	85
1041	596	31	87
1041	596	32	85
1041	594	33	84
1041	595	32	84
1042	596	31	82
1042	594	31	84
1042	591	31	86
1042	592	31	83
1043	589	29	89
1041	590	30	88
1043	591	28	87
1042	588	31	86
1043	588	28	88
1042	588	31	86
1041	589	30	86
1041	589	30	87
1042	586	29	87
1043	588	28	81
1041	586	29	86
1041	583	30	85
1040	582	29	87
1039	583	30	82
1040	582	31	83
1040	578	28	85
1041	576	29	88
1041	575	30	88
1040	576	30	86
1043	572	26	82
1043	575	28	83
1043	575	29	86
1041	575	30	88
1044	572	29	88
1042	571	29	86
1044	570	29	84
1045	569	30	82
1045	566	29	87
1045	568	30	86
1044	565	30	88
1047	562	30	87
1047	565	28	79
1047	562	29	84
1047	560	29	84
1050	558	26	83
1048	556	30	87
1050	555	29	85
1048	555	30	85
1051	556	28	83
1053	556	26	81
1051	556	27	81
1051	556	28	82
1053	553	26	83
1053	553	26	84
1054	553	26	84
1054	553	26	81
1054	553	27	80
1052	552	29	82
1050	549	30	80
1048	548	35	85
1033	541	51	93
1028	542	55	91
1025	543	58	89
1026	538	58	91
1027	537	57	93
1027	540	58	88
1029	540	57	89
1029	540	57	88
1030	538	58	89
1030	535	58	92
1030	538	58	90
1030	533	57	94
1031	539	58	90
1029	536	59	92
1028	535	60	92
1030	535	59	92
1030	536	60	92
1030	536	59	91
1028	538	60	88
1031	536	60	89
1030	532	60	92
1032	534	59	90
1033	534	59	91
1033	535	58	89
1034	536	57	88
1035	535	57	88
1037	533	57	89
1035	534	57	89
1037	535	56	86
1037	534	57	88
1037	534	57	88
1037	536	57	86
1038	538	56	83
1040	535	55	88
1040	535	55	87
1040	534	55	85
1040	534	55	86
1039	535	54	83
1039	533	55	84
1039	535	55	81
1041	533	54	84
1041	536	54	82
1040	533	54	82
1039	533	54	84
1041	535	53	82
1041	532	54	83
1041	536	53	81
1041	535	54	81
1041	535	54	81
1039	532	55	84
1041	536	54	80
1039	535	54	80
1039	531	56	84
1038	532	58	83
1036	531	60	84
1037	530	61	84
1037	532	60	82
1038	532	60	82
1040	532	58	82
1038	531	59	81
1039	531	59	82
1040	531	56	82
1044	532	54	80
1045	531	53	80
1044	531	55	81
1042	531	56	79
1042	529	55	83
1042	529	55	82
1046	531	53	79
1045	529	52	82
1044	530	54	81
1046	529	52	82
1046	531	51	80
1047	529	50	80
1048	528	49	81
1049	527	48	81
1048	528	50	81
1049	530	46	80
1048	530	48	80
1048	527	47	82
1048	529	50	81
1049	526	48	82
1052	526	44	82
1050	528	49	81
1050	529	47	80
1051	525	47	80
1050	526	49	81
1048	527	51	78
1048	526	51	81
1057	529	42	77
1049	525	51	80
1049	525	50	78
1049	526	53	80
1052	525	48	78
1053	525	46	76
1050	524	50	76
1055	525	44	74
1057	525	44	75
1063	528	40	72
1059	524	43	76
1062	524	41	76
1064	526	38	73
1062	525	40	73
1065	527	37	73
1057	523	46	75
1058	524	43	77
1063	526	40	78
1062	526	40	73
1058	526	42	69
1058	526	42	69
1050	524	53	75
1046	522	57	74
1047	521	54	73
1047	524	54	76
1048	524	53	63
1049	523	52	65
1047	524	54	75
1050	523	54	70
1048	523	54	63
1048	523	56	60
1050	524	54	55
1047	524	56	54
1048	525	57	52
1045	528	61	48
1042	524	61	47
1046	524	56	43
1047	523	58	50
1042	525	62	54
1043	523	65	56
1042	524	62	59
1046	523	62	60
1065	522	43	56
1075	520	27	53
1076	518	27	57
1075	519	28	55
1074	520	27	46
1076	520	27	37
1078	520	25	34
1078	520	25	30
1077	520	22	28
1079	519	21	27
1076	520	23	27
1074	521	25	30
1075	520	23	26
1077	520	22	26
1075	519	23	28
1074	519	24	28
1043	521	26	49
1073	516	24	52
1073	517	23	47
1073	516	23	50
1073	514	26	54
1073	511	24	60
1073	507	24	61
1073	503	25	69
1074	498	24	67
1073	492	24	68
1073	482	22	72
1074	475	22	67
1074	464	23	67
1075	455	22	64
1074	440	22	68
1074	429	22	69
1074	419	22	66
1074	406	24	61
1075	393	22	66
1075	380	23	67
1075	369	23	65
1075	355	23	67
1076	342	22	69
1075	331	23	67
1075	317	22	69
1075	306	24	71
1075	293	25	68
1076	283	23	64
1076	271	23	65
1076	259	22	63
1076	246	24	64
1076	231	24	66
1076	218	22	67
1076	207	23	71
1076	191	22	69
1076	180	22	70
1076	169	22	70
1076	152	22	67
1077	140	22	74
1076	129	23	59
1078	117	21	61
1078	100	22	72
1079	89	20	63
1078	74	21	62
1080	64	19	63
1080	46	20	67
1079	32	22	71
1081	18	21	72
1081	7	20	65
