1647	318	35	104
1646	315	34	104
1644	307	38	104
1646	300	38	106
1645	298	38	107
1646	293	39	106
1649	286	39	111
1650	283	39	107
1655	280	36	105
1657	277	36	105
1658	275	37	101
1658	275	37	100
1657	270	40	100
1657	271	43	103
1655	270	47	104
1655	269	55	104
1654	267	54	105
1654	270	61	105
1657	271	59	102
1660	270	61	102
1663	270	59	104
1667	272	58	102
1677	273	50	105
1684	271	41	105
1687	276	40	100
1692	280	37	108
1696	279	36	114
1700	283	35	109
1703	285	34	108
1706	288	34	114
1710	289	32	111
1712	292	33	113
1716	296	33	115
1719	300	32	115
1722	300	33	114
1725	303	33	116
1728	306	33	114
1731	310	33	113
1734	313	32	115
1738	323	33	109
1741	321	32	111
1744	327	32	105
1747	330	34	104
1751	338	36	104
1755	340	35	109
1759	345	35	110
1764	357	34	104
1768	355	35	110
1772	360	34	111
1776	367	35	108
1780	367	36	111
1784	382	35	102
1787	383	36	103
1791	386	36	103
1795	392	35	105
1798	389	36	106
1804	394	34	110
1806	395	36	111
1810	397	35	111
1815	399	35	113
1820	400	34	112
1823	401	34	115
1828	402	34	117
1832	401	33	119
1836	401	33	121
1841	401	34	124
1845	401	34	123
1849	398	35	126
1853	401	36	126
1856	396	37	125
1861	394	37	124
1865	391	37	126
1868	387	39	125
1873	388	40	123
1878	388	40	122
1883	382	40	123
1888	383	39	120
1893	376	38	123
1898	375	39	124
1904	378	40	124
1909	371	40	124
1915	369	40	128
1920	369	42	126
1926	368	41	122
1933	365	41	127
1939	362	42	127
1944	361	43	128
1950	358	42	128
1959	360	40	131
1964	358	42	136
1973	362	39	130
1977	355	43	136
1984	350	43	142
1993	350	45	140
2028	260	58	145
2007	352	43	141
2042	217	54	138
2019	252	71	156
2023	236	71	256
2025	215	75	272
2023	217	76	282
2023	216	80	285
2034	216	79	289
2032	223	81	282
2037	211	89	302
2035	218	96	301
2035	207	108	314
2038	218	135	308
2037	224	145	311
2040	221	142	315
2041	226	153	312
2044	233	156	315
2041	229	167	319
2044	234	175	307
2042	241	183	313
2043	254	195	310
2043	261	203	315
2042	258	213	316
2049	266	217	311
2048	273	227	315
2045	281	240	318
2044	286	204	288
2043	312	262	309
2039	302	244	322
2027	293	184	253
2237	461	156	184
2226	482	80	182
2219	488	72	169
2212	501	64	168
2198	508	60	174
2179	515	61	170
2160	523	62	167
2144	533	62	173
2124	539	60	175
2107	546	58	181
2090	555	62	176
2078	560	63	186
2074	573	64	185
2073	575	65	187
2079	584	67	188
2087	585	63	188
2097	589	59	192
2106	589	62	189
2115	595	62	198
2128	597	59	192
2138	598	58	189
2149	602	58	192
2158	605	61	193
2167	613	62	194
2175	610	63	191
2183	611	68	180
2195	609	65	190
2204	610	63	192
2213	611	63	189
2224	611	58	189
2233	612	57	194
2242	613	57	188
2248	608	65	192
2258	608	59	193
2268	608	60	197
2275	603	59	202
2282	604	64	201
2290	601	62	203
2295	594	65	194
2303	593	63	195
2310	591	61	207
2315	586	63	201
2321	585	65	204
2324	577	70	204
2330	573	70	197
2334	567	69	201
2337	564	69	197
2344	553	71	198
2346	548	81	199
2352	538	73	199
2357	531	74	194
2362	525	74	190
2367	515	76	195
2372	509	71	192
2377	500	71	190
2380	494	73	193
2382	485	75	195
2389	476	71	191
2391	472	75	195
2392	465	76	198
2397	460	74	194
2401	455	76	198
2403	449	76	198
2403	446	81	190
2401	443	83	190
2401	436	90	191
2401	432	91	190
2403	433	89	182
2404	425	90	188
2404	418	88	189
2408	417	86	185
2409	411	86	186
2414	408	84	180
2414	402	82	186
2418	394	81	187
2417	393	81	190
2419	384	78	187
2422	384	77	175
2422	378	78	190
2423	372	78	186
2426	370	75	179
2427	369	75	183
2426	357	74	184
2428	354	73	186
2431	352	71	174
2431	344	70	187
2432	341	70	182
2434	336	68	180
2434	329	69	177
2434	326	68	179
2432	322	68	182
2433	316	67	190
2431	312	67	178
2427	305	69	188
2429	299	65	186
2426	299	67	188
2425	294	65	191
2422	288	66	183
2417	284	66	183
2415	280	67	180
2413	276	67	186
2408	272	67	185
2403	266	72	185
2399	263	75	178
2396	256	75	185
2392	256	79	174
2390	252	80	175
2383	248	85	178
2384	244	85	183
2383	235	87	183
2380	236	89	179
2378	227	90	182
2378	225	87	182
2377	221	85	181
2374	215	86	190
2374	218	87	195
2373	211	89	190
2376	205	91	190
2370	196	98	193
2371	195	105	192
2370	191	105	186
2372	187	105	188
2371	185	106	190
2373	181	103	184
2374	175	95	185
2373	175	92	182
2375	169	83	182
2377	167	81	188
2372	159	83	193
2376	160	74	184
2375	157	71	186
2372	157	70	188
2369	155	71	185
2365	155	72	181
2363	150	75	184
2359	150	78	189
2358	145	79	179
2356	142	78	186
2346	141	87	187
2347	134	88	187
2347	142	86	185
2347	135	86	181
2350	134	84	172
2355	136	77	184
2358	141	76	185
2362	140	71	164
2365	140	68	183
2365	141	68	170
2365	147	66	159
2366	149	63	156
2365	151	63	157
2367	156	61	148
2367	158	61	146
2366	160	62	144
2364	166	64	145
2366	166	62	136
2372	170	60	131
2364	171	64	139
2367	170	64	129
2364	173	66	131
2365	172	65	137
2367	181	65	129
2365	180	67	142
2371	183	63	139
2367	195	65	136
2366	203	66	138
2369	205	62	129
2373	214	61	136
2371	220	63	124
2373	229	60	141
2370	243	61	137
2371	243	60	130
2370	253	60	133
2371	251	61	135
2372	257	62	134
2369	258	62	140
2372	264	62	133
2369	262	61	143
2370	265	62	136
2370	269	62	126
2370	267	61	136
2372	265	60	133
2369	274	64	130
2368	278	62	133
2371	281	63	124
2370	290	64	131
2367	299	64	128
2367	306	65	133
2367	317	63	131
2373	330	60	127
2367	341	61	129
2371	353	59	128
2373	366	59	134
2366	381	63	138
2372	391	60	136
2363	403	66	133
2364	420	64	128
2366	433	64	127
2368	445	63	131
2371	455	59	140
2363	468	65	135
2353	482	75	143
2364	494	65	130
2366	505	64	125
2372	522	60	123
2367	531	63	127
2371	546	61	122
2369	557	65	129
2371	569	61	127
2372	585	64	123
2373	596	64	126
2377	609	62	118
2378	623	60	122
2380	638	62	120
2381	647	59	119
2384	662	61	116
2385	677	59	114
2387	685	59	123
2390	701	57	116
2393	712	58	121
2394	726	59	122
2396	737	58	121
2397	751	60	117
2399	767	58	116
2402	776	57	119
2404	791	58	119
2405	800	57	117
2409	813	55	116
2408	824	59	121
2411	831	56	117
2414	838	57	117
2415	848	58	116
2416	854	57	115
2420	860	56	111
2420	861	58	118
2423	866	58	109
2424	865	59	121
2426	866	58	117
2427	867	60	120
2428	870	60	113
2430	870	60	114
2432	869	58	111
2434	871	58	111
2436	870	56	115
2438	870	55	121
2440	867	56	119
2442	871	55	110
2441	870	58	115
2442	873	58	113
2443	875	58	116
2445	873	57	114
2446	879	56	112
2446	876	57	116
2447	874	56	113
2448	881	56	112
2447	878	56	116
2449	877	56	115
2451	880	56	115
2451	879	56	118
2449	883	58	118
2450	882	57	121
2451	880	56	119
2452	882	57	118
2450	887	60	120
2453	886	57	112
2451	887	58	119
2456	886	54	117
2454	890	57	122
2454	891	57	113
2453	890	57	122
2452	894	58	119
2451	896	58	112
2454	899	56	118
2453	899	56	122
2452	900	57	117
2451	901	57	115
2450	906	56	114
2452	905	56	114
2450	910	57	113
2452	908	56	126
2448	910	57	115
2446	917	60	131
2446	917	56	120
2443	918	58	117
2441	923	57	117
2437	922	56	122
2433	925	56	123
2431	926	55	131
2426	929	56	124
2421	931	55	123
2418	936	55	126
2412	936	55	122
2405	938	56	127
2400	941	56	129
2395	942	57	126
2386	948	60	132
2384	951	55	124
2378	952	55	131
2372	956	57	126
2368	959	56	123
2363	962	57	125
2361	969	56	125
2359	972	55	118
2355	977	55	119
2353	978	57	115
2351	985	57	117
2349	989	59	124
2347	993	60	123
2347	998	57	122
2345	1002	58	121
2344	1008	59	123
2343	1016	57	119
2341	1018	59	115
2341	1024	59	123
2338	1032	60	114
2337	1037	61	122
2335	1040	60	118
2335	1046	60	115
2334	1052	60	113
2333	1056	59	119
2330	1063	59	112
2331	1067	58	125
2327	1070	58	119
2327	1076	59	120
2324	1083	59	121
2324	1084	61	126
2323	1091	58	116
2322	1099	59	127
2319	1100	61	127
2319	1108	61	132
2318	1109	60	131
2315	1114	60	127
2312	1120	63	131
2312	1122	64	137
2310	1124	64	135
2308	1129	64	148
2305	1131	65	137
2304	1133	66	152
2304	1135	64	154
2302	1138	69	152
2299	1143	68	152
2300	1142	71	159
2298	1145	69	166
2296	1146	71	165
2296	1146	72	169
2294	1147	73	174
2294	1147	73	173
2296	1148	68	175
2294	1147	71	181
2294	1149	68	181
2292	1144	71	183
2293	1147	70	188
2291	1145	69	186
2292	1143	70	188
2290	1139	70	193
2289	1136	72	184
2288	1134	71	193
2289	1128	69	197
2288	1125	71	193
2285	1117	70	197
2287	1111	70	196
2286	1104	67	205
2287	1097	68	200
2285	1086	66	195
2284	1077	66	208
2282	1065	65	203
2282	1053	66	198
2283	1044	63	209
2281	1030	64	201
2280	1018	65	199
2280	1004	65	212
2276	989	66	208
2278	974	68	207
2276	960	67	217
2277	941	69	215
2277	929	68	211
2276	913	69	221
2277	898	70	216
2279	876	69	218
2275	856	74	222
2276	837	73	228
2276	821	73	219
2274	802	74	224
2272	785	75	226
2270	766	74	230
2269	748	73	223
2267	731	72	219
2264	712	70	222
2262	692	70	228
2257	672	72	225
2252	655	73	226
2245	632	76	234
2237	610	81	230
2227	590	84	239
2217	571	88	235
2206	555	86	233
2188	531	84	232
2164	515	83	231
2133	492	85	236
2086	475	80	200
2041	464	69	172
2041	464	69	172
2041	464	69	172
2041	464	69	172
2041	464	69	172
2041	464	69	172
2041	464	69	172
2041	464	69	172
2041	464	69	172
2041	464	69	172
2041	464	69	172
2041	464	69	172
2041	464	69	172
2041	464	69	172
2041	464	69	172
2041	464	69	172
2041	464	69	172
2041	464	69	172
2041	464	69	172
2041	464	69	172
2041	464	69	172
2041	464	69	172
2041	464	69	172
2041	464	69	172
2041	464	69	172
2041	464	69	172
2041	464	69	172
2041	464	69	172
2041	464	69	172
2041	464	69	172
2041	464	69	172
2041	464	69	172
2041	464	69	172
2041	464	69	172
2041	464	69	172
2041	464	69	172
2041	464	69	172
2041	464	69	172
2041	464	69	172
2041	464	69	172
2041	464	69	172
2041	464	69	172
2041	464	69	172
2041	464	69	172
2041	464	69	172
2041	464	69	172
2041	464	69	172
2041	464	69	172
2041	464	69	172
2041	464	69	172
2041	464	69	172
2041	464	69	172
2041	464	69	172
2041	464	69	172
2041	464	69	172
2041	464	69	172
2041	464	69	172
2041	464	69	172
2041	464	69	172
2041	464	69	172
2041	464	69	172
2041	464	69	172
2041	464	69	172
2041	464	69	172
2041	464	69	172
2041	464	69	172
2041	464	69	172
2041	464	69	172
2041	464	69	172
2041	464	69	172
2041	464	69	172
1808	194	79	102
1828	164	88	120
1847	137	90	149
1890	63	83	166
1890	63	83	166
1974	75	83	158
2019	92	77	140
2056	102	82	134
2097	107	84	147
2134	76	87	178
2175	62	78	206
2214	76	79	192
2247	72	81	199
2299	71	78	199
2337	91	77	188
2371	75	76	203
2398	98	87	186
2423	101	101	188
2453	100	103	189
2488	124	99	168
2522	115	94	178
2546	118	98	176
2569	98	97	199
2587	81	95	217
2602	59	90	237
2605	58	94	237
2618	67	85	229
2633	71	67	226
2638	65	63	221
2637	73	62	216
2635	84	61	208
2631	76	61	220
2622	81	67	216
2604	85	84	214
2589	77	97	227
2589	81	98	218
2591	85	93	218
2591	73	91	231
2591	87	88	222
2590	73	86	230
2584	80	90	228
2581	84	92	224
2587	84	83	226
2594	88	73	226
2596	79	67	231
2597	85	64	226
2597	101	62	216
2592	93	65	224
2583	94	74	230
2565	92	94	234
2559	107	102	224
2559	103	104	231
2564	108	99	230
2570	126	101	215
2577	124	101	216
2583	109	99	235
2595	115	99	231
2475	151	103	255
2627	115	89	247
2640	133	87	230
2665	119	71	234
2677	147	70	220
2685	133	74	240
2693	151	76	224
2700	163	77	221
2707	160	82	232
2713	154	89	240
2716	169	98	234
2729	170	102	243
2750	190	105	234
2784	175	97	250
2803	181	108	259
2836	217	120	231
2873	223	119	231
2867	276	151	205
2905	289	157	200
2908	268	179	223
2948	270	187	250
3002	281	152	300
3049	288	173	309
3115	302	166	315
3170	318	191	319
3170	318	191	319
3170	318	191	319
3170	318	191	319
2564	50	161	322
2564	50	161	322
2564	50	161	322
2564	50	161	322
2564	50	161	322
2564	50	161	322
2564	50	161	322
2759	948	216	267
2837	983	222	267
2897	1015	215	277
2953	1041	211	280
2997	1071	202	299
3030	1101	199	300
3055	1131	204	301
3079	1154	199	311
3092	1185	203	315
3117	1215	201	312
3136	1240	200	319
3152	1270	205	321
3165	1294	205	317
3180	1317	206	330
3195	1345	203	326
3213	1359	207	329
3225	1390	208	330
3239	1414	208	326
3252	1431	214	330
3268	1446	216	345
3279	1471	210	341
3294	1487	215	349
3299	1504	220	343
3314	1518	216	359
3325	1536	218	361
3328	1557	222	358
3341	1563	221	374
3350	1588	223	367
3367	1597	222	375
3375	1625	223	363
3389	1643	222	356
3405	1658	219	367
3426	1681	206	368
3432	1712	218	359
3453	1722	213	365
3476	1760	206	359
3476	1760	206	359
3269	491	181	383
3277	339	184	338
3303	375	188	312
3329	383	191	311
3377	394	194	317
3410	412	146	316
3473	439	117	306
3580	352	111	254
3580	352	111	254
3580	352	111	254
3580	352	111	254
3580	352	111	254
3580	352	111	254
3580	352	111	254
3038	326	148	257
3038	326	148	257
3038	326	148	257
3038	326	148	257
3038	326	148	257
2588	119	117	215
2593	185	105	211
2626	187	103	207
2651	177	93	196
2656	184	103	195
2660	184	107	197
2666	185	104	201
2674	188	103	200
2671	184	106	205
2675	189	105	207
2672	196	106	201
2677	190	106	200
2687	194	101	191
2706	199	85	189
2690	203	106	201
2681	209	118	216
2696	216	104	212
2694	231	112	208
2703	239	106	214
2702	256	113	211
2710	258	105	216
2713	271	104	215
2710	288	111	214
2729	300	91	215
2727	309	94	222
2740	328	84	219
2741	346	84	218
2742	361	84	216
2745	380	82	205
2749	393	80	207
2753	422	76	196
2757	434	80	203
2765	451	80	208
2728	463	114	233
2669	447	118	275
2699	467	121	274
2766	499	110	269
2834	519	79	249
2895	569	66	245
2895	569	66	245
3054	665	59	176
3054	665	59	176
3054	665	59	176
3054	665	59	176
3054	665	59	176
3054	665	59	176
3054	665	59	176
3054	665	59	176
3054	665	59	176
3054	665	59	176
3054	665	59	176
3054	665	59	176
3054	665	59	176
2913	866	119	133
2587	899	152	131
2649	894	157	127
2733	930	142	109
2733	930	142	109
2512	593	150	163
2512	593	150	163
2512	593	150	163
2512	593	150	163
2512	593	150	163
2512	593	150	163
2512	593	150	163
2512	593	150	163
2512	593	150	163
2512	593	150	163
2512	593	150	163
2512	593	150	163
2512	593	150	163
2512	593	150	163
2623	431	100	208
2623	431	100	208
2623	431	100	208
2623	431	100	208
2623	431	100	208
2631	428	74	225
2631	428	74	225
2631	428	74	225
2361	280	100	248
2361	280	100	248
2361	280	100	248
2361	280	100	248
2361	280	100	248
2361	280	100	248
2361	280	100	248
2361	280	100	248
2361	280	100	248
2361	280	100	248
2361	280	100	248
2361	280	100	248
2361	280	100	248
2361	280	100	248
2361	280	100	248
2361	280	100	248
2361	280	100	248
2361	280	100	248
2361	280	100	248
2361	280	100	248
2361	280	100	248
2361	280	100	248
2361	280	100	248
2361	280	100	248
2361	280	100	248
2361	280	100	248
2361	280	100	248
2361	280	100	248
2361	280	100	248
2361	280	100	248
2361	280	100	248
2361	280	100	248
2361	280	100	248
2361	280	100	248
2361	280	100	248
2361	280	100	248
2361	280	100	248
2361	280	100	248
2361	280	100	248
2361	280	100	248
2361	280	100	248
2361	280	100	248
2361	280	100	248
2361	280	100	248
2361	280	100	248
2361	280	100	248
2361	280	100	248
2361	280	100	248
2361	280	100	248
2361	280	100	248
2361	280	100	248
2361	280	100	248
2361	280	100	248
2361	280	100	248
2361	280	100	248
2361	280	100	248
2361	280	100	248
2361	280	100	248
2361	280	100	248
2361	280	100	248
2361	280	100	248
2361	280	100	248
2361	280	100	248
2646	305	107	336
2783	863	80	227
2790	861	77	218
2795	863	76	222
2788	852	82	229
2790	854	83	217
2791	850	78	222
2795	843	70	226
2790	835	72	227
2790	832	72	231
2796	833	65	224
2794	825	64	222
2794	827	64	234
2794	820	71	235
2794	817	68	224
2802	810	67	203
2802	810	67	203
3059	677	78	169
3059	677	78	169
3059	677	78	169
3059	677	78	169
3059	677	78	169
3059	677	78	169
2893	815	71	211
2884	808	69	205
2884	808	69	205
2884	808	69	205
2884	808	69	205
3076	649	124	157
3076	649	124	157
3076	649	124	157
3076	649	124	157
3076	649	124	157
3076	649	124	157
3076	649	124	157
3076	649	124	157
3076	649	124	157
3076	649	124	157
2931	356	92	121
2931	356	92	121
2931	356	92	121
2931	356	92	121
2931	356	92	121
2731	463	107	113
2731	463	107	113
2726	353	96	113
2726	353	96	113
2726	353	96	113
2726	353	96	113
2726	353	96	113
2726	353	96	113
2512	461	102	107
2538	436	72	134
2528	418	57	140
2540	405	43	113
2544	421	38	102
2560	412	33	90
2572	430	36	84
2572	430	36	84
2598	429	38	65
2610	436	39	55
2630	443	34	47
2630	443	34	47
2630	443	34	47
2630	443	34	47
2630	443	34	47
2630	443	34	47
2630	443	34	47
2630	443	34	47
2630	443	34	47
2630	443	34	47
2630	443	34	47
2630	443	34	47
2630	443	34	47
2630	443	34	47
2588	443	41	75
2586	435	38	88
2594	434	38	92
2600	441	47	83
2600	441	47	83
2600	441	47	83
2600	441	47	83
2600	441	47	83
2612	438	37	83
2619	441	45	75
2619	439	35	85
2621	433	36	85
2627	439	44	76
2623	433	41	83
2623	433	41	83
2625	431	35	91
2627	429	40	91
2630	433	44	83
2630	433	44	83
2632	428	36	88
2635	430	37	87
2635	430	36	90
2641	434	45	84
2645	431	34	87
2649	429	45	90
2649	429	45	90
2649	429	45	90
2649	429	45	90
2672	437	49	84
2672	437	49	84
2672	437	49	84
2672	437	49	84
2710	438	47	81
2719	436	41	88
2719	436	41	88
2749	437	49	91
2859	365	53	66
2859	365	53	66
2859	365	53	66
2859	365	53	66
2859	365	53	66
2859	365	53	66
2859	365	53	66
2859	365	53	66
2859	365	53	66
2859	365	53	66
2859	365	53	66
2859	365	53	66
2859	365	53	66
2859	365	53	66
2859	365	53	66
2859	365	53	66
2859	365	53	66
2859	365	53	66
2859	365	53	66
2859	365	53	66
2859	365	53	66
2859	365	53	66
2859	365	53	66
2859	365	53	66
2859	365	53	66
2880	215	50	101
2880	215	50	101
2880	215	50	101
2880	215	50	101
2880	215	50	101
2880	215	50	101
2880	215	50	101
2857	328	41	117
2857	328	41	117
2852	377	40	105
2852	377	40	105
2844	418	41	105
2844	418	41	105
2844	418	41	105
2836	492	40	92
2832	506	39	88
2830	538	37	83
2830	538	37	83
2823	565	39	91
2823	565	39	91
2823	565	39	91
2870	542	41	78
2870	542	41	78
2862	607	34	71
2862	607	34	71
2859	648	28	56
2808	715	41	77
2808	715	41	77
2808	715	41	77
2846	724	35	79
2846	724	35	79
2846	724	35	79
2846	724	35	79
2846	724	35	79
2846	724	35	79
2846	724	35	79
2846	724	35	79
2846	724	35	79
2929	676	47	82
2929	676	47	82
2929	676	47	82
2973	825	53	77
2973	825	53	77
2973	825	53	77
2973	825	53	77
2973	825	53	77
2973	825	53	77
2973	825	53	77
2973	825	53	77
2973	825	53	77
2973	825	53	77
2973	825	53	77
2973	825	53	77
2973	825	53	77
2973	825	53	77
2973	825	53	77
2973	825	53	77
2973	825	53	77
2973	825	53	77
2973	825	53	77
2973	825	53	77
2973	825	53	77
2973	825	53	77
2973	825	53	77
2973	825	53	77
2973	825	53	77
2973	825	53	77
2973	825	53	77
2973	825	53	77
2973	825	53	77
2973	825	53	77
2973	825	53	77
2973	825	53	77
2973	825	53	77
2973	825	53	77
2973	825	53	77
2973	825	53	77
2973	825	53	77
2973	825	53	77
2973	825	53	77
2973	825	53	77
2973	825	53	77
2973	825	53	77
2973	825	53	77
2973	825	53	77
2973	825	53	77
2973	825	53	77
2973	825	53	77
2973	825	53	77
2973	825	53	77
2973	825	53	77
2818	657	69	64
2818	657	69	64
2818	657	69	64
2818	657	69	64
2818	657	69	64
2818	657	69	64
2818	657	69	64
2818	657	69	64
2818	657	69	64
2932	518	66	67
2932	518	66	67
2932	518	66	67
2932	518	66	67
2932	518	66	67
2932	518	66	67
2932	518	66	67
2932	518	66	67
2932	518	66	67
2932	518	66	67
2932	518	66	67
2932	518	66	67
3035	459	76	75
3035	459	76	75
3156	395	58	61
3096	458	49	61
3113	470	45	45
3113	470	45	45
3068	517	32	51
3141	472	45	48
3141	472	45	48
3141	472	45	48
3175	487	49	40
3175	487	49	40
3175	487	49	40
3175	487	49	40
3238	567	38	56
3238	567	38	56
3238	567	38	56
3238	567	38	56
3275	507	38	40
3271	507	50	35
3271	507	50	35
3271	507	50	35
3271	507	50	35
3271	507	50	35
3195	521	50	54
3198	515	50	80
3211	522	55	80
3217	523	55	82
3227	527	54	80
3235	531	52	81
3245	533	53	81
3257	535	61	84
3281	538	67	85
3272	542	76	84
3280	545	82	82
3288	546	81	83
3298	547	80	83
3306	551	83	79
3315	552	79	83
3320	553	82	81
3328	553	73	84
3339	556	69	80
3343	555	61	83
3346	554	46	85
3356	554	50	85
3365	557	44	84
3370	557	49	84
3374	557	52	85
3382	559	42	83
3387	555	41	88
3389	557	59	87
3392	557	50	87
3397	558	52	84
3400	556	42	88
3402	551	46	88
3408	544	42	88
3410	534	48	91
3412	526	40	89
3418	510	43	91
3423	498	38	90
3426	486	40	89
3430	468	36	91
3432	458	44	87
3434	444	42	88
3437	433	44	90
3437	429	45	87
3438	423	46	85
3442	420	44	84
3442	416	43	82
3441	415	45	85
3439	409	51	89
3441	410	48	85
3440	408	48	88
3442	409	48	85
3444	406	44	88
3444	404	48	86
3444	403	46	87
3445	400	46	87
3444	394	47	88
3443	391	49	86
3447	384	45	89
3448	380	42	87
3448	371	43	86
3452	359	44	90
3451	348	47	92
3453	339	40	88
3455	326	46	90
3456	312	42	90
3457	296	49	93
3459	282	53	93
3461	271	41	90
3461	248	45	100
3465	236	44	95
3464	224	42	93
3467	205	46	97
3470	193	41	94
3470	176	50	97
3475	159	46	97
3477	146	44	95
3477	129	45	97
3478	117	48	96
3480	103	50	97
3481	96	50	95
3484	90	47	93
3484	81	49	92
3485	76	49	93
3486	72	48	94
3488	70	49	92
3490	71	51	89
3493	70	49	90
3498	68	53	93
3500	71	57	91
3507	70	65	96
3517	72	61	95
3523	77	57	92
3532	74	65	97
3540	77	73	95
3550	75	61	101
3558	80	64	96
3569	81	60	98
3580	86	59	93
3590	88	57	93
3598	89	63	93
3609	90	59	95
3619	93	58	94
3631	93	55	94
3640	96	68	96
3651	98	63	97
3664	102	64	96
3678	104	60	94
3690	106	69	95
3704	107	62	97
3718	112	62	95
3730	115	63	99
3743	122	64	94
3757	122	63	94
3768	123	59	96
3781	124	71	99
3791	134	54	93
3801	148	43	85
3804	164	38	72
3804	164	38	72
3804	164	38	72
3804	164	38	72
3804	164	38	72
3804	164	38	72
3804	164	38	72
3804	164	38	72
3804	164	38	72
3804	164	38	72
3804	164	38	72
3804	164	38	72
3804	164	38	72
3804	164	38	72
3804	164	38	72
3804	164	38	72
3804	164	38	72
3804	164	38	72
3804	164	38	72
3804	164	38	72
3804	164	38	72
3804	164	38	72
3804	164	38	72
3804	164	38	72
3804	164	38	72
3804	164	38	72
3804	164	38	72
3804	164	38	72
3804	164	38	72
3804	164	38	72
3804	164	38	72
3804	164	38	72
3804	164	38	72
3804	164	38	72
3804	164	38	72
3804	164	38	72
3804	164	38	72
3804	164	38	72
3804	164	38	72
3804	164	38	72
3804	164	38	72
3591	91	31	68
3591	91	31	68
3591	91	31	68
3674	71	36	45
3630	121	45	38
3630	121	45	38
3649	219	43	45
3649	219	43	45
3649	219	43	45
3638	218	36	57
3638	218	36	57
3670	222	29	68
3670	222	29	68
3701	291	25	60
3719	240	27	59
3735	244	30	64
3731	313	41	54
3748	322	46	53
3763	327	49	56
3757	470	59	53
3791	489	54	49
3807	538	40	48
3807	538	40	48
3807	538	40	48
3807	538	40	48
3807	538	40	48
3807	538	40	48
3807	538	40	48
3807	538	40	48
3807	538	40	48
3807	538	40	48
3807	538	40	48
3807	538	40	48
3807	538	40	48
3807	538	40	48
3807	538	40	48
3807	538	40	48
3807	538	40	48
3807	538	40	48
3807	538	40	48
3569	512	44	55
3580	541	46	58
3514	535	64	75
3529	548	65	75
3544	555	66	87
3558	570	74	107
3573	578	77	116
3589	590	78	119
3608	604	82	120
3628	616	82	125
3650	628	81	125
3673	627	81	135
3697	657	81	128
3720	664	88	125
3748	686	75	118
3773	695	71	122
3719	762	98	102
3688	790	150	88
3713	823	153	69
3259	947	98	100
3292	962	78	95
3305	971	67	88
3328	980	57	75
3343	988	57	70
3353	999	52	70
3364	1003	48	64
3373	1008	50	71
3376	1011	46	66
3383	1018	44	63
3388	1022	47	64
3396	1026	57	70
3393	1023	48	67
3402	1034	61	71
3403	1035	52	66
3412	1041	45	63
3422	1044	43	65
3428	1051	45	67
3437	1045	51	72
3437	1045	51	72
3449	1062	55	66
3453	1067	49	70
3453	1067	49	70
3453	1067	49	70
3491	1083	62	69
3505	1089	61	74
3521	1093	57	78
3536	1103	60	78
3554	1107	61	78
3573	1116	63	85
3594	1122	56	80
3611	1133	62	76
3631	1142	65	77
3653	1147	61	81
3676	1159	60	77
3699	1169	61	78
3728	1175	61	74
3754	1187	59	74
3775	1198	72	79
3775	1198	72	79
3775	1198	72	79
3775	1198	72	79
3775	1198	72	79
3775	1198	72	79
3775	1198	72	79
3443	1002	62	65
3469	935	59	66
3486	928	65	77
3505	949	62	83
3521	936	63	96
3532	957	60	114
3548	930	51	128
3556	932	63	137
3555	939	53	140
3561	927	64	144
3563	928	55	147
3565	921	47	151
3590	919	38	132
3565	925	53	136
3566	947	51	115
3569	931	53	123
3578	912	44	93
3574	927	51	104
3581	906	44	85
3583	910	44	79
3586	906	44	76
3588	908	43	69
3590	901	45	80
3595	871	44	85
3597	861	46	89
3602	848	43	93
3606	867	42	86
3609	836	42	90
3612	830	44	86
3617	828	44	80
3620	812	46	89
3618	808	51	94
3625	798	44	91
3652	793	47	95
3632	783	51	104
3636	793	47	86
3636	788	49	98
3642	758	46	91
3655	779	37	76
3651	753	48	84
3653	768	48	70
3658	747	44	76
3659	734	48	88
3665	760	52	68
3679	757	57	67
3693	759	65	66
3720	763	55	65
3747	770	63	61
3774	777	72	71
3696	793	81	88
3391	633	61	86
3423	652	57	73
3423	652	57	73
3503	677	53	70
3542	684	54	74
3586	706	59	68
3586	706	59	68
3586	706	59	68
3586	706	59	68
3586	706	59	68
3586	706	59	68
3586	706	59	68
3586	706	59	68
3586	706	59	68
3586	706	59	68
3586	706	59	68
3586	706	59	68
3586	706	59	68
3586	706	59	68
3586	706	59	68
3586	706	59	68
3586	706	59	68
3586	706	59	68
3586	706	59	68
3586	706	59	68
3586	706	59	68
3586	706	59	68
3586	706	59	68
3586	706	59	68
3586	706	59	68
3586	706	59	68
3586	706	59	68
3586	706	59	68
3586	706	59	68
3586	706	59	68
3586	706	59	68
3586	706	59	68
3586	706	59	68
3586	706	59	68
3586	706	59	68
3586	706	59	68
3586	706	59	68
3586	706	59	68
3586	706	59	68
3586	706	59	68
3586	706	59	68
3586	706	59	68
3586	706	59	68
3586	706	59	68
3586	706	59	68
3586	706	59	68
3586	706	59	68
3586	706	59	68
3586	706	59	68
3586	706	59	68
3586	706	59	68
3586	706	59	68
3586	706	59	68
3586	706	59	68
3586	706	59	68
3586	706	59	68
3586	706	59	68
3469	611	46	61
3328	581	62	64
3355	593	53	60
3355	593	53	60
3399	620	48	54
3423	634	50	54
3423	634	50	54
3423	634	50	54
3423	634	50	54
3423	634	50	54
3423	634	50	54
3423	634	50	54
3423	634	50	54
3423	634	50	54
3423	634	50	54
3423	634	50	54
3423	634	50	54
3423	634	50	54
3423	634	50	54
3423	634	50	54
3423	634	50	54
3423	634	50	54
3423	634	50	54
3423	634	50	54
3423	634	50	54
3423	634	50	54
3285	784	48	45
3193	655	44	50
3215	655	49	63
3237	667	56	64
3259	679	58	67
3282	686	60	69
3306	706	53	63
3328	712	58	70
3352	733	61	63
3376	747	59	65
3402	764	54	61
3424	676	50	71
3483	618	48	76
3510	619	53	84
3535	622	55	92
3572	595	59	77
3601	607	60	62
3631	619	62	61
3652	637	69	101
3684	649	66	92
3710	665	70	107
3735	679	70	99
3764	696	71	107
3789	709	54	104
3789	709	54	104
3746	840	58	131
3767	842	74	165
3767	842	74	165
3767	842	74	165
3767	842	74	165
3619	1098	85	153
3642	1115	98	168
3485	1488	84	117
3490	1503	78	110
3518	1525	77	102
3526	1541	68	103
3527	1552	82	113
3549	1576	75	107
3559	1593	83	110
3536	1604	106	124
3551	1627	107	125
3548	1638	119	132
3559	1659	123	127
3578	1683	118	127
3582	1697	126	141
3591	1714	123	123
3613	1738	118	101
3630	1762	110	104
3636	1783	117	100
3658	1808	113	95
3633	1823	103	112
3663	1848	88	110
3684	1871	81	115
3701	1896	94	116
3714	1920	102	123
3724	1946	118	127
3711	1971	137	134
3732	2004	119	127
3745	2033	107	126
3745	2033	107	126
3745	2033	107	126
3118	1424	97	138
3019	1269	106	116
3047	1291	118	117
3142	1111	107	162
3102	1346	124	119
3248	1167	81	110
3307	1232	65	84
3352	1273	62	72
3402	1309	58	73
3449	1346	62	72
3499	1376	65	80
3553	1421	68	78
3607	1451	69	92
3663	1495	69	84
3719	1542	61	76
3779	1581	66	81
3732	1787	71	62
3780	1832	69	72
3558	2018	72	85
3595	2055	67	67
3627	2087	60	60
3649	2112	52	67
3662	2115	61	58
3655	2120	78	49
3655	2120	78	49
3655	2120	78	49
3655	2120	78	49
3655	2120	78	49
3655	2120	78	49
3655	2120	78	49
3655	2120	78	49
3655	2120	78	49
3655	2120	78	49
3655	2120	78	49
3655	2120	78	49
3655	2120	78	49
3655	2120	78	49
3655	2120	78	49
3655	2120	78	49
3655	2120	78	49
3655	2120	78	49
3655	2120	78	49
3655	2120	78	49
3655	2120	78	49
3655	2120	78	49
3655	2120	78	49
3655	2120	78	49
3461	1982	60	50
3413	2042	55	48
3428	2046	53	47
3443	2051	52	43
3459	2056	51	41
3474	2059	52	42
3491	2061	51	42
3507	2065	52	41
3524	2068	52	41
3542	2070	53	43
3559	2072	54	43
3578	2075	56	43
3597	2077	56	44
3616	2079	57	43
3636	2081	58	42
3657	2085	56	40
3677	2086	59	42
3698	2087	58	44
3721	2090	58	41
3742	2091	60	42
3766	2093	61	42
3790	2093	63	45
3807	2082	42	57
3809	2078	31	56
3812	1895	32	60
3622	1818	53	43
3647	1822	54	39
3669	1824	54	39
3691	1826	55	40
3715	1829	55	37
3737	1830	54	39
3759	1832	54	42
3783	1834	55	39
3789	1791	65	44
3798	1800	50	63
3798	1800	50	63
3798	1800	50	63
3798	1800	50	63
3798	1800	50	63
3798	1800	50	63
3798	1800	50	63
3798	1800	50	63
3798	1800	50	63
3798	1800	50	63
3798	1800	50	63
3798	1800	50	63
3798	1800	50	63
3798	1800	50	63
3798	1800	50	63
3798	1800	50	63
3798	1800	50	63
3798	1800	50	63
3798	1800	50	63
3798	1800	50	63
3798	1800	50	63
3794	1645	56	64
3794	1645	56	64
3794	1645	56	64
3794	1645	56	64
3794	1645	56	64
3794	1645	56	64
3794	1645	56	64
3794	1645	56	64
3794	1645	56	64
3794	1645	56	64
3794	1645	56	64
3794	1645	56	64
3794	1645	56	64
3792	1487	60	58
3727	1331	48	52
3738	1327	46	45
3749	1336	44	36
3759	1338	43	30
3767	1339	43	30
3776	1340	43	29
3785	1341	43	30
3792	1342	45	29
3801	1343	41	28
3809	1344	39	31
3816	1344	28	33
3823	1344	20	37
3825	1345	16	42
3825	1344	14	40
3825	1344	14	40
3825	1344	14	40
3825	1344	14	40
3825	1344	14	40
3825	1344	14	40
3825	1344	14	40
3825	1344	14	40
3825	1344	14	40
3825	1344	14	40
3826	1279	12	44
3826	1279	12	44
3826	1279	12	44
3826	1279	12	44
3826	1279	12	44
3826	1279	12	44
3826	1279	12	44
3826	1279	12	44
3826	1279	12	44
3826	1279	12	44
3826	1279	12	44
3826	1279	12	44
3826	1279	12	44
3826	1279	12	44
3826	1279	12	44
3826	1279	12	44
3823	1341	19	47
3814	1364	31	44
3805	1358	42	38
3794	1356	44	33
3784	1353	44	30
3773	1348	44	32
3762	1345	44	30
3751	1341	45	29
3740	1335	44	31
3731	1331	42	32
3724	1327	42	33
3719	1327	42	31
3717	1326	42	32
3716	1326	40	31
3716	1328	41	30
3717	1327	44	33
3719	1328	41	32
3720	1329	43	32
3722	1329	40	31
3722	1330	42	31
3723	1330	42	33
3725	1331	40	31
3726	1332	41	30
3727	1332	39	30
3728	1332	38	31
3730	1332	39	31
3731	1334	39	28
3731	1333	42	31
3732	1333	39	31
3732	1334	39	32
3735	1335	40	32
3735	1335	40	32
3738	1337	37	28
3738	1339	43	32
3740	1339	42	32
3741	1340	39	32
3743	1342	41	32
3745	1344	42	32
3746	1346	40	29
3748	1349	41	30
3750	1351	42	32
3752	1354	42	32
3754	1357	43	32
3757	1361	41	32
3761	1365	42	31
3764	1370	41	30
3767	1374	41	31
3771	1380	39	30
3775	1385	38	30
3779	1391	39	31
3784	1397	40	32
3788	1403	40	33
3792	1410	43	33
3798	1417	41	32
3804	1424	38	32
3809	1431	39	36
3814	1440	31	38
3822	1448	20	37
3825	1456	16	41
3827	1466	14	39
3822	1460	16	42
3822	1460	16	42
3822	1460	16	42
3822	1460	16	42
3822	1460	16	42
3822	1460	16	42
3822	1460	16	42
3822	1460	16	42
3822	1460	16	42
3822	1460	16	42
3822	1460	16	42
3822	1460	16	42
3822	1460	16	42
3676	1436	22	37
3658	1452	34	38
3664	1467	41	41
3675	1483	43	42
3686	1500	41	42
3697	1516	40	43
3706	1532	40	43
3716	1550	41	42
3725	1567	41	42
3734	1584	40	41
3743	1597	40	43
3751	1613	43	41
3760	1626	39	41
3767	1638	41	41
3776	1651	41	42
3782	1662	46	41
3789	1673	46	40
3796	1683	43	39
3803	1692	41	39
3809	1701	36	40
3815	1709	29	43
3820	1718	22	47
3821	1725	20	52
3818	1722	24	65
3820	1730	20	58
3822	1735	16	52
3823	1746	16	49
3823	1746	16	49
3823	1746	16	49
3823	1746	16	49
3823	1746	16	49
3823	1746	16	49
3823	1746	16	49
3823	1746	16	49
3823	1746	16	49
3823	1746	16	49
3823	1746	16	49
3823	1746	16	49
3823	1746	16	49
3823	1746	16	49
3823	1746	16	49
3823	1746	16	49
3823	1746	16	49
3823	1746	16	49
3823	1746	16	49
3823	1746	16	49
3823	1746	16	49
3823	1746	16	49
3823	1746	16	49
3823	1746	16	49
3823	1746	16	49
3823	1746	16	49
3823	1746	16	49
3823	1746	16	49
3823	1746	16	49
3823	1746	16	49
3823	1746	16	49
3823	1746	16	49
3823	1746	16	49
3823	1746	16	49
3823	1746	16	49
3823	1746	16	49
3823	1746	16	49
3823	1746	16	49
3823	1746	16	49
3823	1746	16	49
3823	1746	16	49
3823	1746	16	49
3823	1746	16	49
3823	1746	16	49
3823	1746	16	49
3823	1746	16	49
3823	1746	16	49
3823	1746	16	49
3823	1746	16	49
3823	1746	16	49
3823	1746	16	49
3823	1746	16	49
3823	1746	16	49
3823	1746	16	49
3823	1746	16	49
3823	1746	16	49
3823	1746	16	49
3823	1746	16	49
3823	1746	16	49
3823	1746	16	49
3823	1746	16	49
3823	1746	16	49
3823	1746	16	49
3823	1746	16	49
3823	1746	16	49
3823	1746	16	49
3823	1746	16	49
3823	1746	16	49
3823	1746	16	49
3823	1746	16	49
3823	1746	16	49
3823	1746	16	49
3823	1746	16	49
3823	1746	16	49
3823	1746	16	49
3823	1746	16	49
3823	1746	16	49
3823	1746	16	49
3823	1746	16	49
3823	1746	16	49
3823	1746	16	49
3823	1746	16	49
3823	1746	16	49
3823	1746	16	49
3823	1746	16	49
3823	1746	16	49
3823	1746	16	49
3823	1746	16	49
3823	1746	16	49
3823	1746	16	49
3823	1746	16	49
3822	1782	20	44
3808	1771	36	42
3785	1760	54	44
3761	1746	57	44
3738	1733	56	43
3715	1720	57	42
3692	1706	56	46
3671	1695	54	40
3648	1684	53	39
3626	1670	54	43
3603	1658	54	40
3581	1646	54	39
3559	1633	55	42
3537	1618	54	43
3516	1607	53	44
3494	1596	52	39
3475	1585	51	37
3455	1574	49	37
3436	1563	48	40
3417	1553	49	37
3400	1545	47	36
3382	1534	45	39
3366	1526	44	35
3351	1518	44	35
3337	1510	43	36
3323	1502	42	35
3312	1497	42	35
3302	1490	42	34
3292	1486	41	33
3282	1481	40	34
3274	1476	40	34
3265	1472	41	33
3256	1467	41	35
3248	1463	39	32
3239	1457	40	33
3231	1453	39	33
3222	1448	38	31
3212	1441	38	33
3202	1435	40	33
3190	1429	40	33
3178	1422	40	33
3166	1415	40	33
3152	1406	42	35
3139	1399	40	35
3126	1392	41	34
3111	1383	43	37
3098	1375	43	35
3083	1368	41	36
3066	1360	44	35
3049	1352	44	35
3032	1343	44	34
3013	1334	46	36
2993	1324	46	38
2976	1315	44	34
2955	1307	46	35
2935	1297	46	35
2914	1286	47	38
2894	1277	45	34
2873	1265	47	37
2853	1255	45	34
2832	1244	48	38
2811	1232	48	35
2791	1222	47	34
2768	1207	50	40
2748	1198	48	36
2728	1188	45	34
2706	1177	46	38
2686	1166	46	35
2666	1156	45	35
2644	1143	47	36
2624	1134	46	36
2603	1124	45	35
2582	1114	47	37
2561	1103	47	36
2541	1093	47	36
2521	1085	45	36
2500	1077	45	32
2480	1067	45	35
2459	1058	45	32
2439	1049	45	35
2419	1040	44	32
2397	1032	46	36
2376	1021	49	39
2357	1009	46	38
2338	1006	44	33
2317	997	47	35
2298	988	45	36
2278	980	46	36
2258	975	46	34
2238	966	45	35
2219	959	44	34
2198	952	45	34
2179	942	45	34
2160	938	44	33
2141	932	44	32
2121	926	44	30
2102	919	43	33
2086	914	42	32
2072	910	39	32
2061	901	40	35
2053	896	40	38
2048	894	40	40
2044	885	41	47
2042	892	40	41
2042	892	37	37
2042	894	38	41
2042	894	39	36
2042	894	38	41
2041	894	41	43
2042	894	39	42
2042	892	39	41
2042	894	37	40
2042	896	38	40
2043	896	38	41
2042	895	37	41
2042	895	35	39
2042	896	37	41
2042	894	38	40
2042	893	39	37
2042	895	36	39
2042	894	38	38
2042	896	38	39
2042	895	40	40
2042	895	37	40
2042	894	39	39
2042	893	38	39
2043	892	37	40
2042	892	38	40
2042	891	40	41
2041	891	41	44
2041	896	39	43
2041	892	39	39
2041	893	40	39
2042	892	38	39
2041	895	39	43
2041	896	39	43
2041	897	39	40
2041	895	38	41
2041	894	38	39
2042	889	40	44
2041	893	38	40
2041	892	40	41
2041	893	39	44
2040	894	40	45
2041	891	40	42
2041	891	39	41
2042	895	37	39
2041	894	38	38
2042	895	38	44
2041	894	39	41
