911	1995	66	112
912	1988	60	118
912	1989	57	111
907	1981	56	121
901	1979	58	111
902	1978	53	122
897	1973	56	118
891	1967	61	128
884	1970	65	122
881	1968	65	123
880	1965	65	125
876	1969	67	118
874	1958	63	122
873	1963	67	112
873	1962	61	110
869	1956	58	118
866	1957	60	113
861	1943	60	120
864	1945	49	112
862	1948	49	111
856	1930	48	122
852	1936	54	116
847	1935	54	109
843	1940	62	107
840	1936	62	112
836	1918	63	125
826	1920	70	125
831	1923	65	117
824	1920	67	119
821	1922	68	115
817	1916	69	112
817	1914	66	110
811	1914	69	111
811	1901	68	120
811	1897	57	120
809	1906	60	107
806	1901	54	111
799	1895	59	116
804	1885	51	118
799	1887	55	111
791	1894	60	111
789	1890	62	116
787	1887	62	117
781	1885	64	113
779	1884	66	110
774	1880	67	109
775	1880	64	105
771	1873	71	115
771	1864	57	118
765	1869	63	112
764	1865	57	112
761	1862	54	113
762	1857	50	113
755	1856	51	114
750	1845	54	117
749	1855	55	106
745	1846	59	112
739	1844	61	109
730	1835	70	120
733	1839	69	116
725	1839	73	113
724	1830	72	121
726	1824	64	119
721	1821	92	120
714	1820	71	119
714	1815	69	122
710	1813	66	122
707	1816	65	112
704	1814	66	111
701	1808	60	117
701	1805	60	114
696	1808	61	107
695	1795	58	116
694	1792	53	110
695	1787	47	118
682	1793	57	117
683	1782	54	115
675	1787	59	110
669	1778	66	116
669	1778	66	116
666	1773	65	132
663	1763	63	138
658	1768	69	128
659	1762	46	140
655	1757	60	135
716	1764	62	124
651	1759	57	123
646	1745	53	140
642	1746	60	128
640	1743	55	130
637	1746	53	120
634	1743	52	127
634	1736	50	119
631	1721	52	135
625	1723	58	121
616	1724	67	119
615	1721	68	135
610	1719	77	131
603	1718	71	133
601	1717	74	130
599	1707	92	130
599	1695	84	133
591	1693	114	135
586	1681	139	143
580	1680	135	142
582	1673	130	140
579	1670	133	141
575	1666	134	150
572	1667	132	135
576	1664	128	143
571	1662	131	141
567	1656	132	145
568	1657	121	143
566	1647	122	146
567	1645	128	143
565	1642	119	152
562	1636	121	150
562	1631	122	150
560	1628	114	154
564	1631	109	144
559	1625	104	155
565	1620	99	152
558	1621	103	142
563	1622	107	156
553	1619	117	157
558	1621	100	138
569	1608	89	151
589	1626	68	135
567	1599	85	155
571	1617	81	138
564	1600	86	149
556	1602	93	144
571	1608	82	137
573	1595	75	145
565	1597	79	143
561	1591	84	142
572	1594	75	136
578	1596	62	129
552	1561	61	111
549	1569	69	119
560	1559	72	148
558	1556	75	154
568	1568	66	144
559	1560	71	142
567	1565	64	136
559	1544	70	151
557	1527	72	162
555	1531	72	151
559	1538	75	147
561	1536	66	146
552	1524	73	155
561	1540	69	143
557	1530	70	145
564	1538	67	135
563	1525	59	139
558	1502	64	147
560	1525	67	135
546	1490	72	160
559	1513	65	141
560	1513	61	131
560	1512	60	129
560	1510	62	130
560	1504	62	134
559	1497	61	135
561	1492	66	137
557	1498	63	126
557	1492	64	129
557	1486	63	131
556	1481	63	132
556	1477	62	135
556	1476	63	129
555	1469	64	132
554	1463	66	136
556	1464	75	130
555	1454	64	136
552	1459	66	131
554	1446	64	137
551	1449	65	134
551	1443	65	135
553	1440	64	130
551	1435	62	135
551	1433	65	132
552	1431	65	133
550	1424	62	137
551	1421	67	133
551	1417	61	135
552	1414	65	133
549	1417	64	130
552	1408	59	136
550	1400	65	134
550	1400	62	131
549	1393	60	132
547	1397	68	133
549	1386	65	139
547	1385	63	136
550	1379	64	136
547	1375	62	136
546	1371	64	136
544	1373	64	131
548	1361	66	138
544	1363	62	137
545	1357	59	136
546	1351	59	138
546	1350	64	134
544	1331	65	147
545	1343	69	135
543	1339	66	132
543	1331	66	140
542	1325	69	147
546	1328	63	134
543	1321	64	136
544	1316	59	135
542	1317	66	134
541	1302	64	142
541	1306	58	139
540	1303	61	137
538	1281	70	154
541	1284	65	147
544	1297	67	132
541	1293	65	132
540	1291	63	131
539	1286	60	133
539	1280	61	135
539	1272	55	135
536	1260	65	147
539	1267	64	140
537	1262	60	135
538	1261	62	135
539	1258	55	139
540	1249	61	146
539	1244	68	147
536	1236	61	146
535	1237	72	147
537	1235	63	140
532	1237	61	139
534	1229	59	142
538	1223	59	147
536	1229	67	135
536	1225	69	130
534	1220	69	135
535	1218	71	135
531	1211	62	135
530	1204	64	143
529	1202	62	142
532	1200	63	137
529	1195	64	139
528	1196	75	133
530	1189	63	141
526	1187	69	135
526	1181	57	141
528	1178	66	128
527	1177	60	136
525	1173	57	139
527	1174	71	136
524	1165	65	140
523	1167	67	128
524	1162	63	133
522	1155	62	137
523	1153	64	138
522	1147	63	139
522	1147	61	134
523	1145	63	135
520	1140	70	136
520	1130	63	140
519	1129	60	135
522	1130	62	133
522	1125	70	135
520	1121	64	136
517	1117	59	139
519	1119	58	131
517	1110	65	140
515	1113	77	130
514	1107	62	130
515	1105	75	130
500	1093	71	139
505	1104	81	126
498	1095	85	132
482	1087	108	136
503	1084	82	137
503	1079	72	138
501	1078	74	137
517	1068	60	146
517	1074	65	133
517	1071	76	130
515	1064	66	132
514	1062	63	128
472	1061	82	132
455	1049	114	140
453	1043	128	138
450	1033	121	145
454	1032	116	146
450	1032	131	145
436	1022	129	150
440	1022	158	146
432	1021	145	145
429	1010	157	150
422	1004	138	149
430	1003	145	148
417	1003	176	147
412	996	147	154
412	996	147	154
412	996	147	154
404	990	156	147
404	990	156	147
399	978	159	158
399	978	159	158
399	978	159	158
399	978	159	158
399	978	159	158
399	978	159	158
353	953	191	160
353	953	191	160
336	919	168	182
290	505	115	207
290	505	115	207
290	505	115	207
290	505	115	207
290	505	115	207
297	486	85	196
297	486	85	196
300	561	96	215
300	561	96	215
336	887	155	196
330	875	158	209
325	867	167	216
333	873	157	220
327	865	165	211
323	871	152	203
330	871	144	207
338	875	152	190
330	870	133	191
322	868	146	189
319	862	146	201
300	850	158	200
307	817	141	221
309	794	134	242
318	852	132	196
311	851	135	190
293	857	148	181
289	851	153	191
292	837	151	200
294	830	135	212
293	844	136	193
290	837	138	206
283	840	141	199
284	837	143	191
279	834	143	186
272	824	150	193
332	784	101	217
335	773	78	238
333	770	70	234
333	770	55	232
325	836	35	170
245	828	56	168
284	849	77	151
306	870	77	130
297	878	91	116
271	874	117	114
264	870	115	113
257	866	117	110
250	864	121	115
269	860	97	120
246	847	109	121
213	819	124	145
193	798	131	170
189	796	144	167
178	777	153	177
169	767	155	184
165	775	147	176
162	760	156	187
159	766	157	180
159	771	154	177
149	743	116	205
185	771	130	183
190	772	121	181
140	727	156	221
139	714	152	230
134	709	154	236
127	701	153	244
123	697	153	243
125	699	158	239
120	699	163	232
118	690	170	239
117	691	170	239
107	686	171	244
103	678	176	252
111	677	161	248
108	673	164	251
109	671	159	247
101	662	158	250
99	661	148	248
69	663	147	235
68	662	157	241
70	661	149	240
63	659	146	233
60	655	144	241
51	652	158	230
37	645	155	227
38	641	154	230
41	639	158	247
39	640	159	236
32	632	160	247
25	629	156	256
23	626	166	246
16	620	166	249
16	617	167	258
8	619	171	246
-2	611	173	250
-15	614	169	240
-19	610	168	240
-20	609	171	245
-12	606	167	249
-6	603	164	237
4	602	142	236
37	617	101	221
32	611	95	221
27	604	98	216
23	605	100	213
18	597	101	222
8	595	113	217
