734	358	30	89
735	357	28	89
736	357	28	89
737	358	29	88
738	361	30	88
738	359	32	89
739	358	31	89
740	357	33	89
740	361	36	88
741	360	38	87
742	361	39	86
742	360	40	88
744	362	39	87
744	362	39	88
747	364	39	87
749	365	37	86
757	368	33	85
762	370	29	82
765	368	28	83
768	369	25	84
766	369	27	85
769	372	27	84
772	375	27	83
774	376	28	83
776	379	26	82
769	380	34	85
779	387	24	79
770	384	25	86
770	384	25	86
770	384	25	86
770	384	25	86
770	384	25	86
770	384	25	86
770	384	25	86
770	384	25	86
770	384	25	86
770	384	25	86
770	384	25	86
770	384	25	86
770	384	25	86
770	384	25	86
770	384	25	86
770	384	25	86
770	384	25	86
770	384	25	86
770	384	25	86
770	384	25	86
770	384	25	86
770	384	25	86
770	384	25	86
770	384	25	86
770	384	25	86
770	384	25	86
770	384	25	86
795	474	46	97
789	477	59	117
840	442	56	128
786	489	64	112
786	487	59	114
784	489	60	119
854	446	51	136
855	450	51	138
788	488	57	119
786	492	55	117
860	448	49	139
861	452	49	142
862	457	49	144
864	458	49	145
865	459	52	143
784	503	53	108
869	461	56	142
870	463	59	142
871	465	57	140
872	465	60	140
875	460	57	142
876	463	57	139
879	465	56	139
881	464	58	141
882	461	56	141
884	461	57	141
887	459	55	141
894	460	51	138
896	461	51	137
900	457	49	140
902	456	48	138
903	454	49	144
905	450	50	147
906	448	51	142
908	443	51	141
910	442	51	143
911	436	51	143
914	431	51	146
915	428	48	142
917	421	50	145
919	414	49	146
920	408	49	146
922	404	49	139
923	395	49	142
925	390	50	138
927	383	50	138
929	376	49	140
931	370	50	136
932	359	50	137
934	353	51	137
937	347	51	137
940	342	49	135
943	332	48	136
946	326	46	136
947	322	45	140
948	316	47	137
950	311	46	142
951	310	48	143
953	311	48	145
954	308	48	140
955	308	48	146
956	305	48	139
956	308	50	137
957	308	52	140
958	308	51	138
959	309	52	139
961	308	53	142
962	308	53	143
963	310	52	140
963	309	53	141
965	310	53	140
967	311	51	136
968	309	51	140
970	312	50	142
971	311	52	141
972	313	52	141
972	312	53	142
973	311	53	145
975	314	54	144
978	316	52	142
981	316	51	146
982	318	50	149
985	319	48	146
987	320	46	147
988	322	46	145
991	323	45	143
992	324	46	143
993	329	45	144
994	330	44	146
994	331	46	150
996	335	45	148
998	338	45	147
998	339	46	146
1000	342	48	145
1000	348	50	142
1001	347	51	148
1003	352	50	139
1005	356	49	146
1006	358	51	142
1006	361	51	141
1007	365	52	137
1011	368	53	138
1015	371	49	134
1016	372	51	137
1020	378	47	136
1023	377	46	131
1026	377	45	137
1028	380	45	138
1030	382	42	134
1032	384	42	143
1032	383	44	141
1033	388	44	133
1036	391	43	132
1035	392	44	142
1037	393	42	140
1038	395	42	145
1038	400	44	138
1039	399	43	141
1039	400	43	145
1041	405	47	142
1042	406	47	141
1042	411	48	143
1044	412	49	143
1046	418	49	132
1047	418	50	139
1048	421	50	139
1050	423	48	139
1051	424	49	137
1054	426	48	136
1054	426	49	141
1056	433	49	137
1058	430	48	137
1059	435	48	136
1065	434	44	136
1068	435	41	138
1071	435	40	138
1072	437	39	140
1073	437	39	141
1074	437	39	145
1075	436	38	137
1077	432	36	123
1079	433	38	129
1078	429	39	126
1079	429	41	134
1080	428	41	135
1081	426	40	138
1080	421	43	140
1082	421	42	140
1084	419	42	138
1083	420	43	140
1082	417	43	140
1085	418	48	137
1087	418	45	140
1088	419	48	139
1089	422	48	141
1091	422	47	137
1094	425	45	124
1093	426	46	135
1095	427	49	135
951	472	36	92
953	471	37	89
955	466	42	100
954	462	48	100
958	459	50	96
968	458	44	96
978	456	39	100
994	454	30	100
998	453	31	93
1003	451	31	96
1006	445	33	95
1006	442	37	96
1010	438	39	99
1013	434	41	94
1031	434	31	89
1035	431	30	85
1038	428	30	78
1040	425	31	81
1042	420	35	99
1042	417	40	96
1039	410	49	97
1045	407	47	93
1042	403	54	93
1069	404	39	86
1075	401	31	83
1074	397	32	86
1079	392	26	77
1090	387	33	77
1076	381	32	89
1085	374	45	85
1090	369	44	90
1089	367	44	136
1085	365	45	142
1086	363	46	136
1089	359	48	135
1084	358	57	140
1086	357	49	138
1083	354	45	139
1084	350	42	143
1082	349	47	140
1079	346	47	143
1080	344	42	132
1078	343	42	126
1079	340	42	123
1076	338	45	135
1074	338	45	134
1071	336	44	134
1071	334	42	138
1067	332	45	134
1066	328	44	112
1063	327	45	130
1063	323	42	124
1058	321	45	134
1053	320	48	135
847	368	38	96
848	363	39	97
843	359	44	99
848	357	41	95
853	356	37	94
852	356	35	94
850	355	37	91
847	351	42	94
846	345	42	97
844	341	46	94
843	338	43	99
844	338	43	93
845	335	41	95
846	336	39	88
849	336	34	86
850	336	30	90
849	333	32	95
847	331	34	95
846	330	36	95
843	329	40	97
841	330	40	95
841	329	39	90
839	330	37	81
838	330	34	82
835	330	33	94
829	329	35	91
824	328	36	97
819	326	37	92
814	326	38	93
810	325	40	88
807	325	38	87
803	326	38	92
802	327	36	90
801	327	35	87
801	324	33	90
800	324	33	92
799	321	34	93
799	317	34	94
797	317	36	95
796	318	34	86
798	319	32	87
796	321	34	82
794	320	38	87
789	319	38	89
784	317	39	91
780	315	40	95
775	314	40	89
769	312	41	97
767	312	38	91
761	313	37	94
758	314	35	89
755	315	31	90
751	315	30	75
745	310	30	87
741	311	28	85
736	310	30	88
732	309	31	83
655	254	45	80
722	311	48	77
633	260	42	77
618	263	42	79
716	315	45	72
716	321	40	71
718	318	36	64
716	319	36	71
712	321	35	77
710	324	35	76
708	328	35	71
707	330	34	76
707	330	34	79
706	331	36	80
705	330	37	84
704	330	39	87
703	331	41	86
703	329	42	89
705	333	40	88
704	335	39	93
708	338	35	87
710	342	30	83
711	342	29	84
712	343	29	86
712	348	28	84
712	354	28	81
711	362	30	78
711	370	32	75
712	377	31	73
712	387	31	72
713	393	28	73
714	401	28	76
715	409	30	78
717	414	29	82
717	424	33	76
719	435	34	74
723	444	32	70
726	450	31	70
728	462	32	68
731	470	32	70
733	478	33	69
736	487	34	73
738	495	33	70
741	507	34	70
744	518	33	67
745	528	32	67
747	537	32	69
751	542	29	70
752	554	26	68
754	563	30	58
755	571	28	59
755	580	27	63
756	590	27	65
756	600	28	66
756	609	27	69
758	621	23	63
758	628	24	66
757	635	24	66
756	647	28	65
755	655	28	70
755	666	28	70
754	675	31	72
753	685	33	67
753	695	30	69
753	704	30	67
754	713	25	64
754	719	26	68
752	727	27	68
752	737	27	68
750	746	28	69
748	757	30	65
742	766	34	65
739	775	37	67
736	783	36	66
734	792	36	64
731	796	32	64
728	802	30	63
725	805	33	64
720	809	32	65
719	809	36	66
714	811	31	67
711	812	32	66
707	814	33	69
703	814	32	69
700	816	31	71
696	818	33	67
692	821	35	65
689	820	37	64
685	818	39	65
679	815	43	66
675	813	40	63
670	809	36	61
667	802	33	61
661	793	37	61
657	786	39	64
652	773	41	65
648	765	42	66
644	753	44	72
638	744	39	71
636	736	37	67
632	724	36	65
628	713	34	65
625	703	36	61
620	690	35	58
617	678	36	63
614	666	39	63
610	651	36	72
609	644	37	68
613	633	33	62
615	623	32	60
616	614	33	59
619	605	33	60
618	598	36	62
621	591	36	68
622	586	40	69
624	582	39	72
626	581	46	67
630	579	56	66
633	578	53	67
634	576	53	66
635	575	45	65
637	573	40	67
645	570	39	68
651	571	39	69
658	572	37	68
666	571	38	69
674	572	39	70
683	572	36	72
689	572	31	71
698	572	35	73
706	570	38	73
713	568	44	76
720	569	47	73
727	571	48	68
730	571	51	67
740	583	45	53
747	584	41	52
757	577	35	59
760	568	37	67
752	553	53	83
766	552	53	85
781	549	48	87
794	549	47	90
806	544	52	100
814	544	57	100
810	568	39	75
830	565	28	73
837	563	28	72
846	565	36	68
854	563	39	68
863	564	40	65
872	564	37	65
880	564	34	65
891	563	28	62
898	561	27	66
905	559	27	65
910	558	30	68
914	556	32	69
917	556	34	71
921	557	33	68
923	559	30	68
924	559	27	66
926	561	25	65
926	562	24	65
927	561	23	63
927	561	25	63
924	560	28	63
923	559	32	65
922	561	35	64
921	560	34	64
922	561	34	63
922	561	31	63
923	560	28	63
925	560	24	63
926	560	23	64
926	558	25	67
926	558	25	67
925	558	28	66
924	559	30	65
925	559	31	64
925	560	32	63
925	561	33	64
926	560	33	66
929	562	32	64
933	562	29	65
937	560	27	68
940	561	24	67
945	560	24	63
948	561	27	67
832	477	33	96
838	477	38	95
847	478	38	104
854	483	37	112
865	480	38	115
873	485	38	110
881	485	40	110
889	486	40	107
899	488	38	108
904	484	39	112
916	486	38	112
925	487	37	110
935	484	37	100
943	487	36	103
953	486	38	100
962	487	36	99
971	490	36	101
980	491	36	109
988	492	34	100
993	492	36	100
1000	493	35	101
1004	494	39	104
1007	494	40	103
1009	496	42	103
1011	500	42	105
1015	497	42	99
1018	499	43	99
1020	499	43	99
1024	500	42	101
1028	501	38	100
1031	502	36	101
1032	505	37	99
1033	503	39	102
1035	505	38	102
1038	505	37	102
1040	509	37	103
1041	513	39	110
1042	517	49	121
1045	515	48	125
1047	518	46	123
1049	520	47	124
1051	521	45	122
1051	523	44	122
1054	520	43	127
1054	525	44	123
1058	527	42	124
1060	526	41	128
1062	529	39	127
1064	528	38	130
1065	527	38	131
1067	530	38	129
1068	531	40	132
1070	532	41	132
1069	536	42	131
1070	538	43	132
1071	541	46	131
1072	542	48	133
1071	546	49	131
1075	545	49	131
1076	546	49	133
1076	551	51	130
1077	551	51	131
1077	554	50	130
1080	554	48	122
1072	556	53	129
1069	557	53	131
1063	557	52	131
1056	558	52	129
1049	562	52	125
1039	563	53	124
1029	564	54	125
1021	564	50	122
1010	564	49	127
998	567	50	130
984	571	50	126
974	567	49	126
963	570	47	117
946	569	50	121
938	571	51	122
925	576	52	124
918	573	51	126
911	577	52	126
910	575	50	125
910	578	52	127
909	579	50	126
908	583	53	126
912	584	54	125
912	587	55	124
913	588	57	123
913	590	60	123
916	592	60	124
917	593	62	121
922	593	59	119
922	597	65	114
926	593	62	113
932	593	56	111
926	597	63	114
939	596	50	113
926	617	51	117
926	624	55	118
930	606	62	137
943	599	56	121
927	625	65	120
927	624	69	116
947	605	56	125
925	630	60	115
924	632	62	116
924	635	64	118
922	618	88	137
932	618	80	127
962	612	54	116
916	677	41	83
914	681	36	87
913	685	36	87
912	688	36	85
911	689	37	80
980	624	48	116
982	626	52	116
983	629	49	114
986	630	50	115
988	632	51	115
989	632	47	117
992	632	49	116
993	633	50	115
997	633	52	114
999	634	54	115
1002	637	56	115
1006	636	56	113
1010	637	56	115
1015	638	56	117
1022	639	52	118
1027	640	49	116
1032	644	51	116
1035	642	47	120
1039	647	52	116
1042	646	58	118
1044	649	53	119
1048	651	59	119
1050	651	56	122
1054	654	60	122
1056	654	57	125
1058	654	57	126
1061	655	56	128
1064	655	58	128
1067	658	53	127
1069	659	58	126
1072	661	56	129
1077	661	54	128
1080	662	53	128
1083	661	56	132
1086	662	54	129
1092	663	50	129
1094	664	49	129
1097	663	50	130
1100	666	49	126
1103	664	50	126
1106	665	51	122
1107	668	51	122
1109	668	54	126
1112	672	54	126
1114	670	54	126
1116	672	54	124
1120	670	53	126
1124	669	49	130
1110	666	64	127
1099	665	77	126
1100	662	78	129
1105	662	74	127
1107	657	75	129
1110	653	73	130
1113	650	73	130
1116	642	75	133
1121	639	74	134
1134	635	68	134
1128	632	73	132
1135	626	73	138
1137	626	75	134
1140	626	74	133
1145	620	70	134
1150	618	67	133
1154	617	64	136
1155	616	66	134
1162	616	62	133
1160	615	68	133
1166	616	65	134
1172	613	59	138
1176	613	61	137
1181	613	60	137
1186	615	59	133
1186	616	61	132
1190	615	60	131
1194	616	61	133
1195	616	59	133
1197	618	64	130
1198	618	65	130
1201	616	64	131
1202	619	66	132
1201	618	64	132
1200	620	65	131
1201	617	63	129
1220	617	67	130
1212	617	57	132
1222	617	59	131
1219	616	54	134
1224	616	55	136
1228	617	52	133
1232	621	48	134
1235	620	50	136
1233	621	54	138
1235	621	52	138
1233	619	53	137
1233	622	55	138
1230	621	56	137
1229	620	58	136
1230	623	55	134
1219	621	61	130
1214	620	64	130
1213	618	61	133
1210	618	60	133
1207	619	59	133
1205	619	56	131
1202	620	53	134
1197	618	53	136
1192	617	51	134
1185	616	52	135
1177	616	53	133
1168	615	55	134
1161	616	56	133
1153	616	57	131
1144	615	58	130
1131	615	62	129
1123	613	63	131
1114	612	65	131
1111	612	63	130
1102	611	64	134
1111	608	54	132
1103	610	56	130
1095	608	58	133
1088	609	62	135
1087	607	60	137
1082	610	56	136
1079	611	54	138
1074	611	55	138
1068	612	57	139
1064	611	56	138
1059	612	59	138
1054	613	62	135
1050	612	62	135
1045	613	62	134
1043	613	61	135
1038	614	60	132
1037	613	57	131
1035	613	56	133
1028	611	64	133
1024	611	64	134
1022	614	58	133
1018	614	56	133
1014	616	54	130
1008	617	56	133
1003	615	56	133
998	615	59	133
993	613	61	130
988	616	62	127
983	615	61	127
977	617	64	126
973	614	65	126
962	615	68	130
966	612	60	130
962	611	60	128
958	609	59	130
952	611	60	130
944	607	60	132
937	614	64	134
931	611	61	137
926	611	60	139
921	614	59	137
915	614	54	137
910	613	53	134
902	613	58	137
897	611	60	135
891	612	65	138
887	618	60	130
882	616	60	132
877	617	60	133
874	617	58	133
871	617	56	133
867	615	56	132
865	618	54	134
861	617	54	133
857	618	53	135
854	620	51	134
851	621	53	134
849	621	53	135
847	622	52	134
845	620	55	136
844	621	60	136
842	620	63	135
840	620	64	136
843	619	59	133
840	620	61	135
840	618	61	136
845	618	57	136
846	618	55	133
850	617	53	135
848	618	53	137
847	617	51	138
849	617	47	141
851	617	50	142
852	622	47	140
855	616	48	141
855	617	46	140
856	622	49	133
856	619	49	134
855	622	53	135
854	618	56	133
855	618	53	133
855	621	56	132
853	621	56	134
856	621	51	133
856	623	49	133
855	621	47	134
852	622	50	135
851	619	47	137
847	619	49	139
844	620	49	136
840	621	49	136
837	621	48	138
833	620	47	138
827	622	49	134
820	624	51	135
813	619	54	134
806	623	56	129
800	622	55	126
794	623	55	131
787	625	55	132
778	621	58	135
772	623	56	134
763	618	53	140
756	618	54	136
747	619	49	145
740	617	53	132
736	622	47	150
727	622	53	155
722	624	53	193
721	624	51	203
720	628	52	205
720	625	57	213
720	625	58	210
724	616	58	214
725	624	58	213
726	622	59	206
729	623	58	211
730	625	58	207
735	621	56	201
738	620	54	185
741	617	53	183
747	614	47	144
752	615	46	143
752	617	45	140
756	619	48	132
760	619	47	133
762	621	48	136
764	617	48	136
766	616	49	140
769	613	50	136
772	612	52	134
776	609	51	130
780	606	49	130
782	598	49	134
787	587	44	136
790	589	47	128
793	578	41	134
796	571	41	138
799	561	40	142
802	558	39	134
804	551	42	136
807	549	41	132
810	544	41	130
813	538	43	131
814	531	44	132
817	533	44	121
819	522	42	123
822	514	42	126
823	509	47	126
827	506	46	120
830	503	46	122
834	490	47	128
839	484	42	129
841	481	42	126
843	475	43	126
845	466	42	135
849	458	40	136
852	453	38	138
855	451	37	140
857	448	39	138
859	447	40	134
860	444	42	138
862	445	42	136
863	439	48	138
865	446	48	131
867	445	50	126
868	447	47	126
870	443	45	132
872	437	44	133
874	443	44	124
875	441	40	126
877	435	39	130
877	428	39	136
877	431	40	139
878	429	39	137
877	435	40	130
878	429	40	135
876	429	40	136
877	429	40	136
876	428	42	133
877	431	44	130
877	431	46	129
877	432	48	127
873	433	48	123
876	437	49	123
873	432	52	127
873	436	51	125
872	438	51	118
872	427	47	128
871	429	45	128
870	432	45	125
870	427	43	131
867	426	44	129
866	424	42	132
864	424	40	132
863	428	39	128
859	430	40	129
858	428	39	132
853	431	42	132
849	427	43	129
849	424	43	134
843	416	48	145
841	414	49	144
839	419	45	139
835	425	49	133
833	416	50	140
829	411	50	144
831	411	46	147
832	408	48	150
828	406	46	154
829	369	55	189
830	368	55	186
826	365	58	189
826	351	55	194
824	357	57	195
822	345	55	204
815	349	59	207
817	351	61	199
814	351	61	203
814	358	61	189
811	352	61	199
810	356	61	193
813	356	61	196
813	353	58	195
816	352	56	199
817	356	55	191
821	348	54	198
823	348	53	195
825	345	51	203
829	349	52	196
831	343	52	200
834	344	51	200
837	345	51	204
840	337	53	210
840	344	51	204
843	336	52	204
845	338	51	203
847	339	52	203
847	336	53	207
850	333	53	206
852	340	53	201
855	336	51	197
856	334	52	199
858	341	52	190
861	334	51	198
862	329	51	196
863	333	52	199
865	339	53	199
863	333	54	199
866	330	51	202
871	333	52	198
873	335	55	197
872	334	53	195
875	330	63	201
875	335	60	197
879	331	64	197
880	331	61	200
880	334	61	196
883	336	62	193
883	335	60	196
887	333	62	194
888	334	60	195
891	334	59	201
892	331	59	201
894	335	58	199
896	335	60	198
898	335	60	198
900	335	60	200
906	333	59	196
905	333	58	197
907	334	59	201
908	334	60	195
913	334	57	201
913	335	58	193
916	336	58	197
916	331	56	167
918	331	50	139
917	333	45	123
919	333	40	120
919	334	41	119
921	333	43	120
922	334	42	122
922	334	43	122
923	334	43	122
925	335	45	123
924	338	44	126
927	338	45	121
928	340	45	118
930	337	50	133
933	343	59	153
932	346	66	199
933	341	69	204
933	340	69	211
936	346	69	207
938	347	66	207
940	346	66	210
942	348	66	208
944	350	65	208
947	350	62	210
946	352	61	205
947	352	65	205
945	354	65	223
950	349	64	183
950	356	63	161
948	353	58	144
944	353	54	133
945	361	49	117
940	360	51	125
935	360	54	122
939	362	50	113
931	364	54	124
931	366	57	127
929	363	51	121
920	366	52	122
921	365	50	125
916	368	48	122
914	369	45	129
915	369	45	116
914	373	43	131
914	375	45	132
915	374	44	135
917	377	46	135
916	376	45	135
920	379	47	136
922	377	46	137
923	383	48	135
925	383	50	136
926	384	50	134
929	383	46	134
932	386	49	128
936	385	49	115
938	388	46	113
941	386	47	122
941	387	44	125
943	389	48	128
945	392	48	127
947	394	46	129
947	397	49	130
948	393	50	133
951	400	50	130
954	402	50	133
955	405	52	126
955	407	55	126
956	406	53	133
958	406	57	129
960	408	56	134
964	412	55	129
966	412	54	128
969	411	52	131
972	412	52	133
974	410	49	133
975	408	52	131
977	402	49	137
978	398	51	134
980	391	50	135
982	387	49	139
984	383	48	135
986	375	46	137
986	369	48	134
988	358	46	139
989	354	48	136
990	344	48	136
991	330	47	138
993	322	47	139
994	308	46	143
996	296	46	146
998	290	46	139
998	278	47	143
1000	267	45	145
1000	260	49	148
1002	251	46	146
1002	239	48	151
1003	228	49	149
1004	218	48	152
1003	213	47	153
1004	206	53	153
1003	204	67	151
1004	199	64	153
1004	198	62	153
1003	202	68	149
1005	202	74	151
1008	203	84	141
1007	204	83	144
1007	207	84	146
1007	208	85	146
1009	211	84	144
1009	216	83	144
1010	217	84	145
1010	219	83	142
1011	219	83	143
1011	221	82	143
1012	221	82	144
1013	222	82	145
1012	225	80	144
1012	224	79	146
1014	224	79	147
1013	225	80	146
1013	226	80	145
1015	227	80	145
1015	228	82	144
1015	232	84	143
1018	230	83	143
1019	232	84	140
1018	232	85	141
1020	231	85	141
1021	234	87	138
1021	235	87	138
1159	290	72	159
1026	235	84	138
1025	237	87	138
1026	237	88	138
1029	241	86	138
1030	245	88	139
1031	247	87	138
1036	248	82	137
1036	253	83	137
1039	256	82	137
1041	260	82	137
1044	264	80	138
1044	269	80	136
1046	274	79	137
1049	277	80	142
1052	282	76	141
1054	289	74	142
1056	296	74	140
1058	303	72	141
1059	309	71	139
1062	319	70	136
1062	329	69	133
1062	336	68	129
1060	345	70	128
1060	354	70	128
1060	362	69	127
1060	372	71	125
1062	383	71	123
1060	392	73	124
1067	402	67	122
1079	409	59	119
1086	419	57	115
1085	425	58	119
1086	432	57	118
1088	439	57	118
1091	444	56	118
1093	448	54	115
1095	455	54	115
1098	459	53	113
1099	459	53	115
1098	460	53	114
1099	461	54	114
1102	460	55	114
1102	459	54	112
1103	455	55	113
1105	448	55	114
1109	445	51	111
1110	436	51	109
1112	429	51	108
1115	416	50	107
1118	405	47	105
1117	400	49	111
1120	390	47	112
1121	379	47	113
1123	367	48	110
1124	355	47	110
1127	345	46	107
1129	333	49	107
1129	318	47	109
1129	307	49	108
1128	295	54	107
1129	283	55	104
1129	271	56	105
1130	263	58	105
1140	252	54	102
1134	246	60	105
1134	240	62	106
1148	236	52	102
1152	230	51	103
1156	227	50	105
1158	225	50	105
1160	222	51	109
1159	224	54	108
1161	220	53	111
1164	224	53	110
1164	222	53	110
1167	220	52	112
1167	222	53	110
1170	222	51	108
1171	220	53	108
1172	217	53	110
1176	216	51	106
1176	212	53	109
1178	205	53	108
1180	197	53	111
1182	190	53	109
1185	180	51	107
1187	170	51	109
1189	157	51	109
1192	146	51	108
1193	135	52	111
1195	121	53	114
1196	110	55	116
1197	95	55	119
1198	85	55	123
1202	74	55	120
1201	65	57	120
1204	56	55	120
1205	50	56	120
1206	45	56	118
1207	39	57	118
1210	38	55	116
1208	36	58	113
1215	35	55	112
1216	35	58	112
1215	37	59	111
1220	37	57	111
1223	37	56	111
1224	36	56	111
1226	35	57	112
1227	38	58	111
1228	35	59	112
1231	37	58	112
1229	36	61	113
1232	37	61	112
1230	38	63	114
1231	39	63	113
1234	39	62	115
1237	38	61	116
1237	37	61	115
1239	42	60	113
1242	39	58	114
1245	38	57	111
1244	38	59	114
1245	37	59	114
1250	36	57	110
1250	37	58	107
1254	36	56	103
1253	38	57	106
1255	38	57	106
1256	40	58	106
1258	41	57	105
1258	41	59	107
1259	43	60	108
1260	44	60	107
1260	45	63	107
1263	47	62	106
1262	50	63	109
1265	50	60	107
1267	52	62	111
1264	56	65	116
1266	57	64	117
1269	57	62	118
1270	59	62	116
1273	61	62	113
