1119	530	70	64
1120	531	72	64
1122	534	73	63
1121	532	70	63
1125	533	69	62
1125	534	69	61
1131	534	64	61
1138	533	59	61
1139	532	58	61
1139	531	59	61
1139	533	58	58
1140	532	57	60
1140	532	58	60
1140	532	58	59
1141	532	58	60
1142	533	57	61
1142	533	57	60
1143	534	56	60
1143	536	57	60
1143	537	56	59
1145	540	57	59
1143	540	55	60
1144	540	56	60
1144	542	53	60
1144	541	54	59
1145	541	53	60
1143	539	54	62
1144	539	54	61
1144	537	52	61
1146	535	53	61
1145	533	53	61
1146	530	54	62
1145	525	53	62
1146	523	52	60
1147	519	52	62
1144	516	55	63
1146	510	52	62
1145	505	54	63
1145	502	55	62
1145	496	54	64
1143	494	54	62
1145	489	53	64
1143	483	54	65
1143	481	53	63
1142	474	54	64
1144	470	53	63
1141	465	55	64
1143	461	54	64
1142	456	55	64
1139	452	57	64
1135	447	60	67
1138	442	59	65
1136	437	59	65
1137	432	58	62
1137	427	60	65
1136	422	60	63
1135	418	59	65
1134	413	63	66
1137	409	60	67
1136	406	61	66
1136	404	59	65
1138	402	59	65
1136	400	60	65
1138	399	59	65
1135	396	60	67
1137	396	59	66
1135	394	60	67
1136	394	60	68
1136	392	59	66
1136	390	60	68
1137	392	60	65
1136	390	62	67
1136	389	60	65
1137	390	60	64
1136	388	60	65
1135	387	62	66
1135	387	61	66
1135	387	61	64
1134	387	61	65
1135	387	60	64
1134	387	60	62
1136	387	61	65
1134	388	62	61
1135	387	62	63
1134	387	63	64
1135	387	62	62
1134	387	58	62
1135	387	61	63
1136	387	60	62
1134	387	62	62
1134	387	63	61
1135	387	61	60
1135	386	60	62
1135	387	60	61
1132	386	63	61
1135	386	61	60
1133	385	62	61
1134	386	60	60
1134	386	60	59
1132	384	62	62
1133	384	61	61
1128	385	67	61
1127	385	67	61
1122	386	71	60
1118	385	74	62
1113	384	79	63
1108	384	84	64
1106	383	83	65
1105	383	82	66
1102	383	81	69
1104	384	74	71
1100	381	76	74
1100	382	70	74
1100	383	70	72
1096	384	66	71
1094	385	66	70
1094	388	62	67
1094	388	61	67
1094	390	59	66
1091	390	63	65
1091	394	53	63
1092	393	54	62
1090	394	52	62
1088	395	56	61
1088	397	55	57
1089	395	70	62
1089	396	71	59
1091	396	68	60
1090	396	67	59
1088	396	67	59
1086	400	68	57
1083	400	70	57
1070	404	65	56
1062	404	71	58
1056	404	80	62
1042	405	95	62
1041	405	99	66
1041	405	100	68
1043	404	98	69
1043	404	99	69
1041	404	100	71
1041	405	102	71
1040	406	101	72
1037	406	102	74
1035	409	100	69
1035	411	100	66
1035	413	96	64
1036	418	89	61
1034	423	84	63
1036	426	82	57
1036	428	79	52
1034	429	79	52
1033	428	77	56
1034	428	66	59
1031	428	79	60
1030	428	80	62
1030	427	80	65
1026	427	82	63
1020	428	88	65
1017	429	89	62
1013	429	90	65
1010	431	81	59
1006	429	85	62
1004	430	78	62
1002	429	84	62
999	430	89	62
995	432	72	60
992	430	69	62
990	430	73	63
987	433	73	61
984	432	76	63
982	433	79	64
979	436	72	64
976	442	55	59
975	443	51	56
975	446	50	54
974	447	56	53
973	448	51	51
972	449	55	51
972	449	53	52
971	448	52	51
970	449	54	50
969	449	54	50
970	449	54	50
969	449	55	50
967	450	59	54
967	451	55	54
965	451	66	55
963	451	74	56
960	452	72	55
957	453	75	58
955	453	77	57
954	452	76	59
947	454	78	59
944	454	82	59
938	455	87	58
936	455	88	58
933	456	90	58
931	455	89	59
927	456	89	59
929	456	87	62
927	457	85	61
927	459	84	60
925	459	80	60
923	459	80	58
923	462	79	56
924	464	77	55
923	464	77	56
923	466	76	55
922	468	77	55
919	470	80	55
919	472	80	55
918	472	81	57
919	475	78	55
920	477	75	54
918	480	75	55
918	481	74	57
913	483	67	55
916	485	71	56
914	487	68	56
915	488	68	56
912	489	70	56
910	490	71	55
909	490	72	56
908	489	70	57
906	490	71	57
905	488	66	58
903	491	51	55
900	491	51	54
898	494	51	53
900	492	53	54
899	493	51	53
893	492	56	51
892	492	74	57
890	491	79	61
890	494	77	64
891	495	71	64
892	498	68	64
892	497	68	65
891	498	69	64
890	499	70	66
889	500	71	62
889	500	73	59
886	503	76	55
906	505	58	53
902	505	60	52
901	508	62	53
896	508	70	53
895	510	71	53
896	510	73	53
895	510	74	53
895	510	74	55
893	510	75	56
892	511	76	56
891	511	75	56
890	511	76	57
890	511	78	57
889	510	77	61
889	512	76	59
891	512	73	61
891	511	72	59
891	511	72	61
893	512	68	59
896	513	64	58
880	514	79	58
881	513	76	59
880	514	79	58
880	514	78	61
882	515	77	60
879	516	77	59
878	515	77	60
878	517	77	59
883	519	70	58
882	521	74	56
881	522	72	57
887	522	63	54
882	523	68	55
882	525	68	55
886	524	62	53
884	526	66	54
885	524	64	55
881	525	70	56
884	525	66	56
887	526	64	56
880	526	70	56
884	526	66	56
888	528	62	56
884	529	63	55
877	530	70	54
872	531	76	55
860	531	86	58
846	531	92	63
845	531	95	62
860	532	83	61
873	533	67	58
877	536	64	54
851	535	50	56
855	536	68	59
856	536	77	59
856	538	75	60
858	539	73	59
860	539	67	58
862	539	63	65
863	539	62	63
865	540	53	65
869	539	59	64
869	541	53	68
871	541	48	63
873	539	50	68
877	540	48	67
878	540	49	66
881	540	46	64
883	541	47	65
885	540	48	67
888	543	48	63
891	542	49	63
892	542	48	63
895	542	46	63
896	542	46	63
898	544	47	61
901	545	47	62
903	546	47	63
905	548	52	65
910	546	54	67
911	549	58	66
912	550	56	66
916	551	56	63
919	553	55	62
918	554	52	62
919	555	56	62
921	557	53	61
923	560	53	60
924	560	55	61
925	559	56	64
924	559	61	65
926	560	60	67
927	559	61	69
929	560	60	69
931	560	59	69
932	563	65	69
934	562	65	68
932	564	67	71
932	564	69	72
929	564	73	74
932	566	74	74
931	566	76	77
932	566	78	78
931	568	79	79
933	569	78	77
934	568	78	79
935	569	78	80
937	572	77	79
940	576	77	78
937	569	74	81
943	577	78	79
944	575	86	75
946	586	76	73
944	585	83	77
950	590	76	74
939	578	74	85
947	585	87	84
946	583	88	88
947	583	90	91
949	587	90	94
950	595	89	91
949	594	92	92
952	595	90	92
954	599	89	92
953	603	90	93
952	607	92	93
956	603	99	89
950	615	74	79
955	615	64	84
957	617	52	85
956	619	55	87
956	623	54	87
958	637	52	76
959	648	53	68
960	653	53	72
960	656	56	60
960	655	57	72
960	658	59	64
961	658	61	65
960	663	63	63
961	664	64	66
961	653	68	56
961	653	68	56
961	653	68	56
969	634	65	55
971	638	64	52
971	638	64	52
971	638	64	52
980	646	61	44
1051	596	49	41
1053	597	49	39
1052	598	47	39
1054	598	48	38
1053	597	49	40
1053	596	50	40
1056	597	47	39
1054	596	49	41
1053	598	51	40
1051	598	53	42
1056	599	47	39
1056	598	47	39
1057	598	47	40
1054	596	50	42
1055	598	49	41
1054	599	51	40
1057	597	46	40
1058	598	47	38
1056	597	49	39
1053	598	54	40
1055	598	50	41
1058	598	47	39
1057	597	48	41
1056	599	49	40
1058	598	49	41
1058	597	48	40
1056	598	52	40
1055	598	51	41
1058	597	49	41
1054	598	53	41
1055	598	52	41
1055	597	51	41
1056	598	50	41
1060	598	47	40
1059	598	45	40
1056	599	48	40
1055	598	50	41
1054	598	50	41
1058	598	47	41
1056	598	50	41
1053	598	53	42
1054	599	51	41
1055	597	50	43
1049	598	54	45
1051	599	54	42
1056	598	48	42
1057	597	47	42
1057	598	47	42
1054	595	49	45
1055	595	49	46
1059	597	46	43
1056	597	48	45
1056	597	50	45
1057	596	47	45
1057	597	46	43
1058	597	46	43
1056	596	48	45
1055	596	49	46
1054	598	51	45
1055	597	50	44
1053	597	52	45
1054	598	50	44
1063	597	42	41
1057	598	47	42
1061	598	44	40
1059	597	46	41
1055	598	49	43
1059	598	47	42
1058	598	47	42
1059	598	47	41
1058	599	47	42
1056	599	48	43
1055	600	50	44
1055	600	50	45
1055	600	49	44
1059	599	48	44
1056	600	49	44
1061	601	45	41
1056	601	48	42
1057	601	48	42
1058	601	47	43
1057	601	48	43
1059	601	46	43
1055	601	50	43
1061	601	45	41
1061	602	45	42
1063	601	42	42
1062	602	44	42
1058	601	47	42
1061	602	45	40
1055	601	52	42
1061	601	45	41
1060	602	46	44
1056	603	50	44
1059	601	49	45
1058	602	51	44
1055	602	52	46
1055	605	52	47
1059	605	49	45
1057	607	49	46
1059	606	48	46
1058	608	48	44
1058	607	49	45
1056	606	49	46
1057	606	49	49
1056	606	49	48
1053	608	52	48
1053	608	54	50
1052	608	56	50
1051	608	54	50
1056	610	51	47
1055	610	52	48
1058	612	48	46
1054	608	53	49
1057	611	51	46
1056	613	51	45
1059	614	47	41
1065	614	43	42
1062	615	43	45
1065	615	41	44
1066	616	40	48
1067	618	40	44
1069	620	36	39
1068	619	38	45
1065	619	43	47
1065	612	43	57
1051	610	54	69
1050	611	55	81
1052	614	54	75
1053	615	54	71
1054	618	55	70
1057	619	55	68
1060	622	53	64
1064	625	51	63
1068	625	49	65
1055	626	62	69
1058	628	59	71
1058	632	61	70
1080	634	46	69
1062	635	65	68
1071	635	59	70
1054	622	61	69
1054	637	80	72
1058	642	79	69
1052	633	67	72
1046	643	61	65
1057	636	50	55
1062	647	45	42
1062	651	45	40
1064	653	43	40
1063	653	45	40
1063	654	42	40
1062	655	45	42
1061	657	46	42
1062	657	46	42
1063	659	45	41
1063	660	45	42
1062	661	46	41
1062	660	46	40
1061	658	50	42
1061	657	48	43
1066	654	46	42
1063	651	46	42
1067	646	42	42
1064	640	44	42
1066	635	42	39
1066	627	42	40
1070	620	38	41
1070	613	38	41
1069	606	40	39
1068	597	41	41
1066	590	41	41
1072	585	39	38
1068	576	42	40
1067	570	39	38
1068	561	42	39
1069	550	40	43
1068	544	44	39
1069	533	41	39
1071	527	40	37
1070	515	40	36
1070	505	42	38
1067	494	45	41
1073	483	38	38
1069	475	43	38
1071	464	40	39
1069	452	42	39
1071	446	39	35
1072	435	41	37
1072	423	40	38
1071	413	40	39
1070	401	40	41
1072	392	39	40
1071	384	40	38
1070	376	42	40
1070	370	42	39
1068	366	45	41
1070	362	43	41
1070	359	44	40
1069	353	44	42
1069	353	43	39
1070	351	44	43
1068	352	44	40
1069	352	44	42
1068	351	45	40
1068	354	45	41
1068	353	44	41
1067	353	47	41
1067	352	46	40
1066	352	46	41
1065	351	46	42
1066	352	47	40
1065	352	48	41
1067	352	46	42
1065	351	48	42
1069	350	42	44
1067	353	43	40
1067	353	44	40
1065	352	45	40
1068	352	46	41
1067	352	43	41
1068	353	46	41
1067	353	46	41
1068	352	44	41
1067	353	43	39
1067	352	45	40
1066	352	46	40
1065	352	46	41
1067	352	46	41
1067	352	45	41
1068	352	42	41
1066	352	46	40
1065	353	47	40
1069	352	43	41
1070	352	42	40
1069	351	44	42
1069	353	45	40
1066	353	45	40
1067	353	47	40
1067	353	47	39
1069	353	44	40
1069	352	44	39
1068	353	46	41
1069	353	45	41
1069	354	44	40
1068	355	45	40
1067	356	48	43
1070	359	43	40
1067	361	44	38
1068	362	45	41
1068	366	45	40
1071	370	45	39
1068	373	45	42
1071	377	42	40
1069	382	45	39
1066	384	47	44
1069	388	44	41
1069	393	45	41
1072	394	43	42
1071	400	41	40
1070	404	43	41
1070	406	43	42
1072	411	40	41
1071	414	42	41
1064	419	49	43
1071	423	42	41
1072	428	43	40
1069	431	43	41
1069	433	42	41
1070	437	44	40
1068	438	46	43
1071	441	42	41
1070	443	42	40
1070	444	42	40
1069	445	45	40
1070	445	40	43
1070	446	43	41
1070	445	43	40
1070	446	44	41
1070	446	43	39
1069	446	44	40
1069	446	45	40
1068	446	46	40
1069	445	47	41
1069	446	45	42
1069	447	44	40
1070	445	44	39
1069	446	45	39
1071	446	44	39
1071	446	45	41
1070	446	46	41
1069	445	44	41
1069	445	45	42
1069	446	46	39
1069	445	44	42
1069	446	45	40
1070	446	45	41
1070	445	43	40
1071	446	45	40
1070	446	45	40
1070	444	46	40
1071	446	43	40
1070	445	45	40
1071	445	44	38
1071	446	44	41
1070	445	43	39
1072	446	42	39
1070	445	42	39
1072	446	42	38
1072	446	42	39
1070	446	43	39
1071	446	43	39
1070	445	46	40
1071	446	43	40
1070	445	45	40
1071	445	44	41
1071	446	43	41
1070	445	43	41
1070	445	43	39
1070	445	44	42
1071	445	41	43
1070	444	45	45
1070	444	44	46
1068	449	48	52
1061	447	57	66
1054	430	58	84
1056	445	59	71
1050	437	64	80
1046	444	68	81
1045	442	70	81
1044	415	75	102
1041	446	71	85
1062	411	54	90
1045	446	68	93
1047	446	67	95
1043	446	69	96
1061	411	58	87
1058	444	59	65
1069	446	48	45
1073	447	43	40
1072	447	44	40
1072	447	44	40
1072	446	42	41
1072	448	43	40
1070	447	45	41
1070	447	45	42
1071	448	45	40
1071	448	44	40
1070	447	44	40
1070	449	45	40
1071	447	45	41
1069	449	46	41
1069	450	47	40
1070	452	45	40
1071	453	44	40
1070	452	45	40
1073	453	42	41
1072	453	42	40
1072	455	43	40
1070	456	43	40
1070	457	44	41
1071	457	44	40
1073	458	41	43
1071	458	42	43
1071	461	45	40
1070	463	42	38
1071	464	45	40
1072	464	43	41
1069	467	44	42
1068	468	45	40
1069	468	44	42
1070	470	44	39
1067	472	48	42
1069	473	45	41
1069	476	43	38
1070	478	44	39
1072	478	43	39
1071	481	44	40
1073	481	43	38
1075	485	41	38
1076	484	44	40
1078	485	42	37
1079	485	42	40
1084	486	41	42
1082	488	43	41
1086	490	42	39
1086	491	43	40
1090	493	42	39
1088	493	44	39
1093	495	42	40
1093	495	42	40
1095	497	44	40
1098	497	44	39
1100	498	45	40
1103	499	43	39
1106	501	43	40
1107	502	46	39
1114	502	41	40
1118	504	42	41
1121	504	44	39
1122	504	46	40
1127	505	46	39
1131	506	45	42
1134	505	44	41
1135	505	46	43
1138	507	45	40
1138	505	44	42
1137	506	46	41
1139	508	45	40
1138	507	44	40
1138	506	43	40
1134	507	46	41
1132	505	48	42
1132	507	47	41
1131	506	43	41
1130	505	43	41
1125	505	47	41
1120	505	47	42
1121	506	44	41
1118	506	44	40
1115	506	43	40
1113	503	43	42
1109	503	42	43
1107	504	41	41
1102	503	41	42
1098	504	42	41
1096	503	40	42
1087	502	47	43
1087	501	41	43
1083	502	43	42
1079	502	41	43
1076	502	41	42
1070	503	41	43
1063	502	43	47
1059	504	43	42
1056	504	42	42
1051	503	41	43
1048	504	40	42
1041	503	43	46
1036	504	42	43
1032	505	41	43
1028	506	39	40
1024	505	38	42
1016	505	41	43
1011	505	41	45
1008	505	41	42
1003	505	37	40
998	505	38	40
989	503	42	44
982	503	43	45
977	502	43	43
970	502	42	43
963	502	43	43
959	502	42	41
955	503	39	41
946	503	42	41
943	501	39	42
934	501	40	42
925	500	42	43
918	499	42	43
909	500	43	45
901	500	42	44
886	500	47	50
879	502	44	45
866	501	48	48
857	502	46	53
843	502	49	55
830	504	51	57
817	503	51	60
807	505	52	55
794	506	53	58
783	509	50	57
769	510	51	57
760	512	50	60
749	514	50	56
736	515	51	60
721	517	51	61
712	520	52	60
700	523	49	57
686	526	50	61
674	528	52	62
661	531	54	60
647	534	54	59
634	537	54	63
621	541	55	63
611	544	54	62
601	548	52	62
586	552	55	61
577	555	55	63
567	559	52	60
558	564	55	61
550	565	56	62
543	568	54	65
535	572	54	65
527	575	59	65
519	575	54	66
515	580	55	67
506	585	55	65
501	587	55	64
494	592	57	65
492	594	58	61
489	600	55	65
486	599	55	66
487	601	58	61
486	603	57	65
489	605	55	64
495	606	58	66
499	607	59	64
507	608	59	62
514	606	58	66
522	606	57	67
528	608	58	67
536	606	56	59
544	607	54	65
549	610	57	62
556	608	57	61
563	606	56	65
571	608	56	61
576	608	58	64
582	607	58	68
592	609	57	62
597	608	59	64
606	608	58	63
612	606	62	65
619	607	58	64
625	608	57	65
634	607	61	68
639	608	61	63
647	609	62	65
653	608	58	66
659	608	61	67
666	608	66	68
671	609	62	61
678	609	65	66
686	609	61	63
691	610	61	63
697	611	61	65
703	610	63	66
710	609	65	68
715	609	63	70
718	610	61	66
721	611	58	61
727	611	55	51
728	611	54	51
734	614	56	48
735	613	61	44
737	614	58	41
737	616	60	44
742	615	59	42
741	616	60	41
743	616	61	41
742	625	68	50
739	616	77	73
739	621	77	89
737	620	79	89
736	619	81	91
736	617	84	93
732	618	90	92
727	621	99	87
722	622	106	87
718	621	114	88
715	620	123	88
716	621	123	88
715	623	125	84
715	621	126	85
712	623	127	83
712	622	131	84
714	623	135	81
709	621	147	80
712	620	147	81
705	621	157	79
701	618	164	81
704	617	167	83
702	615	171	83
706	617	177	80
703	616	180	83
700	616	184	84
706	618	185	83
707	618	186	80
699	619	194	79
702	621	193	79
695	622	205	79
694	620	200	84
696	621	201	80
703	623	201	78
704	623	203	77
703	620	203	80
706	619	201	82
705	617	206	81
703	620	208	79
702	619	211	79
699	619	215	81
700	620	220	78
701	618	223	81
705	619	222	83
699	618	226	83
690	619	232	82
681	621	233	79
682	621	231	82
688	620	231	81
685	622	233	79
683	623	239	78
683	628	242	80
675	629	241	80
678	638	244	79
672	643	248	79
678	649	240	78
671	657	245	75
672	667	246	74
671	674	246	75
675	681	239	77
675	690	237	78
675	699	241	74
668	710	246	73
672	718	240	76
673	728	235	77
676	736	239	74
665	745	242	74
669	755	245	79
672	764	233	80
663	775	242	76
675	785	242	78
678	794	236	79
678	804	235	76
676	812	234	77
673	820	244	82
669	826	245	78
660	833	255	69
675	834	251	77
668	837	249	80
673	844	248	77
673	844	252	76
672	846	251	78
682	845	251	76
686	843	244	78
687	846	243	76
676	846	246	77
689	846	246	76
683	846	254	74
679	845	254	75
698	846	248	76
701	845	250	76
705	843	250	76
713	843	255	76
722	843	253	79
728	842	252	79
734	840	253	79
745	842	260	78
761	840	251	78
773	839	254	78
789	841	248	78
803	843	257	75
819	844	243	76
833	843	247	78
837	847	252	76
851	848	251	74
868	848	244	78
887	854	246	70
892	853	250	76
912	855	246	78
930	856	239	84
937	867	244	74
952	867	245	80
969	868	243	85
983	876	238	81
996	882	245	79
1014	888	221	78
