993.5,708.5,34,104
980.9306802368897,731.3621452365113,33.57136352524407,104.22974242492651
983.4377793111133,736.6167783546468,32.89271043981567,104.55772212981756
987.1226202659702,740.1383226929513,32.087068237285706,104.94257096083805
990.5001445509188,719.5109734615914,34.65525804019116,103.6097678976789
982.7964615474723,725.6105959009329,35.54099757461114,103.1890350200336
984.1120261586277,722.9269547455574,36.41540323961415,102.74327850479585
984.3140353671175,718.7330968903244,39.174612142351755,101.36656416918022
984.0723795117148,727.6545741008014,40.100766098259435,100.9793611672937
980.8866572394645,728.3822058006996,40.42469429678211,100.8640123278154
983.0538379588002,719.3076617103344,41.14057480528491,100.56460082898028
978.8012353959094,722.6636630564304,35.903933846471475,102.63763422382432
981.9939754876469,729.33897329747,30.528980796938107,104.60445377470411
978.1929789936988,731.6944176942611,25.701430289656102,106.97251633991705
981.0281486749496,746.8762181692032,14.49231786730967,112.30335813905651
998.9648326635361,762.773749855847,10,116.1686112330541
1000.2365347146988,765.0611605374356,10,117.7587860170325
998.4099422693253,763.9087609040317,10,119.86542320498287
1002.3994899988174,771.3260515521359,10,122.2089558461524
991.6978079080582,761.445965388863,10,124.92449430734177
996.4670001268387,765.8364893742247,10,127.0287383898411
989.8140293359756,765.126740837465,10,130.73529548571452
982.7089186906815,769.9265901386481,10,134.5033718467273
979.790617108345,772.7114476026262,10,138.148817288644
980.0367009192705,779.9917090484457,10,142.09989489138968
981.7951242476702,785.4935013921472,10,145.18743473859368
982.814370110631,792.6247889079234,10,148.2620236322122
978.6760320216417,798.565412517944,10,152.8900518485726
973.8685521632433,789.4522366594463,10,156.86551474110496
979.7131161242723,794.4962818190357,10,160.16527041496798
979.135818913579,798.5421532933191,10,164.72456182156506
975.6788672953844,805.7367381524025,10,168.62150584241184
980.7281579524279,812.6170051587743,10,173.07529678083998
979.8557234555483,824.0786341116631,10,177.673120799501
969.9805889874697,833.6254296191429,10,182.78217031798857
961.9871884137392,844.5737622242435,10,187.35681858434984
955.7110582143068,853.1194799039224,10,192.4775261693281
949.9421759396791,864.1736400773835,10,197.4106582302426
943.7273236066103,874.9160944752787,10,200.95832694910075
935.2698107510805,875.2057589004366,10,204.1756706814113
926.8471060544252,877.9013718376789,10,207.53347110544968
920.2110248357058,879.5172864058716,10,210.85369446692806
912.1178842335939,876.2443121304111,10,214.62581117351917
901.0120797902346,885.3815506008668,10,217.4984766428861
887.3038335591555,881.333656237807,10,220.19351091725412
875.6976180821657,879.4803689001798,10,222.9964093806745
865.7309222966433,877.0928934503211,10,226.05346489178862
856.3426891118288,873.8091764884729,10,228.83112415918941
848.6679654866457,870.8714265559656,10,232.31227087288252
835.8443809300661,868.4821948920652,10,235.62224038144655
823.8529411107302,869.2814271691528,10,238.86631704507528
811.2849822789431,865.7230891115946,10,241.69754651636228
798.9760061055422,862.6745843096028,10,244.017280319641
787.0801435261965,854.2846428801683,10,247.06682317454255
775.3778768330812,850.0521128564501,10,250.38907526146875
766.2259898930788,850.8157568772284,10,253.12827767935437
758.0145650655031,848.6877146519487,10,255.4321468160025
747.3223434239626,843.631547926537,10,257.5885719683332
737.900502756238,841.2530113652477,10,259.9907759636383
729.0318904668093,836.8582761729351,10,262.7019606541413
718.5731893330812,834.4968768725396,10,265.6084128479957
711.0549603253603,833.7881523326812,10,268.3212903229837
700.1982384473085,833.5968229907767,10,271.7159238183467
690.342312887311,830.0997827924571,10,274.29771984074875
677.640351369977,828.9231946748014,10,276.7470669559607
665.1266527920961,829.4992479735167,10,279.02838006296713
654.5363989621401,824.0424099482397,10,281.6363930046957
622.4909277707338,820.4835978163095,10,283.47120228900286
605.7238398343325,820.4665233694514,10,285.14816069295006
590.3364754468203,815.7392914673648,10,286.67748220891536
576.154963567853,814.9880568642416,10,288.6491411484285
565.9260130673647,809.9604298282475,10,291.82549993767134
554.9222660809755,806.7398681830422,10,294.7297837429134
540.8496475964785,797.0125745061931,10,298.0101901121145
526.0713511258364,792.4068849639589,10,300.8257409495128
514.9862356930971,794.6053086593581,10,302.99503707144
503.20916087925434,796.3205609693193,10,305.02284973133317
491.41182143986225,795.4745643595201,10,306.73458260112164
481.3050661832094,794.3699372695642,10,308.3268562879648
469.39705093204975,792.970895459012,10,309.7696474696084
465.2582736760378,784.2902200572096,10,311.40936436208045
451.2301040440798,781.76597603615,10,313.5234830785615
441.1735168248415,785.527615616292,10,315.50208361035544
428.10801942646503,778.8682063338937,10,317.5039666359064
415.0918794423342,778.2724235648235,10,319.12979531400987
399.3106485158205,784.9102671397721,10,320.31722385625125
385.90460355579853,786.0900676066511,10,321.96867171628605
374.9543786793947,779.8667675122481,10,323.83253112140073
365.42708833515644,781.8266373262738,10,325.8904573945333
357.13717229664326,779.9452615618127,10,327.94931681167736
353.35510905086994,776.8489909803877,10,330.3007770705203
345.5515492707491,776.7601120019544,10,332.3544016789218
334.6184323579073,777.4972787357077,10,334.2181273983509
325.0335591584444,775.7302761538342,10,335.69683423369827
307.63665898144245,777.3493468329832,10,336.6215017705113
293.818210914731,775.2686113575378,10,337.62557831222244
282.6028178483248,777.8849741342639,10,338.6808972114375
271.65844471752644,781.3182651314139,10,340.0285867625476
260.623820617795,778.2393092966785,10,341.51996448502746
246.65041954815388,773.4225472186391,10,342.8360133221975
231.19802029430866,771.3187147933736,10,343.6815894924612
220.04801304638386,769.613141828513,10,344.9788030510429
209.28375752270222,761.5472515904052,10,346.6461069418704
196.6608603745699,756.090771774443,10,349.3895147244292
181.0536654740572,756.7658915828853,10,351.41589516178993
168.1890471726656,752.6953189001722,10,352.63090641771896
166.81549330055714,751.5773099600822,10,354.0250900507868
167.69094552099705,755.6493728265887,10,356.28845504805946
167.66717099770904,750.6340024856408,10,358.9085631196339
179.67743920907378,749.2966258096027,10,361.51338997138987
187.06772994622588,743.658824256904,10,363.53421135376476
183.5575363598764,742.5945127407103,10,365.8049679499091
177.36209225282073,740.024857476657,10,367.875859498371
173.25452303513885,742.7754904649854,10,369.2769735113382
174.87503182515502,744.2881491919128,10,370.7744250317876
189.18935143575072,745.7485803104114,10,372.05327268706344
182.6655091010034,742.6726452893655,10,373.8300945686021
173.80640208348632,740.0311029318459,10,375.4984641843066
179.88279044255614,743.4967002173423,10,377.0940211315632
176.86433755978942,738.1900149870382,10,378.73010811438826
172.63690960034728,737.3287051544796,10,380.27287609851146
171.56102025136352,730.4647217083676,10,382.5008983038459
178.64594971761107,734.5961171411961,10,384.60392832289335
180.71050607785583,728.0661308530772,10,387.4887013904643
175.93789922818542,726.2841752670348,10,390.3512844041705
184.7417312823236,717.957052699964,10,392.9679347430849
175.17889272794127,710.0822716350508,10,395.62521076298697
173.9107176028192,709.9636269017224,10,398.31852749900725
174.80390387400985,709.5483492567199,10,400.5305558534349
168.977976616472,712.4812959512311,10,402.80840502575285
172.66243701800704,708.435077226274,10,405.15125064827447
177.62861591205,707.2046483864888,10,407.59870267047165
179.6341400705278,702.3065336955243,10,409.95378043344294
180.37170439586043,696.683390651871,10,412.9347428818334
193.30347185954452,693.2431279043474,10,415.2032130752144
189.3006027303636,683.7907638360975,10,417.6312318458696
207.71539955958724,683.6607999233964,10,418.96811856600124
201.89826279506087,678.7144041421036,10,420.62287206553754
199.35791807994246,676.2118915018531,10,422.7405937552641
201.75469570979476,676.9803227841953,10,424.2876786107
196.7494052015245,671.2290527079534,10,426.64154856665044
197.3999463878572,673.446148459641,10,428.65707792280296
201.26567905768752,674.2897719601983,10,430.61411779264466
205.19334548339248,671.6028727935584,10,432.46608032193893
196.36814254149795,671.1148910800378,10,434.2880977665241
193.46591657027602,671.9586263397605,10,436.29453403113627
193.32859207317233,671.8582356611957,10,438.4157747779523
195.20435751602054,666.8464554858203,10,440.4233677596235
192.50540412589908,663.963197389805,10,442.63134813736883
197.90319074317813,655.2885609749964,10,445.0889202223573
203.3541461341083,647.9999607528512,10,447.56760897078584
198.34515823051333,648.5643600556701,10,449.44706441635634
199.33524657413363,649.7793247658727,10,451.5045550780435
202.5393872372806,643.4697045683718,10,453.7198304767076
207.3445196263492,632.7191362229916,10,455.6039875684689
203.00233985111117,627.002606617938,10,458.2097734097405
202.54731292650104,629.5550863285534,10,460.1759638145595
201.07840855047107,623.8708421258186,10,462.4665084181492
217.7978642694652,619.3778371528193,10,464.6601113283203
215.97136349603534,614.9230264824678,10,467.0768680602588
216.13540087267756,612.363988572339,10,469.0524782890854
214.53582356497645,615.1461446567117,10,470.7771709230439
212.27893970534205,616.1364778479502,10,473.4316897822662
216.1838371567428,608.0458975028838,10,476.1461365670645
212.3725123219192,610.3156618598729,10,478.76229566207695
214.1148631386459,603.0225799585994,10,481.19129107625713
211.61412356421351,607.8711478137187,10,482.97245450694874
207.96452568098903,609.8808247396122,10,485.92456624277776
208.81333039328456,605.3038588385501,10,488.9790021571455
213.3268396668136,594.9900239155927,10,491.8871323607264
219.94367335364223,594.1923114058209,10,494.3727699161282
222.8671035580337,590.9468948151307,10,496.895350677083
220.03481982275844,579.0561601564872,10,499.7620880150001
218.08674262091517,574.518908786842,10,503.08204029728967
215.6172735504806,573.6731312051096,10,505.883662351471
213.43558071181178,577.5424735383642,10,508.606536980616
218.49446485564113,578.6853505437396,10,511.4264796480271
229.55977342650294,572.1718949087655,10,513.9891937591617
231.62518380209804,563.3380229226248,10,516.084421290098
240.45674012228847,567.2079806081565,10,518.2278057466101
244.7435891442001,579.2190505153105,10,520.7191623312277
246.21913216635585,584.1052517767071,10,522.7601181153196
243.667756062001,586.9395311046173,10,524.3863177793536
242.02473912760615,590.4390948102889,10,526.3023820184012
237.9064296297729,598.200868198579,10,528.0869006562498
242.76332412287593,598.2536675441183,10,529.9770295042334
250.37043891474605,608.1524049209775,10,531.7359054585232
254.77832017466426,608.0473421550755,10,533.3855303685315
250.79096231982112,610.1488937389726,10,535.1254918903735
246.13951073214412,607.1726378194812,10,537.1522482285628
241.928636174649,604.5582198806545,10,538.9156226136777
246.64398394152522,599.0752789204016,10,540.4854569420205
250.01757131144404,603.1071978536495,10,542.4958845555661
260.1033562235534,592.68431552221,10,544.7436114987187
260.0502851642668,593.5651613704354,10,546.1666839490728
258.2050669826567,594.4652406849308,10,547.5425848045636
249.65509540215135,586.7010983044214,10,549.3685437446595
242.23300248757005,579.1431133145313,10,551.2976021414928
244.14004344120622,576.8881216281343,10,553.2657175428668
244.65425151959062,575.1493822853049,10,554.7620044741843
245.81201392784715,572.3674276165414,10,556.5029427061359
236.66787845268846,570.2489295130731,10,558.1435574872149
235.10187870636582,561.7367635924734,10,560.2285849766075
234.23512697592378,560.1684373742246,10,562.5576995593874
233.15362191572785,557.7884553036117,10,564.5517664265959
234.73756671324372,557.5333078503712,10,566.6944600576328
237.3612527884543,554.996644765976,10,568.3014444924908
236.1563344039023,545.5799631530417,10,569.8762456303465
240.249809268862,545.0240372049402,10,571.3660591323368
233.68541288748384,543.6811554222336,10,572.7743053790247
230.2145721949637,538.7120851499324,10,574.328406998456
229.15297961607575,535.469989627066,10,576.207807833465
228.40913623943925,535.2153742837811,10,577.9611233550871
231.53707307949662,532.0282415578195,10,579.4900838410377
232.01178351417184,519.2015458808311,10,580.9453627072214
237.97455731406808,519.1829574404541,10,582.39521031952
243.14882603660226,518.9366063899944,10,584.0052814761873
239.32184091582894,520.1776852479476,10,585.3758981419185
247.90383783355355,522.6303692560399,10,587.4022446604934
256.1936222650111,519.8044797850574,10,589.301197150203
269.4588486291468,516.1636989557534,10,590.8932141310768
272.2523719407618,522.2256142009459,10,592.502020092413
271.2200601436198,518.076045456363,10,594.06997214533
270.7252468802035,512.7097828056924,10,595.8265233637245
268.8121037222445,505.2766835139722,10,597.4316965183928
272.17801878228784,510.35174473674346,10,599.3516348028307
283.45627615228295,516.5995715549818,10,601.361719424716
278.33957454934716,512.1219021095905,10,603.0415718462298
279.6283346153796,498.21277603439273,10,604.8226974554875
272.6035357452929,491.6689264038303,10,606.479731700438
276.99078569188714,481.656937462083,10,608.1844251448457
280.29017410054803,472.1735002340604,10,609.545041208557
274.1331740356982,470.72612949606616,10,611.4982716495799
273.4503514505923,469.2273360642695,10,613.0526432622044
279.4897081591189,467.0004813697972,10,614.7584590792952
283.9663250185549,465.3482730912015,10,616.4340800127073
286.205629799515,462.64766770331823,10,617.912413715186
280.11250540986657,475.0234693300944,10,619.0386505037479
278.9358832575381,481.52448731360437,10,620.2390319103852
270.87691471353173,486.02397755616835,10,621.311538852015
264.4855816103518,491.7045333731008,10,622.6699506480207
268.38302275910974,495.5181728573267,10,623.942981242252
270.22168669477105,495.86826840234943,10,625.390923191681
278.92873415723443,494.1398441342853,10,627.0593589184374
277.9747323729098,496.79734425456843,10,628.7656022501062
282.47908494248986,497.2595457742554,10,630.4493630443504
287.1372999884188,490.3907965553309,10,631.7297949462497
285.4257716871798,488.00392961877117,10,633.0320944645871
281.58425137773156,498.28313795985673,10,634.4752131980654
279.0404894091189,502.75396171369215,10,635.6686126493179
273.57705185189843,500.9221386180596,10,636.7659377060157
282.2690732218325,494.36123501577754,10,638.0334911416589
287.8598935343325,486.13661923602643,10,639.1576151266983
294.4792954660952,482.8198090668799,10,640.818213480891
297.58487341180444,485.96441886687666,10,641.7784350277481
294.55987832322717,486.01732629960395,10,642.7170336096735
296.181358192116,481.6079597033227,10,643.6088554481711
297.0809881426394,482.9098548582268,10,644.7683047604789
301.05592891946435,481.5323521396419,10,645.8683935535524
304.68564054742455,490.4617670541942,10,647.3067515296236
306.8021578527987,484.5407329611601,10,648.8046281644833
306.33229133859277,487.91945159031127,10,649.7717020527264
310.8361174799502,495.68060875846743,10,650.7031116238848
305.8273536898196,493.1564310017832,10,651.6763891266942
304.7475502230227,480.44828397957446,10,652.6912187088313
304.47672936692834,480.9917075162371,10,653.8145802899097
306.55270621553063,480.42313956602635,10,654.8491708469918
303.2854995466769,474.34884986857935,10,655.704697568546
303.06317416206,466.9138758223147,10,656.9982859122349
300.73655000701547,464.8502362057254,10,658.0309039096041
297.5231937505305,459.5144028347759,10,659.2969271883684
299.7143119908869,457.0491171285109,10,660.5257952908856
308.87799778953195,455.1061143685292,10,661.8313600511902
310.9991935826838,455.978680430213,10,663.0530939442106
313.0007368661463,453.93882767443233,10,664.2808826657633
314.0457789041102,455.324672893639,10,665.1073317518099
317.5395256616175,463.6224238310085,10,666.0280061008257
310.23195949569345,458.80961470956674,10,666.9310434339802
313.8757211305201,456.74939151830324,10,667.9531445368136
312.8774562217295,454.0733625901191,10,668.914408592828
314.06020072475076,437.26693040172535,10,670.0431039632678
310.2792773582041,428.91335700778853,10,670.9404267612732
315.99718383327127,426.07573404993315,10,672.1149927071964
317.7356973029673,420.1386978970519,10,673.6344049787792
319.3448032476008,420.51475577924293,10,674.6415068342931
311.73068848624825,436.48999690636225,10,675.6361349010994
312.8279667235911,442.01902762428546,10,676.6257428759585
307.15254310145974,449.85191381593825,10,677.7332611268082
300.38746789470315,455.0979131434969,10,678.8274917960317
304.9312258102,459.5365400598847,10,679.6544844842522
304.4403619505465,459.1175953084854,10,680.6836119880397
306.6694893576205,454.70715107427196,10,681.7958627420807
312.7387623526156,446.66505104908833,10,682.9354512430705
314.3095959164202,443.49691601405726,10,683.8838233448404
318.02167830243707,441.8670031737184,10,684.7843026357476
314.81654581800103,441.2938849380636,10,685.5984534380165
316.8761394955218,441.30717724259534,10,686.5794187108881
313.18202433362603,444.50170596167527,10,687.40947509948
312.3998020030558,445.6329108334113,10,688.3559207465566
307.08171490207314,444.60514940860054,10,689.2441568425237
316.928216252476,459.35539551196956,10,690.3368863002144
319.61035207286477,459.9669565829423,10,691.245537153264
329.94072488322854,454.73760857690365,10,692.026383395749
324.25555661693215,456.66459729912356,10,692.8472411563873
329.1986294128001,453.78467252939186,10,693.6400468192028
332.9004538394511,448.975592508943,10,694.4182467618339
330.7148242332041,450.8129120322106,10,695.1608736073275
323.12042716518044,448.6383398634123,10,695.9484718576591
327.6116147376597,449.9640509054653,10,696.9357078202755
322.9208379127085,451.94028360238826,10,697.6945237260206
330.75097516551614,447.38327085859555,10,698.5654871942579
335.91652539744973,453.59910555210257,10,699.4090424929128
338.2313168384135,458.7013744216211,10,700.1224115150452
350.24603394046426,451.8922602235248,10,701.213341937605
336.21966579928994,454.22728601749986,10,701.8596923081204
327.9648096896708,458.4021991218447,10,702.4676145125167
332.537702832371,453.8879741139968,10,703.1276839816427
333.5036790110171,452.7658888542401,10,703.9662469200175
331.2899508215487,450.0900318848348,10,704.4730316405359
337.40853307023644,447.5041719998665,10,705.2023128080249
343.20961425080895,454.1288464320107,10,705.8529378130603
347.0223130919039,460.16826175833006,10,706.3899490259611
348.54805955663323,459.0058766044927,10,707.081496872889
352.7517977692187,452.4189693719172,10,707.72002252731
347.98673782125115,442.67859230874086,10,708.3380580715094
351.8008297421038,441.7704449806602,10,708.9934515388203
348.75948080793023,442.0003414863493,10,709.5497269859992
348.4650872685015,444.46123758216555,10,710.1513947057132
351.9206102825701,450.57310642957543,10,710.8010920313402
364.41867146268487,457.0022000076479,10,711.3479656433227
358.85582241788507,461.08685714872314,10,711.6378350541044
347.95343098416924,461.4865851539892,10,711.9121279897621
351.4407690502703,463.687653561796,10,712.3078069738616
358.8296717144549,464.9321089814011,10,712.625818570412
366.94719967618585,463.9476493636483,10,712.9651011606005
366.33886871114373,471.15089649173746,10,713.2994401868929
371.5108614899218,469.83716635492425,10,713.6594475052733
376.69297036901116,469.7105647634445,10,713.8517487148363
377.7356761433184,476.0648480511134,10,714.1564038802211
387.77088103070855,476.2699337381145,10,714.6641581024561
391.5472098328173,475.9539641350701,10,715.048394516258
384.77085933461785,481.73823679681175,10,715.3491214248304
381.6619266010821,475.52323772160906,10,715.666686141703
390.32265124097466,457.69766659278224,10,716.284400207218
380.5874293781817,458.8186814861136,10,716.56954727755
367.7595427967608,461.7345120606511,10,716.7817103243367
363.0250938870013,468.5469364578592,10,717.1174766880016
356.76905569806695,475.36621005531015,10,717.3126926156583
368.72882399335504,477.39495160089854,10,717.5987010787418
371.3433927036822,471.25671379746956,10,717.8983214075846
375.7521213032305,478.12274319654455,10,718.1854982203965
372.3328467346728,479.1342523203308,10,718.471599435791
363.8629103638232,484.68967302120296,10,718.765164581593
368.26419935002923,482.68861371104197,10,719.0013153559983
370.7175177074969,485.860722455433,10,719.2750101596966
374.321091029793,484.42536373523575,10,719.5036708965237
375.8142555691302,487.19563670020585,10,719.6879102944948
378.2957979179919,492.29003701550454,10,719.9652704381284
378.864693377167,496.7418330328563,10,720.1519598899362
379.9094141460955,501.12525083712285,10,720.3301735672917
376.33379969373345,503.93914370612606,10,720.6037588314825
372.53966293111444,506.8971133652529,10,720.848895582107
373.2703729607165,508.0067962121297,10,721.1261822530843
375.6405106522143,505.58988487682404,10,721.4213100651446
379.65335140004754,503.90918171363563,10,721.696541188198
385.52669725194573,501.6587760861538,10,721.8721409181983
380.9555383659899,502.09189347342175,10,722.1570580391855
369.7579227425158,504.44371717678246,10,722.4863624642817
375.50110111013055,503.1297789357469,10,722.7500633882626
376.7677993513644,502.55534545589427,10,722.9917003880031
378.0118256546557,498.4815638128712,10,723.2621112311172
380.06295785680413,500.2724573234538,10,723.5731505286927
368.3915444351733,500.7095967796884,10,723.8662713802845
373.38593539968133,503.61156904794717,10,724.3753203702257
376.03499445691705,505.36457642065716,10,724.7099430702556
374.17029521241784,513.0780981257991,10,724.9013879717393
375.1102187372744,510.25560948500606,10,725.1669435423573
364.5763709284365,497.7624866842649,10,725.4540390583904
355.96381351724267,498.9876238545787,10,725.7485593249253
362.4134685732424,501.2343279161473,10,726.0635093942319
366.98219940438867,504.7261736807392,10,726.3427911736114
365.2347542978823,500.124383012073,10,726.5045128841738
367.55949065461755,500.72497763585477,10,726.7424210410902
370.3428048826754,501.471482434407,10,726.9772035878075
364.9691738821566,502.7873497091969,10,727.1769888803755
366.71925208345056,505.1826256086616,10,727.3746167651313
358.36375376954675,502.42049346898153,10,727.6615887547576
359.6514320112765,504.0983347872402,10,727.9176049841308
368.27004239335656,509.0373478142281,10,728.0932393229162
365.8703999258578,510.22123990105854,10,728.236746414743
366.8862788416445,513.555572870539,10,728.3952994851816
358.41536304727197,515.1938655008137,10,728.490057837303
357.59306320920587,508.16556753546007,10,728.786751767583
365.02098164334893,505.8223968724231,10,729.0264607084031
360.9799264408648,510.94501321037137,10,729.3052234319816
361.5352971293032,513.0019450690347,10,729.560175136713
360.5447187162936,509.7940609172292,10,729.7532986344158
352.6899857260287,514.33794044252,10,729.9385031076989
351.2460486628115,515.7760262402171,10,730.1859532144989
351.423856113106,522.9144559097408,10,730.518734950586
353.55280408635736,521.9989920220877,10,730.8461890864039
350.53952011838555,527.1973499561873,10,731.2042034428142
347.606886241585,532.5883993194645,10,731.5120991468015
346.6311265565455,542.8950477741097,10,732.0200981664664
348.7381083108485,548.3275449162109,10,732.2913038334358
352.66265431419015,547.7364022066536,10,732.5719162336181
345.14329758659005,561.2631750999958,10,732.8444316957128
349.41950741782784,566.3635409471218,10,733.0932792403526
362.29221669211984,568.497919230374,10,733.199126899007
366.89288798347116,573.2389511113615,10,733.3327648124468
366.7345117367804,577.6069070193419,10,733.5803525234638
361.65817726030946,579.8115233893827,10,733.7850662212176
355.700391177088,587.5741370962493,10,734.1022679685564
350.7286547459662,579.0344503765944,10,734.338614292998
348.0414785183966,573.1706345586897,10,734.5994442854358
340.38879001513124,562.4876910592562,10,734.9099800269785
332.8145684041083,552.8950916278633,10,735.284145640863
322.91898239031434,548.0378656178955,10,735.7246804626176
328.7363027371466,543.7848588359393,10,736.1003400989174
335.2403687275946,540.80924674205,10,736.4921603903642
336.3728927411139,529.5501726354867,10,737.0641740362304
328.91831624880433,517.9017635432788,10,737.5800874507487
325.16628086939454,506.7381324177787,10,738.0506755074128
333.3065892495215,500.62184463185497,10,738.5745385014404
330.864146117121,487.6133174585111,10,739.0885353682697
325.55300510302186,490.1943702003904,10,739.731544630605
325.35178381577134,480.0382755448747,10,740.3854144683697
321.97557908669114,469.25407966934426,10,741.1017268279511
331.6872108615935,454.59780543487193,10,741.7468673073938
344.0008409656584,434.285647585642,10,742.4782043376408
346.6983154453337,426.6597614283692,10,742.9800205212049
347.8423484005034,416.3028358134033,10,743.698981538124
344.1113241352141,404.52505238412897,10,744.466523494329
353.442496124655,387.8420076533645,10,745.46238132744
346.1568902172148,392.0815327039961,10,746.0490880239672
345.25603622570634,391.49090597423157,10,746.7489313675391
346.61164540424943,388.5062780012684,10,747.4221510700266
345.0207877792418,383.70560687820006,10,748.1443610453504
336.2491765655577,377.5674372902337,10,748.7025806000062
336.7597476877272,376.2307297591265,10,749.5276092553221
337.47760820761323,365.3047093504832,10,750.0471992059095
341.7189140357077,360.6320957589835,10,750.7845448428884
341.7653931900859,351.456806997525,10,751.4259262751071
339.7029923722148,347.98957623161897,10,752.134578232792
340.12765722721815,342.8906821045923,10,752.8572726452926
344.4499772116542,348.31267400869,10,753.4685376697998
341.1382461115718,339.6897881032234,10,754.1125200062457
352.7397275492549,335.8842611443702,10,754.7731592663594
354.4074038788676,327.75809895888784,10,755.3172822289379
350.22367089241743,319.1269397110591,10,755.8200620740827
354.5564235970378,303.2091863023052,10,756.3879964886363
361.2039617821574,297.3520052291961,10,756.9517114714635
356.66553347557783,303.0159038249304,10,757.6403260613059
352.99143689125776,307.10420672149047,10,758.2533912123996
357.7123269364238,304.6274109214344,10,759.0022384735225
356.6195705458522,293.2775052839494,10,759.5989766283753
352.34164314717054,290.4863925970033,10,760.194480486612
347.2815235182643,286.32088226945115,10,760.9021314479602
342.47877579182386,286.7868599961038,10,761.4237470758164
340.22319632023573,278.72280828043597,10,762.0262920354724
341.1001150533557,282.30944790041343,10,762.6729705286717
339.16480480879545,285.39293096159105,10,763.347311569555
339.63069658726454,289.3950422305572,10,763.9050988430241
350.48319464176893,273.42651419117584,10,764.7773432152438
341.54368906468153,278.83334463063613,10,765.5079862303662
333.40497141331434,287.02233957535606,10,766.2019606048424
324.57529955357313,279.34155635010893,10,766.8344907241599
328.94476395100355,280.6726486334989,10,767.6351846230324
332.754849486053,282.7358376119146,10,768.4087166393456
333.50419276207685,291.7640217812531,10,769.1095847813814
335.1090542599559,295.39014102098724,10,769.741412406802
337.2831205651164,295.5626211307682,10,770.430369137466
338.56582682579756,295.17285829141093,10,771.0762296419347
339.7499324604869,289.6410516279603,10,771.6772956665899
337.80610328167677,284.816533641414,10,772.2137675527683
339.6864647194743,283.1667091045546,10,772.7320529008249
344.34550230950117,275.64416174970137,10,773.5223754242521
349.5783972069621,263.6708628124312,10,774.0490094621225
354.64399521797895,257.4426561923386,10,774.6526347308112
355.63415341824293,261.61030483358445,10,775.2670893022623
346.75658040493727,269.7316401217963,10,775.8847340487146
352.47058825939894,272.62436779743416,10,776.6393215746361
355.9834690615535,269.135197095388,10,777.2749510532219
354.84694247692823,269.579285203913,10,777.9133031946313
356.69489865750074,274.13095296924894,10,778.5927368671455
356.8592862561345,269.7777892630925,10,779.3812681445097
360.08581728488207,265.47564719790876,10,779.9956593152824
350.150855012238,279.1946047443305,10,780.7630493219262
352.2819187119603,274.2202884660036,10,781.6090331435337
358.0355755761266,277.52449889284003,10,782.3273096394091
361.2750713303685,273.03964343617474,10,783.0495372992607
353.91867227107286,280.67332297102587,10,783.7102702324271
359.64768189936876,288.83343815953486,10,784.2926506342177
372.3385655358434,267.50698564493564,10,784.9940061333868
359.60851926356554,256.9479824140145,10,785.4017617407369
367.1334163621068,250.55616381621695,10,786.0469177961953
364.16054482012987,256.9708408685455,10,786.7425022749122
365.58380980044603,258.22569712026655,10,787.1963181661692
368.0858694985509,247.05247126489462,10,787.860797373251
372.49133033305407,246.1778757287729,10,788.4478696529605
374.68055314570665,250.79419767605316,10,789.0545497558976
381.2229792550206,258.40811704751906,10,789.6288541098896
379.6625273898244,269.2589663797085,10,790.0844048961943
375.74722773581743,272.41101775691254,10,790.5616270052201
375.82763766497374,277.418618515287,10,791.1313358812324
378.9047043249011,273.62841663378214,10,791.5536485759743
380.6962290927768,282.960231996453,10,792.0451634957742
381.9901205226779,284.90913697702763,10,792.5825818824032
384.07541190832853,279.0837076820573,10,793.0330620543751
382.8741627857089,280.01936447070574,10,793.7105787478455
384.99277102202177,286.2061887031847,10,794.2298650820819
378.5144818946719,289.34373700157386,10,794.7030623619515
375.8596867248416,304.3683771794877,10,795.1076661308797
373.70605313032866,299.47056435082055,10,795.7369337941344
370.2469061538577,299.66825796100363,10,796.2723581577641
368.99922036379576,291.44869936449646,10,796.7078323148897
368.4022373482585,289.31166541952337,10,797.222809781252
372.5638560578227,286.4186030376711,10,797.6660805219767
380.1053294464946,278.2702317714363,10,798.1683875533478
378.83132665604353,273.66367062654996,10,798.6001282360647
376.0912577435374,272.0187048765711,10,798.99536612297
370.7724563404918,272.6476914423749,10,799.4242199357137
375.53134029358625,276.1493698441436,10,799.8868570134018
388.98099010437727,267.3737556343337,10,800.5381029806291
379.2830235287547,273.264244114787,10,801.0963002903524
374.99990909546614,266.7645104440793,10,801.5399557497487
376.4233007952571,263.74195571181866,10,802.061365453833
376.81599055975676,265.1643012900715,10,802.5181142978614
383.3700719997287,270.44778066098536,10,803.0991820224033
376.71245776861906,270.17574098995766,10,803.7059842858301
375.59496139734983,267.2720936632126,10,804.189578034474
373.3273458406329,270.314876810674,10,804.6661588800542
369.02052354067564,267.61647904753704,10,805.311260203905
372.31180619448423,271.296566782749,10,805.98309671926
382.2135710641742,264.98892940184635,10,806.5196780911726
381.7928195223212,267.2727599839372,10,807.06504497646
389.1595158800483,270.0411876478702,10,807.6236324205056
379.382168315351,273.3315658374793,10,808.1021206740083
382.41562106460333,269.33614786241947,10,808.6552997447029
378.56009485572577,269.8333906229396,10,809.1876756528771
377.0509240850806,269.80103970615295,10,809.7472376587222
381.3994815573096,270.51398424020033,10,810.3200140426309
380.51118215173483,262.12786217212374,10,810.7104584809081
388.10093005746603,256.7972493254525,10,811.3681384131421
379.5994242057204,267.0989476535814,10,811.8097666287106
377.7411893233657,272.75244958277887,10,812.4077062365021
375.02617128938437,270.3959904754728,10,812.9434885067478
373.1321289166808,267.10478995795495,10,813.4506241342212
364.005354128778,273.2837111895114,10,813.9770199142114
369.2806455716491,271.5498405489356,10,814.4325427200212
373.4556095227599,272.7679588229038,10,814.9096698672295
379.26499577611685,269.89639696533254,10,815.4882079920094
373.4314114674926,275.0260484983625,10,815.9872943989109
379.7126557454467,252.35059194263482,10,816.7344553741358
378.0657900199294,253.51612857047826,10,817.3022826273295
370.8752334937453,254.41872140512953,10,817.9253544233895
368.4635341987014,248.57270947861332,10,818.6534138141417
362.09801610559225,268.2998771062589,10,819.3084497441532
364.30002316087484,274.56209316043896,10,819.946641994924
376.8020506724715,263.626147713466,10,820.5212668824001
380.8630824908614,267.0138579831612,10,821.1108051061324
375.0970083102584,263.5152024147436,10,821.6478458381519
370.8623696193099,250.48631558813707,10,822.2718464505934
374.8898650035262,252.8894743879988,10,822.9166787913607
371.1933196410537,250.318780541256,10,823.5292822097914
377.3325308188796,253.44039523420088,10,824.2073837527041
375.61964675039053,264.08362297121437,10,824.866547861807
371.3701021298766,265.8107875603492,10,825.5212479765977
371.06741216033697,260.73491864265895,10,826.1528518398102
365.8307025656104,263.12197637275324,10,826.8271983890515
369.6689994558692,263.0075882037744,10,827.4513004771218
377.08303286880255,261.4182080030911,10,827.9994032056063
378.8741674646735,262.63441742096325,10,828.550999119389
381.058100245893,260.017476992073,10,829.1871698445706
381.22348257154226,255.30020112521237,10,829.6884263283529
382.287115894258,249.67783825454177,10,830.1517084738078
380.4426896199584,239.7001314174032,10,830.619889939833
385.4452778920531,222.05079581738624,10,831.1616222055408
390.9755918607116,218.73848379467915,10,831.710918377725
391.52876134961843,215.62234547206663,10,832.2571174281929
388.91157384961843,219.9606425654652,10,832.9039676078509
390.5175869092345,220.5662758411395,10,833.5553029327612
393.9475941285491,219.26524503315784,10,834.0713471785004
395.28792902082205,212.23783838091794,10,834.6166771455779
397.5225233659148,224.187675440889,10,835.0883180280772
401.62678476423025,223.98706017161896,10,835.5890623134153
403.98725839704275,240.3688739215625,10,836.1010962820341
399.81646820157766,227.30798093312313,10,836.4908208728044
394.48767944425344,218.96874102149565,10,836.9016863314354
396.00005396455526,220.54818685157386,10,837.3396860744772
397.78653808683157,225.42976575778118,10,837.7380206097798
401.9406518563628,222.00905274246662,10,838.2302087215552
396.9536385163665,232.76317734166452,10,838.6603597917141
404.0269350633025,249.35045901382716,10,839.0174813228771
403.12462767213583,241.1681787893416,10,839.3388307885718
415.2709117755294,235.43412803985734,10,839.7221287063026
417.22391267865896,238.90867602996184,10,840.0201655042613
419.9375376328826,241.24438258521758,10,840.2799509907042
417.1460487470031,223.55610223071932,10,840.5852798576597
401.19522305577993,225.58557495729673,10,840.8898187871342
392.95946045964956,229.3022907330644,10,841.1923605937532
407.1014015302062,235.6628281337576,10,841.4524602613609
407.30906447023153,239.04841068829109,10,841.7095496612661
394.39349039644003,243.09348788912854,10,842.1009674107753
395.30491753667593,251.9741649552056,10,842.4572852451739
400.2954852208495,260.29274474627994,10,842.7105160591434
395.35253735631704,262.91689102861613,10,842.9249300603279
394.30249198526144,263.6415148534191,10,843.1632950635006
399.3361895903945,262.8028063795011,10,843.4932084684366
387.09519704431295,257.1870580934876,10,843.9144108891574
389.8140662536025,259.29320362184166,10,844.3419241957
388.1453660354018,248.81625260696626,10,844.7319109727653
394.84732135385275,249.91428816504026,10,845.1787658343242
407.21085818856955,228.06090341352893,10,845.7405730265558
394.67563327401876,238.27729582882813,10,845.9897416261332
397.95653875917196,244.66532083111474,10,846.3158349092187
399.27020009607077,261.0369594265088,10,846.6072562047586
397.3910414800048,275.97559730321245,10,846.9989394967615
398.91036316007376,271.1892931763686,10,847.2990791835547
396.2721309289336,283.1622087427619,10,847.6396288185904
395.7620733603835,290.9430782477628,10,847.8650840606027
404.00257857888937,279.16244620547855,10,848.2259296728812
395.7914150580764,277.1466520997552,10,848.5481084090013
396.99379523843527,269.44793777582805,10,848.9396614693923
397.5252935513854,275.2402276128428,10,849.302715538649
389.65637036412954,270.3541593984991,10,849.5890025868431
389.0144275650382,267.8911916114738,10,850.0277140588735
389.33137383311987,263.9617170547944,10,850.4209468102327
391.0481864437461,268.0401850382816,10,850.7360901202969
395.9792758449912,274.41344842274384,10,851.0877689177787
382.7243348583579,274.4903553338753,10,851.4618935806614
382.32809334248304,283.74271843633153,10,851.815897691911
390.18913631886244,283.91716565161124,10,852.1840428464651
391.8395270630717,283.4767764490129,10,852.6071923458886
388.0100809857249,280.35266507157223,10,853.2109544226694
389.74426179379225,275.89409270725656,10,853.6381117779487
396.2827487513423,272.30039996904907,10,854.000269993774
396.39984107762575,279.75834557595874,10,854.2996612201403
387.7657516077161,275.82679135139784,10,854.7250569998895
389.5396076515317,276.12166461573855,10,855.0753179790091
395.46921933442354,274.75226354718734,10,855.4079263828962
390.4793368652463,267.25861631887824,10,855.7310944433352
378.52169812470675,252.59499121722263,10,856.0994174921054
392.7067729309201,239.28942947365903,10,856.7267381838225
392.0414080694318,239.72586951080694,10,857.1835960112143
391.2039795592427,251.02314235468788,10,857.5428448028225
395.5787974074483,248.52296508109748,10,857.9343846336642
403.9692383483052,251.19098695987242,10,858.2309936356663
409.75866467505693,253.71749667449296,10,858.5671133818403
402.4350181296468,252.20122017209331,10,858.8887298403139
399.7050944045186,249.65204421316832,10,859.2373902718052
400.3563654497266,253.46472179327742,10,859.5880215922999
410.41619039326906,252.968798589549,10,859.8578216244821
402.3794252946973,261.5091906110497,10,860.1169175711048
409.07148004323244,258.1810905583009,10,860.4454718979463
399.03574872761965,253.92103681999168,10,860.7342322905193
400.7891215160489,252.89658734715715,10,861.0412486735511
405.19623697549105,245.30464205379496,10,861.4689928293062
404.48036927729845,259.6021970828852,10,861.7186532026443
408.04774422198534,251.8302566620623,10,862.0730637531524
401.6693896725774,243.24483053243392,10,862.3455109373359
402.3350340202451,251.4166254138632,10,862.6429829573143
405.9303718879819,239.43576713924602,10,863.0151037118709
408.04830849915743,243.85545420206563,10,863.2549236551404
413.222340233624,247.06409317664486,10,863.5320751035649
407.633509285748,256.6607020838763,10,863.8712745864653
405.5900429561734,238.2117832899475,10,864.2807431862858
407.33929074555635,240.2295756158677,10,864.595824580588
417.6508113220334,240.1438795878219,10,864.9981908340673
405.14414132386446,220.44201283661727,10,865.3676874285176
405.3397348597646,223.1268842820008,10,865.7549273410953
413.5571668818593,228.8298867693481,10,866.0533767883977
416.9173646643758,238.35815721821058,10,866.3266412648182
413.04245168715715,215.26152692102767,10,866.709225284477
417.5479715541005,210.33321634937266,10,866.9127044523842
416.26372510939837,202.85447518412616,10,867.1731300125525
415.76935187727213,192.55542827838036,10,867.4803913045129
414.97528264671564,192.81857517476453,10,867.7659746432066
421.72704169899225,182.60719741787562,10,868.0416049128438
431.26334331184626,190.24884560111366,10,868.2690059111749
423.1120180860162,186.19279732812208,10,868.4904879475755
426.21170327812433,187.59884714696017,10,868.7177736286554
424.3726928010583,178.09268395067613,10,868.955096587996
429.04687712341547,172.41714563262377,10,869.2396220156046
416.60590574890375,173.91208337659123,10,869.4702317380884
422.90406773239374,160.7235189308123,10,869.7086296268386
424.08636293560266,142.6029344823878,10,869.9809378974669
423.26478008180857,133.91687166958644,10,870.1352042548812
427.1732323542237,121.97449893640061,10,870.3207595814823
419.5330608263612,115.73591270399965,10,870.52090110146
427.5480640307069,103.75571919368366,10,870.655776189719
432.7865879908204,89.94294741247336,10,870.8594981579013
437.2156570330262,99.11687736087049,10,870.9099308026109
446.73625449091196,107.64782584762497,10,871.0054015354008
444.83401218801737,114.73649751396613,10,871.0869330959069
439.97564474493265,113.71180571210766,10,871.1702135034798
430.81817976385355,124.63124500047002,10,871.2288397332736
433.0015496388078,129.06559125366795,10,871.369090784617
423.5371560230851,123.81709795777812,10,871.4944715032888
425.26078859716654,112.59940565274104,10,871.6594512976891
429.4712850227952,108.38481518113218,10,871.7458063513194
435.274651683867,100.59252809566402,10,871.9057169785546
435.33028569817543,105.43734432886015,10,871.9855614027263
448.43317380547523,113.43706518040352,10,872.1800016881649
444.82222643494606,113.72739692820977,10,872.2622613497675
437.3856567442417,93.76096039391877,10,872.3635456732324
438.94187501072884,111.25336105512093,10,872.4254858364237
433.4794445335865,119.27239418475347,10,872.5297020631206
435.07255414128304,114.92582061316705,10,872.6544717114814
427.1177978813648,121.07964672382042,10,872.7317405640882
428.68985655903816,117.81713264844336,10,872.8781232947679
432.212011128664,132.47334362688474,10,872.9355743847601
431.2393028438091,144.5864592191138,10,873.0198519283293
422.491113871336,132.9280685890301,10,873.1679873297321
422.0224516093731,124.76346322732007,10,873.2932242830105
420.9035710990429,138.95124780298,10,873.3680297349622
423.83597180247307,135.4806647299239,10,873.4922527124343
416.77094981074333,119.30539456637752,10,873.6163678686286
413.7402662932873,126.65085226932689,10,873.7091553130716
418.8044509589672,125.2072738292589,10,873.8047169726418
423.2624449431896,122.85241891713639,10,873.8900586061214
421.28988656401634,122.01190674440682,10,873.9633370657316
420.946876257658,119.76277960783864,10,874.0319529530952
414.8530285060406,119.54284072551093,10,874.1347162048303
421.8583709895611,123.76098267916649,10,874.2319138954196
421.1816580593586,132.10613118263376,10,874.3197884277917
415.0445368587971,125.09838639270299,10,874.4623436662225
408.4991352856159,124.20982285225392,10,874.6505824595764
410.01304176449776,116.29342326653256,10,874.8763650676036
414.7428553402424,104.78907680348016,10,874.9860559185131
415.9999009668827,92.34661818540758,10,875.082171961421
423.11564269661903,93.43712354715319,10,875.143468662475
435.82141318917274,77.24014352511432,10,875.2203739580176
442.84841933846474,70.68855039614255,10,875.2966284532658
447.2807928621769,94.02068170389776,10,875.3219791800406
448.6898125708103,103.83180018801437,10,875.3783673186189
443.74861565232277,100.08224919789012,10,875.450815913705
439.5746583044529,105.3366848770898,10,875.4884933986895
427.8236769735813,87.39020732413212,10,875.5522744628568
427.445331633091,99.32029820744816,10,875.5997713003507
431.26012140512466,98.77085164394043,10,875.659575105276
429.07018572092056,88.13938014225312,10,875.7247546656574
432.0710271000862,74.1346446931762,10,875.7683728263845
436.1376832127571,80.22182774260034,10,875.8055622084933
442.5841663479805,73.29627540558283,10,875.8517257051601
438.6972740292549,78.46869728799089,10,875.8707973837644
439.4897137284279,75.47094867650401,10,875.8973157249022
444.45966774225235,87.84934507009257,10,875.9139051246148
437.1330571770668,88.1396377776432,10,875.9369260527828
431.97103601694107,77.65069502841806,10,875.9704717990359
439.5780945420265,73.01916494593235,10,876.004280102435
439.35108947753906,80.45180958672086,10,876.0278610601158
435.48472356796265,74.47522015113725,10,876.0550860662318
435.68046025931835,70.79667663587884,10,876.0798257037127
430.33800391852856,64.36582119669885,10,876.1023031836352
434.2884510010481,65.51659609159304,10,876.1181023509085
439.6126101464033,57.46017761413901,10,876.1443647513732
442.5375953167677,56.197548546589076,10,876.1628298643174
453.4971776455641,51.902529580015596,10,876.1820441280307
452.545274540782,66.42713354095753,10,876.2001961304633
450.0707788914442,69.97642896840176,10,876.2171910795604
458.2806597203016,64.04435353608011,10,876.2367479424337
461.5671565979719,63.397955894682866,10,876.2632597131127
482.43283347785473,63.699819233920664,10,876.3092130530621
482.6668783277273,69.47309939237408,10,876.3320764116924
478.06763373315334,80.58454507507253,10,876.347639865021
474.13108836114407,79.92980920454261,10,876.371394237955
472.71661065518856,86.18807848198173,10,876.3985377814654
470.7005150169134,76.93566659660871,10,876.427611582729
471.18242548406124,72.82281396677428,10,876.4428008664457
470.84673933684826,67.76342660290811,10,876.4631697561654
477.7038026303053,51.865348812098375,10,876.4812644246989
477.90959545969963,50.78974423831369,10,876.4962788663051
481.99829909205437,45.191174916765306,10,876.5144500335108
480.4044427573681,54.95307563648248,10,876.529568042929
488.29149624705315,61.787647982140754,10,876.5470736277965
494.5391215980053,52.1965252377795,10,876.5734200686675
504.31204411387444,48.275923644517775,10,876.5989503807402
512.1025499999523,66.34478223044925,10,876.617895196182
513.7546937167645,57.61642736257028,10,876.6346291934145
524.032084196806,46.253592257122705,10,876.6514695245489
536.3152997195721,47.848216525134035,10,876.6697452881479
543.0864503085613,52.837124334016266,10,876.6962460003394
557.4677054584026,57.45299679956497,10,876.7215944988075
568.8263308703899,61.53675844823687,10,876.7501104012928
580.9334523379803,58.49726054961292,10,876.7943028080377
592.4199979007244,68.54152230423853,10,876.827275499348
598.9207341372967,66.93787615161551,10,876.8561019613934
599.3030031621456,80.77195160296071,10,876.9010514920526
607.04324182868,77.29981415513771,10,876.9515547392916
603.7514382302761,90.9030666124811,10,876.9982789658402
610.0846348702908,107.58431554897857,10,877.0464866592515
608.6165252625942,99.6276661265045,10,877.1392326782719
604.1707626283169,96.24251913252499,10,877.2177561126421
599.6498075425625,113.75945756824865,10,877.2680848686362
592.3445001542568,128.16527385608595,10,877.3432301707692
581.2263809144497,115.68232547527333,10,877.4264498541473
579.1271136701107,109.79803955166341,10,877.4945679431274
576.7032786309719,100.80705214294704,10,877.5555089013072
582.7970124185085,85.25506080369655,10,877.6314211299791
592.7259951531887,88.23898131692425,10,877.6748997408223
599.9345994889736,79.54975495464384,10,877.7222348353782
601.8143483102322,80.1576300111085,10,877.7790378087298
606.5528245866299,83.4812746144072,10,877.829465315084
607.4015317857265,77.76159563257261,10,877.8860384353084
604.2712841928005,69.22089967870897,10,877.9327375787534
605.3162126243114,56.22460292575414,10,877.9770221399609
596.7976169288158,65.76279734138774,10,878.0332874987572
591.9053334891796,81.56260173821545,10,878.0786848849114
583.1281318366528,94.9036276314261,10,878.1415290335486
565.8243026435375,96.45750805067212,10,878.2036967457768
552.6154718101025,103.35348349196153,10,878.2572267820823
520.4421777427197,79.20676040429078,10,878.3311371297871
506.7993945777416,91.63950827187307,10,878.367784873016
493.9234800040722,102.30070499948533,10,878.4120276940366
464.5407437980175,98.81139574430728,10,878.4673988670514
448.80198761820793,101.53535779020325,10,878.5148022479462
432.8445777595043,121.58190625338216,10,878.5666256707095
410.1942672431469,100.29384417671048,10,878.6271133799611
400.38639637827873,99.93637969389454,10,878.6949578710294
390.8783216178417,83.25020994336512,10,878.773550423846
387.77994081377983,87.97628075423546,10,878.8863997994198
397.8117077052593,87.97382896068245,10,879.0235325358674
406.4722635447979,95.54349920787718,10,879.2179742375229
405.67337414622307,113.0957271537032,10,879.3589750414275
397.42743107676506,116.74718650702232,10,879.4441583893852
399.5895375907421,146.66623298168093,10,879.5309120892379
390.12237641215324,159.8539180710631,10,879.628793253247
392.29960986971855,168.22114805880318,10,879.7202591047932
389.42269918322563,173.97991748873142,10,879.8104568324611
392.76051995158195,181.56970374665156,10,879.9061376125193
390.94497725367546,182.86610993463808,10,880.0228219730727
391.92507657408714,189.53877446720333,10,880.125692180098
394.58152064681053,181.2501207009916,10,880.23771155029
399.32552203536034,189.78703344024314,10,880.3603868499852
393.12008914351463,215.091078812001,10,880.4151112004636
392.3834973871708,212.08809653155225,10,880.4668053985071
389.0197993814945,220.07430772767128,10,880.5184880782905
387.4212264120579,226.684103370083,10,880.565184597117
392.12858429551125,228.47687533454013,10,880.6188387330068
397.2524031698704,232.47607245484494,10,880.697206691799
396.14938870072365,243.81409770096218,10,880.7579687911173
396.9334011375904,239.6781009436616,10,880.8360269114313
407.1663227379322,240.23861501488545,10,880.9179918043001
412.000656157732,233.57285278428282,10,881.0266683269678
412.08186692744493,222.38168196173052,10,881.1166420368917
413.23917216807604,209.3539335035146,10,881.2539527655794
417.5761439278722,190.1126670266471,10,881.3557293411405
416.82705760747194,172.47171889046348,10,881.4728497651191
409.4759213998914,163.89050181059088,10,881.5558371322618
404.5754177644849,168.07512233515013,10,881.6745263809948
408.34190345555544,155.43438117676408,10,881.7728727114388
407.92727441340685,155.33595021588684,10,881.8619513305285
417.9947821572423,129.63651547764704,10,882.0431084046644
421.5579869225621,131.43731442476928,10,882.1400633573285
425.57307548075914,142.6833568054795,10,882.2186630288915
418.9801918938756,149.42409947602312,10,882.2972257911367
409.324295707047,140.85674248262842,10,882.3785473676478
414.09507865458727,141.87476699741597,10,882.4655530808858
410.8297054246068,143.57671338186833,10,882.5435221417388
416.82429284602404,159.87517959559574,10,882.6316826403094
412.6972691491246,166.51359451872247,10,882.7147704347419
412.40330521017313,163.47480181531506,10,882.7933986844217
410.66345266252756,152.29653600595697,10,882.8982308555061
412.67736629396677,137.569579969617,10,883.0362592917114
405.543526686728,138.68563976905972,10,883.1069792104194
398.72453359514475,145.77212112115444,10,883.2018206520429
401.8022301569581,153.7889757659285,10,883.335881748237
396.4089653864503,145.39440259744157,10,883.4653982634335
405.45954159647226,134.39815406905666,10,883.6042042191291
404.82538536936045,141.39488267790279,10,883.7000843503748
396.79270008951426,136.21343352270708,10,883.8386717858273
403.51812771707773,133.14587698870758,10,883.9370564717157
406.5100314989686,138.593706158786,10,884.0369644996618
401.4295299425721,136.620220701616,10,884.1690872294163
401.8416692689061,144.51477045795542,10,884.2684001923234
399.42047519236803,139.70569122965367,10,884.4070588320324
399.29501896351576,137.58266817483127,10,884.5621549294701
388.8606145903468,131.45831435641213,10,884.7045097602171
392.0811613127589,133.61079390701383,10,884.81074784453
392.6236863657832,133.29348961228555,10,884.9143852645149
396.6889029070735,143.4074839560933,10,885.0391111154736
399.2906408831477,128.05149538323786,10,885.1508742566679
416.2600756213069,126.4487440609409,10,885.2879741340804
414.8486403748393,131.12377617309676,10,885.354526349588
417.9198726937175,124.92093086619082,10,885.4367115617886
418.2034178599715,125.96181480631407,10,885.5100437887351
413.940253816545,115.04332421840849,10,885.6242771618118
424.70977457612753,137.41307984305934,10,885.6719096197855
424.5071782693267,169.51232736674342,10,885.7330352389213
419.9122037515044,160.09120841155675,10,885.8290516069362
421.6357069835067,171.86817745511763,10,885.9136881200342
408.62148769944906,174.83698936165695,10,885.9907709185889
406.39956291764975,174.8664536069764,10,886.0697478021193
415.9675465449691,184.86067022334709,10,886.1630406435967
410.5155950412154,171.74692261680048,10,886.2599549545903
406.71536215394735,165.6608436612658,10,886.3384019663066
410.9564357623458,159.4991868520774,10,886.4117699441194
408.8804415091872,155.81622751763098,10,886.4921322966366
405.9832578524947,146.63105123578788,10,886.5952767609575
407.3739972934127,155.55171092657002,10,886.6916824465319
409.0777129754424,157.76145825803843,10,886.8011389516554
402.6749529466033,157.94784229213178,10,886.9058549606839
394.7219075784087,155.73058421959558,10,887.019792530622
410.77379509061575,151.64397951456357,10,887.2039558438843
416.553650341928,158.47475022605363,10,887.3266866148128
425.764850102365,161.9850139848375,10,887.4483123603371
419.53887125104666,154.88844527575202,10,887.5370510510911
414.1487979516387,151.56879249525383,10,887.6306326969874
408.27544828504324,163.51760816024273,10,887.7407204069266
406.22592755407095,172.22372822639966,10,887.850513966019
410.2148527726531,173.47924477286,10,887.9140131435298
419.38581892102957,177.3780887135971,10,887.9706643848278
429.7295775040984,146.06904959290858,10,888.2408918266443
425.3380765542388,142.27064551915203,10,888.3404804116269
416.69136806577444,147.4604708453116,10,888.4593096024474
417.73890455812216,149.60892229639188,10,888.5915386849975
416.40640815347433,148.5047508260144,10,888.6887261158038
410.6639355048537,163.4286280448024,10,888.7731902298635
421.36204417794943,174.71775416678173,10,888.8306801734049
423.8755064830184,165.8487226616836,10,888.8862022900464
417.6139818057418,162.94472095023383,10,888.9333075996952
425.00975473970175,159.55629397552286,10,889.0028604092856
418.3042598590255,151.1703329214289,10,889.0665839701103
414.36996706575155,146.05286108181429,10,889.1462246479357
421.8080688342452,162.50562633101856,10,889.2041417203279
424.5868364199996,169.56196665348978,10,889.2498492132029
417.72282799333334,156.9036886803171,10,889.3202580037865
408.4706917628646,156.44638993190642,10,889.3751889742903
411.67728217691183,164.16326152873728,10,889.4627193936046
405.3528917655349,157.72759651109493,10,889.5380489482375
404.2022736892104,168.6597290449883,10,889.6079212248111
403.963689468801,166.481675622995,10,889.679264732616
410.0161367878318,164.44425924328834,10,889.7763727014562
408.62283911556005,164.70241203749896,10,889.8512885051897
409.6189040765166,170.4893370096084,10,889.9177631535612
416.22922226041555,175.02168882432278,10,890.0174205241934
410.41169591993093,181.49456829347855,10,890.0858827772881
410.72137727588415,197.90668558769113,10,890.1302204239704
410.8811070099473,180.83351345914446,10,890.2745276327239
412.5767333880067,177.18616881786022,10,890.3454634629913
407.5551221743226,155.35912387017254,10,890.4684750197437
406.14428893476725,157.88624036836364,10,890.561710590256
406.3568682447076,115.23083239234904,10,890.8054412761719
402.37646243721247,127.57404024100254,10,890.9210256246413
412.68656585365534,138.63684945701203,10,891.0386227535354
405.7776226773858,141.94796317324352,10,891.1492234613312
399.4759278073907,147.35005144819246,10,891.253791723445
402.5537423864007,150.55198608858694,10,891.3748233558946
406.0826957002282,159.1452319886618,10,891.4972781652419
407.7331455722451,159.5967518807584,10,891.6020012899843
409.43813214451075,148.689509287588,10,891.7297684892645
407.020189858973,158.62228269434297,10,891.8430310324441
409.99835047870874,158.81861133015002,10,891.9767863074646
410.977282859385,167.46391622256112,10,892.0955412229598
406.4617370143533,164.11430991625014,10,892.1864598254194
402.1804045215249,165.91056356969892,10,892.269255024015
398.83661279827356,163.25101964458008,10,892.4159915139317
394.508229829371,167.6813312146927,10,892.4970492819095
395.11191127449274,166.26000875188015,10,892.6136016305541
394.2317839637399,151.21429337268341,10,892.7423649237376
402.8865767493844,160.47354995149004,10,892.8734680075794
405.19081173092127,163.94561982364456,10,892.9822910432691
406.52665803581476,161.34857726281933,10,893.1338542113368
413.7414989247918,180.92863067477623,10,893.2226258664269
407.19658563286066,172.01180291665617,10,893.3528569289317
409.3220143094659,167.10650390035886,10,893.4389972207426
402.01199624687433,162.28925813869944,10,893.5475430806093
407.2904414907098,169.0789964816227,10,893.6400367621944
412.70170447975397,176.14473994249624,10,893.7091380667657
414.90822503715754,171.32786654787918,10,893.8252733523988
402.4596147313714,158.17103792766864,10,893.912320409104
397.9376578107476,164.07486018089537,10,893.990434302614
407.93678805977106,139.84154907452302,10,894.1928925444114
398.8672041669488,131.5043153758981,10,894.3326557332872
403.53713700920343,139.83595466915108,10,894.4451892958291
409.13010404258966,152.2392352712123,10,894.5369873904127
406.0327279344201,152.94368578713,10,894.6402331891361
399.019128061831,156.86758105714455,10,894.7180236275005
403.585055090487,164.14600959213266,10,894.832630523894
396.1524216905236,165.9157569904218,10,894.9611421474511
396.363359965384,169.7843940076251,10,895.0577699952162
395.15684513002634,165.2512692973193,10,895.1758992986403
387.79152397066355,151.25387229923257,10,895.267512218764
395.4967785254121,158.70124497062108,10,895.3626083371686
382.9093494787812,163.31288367084642,10,895.4781733286857
380.2517321482301,161.3377943346381,10,895.5944007662848
380.0010370090604,165.2119406340051,10,895.6977789095857
385.95263231545687,162.15571786312398,10,895.8018197195975
383.0357266739011,177.57275756784946,10,895.9015267023584
381.1674860790372,174.93939211544108,10,896.0169004332555
389.04739559441805,185.3219549744092,10,896.0923012961298
394.8465303257108,174.96490388584112,10,896.1983121188958
394.88330616801977,168.6395836280833,10,896.301823003369
391.47647013515234,162.80106678457707,10,896.3827349023566
394.24258460849524,155.1945798930832,10,896.475626783794
392.6799551472068,157.69666630863935,10,896.5792506216881
389.06943836063147,154.93113729052237,10,896.6950440514462
387.5610422119498,161.2524420363237,10,896.8251939974045
391.8460320457816,167.4985256659815,10,896.9274443101104
390.38384046405554,153.0635520117059,10,897.0157925738619
396.9485448822379,147.84568014937918,10,897.1396104104538
394.333233974874,141.02317607944707,10,897.2880241213019
402.5265008434653,138.35984408140973,10,897.5913717340147
401.0182584747672,133.22055715777645,10,897.7646732881905
409.0043014511466,143.36226719150244,10,897.9691434642688
414.51470317691565,147.58455611220631,10,898.1099251962253
414.391127191484,140.03085528198062,10,898.23847172362
410.132410608232,133.41983641605856,10,898.3367253902176
408.3895102366805,143.73097539102815,10,898.4215835944532
406.23082526773214,147.93220165260772,10,898.5326780149586
403.8226657733321,149.53945115716567,10,898.6905842964463
411.29110725969076,161.17496035035276,10,898.8050811230848
416.159519277513,171.03042765834215,10,898.896642463527
420.67242106050253,153.84808374782966,10,898.9886671680969
416.52915485948324,159.81338898380807,10,899.0679281789892
418.03930159658194,164.17410780491934,10,899.1482740984732
412.976816855371,168.09220251569099,10,899.2214288732495
409.5549873933196,170.22594388520412,10,899.3616609779732
413.2144012078643,167.01304964725261,10,899.5097337708928
405.95122047513723,169.65993857704206,10,899.601065335905
405.03909357637167,158.28861737611817,10,899.7360836837977
405.46026729792356,155.71338684789345,10,899.9070272803777
401.94642924517393,159.15412521029594,10,900.0432140344241
399.3353309556842,166.2180309759434,10,900.1782103491985
399.85197507590055,182.53923113517408,10,900.3144812953856
397.61122619360685,156.11658821483076,10,900.5101928562871
401.50978337973356,134.54765820682962,10,900.7827727209221
429.68744146078825,160.13983385726,10,900.9577582730888
406.9279066249728,163.49587432081898,10,901.1036323249136
396.0751854106784,163.90753357186793,10,901.3801746102074
384.59463845938444,163.42438939758927,10,901.5696186360833
375.109538666904,167.9304160413766,10,901.8320766857889
387.3933311626315,169.68571181734785,10,902.1809569317895
