806.5,516.5,28,68
808.178634954614,516.0177682068663,27.44528374448905,70.17134463256242
808.0759646813844,515.6790045713277,27.89768773401283,70.71342870793903
807.3102779083873,515.2036341832302,29.110218123907785,67.97591417407551
807.3683601989524,517.7990085289636,29.58190214650322,66.77768867596828
807.5532684040372,515.8977397303746,29.560461861430554,66.67978581866296
807.7237576010929,516.4717659847266,29.40141616997987,68.55454257700303
807.8852153847621,515.1990188715059,29.38219160238785,68.99171513672698
807.939335139427,516.1029027162369,28.36696377032316,70.45574987264948
806.983182542899,513.0743986028208,28.161439878982712,70.451572739527
807.5780519069689,512.4299477732374,27.36242604822762,72.47087555702659
808.1337562174973,512.5769038656409,27.340216850960896,74.02902321337551
808.1225545786972,511.4743740446538,27.555003969241156,75.78060586012
808.9970512894339,511.7069254606898,27.46357673753371,77.24417450727324
808.2106926229188,512.1924266829834,28.710021642528197,76.81028066282558
808.7602034794166,510.592556937237,28.334323274716795,76.09613861401984
808.2464887004651,512.0822073022917,28.17585750886655,76.73534622283864
809.1699540716891,511.22720836432495,28.13260241796899,76.07548225757046
809.011520894518,511.5815166837765,28.357284660835056,76.28484956785184
809.2310284211682,511.0722834587374,27.902480463793545,77.31218510339096
809.6857026065254,511.4041228388104,27.569459059364924,77.85922819364012
809.0567933355447,509.76714480939006,27.92902088221367,75.87777024338655
808.9149343088578,508.7553488499848,27.67893922769806,77.36252162989423
809.5474382529778,506.64415816982944,26.873879640773424,78.96221541200364
811.0601398377562,502.2144431447181,26.46541506222011,79.35307284564924
809.7997680852473,501.16910036058306,26.579528766441314,80.74547039044738
810.5570402075359,500.72118140840644,26.332457265852035,80.28668390419851
809.7744561157599,499.5272749076113,26.13214743445807,81.10168172596403
810.5282670407025,499.6420456140929,26.053903736466445,81.31873055777076
811.5281586102069,506.63707149126515,25.2973158927916,83.56522245882181
812.4770310079564,505.4987424688467,25.228498971857725,84.89543253517579
812.9883520599951,500.06178848990714,25.94772727107015,85.0537624138313
815.6061342742012,499.55963182660673,26.306039681342195,85.3125161076539
811.047647642174,505.1220460886625,26.649858686668583,84.96376103935289
813.0073076609632,504.6281691567626,26.952677530773354,84.69328278645342
813.9301785021607,500.25426086193823,27.623463739537428,83.28208181323599
813.7223762316149,502.21613278975764,28.13045527683854,83.14453156683489
814.2328489838458,504.3106407004873,28.115852898673978,83.89297950575158
816.1376334000503,502.26676596579597,28.459220048015368,83.79431711752923
815.086807621273,501.0445855404668,28.920427088434195,84.57051752964995
819.196338914435,500.8767536491079,29.40495775619963,84.54758653716785
823.1734786276864,495.9791501020702,30.008060913314853,84.9531976458306
817.0095319471825,498.4453916227001,29.94753893771384,85.13579543800599
820.0889521250463,494.43973843739354,30.22018471174718,84.85029356582115
822.9366627932101,494.8541690488882,30.424516469138993,84.69823456079227
817.3072819812439,518.0683019503197,30.84752083751704,84.57370639831008
818.2002790025311,511.3298125702154,31.012699027570594,84.58299755170718
817.5038726503626,523.4110509700542,31.286393518254,84.33919140632639
815.6982888573154,524.4988296950935,32.01609471564601,83.606785072619
816.1204205362052,522.493097019515,32.733943689256975,83.05731588016641
817.8022919658331,520.8362590551606,33.10915084411539,83.04383836458504
819.5163920999001,526.5963359276332,34.00696557155638,82.21749889728879
819.0396740118706,525.7973138117171,34.57377797761673,82.19293756691091
820.3173777230727,523.0236680632684,34.87707345323815,82.81985896187973
820.5707380199967,519.2017561430531,34.6383453260782,83.72418704806813
823.4087815209671,522.4055373789536,35.21740148972589,83.46138613861473
822.2853645603091,524.1582289674492,35.651400313729056,83.12151051663129
823.2959080354552,524.3237852536129,36.04778310335059,83.29952073321009
824.9627658040467,533.7435651293792,36.88843213297063,81.81939701683368
827.6813825505427,536.3945512717751,38.10058886062083,79.35012832243493
827.8027005347088,541.2786645405688,38.644257068142274,77.27358126253931
829.8185930806965,542.0198213666986,37.92102829444991,75.95797013410711
832.2735688761625,544.4978364793524,36.70393420740894,74.9938265245528
833.2886907517584,539.0485310515448,36.56583811647257,75.63062612375916
835.1375833421813,539.6453943681843,36.48174927237296,75.72853488457679
836.8189778088242,540.499756733053,35.34458370830404,77.24112077037886
839.7806938063538,542.6171693700226,33.914602831714205,77.36644821784459
841.3515098433118,543.2793609442734,33.81433375866792,75.5403360578072
845.5484813503492,543.9130409309241,32.63192286052939,76.43483297423053
845.9434374987743,545.7408881066282,32.14577979452176,76.2833393197678
845.3683017791,545.4562724371548,32.05139467106518,75.88913810828411
848.9435720307401,550.6061780759783,30.8115697477715,76.73526665760261
852.4204335612048,549.2509855952898,30.601170489790142,75.202525226615
854.7467710380197,550.2213940019575,29.723125844311753,75.09079471699059
857.827398593481,554.6633463715325,29.498939195760737,74.16653238811881
859.3756760681018,552.9535909863409,28.17378946655088,76.35463384720745
860.9048191923251,554.4415191255569,29.67018928759288,73.5060504577936
863.8912341860996,556.0426050171994,30.209092355158667,72.67895377636094
865.1597756340899,554.5224014355842,29.67268847529137,73.54149734172141
866.7271449394306,554.9144320251795,29.058408562882736,75.0571831527347
867.5155659071931,552.6584223912732,29.228484590385605,76.0844409440306
866.5217229649836,553.5128242628053,30.344425067223337,73.78989431013159
867.9301990528553,551.6490989989155,30.518074669510273,73.11428058696524
868.4234229740574,550.7161427107353,29.723244092449658,73.9540461553833
868.4227872893272,549.1954247418751,30.035629475105207,74.20225513578278
867.7309195411583,549.0592969879924,30.699312192722154,74.86557400590794
867.6501201867368,548.7090697542947,30.658746341008808,74.4591139530398
868.9560693765177,546.7610587527903,29.98790468981008,73.68152812981563
867.9811613259469,548.7228300747278,28.769550815670826,73.88771571055008
868.0676794546644,542.6202466528703,28.16189745608972,74.01692239496323
868.3000437437737,541.3780390881612,27.66614172101145,75.65581386896685
868.2955940727742,542.0391296000132,27.057631058871422,77.55107964930944
867.3600716890855,534.6420172106185,27.5649939138266,77.24796575164623
866.1944478689354,536.6253697235435,28.108528145656635,78.48588680917034
867.422263410121,534.5929827875661,27.086383167297097,79.94584162175312
868.2084312805523,532.2358871535106,26.878855509015008,78.51513209106646
867.5798574904011,534.0582731936037,27.04976124800129,76.76478337647332
866.8942014832372,535.0905984349068,26.677825753326335,76.85790805751756
866.4982480503153,532.3396685862225,26.788493908289794,75.86318333945036
866.2945252650856,531.1171020829481,26.283385035866853,77.43677180607071
867.6629410273905,532.1446373915221,26.05842127286892,76.385985928417
866.3805143622623,534.0423585056377,26.487857141730096,74.15539355370157
866.0447374584643,535.3651924568347,26.075761790848148,75.21156319098024
864.9030771537192,535.8980361129926,26.204002558724667,75.5347186997858
864.6730660622687,534.5065818061711,26.48184022424197,75.40563380985837
864.941175483064,534.2350428411056,26.630931686816467,74.03194950720868
864.7723279418874,535.0471238849924,25.967059047802667,74.72030840027008
864.1256581649607,537.1206256531052,25.638118123178643,77.16447279083275
863.6788875715422,535.4975985419532,25.455331628474134,78.73082389671994
862.8477649115612,536.5562634044055,25.72006808880178,80.29955030890035
862.9650806026597,534.9211978093259,26.339113502564185,81.22434029346248
862.1056056755983,534.2143363207273,27.04235431413789,80.14022596559079
860.9457369863283,537.0714544749535,27.444017561665937,79.35884287903177
861.0541229437742,536.7948168265149,27.81919028168852,79.6966698857994
861.475341531053,537.0804920354071,27.785900465071542,79.68904732369731
860.9372378699995,537.2595772702012,27.412956509636395,80.4945733815901
860.1184737179055,537.6834984983877,27.002118028775044,80.70239439167062
860.9623786140967,537.4588701416188,25.882193396838943,81.33886904112813
861.2368903455756,537.2214228121524,26.17032634886654,79.33821066432503
860.7408183419951,537.7533042348243,25.918392554323173,79.14225914119334
860.1290726925582,539.9732012045248,25.692834499597513,80.29105677741488
859.2971219666683,538.4343615128976,25.874715811682933,79.2735670932866
858.2778478482154,537.5521661681379,25.47732831288645,80.02866386896468
857.5270067634273,538.7710127417129,25.53289856496687,80.38688870963821
857.7152469570875,538.0799299683991,25.468300226491678,80.7002912386112
857.1809671867328,537.9180049598291,25.059647695782314,80.66349324955065
855.5940923236885,537.6254688717153,25.43805616859035,79.55100189676367
856.0475799090844,540.9041421463869,25.791698611590824,78.18539633710533
854.9678251311682,541.3746855646698,25.75190477882789,78.82534594901837
853.9716749657348,542.2098314648917,25.96486174307167,78.8956573571164
852.7996809264372,540.7244336610053,25.743156204799725,79.00074509059114
852.504400348878,539.589223166648,25.291289700883446,79.21499680783649
849.8119308384614,540.1830609289466,26.48595066843295,77.62545317830468
850.2832173851108,541.4960630684499,26.099875268195966,77.76623356726701
849.8625420621275,540.466040168881,25.350657014054224,78.39656313696591
848.9072623377155,540.3052701301542,25.428202809123228,77.66352312198941
847.3619631896976,541.9549262288525,25.93949211849506,76.97092708059864
846.9156860700243,540.6664986463052,26.019079951496224,75.62463647466664
845.238059031132,545.0912541987767,26.38978450688098,73.8260916325409
845.57747106568,542.9754805102061,25.771318548600163,74.50371587964666
844.2321351980777,543.2516247107774,26.019638227301638,73.89918228999966
844.1991999873952,543.4337215522917,26.057912435743003,73.37356240550852
843.5899648893616,543.1863379847159,26.295311159642253,73.3685048081178
842.7441188710146,547.242713540546,26.28252648220211,73.13390034486474
842.1630446484195,546.2915410119994,26.471124607720654,72.336442049602
841.6255471324048,549.6592108134506,26.113304684038752,72.6927572242263
840.6743987239435,546.1695023361789,25.79542838046266,73.06265183608804
840.3820373944108,546.8780087684306,25.971256202625533,73.2394660999948
840.602906447275,546.1375976562487,25.707162290069327,73.58930413723257
839.8126537807758,549.7704494884435,25.907802572752015,72.69207543316998
840.4561356184354,547.1254851775179,25.436240451540552,73.10074842834271
839.7908874925188,547.949426508327,25.67397459075621,72.01543842478674
840.8854429197986,550.8521239045934,25.413162328764056,72.40241166280188
839.7822410668185,549.6388211114831,25.61531956141182,71.90346631136971
839.481349669978,548.5567298697108,25.76908293995251,71.84495845105772
838.1869915522063,546.8432379401951,25.745875242466738,71.60159914945986
839.0282009012546,550.1036335999536,25.302256950826276,71.70766654118552
839.1910967565684,549.1775822999687,25.18058036275535,71.68581830211266
838.799247523882,549.4795706137973,25.204762946589895,71.83480021060358
840.2968904904318,552.906958424595,25.729389733216642,70.74110437721616
838.6020367990543,553.422357867208,25.65309655902597,70.89554623753443
838.9399761461851,550.845497879613,25.31796778417869,71.4358385737169
840.3512591835298,554.1680214239029,24.555218546800248,71.47063300353929
840.3775817299819,551.9733772700167,24.33637517046221,71.10236630337712
839.3702215381837,551.499874852009,23.95212566537142,71.90001231549702
840.5732618304293,549.3973132199953,23.833485380867966,72.3694161371568
840.6558805749153,548.3274648563693,23.938434375755953,72.19368818369924
840.9976987822181,549.5002151775759,24.114937092696472,72.91221771172647
841.2387928697397,552.3852857682111,24.406934396340716,72.99745468139606
840.9908457848903,551.8476338595806,25.01319970866502,72.82733863877097
841.245363593322,552.7264200161329,25.344145528531076,72.46622864694768
842.9942639883797,553.5020275266647,25.147301226071498,72.52635295655718
841.6628641276006,553.3897405967915,25.154580031644308,73.20715864880795
842.1337671224212,553.5384062837427,25.95471430193667,72.49784196697372
843.3187133702584,553.6647642492635,26.182588682483185,72.7665581972633
845.4649949530353,555.1327460880894,25.871510883750382,72.78853247546775
844.4944838841428,555.7305358819038,25.41323578413934,73.102899710959
845.3385221109154,554.6187022837811,24.813485546338093,74.01120683792956
846.7351272391423,558.2180017192907,24.443298275342578,74.4203016390907
847.087500037934,556.0940082791336,24.647719848283902,74.0852606797441
848.0398579816996,556.5067384948377,25.02972972025893,73.01524793405444
848.5597424451615,556.8637347439419,25.2184771335907,72.6182812761286
847.6214076417605,558.6899809506392,25.43473848195471,71.90912296536459
850.1267791511352,557.7113336272938,24.376063315225473,72.46747335336549
850.1555602376231,556.7633508287096,24.679554996476845,70.93307911014088
850.7470149364042,557.4967587527411,24.3923408084178,70.66583940152785
852.2585938643186,560.2448268426956,24.933994659131834,69.58022520571916
853.215931446412,559.7564261246393,24.39264365075275,69.29387499617141
853.0733797354561,560.4740482614618,24.666302967828994,68.8665577826537
855.231111007299,560.73277696201,24.83365902765898,69.04055383843584
854.731136956084,560.6439141873244,24.806996755638238,67.93365886435433
855.2503049001756,562.7813854684766,24.615583622696406,68.44498692048856
855.8647825357792,558.4147152733723,24.77840622452844,69.2224843388956
856.4188235649794,563.7705993721545,24.851743657895934,69.49935597287413
856.4723340628987,560.5373459550158,25.01562866338697,69.65221935164618
858.4534374001735,563.0221176983047,24.42415381943431,70.18230536259651
858.2835222575245,561.3148023476763,24.618234863618476,70.29038079270468
859.8025862918424,560.711616996609,24.25012451425135,70.11226267380943
860.8932535823791,560.5051119828354,23.814566705677137,70.5101953125114
862.2025091819633,563.3083911662687,23.697653387825945,70.39326430694223
861.8686339120969,564.2558766233617,23.89203739880918,69.8234509159116
863.5565689571915,564.5402628263486,24.053903009227334,69.09433420728352
863.2855521297892,564.2108277946699,24.180416383432323,68.26867787484325
865.5263619506155,566.7925536457097,24.25628422957274,67.2978106873814
864.8878497307309,566.5965102336688,24.345273896469074,67.34082657502184
866.5494176327185,566.1355613867605,24.125400040125733,68.05941950122974
868.1473966501507,565.2987219276978,23.237854557141127,68.36021045033826
867.9781697477565,568.9041141787541,23.677599832159117,68.0642079954973
870.223108829946,568.6671599929117,23.316952643884804,68.15419525059147
871.6369577808708,571.3102187249647,23.230021267303705,67.79806044868664
871.9162008006117,569.740302969448,23.459510717915208,67.16011547999894
872.8044061985872,569.5126631212855,23.59592681767795,66.15661345711605
872.8320743065166,566.1610518006335,23.96623011197408,66.78193092035016
873.9714060840009,564.3801077753038,23.909013786390787,66.88275153288376
875.12701934598,564.3587363749701,23.905742527477702,66.67802821640758
877.0305344546352,566.7076893049345,23.591231927247875,65.81536319739054
876.7120512447151,566.1325452275764,23.939698485132578,65.39087851732887
877.9673089643887,566.6972997177897,24.015179673592833,64.958437214877
880.0875690005911,568.2689002297342,23.27325269315294,64.97009001178893
880.743818838748,568.5264560620709,23.68601947344311,64.15319940476886
880.1724784858382,567.8261365618237,24.730577724083084,63.35141483272302
881.9186487365774,567.1526935639114,24.7340689505861,63.47686373195192
882.6964969548415,569.961136855461,24.14583147745231,63.9341315258365
884.0936841637221,571.5644603313831,23.527661741087474,63.956367840441146
884.6946612790396,570.727613127463,23.69580884311688,64.75594785409346
885.6183434066082,568.6048138179317,23.309330827985058,65.9086044737204
886.6516646961423,568.6522400136523,23.26612646417263,65.8967789086609
886.777309591808,566.39810404134,23.59344149023174,64.75506792405575
887.8833467560291,568.8999632933478,23.302039816895142,64.54512068697738
887.980643741555,568.2522669506387,23.426134417296467,64.1811654805882
888.8837413452162,570.4431146610493,23.10753905967492,64.10520374049207
891.2158910046369,568.3103596212566,22.95744185875367,64.58049236736446
892.0520276908338,567.4698862091443,22.911780076745224,64.66469656158418
893.1485193236165,570.599646243332,22.873022399024684,64.58220371870321
892.6547087647552,570.9605001552962,22.604366432396503,65.6820243295281
895.7127505415134,569.9682629180838,22.294571598057534,65.72353925691002
895.6324985202555,569.2981109996565,22.245310832156882,66.59451603139627
895.4662212123867,569.6454363172728,22.345955010548934,67.80947316422258
895.6936521172197,570.4296799770298,22.407003647526768,67.90528831300844
898.0253536705058,569.3246270427769,22.29601114352426,68.61819834163228
898.0997008841582,569.7748578616076,22.64495136549622,68.88805101595209
897.8059024002459,570.0119073029,22.666037536773644,69.65424504012844
898.230687096288,571.5617939061732,22.955754543577395,69.01310692536357
899.9942093226039,568.8823790654131,23.509127247164997,68.47399406385394
899.334887291978,565.8910955527647,23.454132678503434,68.54988718091738
897.6354683974203,565.0730567395975,24.12813697915442,69.11753152249216
897.874887327268,564.5511710823899,24.28870872114748,69.19457122899318
898.3291359770491,563.4124376798705,23.99192751321808,69.08260226590468
898.7950772969299,565.5395436218143,23.70124470065077,69.74928357430818
900.129562768944,565.0690175590843,23.738516556381473,69.05483586475398
897.8553123609151,567.2489764633856,24.434785869906165,67.13751496853558
895.7933567523462,571.2251175324827,23.488878113502864,66.26924009352489
895.7826382184788,566.680491977994,23.360107259374814,65.68653037181356
895.1578669996717,561.5275617626783,24.06718615595842,64.91207044416879
893.394839119204,573.8422835402854,23.268885837792126,63.5380799986958
897.2386497888912,570.681950077106,22.87853527325916,62.31547252243618
895.7121539917416,571.7122394680898,23.387082544972174,60.54303591495087
892.0339372740204,576.3407661575524,22.467173588446773,60.48236410493447
892.8137724935449,581.0076542656197,23.150108358748454,58.98099870117776
892.0522422013509,580.6168038292498,23.768567786424885,56.79124256937051
891.2315415881043,578.0425135905236,24.18092850941624,55.716909781594495
887.7456157480533,569.914892100831,23.238470687870134,57.289000562188136
888.3781771671762,572.1604865958365,22.810415155665993,57.360352580173014
888.7694953234411,570.467274135593,23.88288686582618,55.86819549992742
890.3592206341516,573.4133056412788,24.33281527844758,54.70631990463248
887.5044759338565,561.8579074502381,24.223521872641104,55.41539242501942
887.824536370226,564.3104696503588,24.228628432153037,55.44983892855639
884.8904529042505,560.0760595844545,23.91969089099002,56.04547199524047
886.6630371361307,557.6623317839864,23.198360422758892,57.22294633587684
883.3182433367739,550.542973995153,22.459694847644347,58.238055803924425
883.8091493360852,547.8178192594186,22.034253763004152,59.750644499789146
887.2368430774412,549.726431088717,22.76434792396885,58.53875011632337
885.4656942804439,542.8600889021836,22.884213333744217,57.97571725001043
889.4548185221446,554.8205275582502,24.049262999451688,54.496471255015926
884.8199573725122,549.7824118044038,23.88484032496157,53.87128007136353
885.8082670924935,543.843245504895,23.84050082941904,53.801183562715195
883.6168855390915,545.3600096491889,24.453626828373686,52.948180815432835
886.5229999914546,541.3225764865456,24.735507458864824,53.16706436026289
885.2909501549977,544.1370767464483,25.362727043925954,52.034627275058185
883.9378151617863,546.0082001812434,24.49108016976848,52.329111648601554
883.7417656012366,541.5169551064037,24.546160950041852,52.17382828448711
884.5523935103788,544.4681952377776,25.429965566098907,51.169675849192856
886.0389542055219,539.9239409305035,25.816792810913988,50.40961173272318
883.1107407516471,541.4400740031335,25.052738704411816,50.75190713569605
882.9758977516485,534.9972529857166,24.882057661390625,51.42281318572748
883.4654512790202,539.1883136188947,24.80701162606795,51.60964447979641
883.193839331873,537.0541604321803,25.136404080748065,51.63142604243396
882.9852411940117,533.1448931540115,25.24326400507612,51.575837502305546
882.6614778795246,539.7145899226491,25.65456200410361,50.6221968336826
884.8662903270746,531.8602892071432,26.029688524256134,50.59733211631796
880.5817766520316,536.5451880957695,25.81981286683475,49.85916905128464
882.3587708451151,536.883577084463,26.16633336128308,48.64704289694149
882.7998905517478,535.5704305383773,26.238468261372155,48.17909889995585
880.8974066626267,529.6032286897369,25.930520046877632,48.288571452522234
881.6885064977312,532.4727934336631,26.20825089195803,47.65423742060227
891.9655771873254,539.0487418215304,26.96254113813573,47.00781664279262
883.1900276849062,530.3095623669483,27.024718023833344,46.75441934162973
872.7808244713959,521.7486616321318,27.030544342211467,46.75373851145806
874.5637007956241,516.5240957544543,27.14348284251311,46.63945855416652
878.3840369324776,524.0621282740273,27.27841910838744,46.33604423370953
875.3073075495773,522.2153202684851,27.966254018597034,45.69919874271862
877.0488207475745,520.5271897314498,28.107885491941758,45.64914665493932
877.6704222879753,532.0187183713779,28.11317512888306,45.39101536995614
877.4948281722562,530.0161406832799,28.329378732955046,45.11920083648424
872.705354682146,532.1834695299111,28.248302023905666,44.967818366000024
874.50658084094,520.6149440209907,28.16398954548972,45.115109938650406
871.0191729200629,525.1354099141735,27.742271421179506,45.41579192181616
869.5264528934462,515.6470049648137,28.002046143526332,45.58403858811387
870.2077234511556,525.7843102268396,28.026055096962644,45.377825586034724
878.3993403207622,530.9462916749782,28.08656792452197,45.264017223143725
877.5498896384474,527.7761361010872,28.037406320897457,45.33863184535206
866.5897219150978,519.0524404541379,28.435259849261712,45.1652727120045
864.1212111361301,521.1449481852517,29.062630032380213,44.79005119890414
862.3469105597983,514.4508827844439,29.278971053208007,44.80567681253133
864.5051440288205,513.1636593324603,29.932666029988837,44.547329050208496
862.7004630040583,511.9449279972572,30.84760964918498,44.151883328662095
866.2500392295108,514.4524498931349,30.92653012766234,44.31396260666981
868.6636571289016,516.9578638036487,31.261663580131817,44.17949138735722
864.4808662809509,513.479220256105,31.813589899599044,43.82668460274497
864.2014911075441,512.2665000933682,32.426718312624466,43.49735536454374
865.5284458212881,521.9432093393286,32.74772653535938,43.29707789435124
866.9660892138472,520.6333544564446,32.88052905421136,43.191897189614515
864.0921105514419,519.1606345694325,33.19458983742655,43.15284847639509
865.0201956413454,521.5700653514942,33.35979006853871,43.04385438968881
866.8488423585137,521.5600352571563,33.68105541296504,42.94260529796912
866.1309172470417,522.2005074137021,33.91066498191728,42.96475012672317
862.6325546618552,517.7143921820627,34.03242496140284,42.99501739420106
859.1768197862724,515.0904320452249,34.464406339765645,42.867682083159856
862.2922099903213,515.736782438967,34.53805593960247,42.84745117387246
860.7498976097976,523.2283139797282,34.5270481475492,42.83205471832655
860.0631572279169,524.4009531788622,34.47570217009199,42.95481607111156
865.3031326463945,518.9322798540371,34.19897646894009,43.13245050152345
854.5088359662061,513.411960866373,34.31652147421426,43.08579866667095
855.0635269340061,521.9196290256997,34.174817549078064,43.13445961669439
857.423251400392,529.4725954036394,33.969468214237196,43.27153928909869
858.2057332548509,522.8880447988627,33.550741878671516,43.59786706115204
861.3990770185268,520.3650676775701,33.74918456601084,43.52371746767756
858.4601520183978,517.0388116933035,34.29489745841965,43.35923381548337
859.8970229145592,517.2445771060034,33.628923629506396,43.49356310179705
858.5968295401897,524.6442568536057,33.46227942388437,43.58172535036663
857.0902789721725,519.4614727349608,33.480952163693686,43.57123310181676
857.9816840929201,520.982600825927,33.25751756592885,43.637055638069704
859.7056802503434,523.7295851768602,33.31277751891955,43.61492159577995
860.5428773585605,520.1469223562325,34.60574189165784,43.06920817072052
858.9283923686589,520.3827580376153,34.67104657681368,43.07768142789657
852.240748385057,523.2783161486942,34.79515961725981,43.0735081645705
852.7648310745392,517.7036262841762,34.51613096515161,43.1374892195954
853.7251466287877,524.0285111719356,34.333512528125205,43.18145647410571
850.1626601087168,530.3738257546175,33.72545286486748,43.397941337672485
856.9675274153007,520.2831867891828,33.509377843374544,43.463794158678894
861.3024196012907,515.9527823037122,33.37628895174115,43.482771731609816
834.1951153025656,480.9297474824916,33.32063387731642,43.44579541457819
839.0274045844909,472.4142676864948,33.38204084050428,43.345340593119715
836.516698676305,482.00047329679677,33.295014641891825,43.54745635005484
835.544159823062,475.4183424319206,33.056770157139404,43.88094186520753
836.2919191305415,481.0643049173221,33.5494680615364,42.99776266009067
835.0860078441311,481.321379271838,33.95627740689428,42.27507695362138
834.1925454361314,481.7958424447495,34.17938567550004,41.89120544168734
831.5303246919216,476.94684756994,34.160042354807146,41.925583779258005
832.7549530664796,478.16726250902724,34.16148350455572,41.923285538275316
831.8931223168388,480.9863773844543,33.70238929514284,42.75369849906062
834.3846630111543,479.51726477403867,33.89686632860057,42.41569481516777
831.0578090055808,483.38268079102846,34.10019258391859,41.96827571453774
829.6997169459219,477.4273557179789,34.67622615620887,41.09998375248255
832.3660552868093,478.7927932848797,35.62909816141521,39.4768647565289
830.9547402645026,486.1696116655793,35.729745250096215,39.315628545972004
831.8229778511136,486.33426892498784,35.986740388038825,38.72269120677759
830.1829528844562,487.94428203569134,36.25106232452762,38.248282851886586
830.6086865534967,480.15450336820265,34.28265913725688,40.91753516367061
834.4700869071445,485.39403623754106,34.76822291665564,40.45466281488638
836.2061632675147,482.1690000768499,35.14441213774858,39.9333925726396
830.35631190937,483.8273477688438,34.162509514987626,41.14843070153013
830.8323325579943,475.94360612554937,33.12210456282774,42.525965143209426
832.3669110286093,483.07999700870226,33.05223331953471,42.626379025096945
832.0517305027382,482.8210784384375,32.046168280082625,43.82933531769562
833.520202569037,478.90423421513384,31.987990922616323,43.9089973513391
828.4902624132345,480.63809754475307,31.02728903512463,45.4478777477647
831.2690665749147,479.9356969275059,30.54590265466576,46.400371281148196
828.0334593007263,481.9092339247178,30.493332565591277,46.63266769001414
828.2446802178187,483.05415917849314,30.58828420121723,46.747854108732994
826.5760449353103,484.60202812682576,30.998113407667773,46.80685225409047
825.1172261381491,482.8977911355559,30.986371300375648,46.95338480367728
827.5816166811326,480.26703102214026,30.854146687187054,47.229346997519116
829.8577874207152,493.031752407667,30.864287565046933,47.209955953760556
830.1416134929708,484.6903192730605,30.769718260978348,47.362451510693276
829.9585530509411,481.9538868715798,30.098394553515593,47.917180670649316
828.791435223006,484.0201687491093,29.85960236018839,48.6878657025165
826.3275267262695,481.54959220859257,29.947258983788398,48.8684144019887
823.6495643982539,479.40374700555515,30.32343920546283,48.73791891023638
825.2705036420092,478.5459875355344,30.362338649165544,48.796003505986285
823.6655283904415,482.05128362618586,30.36931817070318,48.98125835913771
826.4779558619022,481.4073163479596,30.007231973204185,49.74689076486395
827.789422278681,478.4644159989869,29.409721712736268,50.51308544474282
826.3250029715192,480.87097509514734,27.994686349398435,51.63135038535654
824.0215236134388,481.2525564023874,27.41168410898587,52.560075507196906
826.1273212536776,476.2340816404515,27.595879882280354,52.72799980066103
821.3707946436982,479.33691876510477,27.83147967969263,52.67378143056595
821.8313605148885,479.45101707989716,27.91398298617835,53.000330296300476
823.7510220982548,482.94758109349704,27.341510767779443,53.59336578991373
823.507750078434,485.5669537972368,27.543208680387842,53.479681417590484
822.3508280242144,480.6014522143296,27.749311909768224,53.64643955014072
824.2948471152823,481.04553715981297,27.71291299841472,54.10610746492195
823.881625041655,482.3963997921363,27.39060517156366,54.3078896713598
825.2594946863434,480.91358996045847,27.100331427841184,54.41841347137322
825.075409716327,482.8576247981213,26.809695878333713,54.36828377369339
822.205594327927,480.71402048276883,26.78172468827593,54.98502240508502
822.3102863678273,477.9083211782942,27.263243080017592,54.671730290615066
822.4583625728995,482.0362385274205,27.390858176949465,54.50277913728435
822.9074095672913,481.6766621939716,26.751410795564897,54.984776187898774
822.0624751826399,480.1854914979534,26.020378981600565,54.910631927011515
821.3507543061784,481.07909520385635,25.869149942897515,54.875312313514954
821.8291418012768,480.5725645793193,25.452381292250614,54.34933848072575
821.5928632855838,481.31624255517704,25.90050932272267,53.962858025874496
820.8980927037994,484.61355306930864,26.047106126511952,53.125563123709995
819.7877918370641,481.81658375752767,25.338728463162624,53.2466623918032
819.7370404548833,484.2184343540874,24.96132143700843,53.8529214686117
817.8154231589355,484.36982445297895,25.015634434284213,53.82203954048195
818.2058570635196,481.69179376294034,24.827429436395235,53.16662535750978
819.0670888107218,480.75686069228516,23.287102403129683,54.420193478934124
819.5443330346052,480.2248953167125,23.472039233072742,54.84144966476419
816.4425745337355,480.53624907449375,23.637431673502288,54.94508798631796
815.9230294330632,480.36149669230593,24.154297269763532,54.37940282883764
816.3838402638868,480.2005932613152,24.353150423484866,54.43023702169451
817.6092774285337,481.9107719289986,24.330161864988934,54.645170070620296
816.159057012044,480.16564068484195,23.583910183548877,53.965607958713946
816.0988261272387,480.39764613122077,22.854270661026064,53.439320881397464
815.7587685511043,479.4526909506808,23.10750044685495,52.9539518159027
817.1657567900302,482.11300667772827,22.581390084573286,52.150054008200556
815.7161706906004,479.41607432251845,21.889080359375892,52.08589612416823
817.55456992648,481.3999240454875,20.707699244107715,51.743374300071586
818.9906522625618,482.0245426509024,20.35948157244774,50.747738193262876
818.4403987973691,481.9790779386705,19.853775410029147,49.8043236598256
817.8809051566413,481.6729697645691,20.031718956934192,48.86544416471336
817.8688917683598,479.4110838704306,20.065313700181758,48.32463122093469
817.063430081514,478.2560087611229,20.281839338277866,48.15007050777211
818.6627083785485,481.13052161502105,19.308067356864434,47.67812915056177
820.2389204452528,480.3063920188608,18.70149421565859,47.73422954847925
819.1233917066064,478.6736899671073,18.60910112761323,47.11206994654191
820.5511338593265,480.59760914484207,18.473802340437906,46.699722676124836
820.4412629230554,482.06237387854316,18.885416273279002,46.372747530011665
822.1425441236927,479.06899221386766,18.69096444291207,46.43008752714826
823.4662041760721,476.9982660254401,18.780719190143028,46.6360636009029
823.5552019047068,480.8698513764263,18.369247839137728,46.97473532141576
824.207087357504,480.0495232089043,18.85297695738511,46.14342991978072
824.2050489174115,482.3076629474465,17.88102014997852,48.230277445412355
825.6763120174539,479.35790986743507,17.97576664162044,49.26557872185979
826.0225120081064,481.6322914453063,18.939810494620044,49.068038558060714
825.9251065598106,480.2709847776562,18.42080027810226,50.0087567326858
825.8094836909492,480.3227516776531,18.571799865331588,49.80352196365159
826.6909157333127,482.18026006130253,18.920474667628163,50.404822754641316
827.5076702588941,482.04837891087726,18.7925559360989,50.93465247096772
827.9372689742162,480.29598210499427,18.80974908181754,50.812192311905505
829.249425316042,479.4120997619216,18.66389361061399,50.24165367049045
828.360757897123,479.8400550703593,19.022882281841298,50.371839435756115
828.9564617465154,480.11119893050585,19.041508834269454,49.67356993636448
830.5869097280532,478.9746920359354,18.653224155449927,49.74344465880921
829.6529737613724,477.6509345608396,18.686063268109763,49.487748253791565
830.994508403138,479.35752319845045,18.63495962178576,49.537907207894094
830.6695277788779,478.5019980625905,18.95503032112318,48.87481197180165
831.209471556244,479.5873028924093,18.25398845807181,48.904007333449954
832.329775998363,477.030795934758,17.794521212589736,49.51160485547253
833.0267244050336,477.38421549702747,18.07775068766223,50.023532777862
833.2874041632278,477.01621277660576,18.012376359758104,50.18264095517846
833.8766383984976,477.2218690225191,18.241741227002496,49.60503989378224
834.167468856482,477.6910046955177,18.421994087431283,49.348791834604484
833.5051584526377,477.46124984151675,19.942743144288183,47.87784371217729
834.5291500687454,477.85263407477123,19.72909368950065,48.20759546356379
834.7880982466735,476.9412974533325,19.780763643096464,48.646908678174455
835.9144488407579,478.0167120005645,20.383026711214217,49.1125334697425
835.5594097940323,476.59151459994564,21.037491592378,48.53060815302976
836.2737426006026,478.74084305972787,20.86075275898419,50.816751476843066
837.3304575424444,476.1235759961888,21.49236472252972,50.90969739286164
836.8810390516725,475.12842554043175,21.7176376276501,51.05011141014956
837.4793155426989,474.4068897380817,21.493321755734996,51.319692609767046
839.0178842430922,474.59365459495825,22.130519081282067,51.64967109427519
838.1084970351292,475.0667276070243,23.253978255394443,50.896333340597515
836.723174912625,474.09996732707157,23.290399611456152,50.56382311208127
837.7219141890051,474.6931261646252,22.65630912021939,51.06888748748828
839.2186259993986,476.03887339300155,21.86046583695703,50.88854243716865
840.7177108373281,474.840038990632,21.19127803747126,51.26091431540925
841.6274130681103,475.85917944894317,19.72724183247585,51.57053974987646
841.8374760241978,474.5602187970137,18.906869300122512,51.37770339763797
842.8217011826663,475.0447734004941,18.73015105601583,51.12760591467247
841.4649189767894,473.55148201411833,18.78587664635858,49.678893105606335
843.4802064924972,475.50768975587107,17.58318581217788,50.84604886920164
843.686801116884,476.2222737782451,17.265924748092395,50.06026516187885
843.5376874409915,473.7955510706499,16.891182162552884,49.853947622357346
845.1634128281096,474.0867302807213,17.219780426250157,48.06436018400315
844.2604724905511,475.62589542081986,16.98568974974338,48.294995348370875
845.0336491953607,472.3214585830713,16.54890803545212,47.517209878512766
845.2214591625843,472.65197838306415,16.6023462653629,46.812710393704684
845.0216620164628,471.9615785525837,16.62071202123868,47.4854339948473
845.8556015788813,472.7380843349408,16.716973144700304,47.466053516482546
845.0305921152926,474.2945926632204,16.380007461320055,47.9237453731834
844.1950780897614,472.6954907631268,16.849845279151754,48.543665863433944
844.0006357746645,470.9615801159243,16.815510258361815,48.7909063415701
842.646066326697,472.51705186268475,16.79566312944038,49.23847648940659
844.2333722795869,473.990487916344,16.96027723112202,49.31317768721806
843.5012617277018,472.30607096758416,16.50027932263182,50.35547540614895
844.0340572526287,470.14747960408545,16.46545392543442,49.78863351309023
843.3430902423261,471.9348329552513,16.689976370722544,49.72563387824812
843.5142645269752,470.77550774501344,17.039933545118426,49.34877772600041
842.7972814405426,471.713162012307,17.120867129024933,47.85312842689076
842.91217192414,471.08745254608925,16.84072880888782,48.23593274531642
841.9414974579008,471.4868349683329,16.930692386370477,48.18820204141598
842.1161984969618,470.0395730382128,16.811600286376034,47.74618973260404
841.4465528733539,469.19770342605005,16.592287889220813,47.646527348462385
839.6679434528929,469.9798564293833,16.66108505159972,46.90779055423264
839.1957716585896,469.76352696230987,16.659049336274244,47.414520798840044
837.9563173477779,470.9308256937064,16.588579324398324,47.63188761903646
838.1029075636234,469.6629750316034,16.295092396776393,48.915721648930905
836.8008369677544,471.3652003705602,16.207996615705483,49.368618459420674
835.606891599697,470.18093763914436,16.93505578119516,49.24691503087965
835.6727030796378,472.2735079588984,16.814863266440575,50.726265567976796
832.988525697315,470.82196765565106,16.268141298450605,51.495534700625015
832.7114663579731,471.68021177434554,16.411798044713837,51.36854152606418
831.9720340434199,471.49020318752616,16.06327081095106,52.39903259239162
830.6370568444236,471.59265823512504,15.79978404683426,52.93278289233936
829.6307590055968,471.33860912991736,15.776000387176936,52.796827166750106
828.2423192875519,469.8636768250873,16.06451226574113,51.86787016500574
827.2112979197918,473.0048327709315,16.39112237644446,52.039673664094934
826.8961188143229,473.6962266933115,16.51005968179218,52.925035433669116
824.618338883819,471.9924011411928,17.045424058638694,53.73146545331184
823.0390601545398,471.29578887955404,17.302912114502334,53.84535793484888
821.9517502277195,470.7619537251675,17.25667816260094,53.90242112024702
820.5359176188001,471.3277671799168,18.13926493977355,53.177199719266525
819.6858625379269,472.46651026880295,17.984834991885485,54.63419010780905
817.7291800587433,473.47333938059427,18.1480261431087,55.47646531203698
816.8147934557585,474.59164402159865,18.163386921175906,55.459694410841834
815.7412071030577,473.5725092152506,17.99209129428687,55.71761739153419
813.5511803695792,473.200133867509,17.900083127180114,55.65368057891111
811.7540093033377,473.51704542052573,17.864405594898685,55.940244204502264
809.9525615971917,472.88517641560105,18.225789185443915,55.09162555160143
807.6973636940502,472.85576264655566,18.280336297879284,55.162211401343825
805.1786571193973,472.18205818597977,18.248183197337728,55.252135409623286
803.7271867084755,471.2964669449351,18.682487268006355,55.07219060098693
802.3071851532521,470.90188314644377,18.54958474261933,54.83252254371084
800.6742602354707,471.29621964242324,18.245346191646707,54.47355219133171
799.5867077719395,471.594679792298,17.809249832392993,55.65075699076427
797.0010463479521,471.3696935261699,17.93645666016536,55.57603651078294
794.9628069916708,473.31321196449096,17.934263440507316,55.70651195561303
829.5028279507567,488.15086268731744,18.942989527706573,55.20310267609777
828.3486164666189,487.84367046296467,19.356100425135846,55.646401022079154
825.4808933656778,488.30599603742775,19.990745159122213,56.27056607722412
824.640673117878,488.53706118079504,20.456963342748292,56.72439795012313
822.7299323202062,487.32561871382075,21.35563390675052,57.11410217041822
821.2925687675931,487.5421729064379,22.310866383070312,57.91298495702076
821.027309585174,490.4794165463199,22.208910921500294,60.13767789881428
818.1697022276333,489.92519374791505,22.087814296249682,61.888551059291316
816.1604247334562,491.317849686646,22.467146662686027,61.16032564957236
816.1955221739137,491.19747561399447,22.463639723322352,62.34713349870232
815.9730536420014,490.0595856235449,21.969496310386,63.319802045618665
815.1150587653838,490.2070527660395,21.925773248336498,63.008206664265174
813.0894957110886,491.29741078385047,21.734161586846334,62.95227104513181
811.3209946759056,491.8441425767364,22.55129237463484,62.724443331247244
809.1014063373575,492.0014890134538,23.184440447223515,61.65883385758501
808.3370469789656,493.4828933711366,22.97418650012779,62.52991581871783
808.0061811837742,493.1576697229751,23.023199210334177,62.34907358524052
806.773000185149,491.76030902681697,22.7404621913949,63.04329129446647
804.8742228289902,491.8471529424105,23.119660961940163,62.29885644541899
803.5452084618692,493.21684080988143,22.395018816818215,62.673059983700995
801.2065398702156,490.2963680214277,23.22154118078943,61.31445636245786
801.3755458044709,493.8131369626582,22.672866112854052,61.79505574806328
799.6975883989685,494.4625818283578,23.34712170220972,61.673645641412286
799.3308713244655,495.3235364576368,23.894993583316243,61.062607817065995
797.6778923845,495.40057214411144,23.683343297506426,61.850418219972724
796.5920902945023,495.68626311509985,23.894241124314078,61.69309457586846
795.2758490541759,494.3859308073246,24.22962782936276,60.518832290555316
794.5082264627571,495.9233105770437,23.90021262992942,60.585219649386815
793.1471672634249,496.6843390380492,23.789880400313194,59.955764336605824
793.675186083297,497.3360627770445,23.087743371969427,60.61038832887583
793.1001075830542,497.05063263890224,22.971018072078323,59.98555356255022
791.3141527965911,500.1749148815823,22.00915851429774,60.91672807560312
791.2949957796905,499.12533789872305,21.690718394132166,62.14877447115033
790.3178678087454,497.9167821507084,22.136583790177127,62.29831261055123
789.0245154885174,497.55021685140895,22.08079041427567,62.77885150978828
787.4751776317141,498.2991468701904,22.408818363676396,62.49594572923679
787.2670333063587,497.4239977440001,22.51600468775555,63.10597100664951
786.3568070083967,499.44006349300633,22.86110714215445,62.546206795319065
786.49570982368,499.3543058922804,22.665246923448642,62.41065025137528
784.2299097974596,501.2735650288577,23.113662256803693,62.08126245612593
784.3487017730159,500.558099317413,22.97530647173496,62.97091337097405
783.6484521552197,503.4812421081594,23.010165067068456,63.54618235491094
782.4795716437056,502.010012310324,23.340356061791674,64.24319574544253
782.5010696934028,501.0717708926787,23.30338315051893,64.96642371413303
782.0630065808475,504.10059138702127,23.213915203151863,65.21624398719725
781.3251549125351,502.1652653994097,23.28059740063167,66.64791132992826
779.85074961903,501.8475327060039,23.9558643913743,68.00589307463859
780.2398816703666,502.5935413629419,23.70716550381187,70.1008718392539
780.2495682619276,501.7349800782002,23.319174637040792,72.88341718209844
780.866609883324,504.5775232328058,23.01960281735894,75.5218839582144
781.4486117110085,501.31596043094964,22.915081855661988,76.3109120811528
781.7989181508175,499.57793085219765,22.48353432633819,76.78357687334609
781.8304005541177,500.5990478543289,23.126184384564212,76.22761472729898
783.7355311953522,503.55092686479975,23.03938329954378,77.80833899471783
786.3514004168889,502.8143276986337,22.798288834589354,79.68144378352041
790.3548418564145,501.1573376789759,23.20062951205655,79.21980908437162
797.3258011260264,501.67921749425625,23.99173175530356,78.73239116151734
806.546062335136,500.1387541952629,24.810349351732725,76.27639673518163
824.9591909790697,502.01323177570794,26.13987667079885,74.16904778595378
840.1569937961768,501.5392813338948,26.288077112634443,73.24290496650093
859.9677229952069,504.5703720611927,25.338695893529444,72.30756219598712
876.1790383350173,502.6600680761081,24.14717674039807,71.85021272673373
891.3517160444242,501.1969013650168,22.84840258989466,71.29791179146393
904.7202306752739,501.053332145828,23.164788626657163,69.40735280972132
915.8642808380628,497.71659295693684,22.59771186064978,68.90034832312367
924.5640894179301,500.717386798819,22.710484837633814,66.7485245095986
933.3487070907058,498.69466959873665,22.208048655900754,67.20974803711314
938.047593450186,502.888105119896,21.940078640797818,67.5030508686958
942.6859898210902,497.68265276800213,21.840675043886932,66.68111121976138
946.8111257058569,498.2772934783953,22.135896400269104,66.67355148629198
950.9747242281293,500.2544876134207,22.12214349329748,66.91333702910741
953.016489015584,500.3251305736765,21.715143802726377,68.6752197868794
954.4112750019751,499.84485782257235,21.59086838450948,69.648424659987
957.6991948468233,503.6738160862742,20.668544987385395,70.35466485560579
957.456548388629,503.2319703281299,20.438820048606328,69.5947603187709
960.9594529652255,504.81854567365133,20.34668524996667,70.4269306535764
961.6986110430689,505.2512074986325,20.037444583323992,71.47918605844653
964.15807913628,504.8007450005317,19.812714634694984,72.14847996937152
964.4372014111647,505.07729311231486,20.254653190394272,71.56093293912784
965.4134348805328,503.7964914257903,20.561314822214513,71.40104068382004
968.3268922061698,502.99528936319916,20.90422572483468,70.0396636906094
969.3161744476608,503.5911181716019,20.9890219329231,70.77088684257976
971.0087903740156,503.9624298552172,20.606920277738624,71.38893225376873
971.8889673046618,502.78423699353084,20.70677361649662,70.16548613853371
974.5519202889666,503.38144423964985,20.802160906554043,68.50050671466457
977.4226609276649,504.6036660555454,20.830253794501772,68.21474995917046
978.5088276923274,504.97183539281275,21.460321331003065,67.22957183177301
979.8685321255099,504.94650237944455,21.961281088371557,66.41539657614165
980.6140123961217,505.4207768322224,22.425712550207393,66.37260438254592
984.0744464927732,505.4118660638015,22.25520961416752,66.547530396674
985.035955604945,504.85213062852057,22.348711651588516,66.98043199376404
986.63976049849,507.2228781855028,21.767343786877046,66.68045566336887
988.7980886658329,506.0421950843107,21.50057797037982,67.41524937601457
991.1961431571957,505.4229135730719,21.494474194715764,66.95781146484507
992.6980568862956,507.1035681961116,21.846270697010958,66.71675959639013
995.8078257806789,506.03618817773304,21.177774988170096,67.16569225868892
998.0329150187134,506.0758058660706,21.23396371867435,66.88251218403775
999.265167885443,507.3466099003787,20.990634132676128,68.69310176251622
998.7820940860678,507.19289055295144,21.543482647717035,68.60383959830098
1001.9151008896536,507.48720454820494,21.515197159441954,69.52467706380288
1005.1182499839506,508.78724541933207,21.177675578361125,71.79293056858836
1005.0044621467616,509.2811614898483,21.29331850567312,72.76628686311045
1005.4107602215239,509.4992913246295,21.27298437387542,73.5781569190043
1002.4385652156576,509.8601791082845,21.085734905017233,73.68170850966854
996.6356096532039,514.3671303232775,21.245747973894275,74.31278651028558
987.6470261959516,511.2704926624106,21.108874513643165,73.61791781575343
977.0880525581975,511.13932152073846,20.245336422329963,75.03905927054556
958.7581785517018,510.925778962954,20.467656914569478,75.59880493897376
936.5278288756806,510.50652707087477,21.491287327402965,73.46802204291063
914.2970566937703,510.4204679624206,21.646004146057603,73.30446296389574
884.692343171879,509.9514753582089,22.005402198141024,72.53181215261252
854.4392902831423,508.6136294502193,22.640688883817354,70.62954061638818
820.6187002508649,510.18158461314954,22.66272069397767,69.83197915603682
784.2980792104287,514.889984529941,22.34072119770172,70.88239295313016
742.7185575689442,517.4018045931118,22.768311538776146,70.85725078974009
696.6888635185607,520.9796758133086,23.277498223527616,71.4318879307979
657.9240527906688,514.2451365288213,24.872679066518238,69.51594719740449
609.0172238012449,522.2044763775741,26.240017465287913,68.82155071828264
557.547856603574,525.1311179954533,26.894038115512622,69.28467039466412
509.2127939245203,528.3264858834123,26.733078268541863,70.53795040777815
452.2772192030394,530.8939089500394,28.07013957673803,70.3589629819519
401.283530267015,532.5322033911573,28.733390251521236,69.88937449835204
350.8870672324674,547.6383451355738,28.702578222471903,69.91675127258051
324.8735106931355,546.8181654456899,27.133423600940393,71.65926773103166
307.527803014434,533.5419310947443,23.44569238241558,74.81140875042763
305.7007255635565,534.5635405228516,19.956854787680193,77.28688429500069
309.2488111811832,534.5440027998062,16.54217349688475,80.63028365275827
300.75441025872715,531.7680897119392,10,86.377454574605
