729.5,609.5,38,97
722.551637497945,614.394823316653,43.03944474974598,94.51911496337378
719.119681472039,614.5394690766869,46.99053789286655,94.36566342712675
714.8407393177603,621.1274462105112,50.401143892555744,95.1866383281795
708.9679701348396,632.4701940022278,51.603053565770004,95.74085832091808
666.8979534831741,694.4371889422557,52.20791536031205,96.19833267426075
669.1218161956815,692.3881555404286,52.422524854273036,96.2416962422887
668.1628852065048,687.647846634046,52.08034774151603,96.22185724505628
722.9196809163028,629.8333179521095,54.79230411244742,97.35091460892934
722.9263561121783,630.4371432246297,56.41784243739429,97.88597584634425
716.236189406566,616.062993326746,60.22939876426821,98.7515489728003
715.4736227912488,615.8867077019682,63.954467192732864,99.84490623834304
711.054697199064,619.9459813489754,67.26441434344153,102.7523503841482
714.79760646369,627.3094256777925,68.8723811001391,105.05473571333033
709.413812700516,626.227053455837,70.4457232880472,106.6187742951962
715.5309193108012,645.5187172628916,63.74080503512826,102.71115163714147
745.9247894246953,687.187001761313,54.35339821188115,102.4686301866854
710.9499601937069,639.0524117714549,52.684701876494486,102.49477580360879
704.7262790796956,650.2024233521365,47.05950093313047,100.99235243472594
705.4032009153051,673.9444680329691,40.421053666177755,101.06285902032633
724.5410527314257,626.7092231505742,41.458387906251076,100.95909188814349
728.1049431175034,611.3216953807341,43.050801950685106,100.35131776168602
720.2920436079029,599.0450381126329,42.53407625064773,100.27577182425547
716.769728681161,594.0134685275613,44.5572427099664,100.3069037769917
710.0422176267534,595.9621375417622,47.00608977758293,100.37513214530307
716.0157569309589,597.1121704555756,48.53704423496779,100.54843090927497
715.7637438077031,603.8957218277574,51.35017993086604,101.57231441674222
717.2030634782025,599.5508769944432,54.72052254253457,102.29938954708511
708.1532329224061,596.723203689971,58.463557143507096,102.7138637729119
714.2713227297842,600.2059603330147,61.285663241946956,103.96701179511314
704.6020833846223,598.397914373168,64.75244259907952,106.19747441850387
715.185117886771,597.1670126746264,67.38535430767287,107.56882562137302
705.9402656230111,610.4574234172226,68.14952630345444,108.2153810740469
702.4088408027687,595.0580052856975,71.45336920527635,110.9956588348998
698.4980580361574,603.4664238569209,74.05460259280812,113.49075711725776
706.6634004361039,590.6830941081141,76.46118624079126,115.48916023669753
702.3586735746887,596.7830623885404,78.80680834817358,116.97508430969485
701.0575935919483,590.4960767767542,81.59233474644047,120.7400641010775
697.0258315785293,582.3964120192512,84.00054718880577,126.36179218328311
700.7783474345646,588.0317190969519,87.64683498051923,129.96338948418065
701.5997272666938,584.8312879870282,91.56964233286241,136.21898357670577
704.7159587553319,582.8086195682445,96.48626630779574,142.043695371358
695.273831438774,587.0301489356156,99.72130524266937,145.16121879756548
695.5775364574909,585.976100736619,100.3425663983586,145.42935366678057
691.9623914048861,584.7080477288646,102.79680975063823,147.125920035187
699.2704720592952,585.8266024770836,104.47054636052115,147.95982541988295
693.257007983117,583.0260514467085,106.17701705438162,148.90568694489704
693.4113512960886,596.4257109981677,108.48469633801483,151.3799827254016
688.9017892584784,589.3015023375245,111.29789494860516,155.28528233275958
691.2621728240729,585.6012326125693,114.23287666156281,157.90373827131756
683.806051834255,577.1967021504083,115.77132980758051,158.95662129341784
673.4633102333696,581.8496768564034,116.37803951081612,159.5654601275823
686.5590161729184,582.9738105123055,119.26632428699196,161.5545394649482
684.3388248085828,578.6046133135146,117.76086808744046,160.52893964561105
684.0991985524358,584.0506342748184,115.49999661253649,158.8901983898124
692.4335057559957,582.3263525967014,114.56438677542398,158.3370069853043
701.7434117891436,577.102905998138,113.41743504543201,157.62490455407428
702.7654765956926,587.0772117423392,115.2492028398659,159.14644496691707
707.1627838061222,591.875855542309,115.05278921704132,159.0250742294652
709.073599643326,599.2004053509484,116.60246539251762,159.7906074094276
703.9336082037102,599.260661538193,119.14361246013438,161.53462118754922
701.1075424556836,602.4178735664105,120.71270419559785,164.15366022773273
690.156816462027,607.1307553578881,121.34053748479106,165.75621886462608
686.4270992020784,611.7462332641162,121.08850903013999,165.4289982129975
688.5815167711173,622.7413974863491,118.06298931221274,159.83448657151024
705.8643431505421,616.7849844142398,119.19000165346077,161.7985193044739
699.2422879075228,615.3344534154955,120.85555417135966,163.3273078568332
688.791984345975,634.3371294393334,121.2364660124729,163.98470605329825
685.018293999047,637.1857413692301,122.62139543908651,165.1635388646474
652.9980574273083,622.2639331870016,121.3551821811969,163.4919536605007
641.9709489602851,653.6788621854754,121.19152649561416,163.21610796213704
630.9343212963608,635.4933200012051,122.68893991977619,165.27911356480857
601.2725324041136,641.2090771730905,124.74050690104801,167.26062126235877
561.313867971583,668.8298360901368,123.60558204296466,165.57110538139096
542.3255446484899,674.1833754480676,121.78849318500053,163.86421549304404
536.8235036159869,656.165748920277,120.6337121823797,162.1387149170335
539.0122732395657,642.9024206574088,119.12406853840179,159.87956097218887
540.2804497268296,644.4639430039401,116.54371151844727,158.0731915844926
523.4477367096789,637.29883037822,114.12160932398898,154.70362206664564
525.813035786672,624.3450096079649,114.49706261501005,155.10372195066174
508.66405624060405,634.4875859496855,111.58134525450917,151.71681793970598
495.7270997027877,640.9594638340928,111.11550804022492,151.10459464922374
506.97380853098826,618.8985242624607,110.68338112479057,150.78024957984167
519.1224913786597,628.9548682456623,110.22601939673298,150.51542767178796
513.0909642969234,636.0469500427566,108.34396705385785,149.01157051223063
506.7980801851197,622.6225167110664,107.5487671835931,148.35144211945885
500.44877163057544,651.3315993276185,107.21999190529148,147.86747717321998
511.2716532038466,635.7340681463897,108.15883874410072,148.18448777786497
511.0851744256604,646.9768408829942,108.43929394489759,148.4185754070729
507.4697713870755,665.467946627487,108.26320295404365,148.1102187459682
524.9200523227001,653.8704858681447,108.1380431518862,148.00188136877892
516.7677512085093,643.1523845032066,108.07711536622999,147.95068785842076
522.3781916959391,633.703221227511,108.7089422542243,148.28506482485102
517.9360680173396,646.6348124752657,110.50026120184684,150.23230522668032
513.9824529239945,636.1306549223631,111.79406947157533,151.98401136947285
516.372474052907,621.4373336689905,115.5053926464896,154.66882396593965
520.289408044368,630.2737313466439,117.22761406481284,155.83564729349433
514.2369251849673,642.86876117205,118.68932168882657,157.20337839890766
522.9503547858192,646.1403476391363,120.90071474542358,160.12358913935677
524.6038707785851,643.6099604519915,123.14954566348669,166.70992377346533
509.6188114092319,645.7134348595549,125.13007661837959,173.48321482650255
508.8291316100181,646.6139987827107,129.42759970710256,178.13589814886154
504.631222886954,640.0650484446952,131.45406576620687,181.30782970105233
501.03928809286646,651.7427060025107,132.55779953208582,182.42908662216445
511.27308794061184,676.0087784701257,132.30220926652663,182.2586169493856
522.0248393300758,652.9073864126761,133.62278218645145,183.0991345237573
508.18778290748264,655.6384840421822,136.21555805654003,184.2024781479545
493.3803288635196,636.3609771231585,139.50050818242997,186.16778937980078
503.7477267313393,640.3572905232049,144.21030396900738,188.1466906329916
505.045828216711,655.7371539854958,144.18376285396153,188.123192651281
514.7975001001915,656.6742208452124,140.37737476784773,186.0038697866403
508.2490762179941,683.32538470587,139.80995022389283,182.37085740345992
511.2271278358481,670.0959461900686,137.01119109104442,179.81305276391998
517.3738386080504,657.0964565955729,135.1862544251798,178.86619493203744
504.8902469717473,659.6643644438764,132.16948612918253,176.22219265668002
503.8590062306831,679.1745212146227,130.64078800201216,174.42430648335127
504.4820281184151,622.5375640086262,130.0817954035731,173.93778388362549
498.05888845234534,624.6878211764745,130.67287721068817,174.71388297413753
495.03673242514947,629.4700151410186,131.45982213098566,176.34611980090867
492.73317472159033,646.2259916737567,131.2873607596921,175.94411012532515
490.31544394361043,624.8875964458215,132.20706942792603,176.45070023329498
481.03826698049585,627.7986065888258,131.34078050137202,174.93857117119384
474.62677829695235,598.0762135108049,130.09829098766073,174.7432740142473
485.06160230708304,624.1616962671794,130.16245034044624,174.78441711355902
503.02934205075684,610.0917598972561,130.1467134373271,174.78146568043184
502.26460125568536,629.0273387042399,135.3362432738537,175.9906684790619
490.3760259240155,612.8337541954492,138.2096730814805,177.61449559295696
489.01405436336665,635.1499492411999,139.08042542309232,178.22161889867223
487.58124107648695,639.0661165005172,141.463265281821,181.9498941975425
482.14179569391246,634.5336468324394,145.7324873152805,184.4116159319218
483.32326598491363,622.8950947321839,148.88677772082698,186.8560213104116
469.7229304424903,629.8795612785702,150.2903449238378,188.9641908787717
474.73109480894175,633.0082626226399,151.6039026273973,190.60752595308358
479.2122969877307,626.7886782262105,153.33806675889394,193.01754187576395
477.5704113486519,613.9040642880684,155.35503703741026,195.3397673411596
476.91207630546654,610.1251607664242,155.91659829046793,195.72320028090195
466.3371268687,605.4588013192194,156.12648518585155,195.89174128071915
450.88784328207146,615.7546424857312,155.5183403992699,195.5336462127102
461.44251427475024,610.8753903332389,155.95164291464474,195.84886362194285
452.0581960526979,615.9852397546911,156.30961193931586,196.39914807066452
445.9907580529799,641.1761349310977,153.07373274313403,193.8746842254194
311.02853384335555,541.8433555317985,153.09467774441404,193.90842234530714
286.59165115547444,529.9369794952038,152.99185773199264,193.691423594522
275.9343972015072,537.8085626592538,153.93264356351116,195.8483942140537
271.8628199847079,539.3917796850585,155.66036172925692,197.16300874642872
258.6138266269976,551.1372474071089,156.00535238144516,197.6359042502037
273.99949211955595,550.2129247186311,156.75671503036165,198.9966486845953
268.8612030331588,537.2936869847765,157.48833604220627,199.56360163033187
256.7669367125609,521.9439582713514,158.09490991265014,203.76995030779253
242.58606326238143,543.9822117086491,158.60630357204224,205.7817956365663
261.5172802474068,544.8890885451489,160.29266339471613,207.32088357924354
240.69682739199192,559.6549243702035,160.90350547639545,208.16094082622908
241.0868011844843,546.2837171103143,162.41526588396442,210.58932565240383
246.34106030609445,539.9316351336981,164.45297795690624,214.50157180473306
237.87017603415617,542.4867365273684,164.9994027202652,214.98533168676502
222.67601453065146,551.9687035407666,165.218950168803,215.32912928838667
218.9582227768222,543.0457431029288,166.58925657685208,218.1911272056882
221.87563074525602,536.4848993519113,168.23731312609897,220.7525405835776
216.13327203024056,538.3768653950708,169.21166983835644,222.07461273538723
207.2308548637558,545.5263889641791,169.71008861346462,224.85740229761026
202.18334923292372,558.2601885275247,170.73862496057805,227.11317467665623
217.61904068533337,543.5688138005316,171.47902412973332,227.7548638736844
223.0472517438664,541.2047800369866,173.86557057193238,228.95345785760736
186.24828890167538,563.2223752387861,173.73695664449804,228.3517162455124
209.3863207203827,557.120380512383,174.84829458789392,230.6308924277497
197.01257473292338,547.3343160167358,176.0595087918165,232.93227328061627
188.25474190587937,561.3314623552815,179.66406928995966,234.8701724522799
190.82519286855242,555.8775235170215,182.78123735667901,237.60428685365332
174.6115514915847,563.5774655653936,186.459899123676,240.34592993281228
189.08312972938768,565.209318631277,189.89451593298216,242.336972622304
172.89327811163747,550.3980880919114,190.66391910439566,245.94160189866724
173.3900978721953,568.079308351017,192.9769781439947,246.6367289768917
185.03679008469555,561.1043919849382,193.8248805689698,249.7272363001137
152.51909113127772,573.1543935568292,195.02248321823708,252.41321338094093
138.28074180983717,559.785016310956,195.93844615860354,255.56430231482594
167.60049904943872,559.2220512641283,200.1474386068907,257.75960327430334
182.15236544685138,556.7518295937384,205.01066671904778,257.9688764376234
149.86938899328356,555.8881917496925,209.63579702486507,260.79100886475925
179.39375086427486,579.5908293569712,212.4859456583707,261.91313080596376
134.0238386531166,556.7280521210906,215.84453686535522,266.30656628968774
172.566094850282,557.8264446655452,217.7675928303994,269.80909436453584
155.62551388723725,565.8262892830588,218.92205874208463,274.28825644786804
130.13118704163992,568.104639499493,219.9631492618926,280.4090367126315
145.6990524555149,580.4001880395161,219.8803549880977,285.03796755616924
145.64172409818795,548.6634835872344,222.93328703997082,291.87248333329137
153.17877240727577,547.4031795030259,225.08278699467115,298.365097107406
157.408884935664,574.4150994785332,228.0490527215861,303.43821531679174
159.39566159160015,554.9764831222876,235.07103907493598,305.8078529670269
177.74140328464063,538.7307132503772,238.53558062171632,311.6600704299639
190.97827213520154,535.260351125656,244.57842159491094,313.2343701188595
165.5831349259908,529.331770837163,245.119939604641,316.6679848584432
169.67123270438964,537.6835410210574,245.89999137755527,320.9726785147021
184.73787850416687,539.9138446218232,250.91979883805934,322.8109886067194
171.40995802085317,519.1148926183785,252.12183960327076,327.4914922535012
157.76734874923983,533.4861116798577,251.5715707807748,333.06298082732013
165.11169814067338,547.2747261916286,255.25254095847896,335.17259949054585
175.28187225779126,543.880096044251,254.95092716027835,340.44431098578633
183.5338628386215,543.0763963309537,256.0040653681247,343.77386729466707
182.35605557247854,528.4308212284334,257.007484756711,348.0903070352301
165.67447522187837,531.8746393862402,259.8065165821789,349.37445702790495
179.22057297308268,516.2432608986143,261.9271602063572,350.3999112230056
197.58450509376019,542.9804568814046,259.6598329217893,351.4698384102569
215.52082294336992,539.5041941195491,264.16980754361475,350.7448822826619
199.89104587952738,535.0084394015056,264.560266822667,352.610437090758
184.33890639086925,535.0787127708553,264.4124648826249,354.39394366340656
198.4854010442912,532.8913146434995,269.08589861044896,355.18908641660767
214.11600286563962,524.7902043445638,270.5764077668244,355.8789597931046
212.02578382858644,537.5632337450613,271.6110259385107,357.9255905062697
197.94832780821372,523.7321594003591,273.2067014527669,359.6881229542189
195.36717563840716,501.46122492092275,271.85942899489464,362.57593917871674
197.52608314535055,502.20361281435316,272.6639484612935,363.8588898132121
196.58055945469124,507.5431058636183,275.6494808870915,361.96879169228185
219.67072767720862,505.7245682289239,280.9377304100743,364.45609813232505
202.99760310648804,513.8945168592212,282.1097585126971,366.5999311878925
229.51338834992555,530.8850365353442,281.4440785287518,369.5594359640645
218.85366407405735,524.3213944875233,281.2295209617138,372.481848882033
205.22663445023457,525.667020008889,280.70048198853414,376.4790648650582
190.484476095353,528.4465192916434,279.9268412398012,377.9540872002757
221.0177192093087,535.3891414784727,284.22446023649917,377.6722487790709
237.03089816276633,528.1483064082148,289.3095525248964,377.61163204672283
228.980347725287,518.2857302309901,289.50708894673005,377.27641872429234
201.86301646030515,533.383356114198,291.0810153927094,375.1822564354155
203.05235486046436,529.1496127184815,292.6184038084554,375.24974646934123
220.8363839204088,525.308878110093,293.918372421965,377.3124932473062
216.0887452919728,526.6560111235312,295.74722921908966,376.043091393365
215.5354160684539,521.1555408664568,298.2692416795704,376.8154171003851
237.37623948791838,533.521349027321,300.3382242656903,376.80013988998485
227.25864003262254,536.3952139377956,302.7328870587283,377.4768752484791
193.82141910779427,523.375463073361,303.8843293356309,375.9835114530562
170.12126333090578,520.9460633214468,303.83894691968135,374.60179810898427
180.27244633059462,527.5267477458776,301.3203333617099,374.48351245104055
204.8363123405174,518.0823893992817,295.045781273505,375.24254088129294
192.79107864129085,530.1678799380013,295.0296717524024,375.80914105690533
177.06716074987844,543.7308521578692,293.9579800999245,375.6405406723455
169.03624440311287,529.2264438418441,292.575267047606,376.27176331025504
195.5708408939953,530.2653005082954,295.1866160580287,375.99119903950924
145.97430420037924,543.1610004887093,294.80887340522173,378.5197301089548
190.1286257733964,516.6419304666404,297.42485184121864,378.13833356251655
192.6456509625849,530.4164139106193,298.0532021853453,378.9749886990947
245.9581418032009,516.5655923327986,296.84099363643753,379.3621291386717
168.92543909215206,512.6378845482429,297.7582819931055,380.0288559527477
197.31177179119342,519.0209118443346,300.2865122859408,381.27042789407255
189.8947257750719,527.6664265370571,302.10499266962427,381.11377694185524
185.89393715715855,517.9162780892835,302.48645939367117,380.07986172497544
205.24324245087863,548.3580545330647,303.84966979011773,381.35059045362414
171.27889204637592,509.8142797624293,301.9828078549825,382.12551792458237
179.46912841297527,534.0830146547373,299.6260510946842,383.8610850967534
176.82939496252,516.3537356752369,301.58719915175317,380.15397456820557
169.64838050299753,538.6546922554569,301.1464050040867,378.7079947878925
185.25203197048296,523.1784432667743,298.67254056093714,379.57012067968645
157.23763630815347,528.7141934210377,298.4883420784672,378.70280204230204
155.76818915177898,508.7305104149193,297.83921392074194,376.15714467807396
158.77415600612107,526.2694938633115,296.2719098812472,374.3260611736236
155.99493845744934,546.9089530141052,296.733458343764,369.77575767916494
139.71835301522378,532.087438155811,294.8501096054124,369.831968700685
142.26232078820357,530.1346934117433,295.71473543793184,368.53180738239354
143.0069209531676,529.634540079005,299.3068716062643,366.31822564111667
136.28586512354997,538.8299066055345,299.2737568632168,364.40278670121677
150.5351763649689,550.9954399026931,298.3616478996661,360.93579099923375
137.81510154993492,568.5613534211724,297.4199310746559,359.7955067784372
140.07989194419798,539.1086143736487,294.9361323753632,360.0748404643048
137.6686177658866,553.9140364391211,291.6030124733189,358.27869359898494
142.1812392491455,562.515046905592,290.50128148876524,358.6636458563506
139.65804029933867,540.0953689895516,289.34997078165895,357.994948862504
149.23777890416414,559.8734979418824,286.25135134483514,358.12796097737356
152.52991344920008,567.3307785219483,286.9825276778895,357.6222142474786
132.54799185190825,557.6172434362352,289.5429818954224,356.45247312434924
142.74334179174588,565.5959232280952,289.86931921667485,355.3301908263958
145.31516252214266,552.3242499381818,292.1830103669653,353.5938781349824
154.8414415447883,556.5549765383794,296.910876439716,352.40259800740193
155.62592665701897,568.1996368695965,297.79671158940016,348.53389349487026
139.98597064600878,593.6519875090722,296.77275627133264,350.38163743686596
139.16835540041583,560.3702397954482,296.6842024350115,351.1033588772976
156.01577591624664,565.6345206647745,293.8152414540091,352.2344927639502
144.69010057366683,576.0057250854779,292.926442450448,352.3728288566253
142.18466058504794,574.1456760027309,291.71190815156274,349.70485977663606
140.8989862322785,592.120023411486,291.7485135480806,347.1538128167918
147.47922382540492,599.3537123686897,290.0700244076652,346.5697070734051
157.1004843348411,574.8671180787126,288.6942293104237,343.5103333974998
148.83348670409228,562.529275185484,285.40384560463616,345.26721120055845
157.67791660984494,580.1864173886628,284.95705313016697,344.7077333127557
166.9100893463708,611.1739617168924,284.2822775118516,343.3724075347142
167.79003683648807,593.0318322927627,283.5928303341607,342.5181242076807
161.75860618737232,596.6200485758272,285.4014782992623,340.65037456010026
150.93714075373634,585.4177699272182,283.268038164337,338.83480665895434
148.5665012175807,606.266796149263,281.7202533061368,340.45685309181783
147.80885103070943,592.59624409258,282.5090381483394,341.2898853057694
155.83103830692548,586.2865776469209,284.30242261385166,340.7095083048148
144.46990683941902,598.9069396544346,283.42836062821027,342.429307895134
154.02944851310988,604.0689576492513,285.81606553461273,342.14037188871606
164.05711828283023,593.6398406968757,285.68776990996696,340.7192269024761
166.14147452444485,606.4727168448745,282.66201416044134,339.5956441774013
172.12648411858805,614.1823496742159,280.1783335875724,341.1642935577811
165.0152157573978,604.469947766211,277.100701318864,339.94219719678875
180.24765789241658,602.7628920646214,278.9756836870101,336.9746448006821
171.0542051479892,603.8374988528644,276.6030467106549,338.1136738027027
173.5520818387168,619.3931896686722,275.1368209933843,337.8428454547783
182.41948258132857,613.4156012075052,273.1076240613834,335.58280478678034
179.85656266861724,617.8414275859831,272.5313736234393,334.73846289713424
169.64481608539324,598.1156411348911,269.9359783163766,334.6349019797381
167.22115182207304,601.7787875746802,269.1393106043085,334.60849675732544
164.04018532346007,609.2518281721489,269.3866510493494,334.98141008448283
154.1408908071793,598.714410676504,271.76742391980156,334.0562851300938
166.8109312730747,603.0897987204983,269.59818229770315,335.67234845097977
150.1679173851657,605.8458181130951,272.322936498692,335.93533741770875
173.91584224791183,593.3303599450344,270.41094144849274,336.9889988862766
146.30977869391353,610.8678793217813,271.7251918169874,338.8286749460151
170.76150121036613,606.8272684961412,268.50598521792006,339.0313064903312
165.50337070712754,599.9445444741739,269.1009081430374,341.18236511471025
160.3238144974501,608.5100293896917,270.67668773768526,340.58839784715116
173.32598886557304,600.3411876439895,270.24970106198623,340.60416285100666
143.76664142275013,608.7091358048974,274.13580622595236,340.5553011361243
173.2219591336485,595.7690852002302,271.0886961947806,341.2497505662842
156.2278243092778,612.2245170421679,271.7292676318521,342.8175741687856
174.1306681790441,611.524581243401,268.1688954440773,343.9912620389357
166.87981571229824,624.7153723568151,264.6435103049372,343.7435432612043
146.2537213770833,629.2038506258916,263.3343700874276,345.74830097170855
170.73175839253304,634.8619828504588,262.5677453668309,345.62087452764
157.62830217806717,651.4972485470248,261.9297347763534,346.10387172947856
165.18418535656565,632.4299094293873,260.92568021134866,345.8767144850173
156.3307760341191,628.0823025809328,262.2486258704019,346.5101386692921
177.02540415124452,617.0831985617137,260.9683784252136,343.121416242032
165.11423782557517,618.6554225394609,261.5096708849019,343.18194746782734
151.72839955582884,627.0937644212593,263.46062865913575,342.78324527161345
162.20456830002357,633.2051362424941,262.1370410181584,342.6440778315365
175.35160920189333,632.2982424689471,263.2983978283105,341.1895965550065
173.71630872883364,628.315970820452,262.47221084489496,341.7634685987925
143.03281537614592,625.0107253317439,264.0992492775653,342.18744090708043
167.11498931290666,612.3819733757825,262.88514249291103,342.1512398324308
170.95368558289815,625.7028854203288,261.93237887825154,341.21548568962714
147.260942612937,612.0176999946186,262.8469785877051,341.62838850821066
151.67110145711874,632.9170464087285,263.424267749012,341.70797631963933
145.93608901887933,620.766889157962,263.51856020361583,342.1801581917778
154.24278217906593,616.5812269475091,262.93994675616744,342.49881118018857
147.94094871976432,610.7772315109817,264.1033499266017,342.2649975488488
146.71218306997545,615.7568439200389,266.29723480236277,341.8423213452363
166.75091913616933,611.4669137712597,268.0287912954633,340.7972236044649
149.78296426677593,612.3805921027375,268.925493575754,341.74699158483486
152.8761803326197,613.9176629914984,270.1346965720877,340.0105614991694
156.7253261341467,605.5380548453169,271.0547034996123,338.3272214103069
144.55076625079275,589.3085338842932,274.45416582613467,337.3135727500789
141.77324937330621,592.220299768059,278.5613536452862,336.65112229663424
150.9643308173273,596.0890274465286,281.98413956400674,335.46312878127833
146.88314269633253,596.1601700953431,279.40639110354266,335.36302919998025
151.71101302423693,591.8595972019075,277.52429918659493,333.3143250951888
155.48107910987707,580.9242156745734,275.3312548754221,334.23351954634165
147.2498239383414,591.5786987468468,271.72708049559304,335.90609598907474
147.4783419507375,600.1713977768725,270.25696780778355,335.6931958690871
140.58152272604084,598.3133231640376,267.47956705734777,336.39635795791605
133.24827529965438,601.1090365150695,265.1143121847789,337.3854528394092
135.84487828883346,599.154754456935,264.733010159973,335.4120312913104
127.33955998997263,611.9768938575814,263.33173002490656,332.8459995603303
124.67523868729353,585.7389380735655,260.3338326369786,332.5470583756767
151.13642597143104,595.0849663100088,259.1952486570825,328.2247614624213
137.44712874954973,614.0633659258642,260.097213843643,324.12739445116944
142.1748641139863,593.1658863825509,258.9704307826165,324.6566713173372
129.94201857933686,605.4500477597976,261.2418278760853,324.1833535982442
128.62443599743466,612.3219774795398,261.1632619893984,322.8426323194653
125.69088580941767,612.2666904042333,261.02773785371363,319.04441516644374
141.45893271678125,623.1527886010466,258.49713720304896,320.0308285445456
122.55327983467856,608.9129263247246,256.16848172457856,319.51919529384486
128.52236013641058,618.118402495725,255.0683509825647,317.35428520343095
130.90906860517936,611.7943723924024,252.15063406104886,317.38648351737606
122.57758557822494,613.6443454589255,251.069987825529,315.0394501679526
138.62604314133017,614.04898325134,248.5539080417258,311.6428149162991
143.75167005992648,623.8083106058787,249.07289212720158,308.0961212286452
134.99852298109585,614.842547878881,246.7745750788082,307.13300099172255
120.23101192892304,611.2635048960124,244.60943238823194,305.7942665076308
120.57181754986253,628.5392038380405,242.87488232742137,303.863798341592
135.81569163222537,642.960003368332,243.11622771433142,301.9796882946809
100.1350691646677,642.594501859012,246.8924659355796,299.9996069474762
117.81003443161025,640.9679235340536,244.20431289803238,297.17184862318015
123.47177922740089,648.4245225399777,241.64531534136322,295.4746092066079
120.8949691822824,647.8041164269041,240.88047553932725,293.1086337511755
134.12494971132335,639.750762998776,237.71660556095725,290.8304319312843
87.71877792313273,643.6477478617297,237.35750901282677,290.5354517874387
127.99457186015754,647.0426193913872,237.32579571153107,289.6268451455125
94.34922259076066,658.9078679956083,240.7299547910963,287.05593198248073
123.72379724566885,655.3480624023188,240.20214184602602,286.1169255772018
82.31762770295842,665.9217692701498,243.96146426884923,284.5072163093132
111.8531861460194,685.7190165195586,243.74164285391868,284.7501127101537
113.07470010950911,687.8963719422314,244.0208541828444,278.0226265485696
84.86330804810613,680.4818404775813,246.78716323851168,276.32802500338255
80.42608645245724,688.2996274887395,249.86458456396474,274.83049629204044
109.17320441960183,703.127573205705,247.06025570365017,272.6002392422646
90.62781323534843,684.1072022582097,250.774027726698,270.9995436067377
107.17377301774842,693.7067866955051,252.7044928054527,270.15992330087226
106.00250835451979,720.4935313726968,250.0701601781746,269.3248983019578
92.2288684494624,717.7196790089756,244.33697963062338,266.77290496268876
105.57736353409466,718.519671252568,237.6457706350649,262.1472413640233
114.24080203661559,722.4998919113842,232.92019100856308,258.71186737579757
115.49969065668459,721.0202315971242,227.98255602802286,256.59102834016363
117.73052387820302,721.6210067739863,224.18945873257283,253.73733534251068
111.96975264036021,736.1388750994205,220.47569828314857,252.45090632408875
116.3264394940127,739.9825635112566,217.34854627078988,250.35642453139195
128.33819688460852,738.6495673934546,212.84843656467152,248.8183771933263
128.10438613804143,740.3158250833022,210.37338675882492,246.85763982495305
107.94444796556843,738.7875847076789,210.53972535352682,243.85726442080443
113.29240128788943,743.4734997704155,207.28652052544365,242.62121653715235
110.8238374521552,748.9781300284336,203.62588799641162,242.40056552581578
135.781179021308,749.8682203071587,196.93717226533258,240.43025288685692
115.20349759191103,746.653487238227,196.77955828696832,238.4989020691542
124.44113549846065,756.2912564595929,192.43648843700385,238.6598908786195
131.08724755072296,762.6557217986681,192.40925800008173,235.0345349532767
125.1990807227343,764.8854829668969,190.80917163500197,234.7836851403176
152.74908627445265,771.0691731259658,185.5264174590555,235.48700546762666
134.8251386458731,774.0623769970323,181.8864091212439,235.10857845364313
127.36573551023902,778.6342630906173,179.7325454096019,234.76710576598475
125.07968005714349,782.7327161646016,175.55687742327586,233.4091116282091
143.57606547190713,783.0893014858044,171.80156768383648,234.03693093312248
159.09062496040193,776.0926751425495,171.1164485695178,233.334210223331
160.58305978819885,789.0439956048085,167.6684152102439,233.0205318537447
159.0062039393868,799.3266720484667,166.5798583455511,231.43753026952882
175.8831731447899,795.2308169961515,166.2856825079871,229.87956557710123
177.20370409297578,801.239595899263,163.7357498475386,229.04291406665448
169.61428857268288,809.5392910403838,163.45929486212341,227.5554651219984
161.20856656914117,799.7100299030475,161.5408366017508,226.17535023541612
151.53499363204273,805.860987207976,160.69649802465375,224.50686992121328
155.74521485684969,809.1833089107411,160.1367428308992,222.16774848071017
157.96886101926617,801.940500028888,160.44565368065733,220.17161957083238
167.46950458612375,800.3636997979474,162.90750894196168,216.47045890905613
159.0455533528832,808.8458334548161,162.3265135507768,214.83327422929085
160.66988035211523,805.3489262323063,161.2701531962641,213.48094685912505
164.68619921672524,803.4646797134948,162.37379552685854,211.59137219350094
155.65546206927021,807.6085933159375,162.3180651556309,210.07029913900615
158.54380545308612,811.0058027430301,161.68789375741434,207.9982184844364
167.9314660577554,810.0157179625182,160.73008887498014,205.60156318965585
164.13983713332624,816.4722133052859,160.86148105077328,203.14650020797777
152.0993583572169,820.964283404357,161.0699620252332,201.1232498261197
161.04492583712033,819.6332181007963,161.6321256341519,198.46726138416886
168.54817579650967,820.2297532324477,160.57041655552214,197.15511059224926
157.70898605226392,812.7552288165118,160.37124591889153,195.52627093535136
158.15289373831956,818.7815198901762,160.03719751264637,193.49187821825956
163.3430219383071,819.0656458332002,158.6793972817997,192.53733554356114
164.028789465922,819.517725545315,158.24226004322793,191.95362591863056
155.46599971535238,827.0047210900046,158.020677297663,191.21921212264735
153.81856457429961,830.4342040860591,158.5077837648424,189.52978510530036
163.57394509028353,822.6953415434076,158.31697855868023,189.29047489702427
161.3125063946231,830.7803021805223,158.67314700377307,188.48378242070757
160.5770781884711,817.6741088107784,157.8248112449803,188.5707247479639
146.88349136725506,823.2141646720725,157.62300707369167,188.11961464280728
135.49933435283467,829.980648555685,158.0731505550471,187.49757083340702
153.32215023791724,817.6528658866363,158.5204104779972,186.49206248681216
163.37888766594062,829.0154836878808,158.0647057788108,186.32553126054393
148.44127257929347,830.9327105543439,158.61150577632387,185.34787426910322
133.69133497838635,828.6033838807139,159.83770315221037,184.3778297442014
136.35101893217848,830.53822990421,159.92168130633266,183.7834377231491
116.33293107375093,838.5887316373546,159.90457333178148,183.45415132839287
144.1945781979898,829.3469071420752,159.21449365239548,183.54612627720383
149.74466854393089,829.274237712426,157.34865076721502,182.90351164052268
131.28370018295374,832.038692475301,158.33673052505802,180.23079756460206
118.5510037707266,845.5211948351091,157.73176507314508,179.09315872022978
114.9717025564045,844.9513431533491,158.11489962916966,177.9871409819892
130.4540349673,847.9194604541574,156.9126058706111,176.64667721624886
125.50743687206072,846.8158684166345,156.53860731316482,176.44925208795604
118.79083892630908,845.2670399997969,156.15511466707045,175.85973531666602
138.37318300943906,837.9681984323055,156.2230887017382,174.9849348167001
126.22817320568649,844.4257985428227,156.64498239371602,173.68428137148356
108.48846096928052,856.8370387808835,157.01708798835412,172.31465886655337
120.53473292314152,849.8496546080831,156.0668647135667,172.10104983178306
101.06701333839982,854.3281832984104,156.15233592650713,171.21600058406307
114.80854661771666,863.4305546690041,154.11475543659904,170.40005941758267
129.73247643060643,851.0043163275157,153.06008390591225,170.3589337293437
110.01596287683901,861.2254287309888,153.6674617519725,169.19907853604496
115.59960689789469,851.0302459252138,152.69144835280548,169.53961466456286
128.93562892162333,852.5992531092088,151.89564217461088,169.87653678186322
124.10502521487257,850.617406912111,150.8796788346334,170.02336778499125
133.55585441860384,843.5749510045423,148.57363390678512,170.1228841686102
126.88817520392274,850.11545352684,148.29026655947496,170.01058811601905
132.01287791350074,856.065307325586,148.40264512164222,169.80660023746043
135.3917632513381,858.4518162459241,148.1894735022114,169.46051854638125
123.76892989711402,867.2564043272139,148.28361852792028,169.05994719642368
123.07753959625452,848.8171172965882,148.81520641685546,167.66607176426692
119.11233205966761,867.368870759942,149.31240348770996,167.36729429922934
120.39604434002017,864.6959925732417,149.41504695259383,166.3011844845805
138.4941201680822,852.7376163018699,148.8883594077979,165.71556810032203
137.98414222232387,860.8560880890991,148.4639937861386,164.56643027384965
135.25046430524378,865.4498033122511,148.28595004983364,163.39073765103188
136.31294512228055,862.340339055211,147.7204886331979,163.07645302653182
141.2567559482946,868.7485292271475,148.4668896938773,162.2694406254689
135.2803531218941,872.7862194288515,148.7917484930406,161.52090872898847
148.16278418794747,870.214431523938,148.90436209945923,160.84013561227127
145.8588843601175,866.5184413635473,148.76936533406817,160.46350497876813
143.85087602623224,869.7161499201885,148.43763896747592,159.91440467990816
134.06133581635544,872.5638998142199,148.47153048342093,159.72612325274625
146.8287070567159,862.6327761136904,148.59993497535623,159.3445390192837
144.99945185004398,873.5100154052398,148.98239982786328,159.49390717690775
137.66772051835653,868.8091834911871,148.7512148929716,158.92598940100893
136.25437014901814,870.2285709896696,149.84134539258127,157.5043081578587
130.07680285230265,868.1739111123113,149.22006244450833,157.5434093494955
116.79785608924644,881.7782835446909,148.67702098832098,157.09009470629394
126.8610405321626,880.8989497832097,148.1586004057113,156.53108401613693
125.39320869754853,883.278759998899,146.1273446527898,157.19171590790904
122.35133139209684,888.4130492116827,144.95592558052667,158.1277883612476
97.9454316010559,878.6710535106693,145.25916879664175,157.61269147592103
101.55949883932632,885.2617428804655,145.24198231051838,157.14442079907278
129.85905321986274,877.7172369330725,145.42643144129127,156.18037406959124
135.69687766504944,881.1629041196694,146.11215835963364,155.67105921620333
146.73804899149803,881.0756680129533,148.64208796930973,154.83750769077446
122.17774386373915,875.7804696034992,149.02975755099936,154.4859737388085
125.48497592423138,883.800071720792,149.71107027403957,153.35391500440608
98.1531476590331,882.707358795388,149.46742394799082,152.8733757749529
106.94032696956856,883.6156115497924,148.85151373695408,152.766693278496
105.67012070870109,879.243574886972,147.75844380248174,153.26622734327245
92.52378425648286,876.0176782003855,147.35218405921313,153.45926407887245
96.70746494212472,871.6534078186563,147.14627784234835,153.3335720542447
109.09988408972299,869.6531583557372,147.06767543277192,153.31119996262697
118.77755936145422,871.2739307485388,146.8152206260038,152.74455809297842
116.10102271319676,870.3528389828025,146.38589236078167,152.56826275405905
106.6124339161238,870.3276550700375,145.9843925867635,152.59877329031943
108.18330544327493,866.5243639252267,145.00656707396516,152.76116841563456
126.61232832200253,871.9423869774135,144.3931464080627,152.6235876585508
129.30105786007448,868.0801206936255,141.98417006469163,153.63009072707302
128.0693662400269,870.6945259090613,140.7149819413377,154.64929760729757
125.43733841392735,863.1547938244341,140.8018964039616,154.41177283154445
130.74447914375725,865.8313964561643,140.45491841109865,154.01356176974454
129.82881411473969,867.3197292504785,139.77720477559131,153.4674684524631
129.20026648865644,874.8544892080545,138.47979372587793,153.23980454011866
119.80834342737558,875.93223660861,137.85419313213106,153.29690806282971
115.29502716258078,874.0326101953218,137.42202820688667,153.46093392445545
123.85725537583896,869.9434167439284,133.88823855130536,155.42727658819808
125.64442405230233,862.9814746866052,133.2398095254813,155.63231247438992
118.52671891747964,869.6437863263733,130.00620658101533,157.86807871359161
119.08707016368868,874.2559384958413,128.3503034331369,159.4988425814427
87.65679083532366,864.2533478622283,128.37128155397826,159.38921481241366
107.46709212413009,863.838607278737,127.86535259086737,159.03221307305483
85.64742824717223,874.8755386645562,128.1788403484452,159.03765022817436
78.99854098740191,867.5954571983908,128.3962792509204,158.72010186442338
88.4064595314093,865.7001233545312,127.59524891034215,158.83682126417867
95.25578510107954,864.1061736640486,126.56027117188059,158.89701674003848
105.67016331053601,868.2889024663639,125.6411464820936,158.3347198028272
93.8768064278359,871.2264364445081,123.59605482757195,158.04346646751065
91.98911608827288,875.7272531457943,122.0358003214563,159.33791842260408
94.14896715219083,870.5132751091533,120.08134973475809,158.90368520297847
96.65324941382306,874.7489888269646,118.1990540751716,160.33473026338848
90.0645032349729,870.4723350589518,116.32368521918782,160.7851811633668
88.44860103909573,864.1377531678428,115.73412473133402,160.117141919767
89.07003582220419,868.6656014622728,115.12941187717232,160.2674628251086
93.9534470883687,876.6470135086697,114.30812977300491,160.85415159547387
85.9833917172476,866.4507800771875,114.13770775462702,159.97858447711522
92.31363015560227,867.1356193054957,111.44417652611102,160.55281399664932
86.26872380800441,876.8525926687491,111.12118652507873,161.0344251314704
89.25318422037711,857.9711745925464,109.74624887370368,161.41912178802636
88.05008132743599,880.1910523075384,108.90873365128513,162.03558736634312
87.3567619833077,871.2956173534571,108.05852803831795,162.5550987845154
82.73592049319649,880.7010942196821,106.64187247178747,163.70666565143063
82.39430078667253,879.6035882878124,104.37578536963761,164.8645475169631
86.4204220546021,860.7190963353964,103.48160958335123,165.07114586271285
78.24593904390387,872.6620073701644,102.35955585987463,166.25827606368497
77.81228101781102,875.1318812903955,101.68653339582501,166.77140765208597
81.77885678085215,876.5650219684097,101.69083847756134,166.77154775716298
73.93070229402294,865.7522305126106,101.84380772191068,166.10595291912762
76.62189174142578,867.1489965375624,100.41014499074024,165.69251205956198
64.98519310722278,884.669393685299,99.86422348778393,165.77787361736017
68.40502723102607,879.5881786879582,97.8764686923258,166.47063427000086
74.67831652856158,880.0272811742067,94.71787341939833,167.72998060518208
76.85099557276348,860.3437351764387,93.371939550126,165.3069190973
60.61558935073535,901.7257859541277,90.81351615433852,167.33845658000817
58.6928472915502,879.729880273034,90.56330382342902,165.78947738433396
63.61497796346824,872.6379169503035,90.58517712314763,164.86566934961934
55.09849822382091,882.9421952016412,90.06210442165616,163.66370616969792
52.68409400407368,882.9752670685649,89.54320749692333,162.53675914166865
51.33563966476708,882.4527698598392,88.36070185554446,162.0659219694213
44.024652408861456,889.531691839162,88.67046246965063,161.7671259004851
41.52235182813455,884.7260151309915,88.85500671582123,160.76250679790525
30.880177896254402,903.9991337059282,88.41992747081689,160.62131038899867
29.5794363167104,884.4129152704353,86.01458327547374,160.94806320847084
30.050322169518964,881.285887036417,84.95679011552235,159.48076328460078
16.91255294872164,892.1088536019895,85.38103117857696,157.582459319105
31.854906129711487,899.1797201912347,83.37994221772031,158.11828313219198
25.852714266283,902.6724242614904,83.89772697607143,156.8008489868892
16.278854987468733,902.0909794647118,83.76348027796266,156.72748281548505
12.149977070743319,885.7996850374956,82.79499118496085,157.06965800414605
9.6581212874978,892.4438408826518,82.23426295881883,157.2251634525056
8.014357943939913,898.2248792509614,81.67404088952591,157.28581792468745
2.810891500983878,888.8151991236236,82.24015918498388,154.53097659550076
2.3198857355764275,911.9408503593052,82.38171589898054,153.57894093932316
6.707029825414303,907.9923415749436,83.58659279651427,150.40987269261683
28.03538101998793,916.0667409386942,84.12802196864631,149.6515215816926
31.69770964653955,928.852194433465,82.62083526608018,152.0515294328492
42.59159100012286,883.4762178318965,83.3152235904077,151.24009762622075
56.35158756559629,888.6737115598571,84.1465755217167,150.27472995942304
46.06327238066925,876.3844496836648,83.92038759323094,150.53424965296972
118.17440165455918,899.4312674221763,88.74930702396671,145.26993317619085
128.80213845883515,899.7798177691932,87.84539400806617,146.6867722442725
31.943910746402437,889.0454913016046,85.61331732843936,149.02393637940108
82.78543954290195,891.5335928479601,86.34788516268642,148.3145527637713
90.50836171754867,897.5305269694247,87.57411799234809,147.07312974178922
114.95912313177746,893.9806968050468,87.89973749787485,146.67726614094914
174.52590724994434,844.4463388271574,87.70501203497861,148.0469693403802
144.74606452911593,913.3223239146715,87.630801602612,148.04661659699266
116.7294142860728,914.8130719719946,89.44321967292679,145.12136820842917
98.61347513381496,897.0165789793455,90.49684098891706,143.81112161926458
101.82374600732886,920.7963847594342,92.02928882013632,140.16950551196817
72.31271357484263,914.9836671451982,91.76974128886856,140.4410665338972
16.69934244943036,862.4161719528929,91.93489906703684,140.55999704301945
9.037710301215839,895.5363434045212,91.57092943860016,139.82133260655974
8.499449605060363,901.2945956062431,94.40021934745164,135.13642171660456
14.723486635641052,908.8762423186786,97.05462331363401,131.41782948649697
8.624925664418733,906.1507538210328,99.10348800052445,127.9605118040541
14.547093130030369,896.2395122321537,99.27113407973819,127.56339621167051
15.659452834068532,905.2635846501157,99.92350464892627,127.11087629945274
7.834083600752422,918.8198739838705,102.134517239704,124.37080472727999
28.789858926500216,936.8177413267722,103.46197644538614,122.78490204220913
25.681278360403084,939.5978410943446,107.50284205870528,118.39283314327932
49.23441508312768,943.6979941338867,107.95407135983812,115.83735156904746
38.527101586156384,951.8643668242732,108.74787353993794,114.43583673331842
34.99236689080589,945.4513114473687,108.87431972583546,114.20862755609723
27.944054067934132,947.0855728794147,110.30600263018493,112.48218092205431
0.24700320840797474,935.9178860525456,109.76452314196186,112.06171236693044
7.082652416081125,943.6658648805474,111.64103146642269,108.34222394157848
21.265988783268355,950.2999877566693,113.38843725377674,106.37969088922482
21.38213623165791,937.4772309037461,113.32335669100871,106.47627919529096
-5.350660420676604,924.7450158753568,111.92239573542383,107.34457315893
-10.122064706601918,917.1257464478564,111.85905654116118,107.3811943656154
0.23052537188517874,934.3556584518661,111.29903705923581,107.32111629875801
11.226987054971225,940.675278674295,110.9647803037815,107.24967160737914
8.303442166374694,949.4475764501851,110.41495798304365,107.34972746856292
2.4103842309882495,946.2360623551483,109.44892713293031,107.31115726233509
-4.55640524332761,931.3518018245995,106.55940313051222,108.824217584297
5.678947636354451,948.157031475675,105.8046397539606,108.89886265226315
2.694899642467611,918.823158949185,105.1371861964462,109.09868167985258
29.146870243875902,958.5430812954287,104.2690459274675,108.79657044683799
45.604711636511766,972.7658439884303,107.46994410533054,105.61673872538552
42.058307559638735,977.4628421708796,107.57353163987494,105.47206429804778
43.78313535623832,978.0667089530175,107.16523117973242,105.69172250127397
43.568819418994885,972.118132912319,106.57625250429253,106.27469897689713
30.67010611563836,970.437398155408,106.48390669584444,106.38713742382457
64.03560850278267,979.2507683211164,109.08422363786443,103.63720049053997
35.286160085847385,976.1094406298156,109.63347066094397,103.20997742847008
29.464786137945147,970.811398010743,109.64433588920694,103.29135414763334
43.655677095717245,968.7580993026714,109.01672534512271,103.70209403890446
21.608516167566897,951.2314762773198,109.18449538257575,103.53763150196137
16.00859060995151,959.4278946193614,108.0097003109779,103.99876057715545
20.458845717138296,946.9327323014512,107.2169066569681,104.52399922969946
12.558278174557678,955.8055338584925,108.18253244189741,103.88291309864911
12.73296121286014,943.9158303621625,108.67569947686475,103.43532843786672
5.60125438254893,946.8334363043218,110.23448133206725,101.65523511433918
65.76439392131519,976.0120266459551,112.51428898549175,100.3630759459651
134.97832769828938,955.8606448382847,112.37295097255901,101.30601824172597
187.33073621694402,905.972254083578,106.61321755341378,109.0878732985024
195.04351998349725,881.9941385422545,101.42828017014864,119.11509971196006
191.77837563779596,888.8528816580625,98.20145540482513,125.10147090221899
194.62390258854427,883.8950604341212,94.38119126964018,132.56663694209695
200.04942185311077,882.0805964859712,92.05180400851252,139.57129559134194
200.22185938564792,880.6784116511733,92.85882422809097,144.01355858006772
201.51495328085895,870.3317201111558,93.6227457764293,146.88656621759776
189.95691058140108,880.6958885045944,92.91214622356279,150.19591673235624
178.6566271299937,880.1083336523027,89.36300151749082,156.52645818437622
190.012844311901,873.6416959783996,91.00861654637642,157.1647363169113
187.82065765971151,882.8595894381153,92.46913073134007,158.14656719533158
165.53872688827698,891.1983018261785,91.91683855716816,157.42448661933946
167.72182284146538,905.4657281853654,92.83627640008942,157.99199939474002
139.72831162803973,907.8594783091736,95.0309442432005,156.91805138368073
177.2962314927229,876.6030445526783,92.73323927945914,162.03359147357548
185.478779260983,874.3214721945493,95.09513539638132,161.5655095548543
169.89682255695482,885.8317226745105,94.03702960888108,164.47652524227072
155.4994155008821,890.3879452128284,95.16283355867301,165.94149277092063
154.0018664415874,877.0329141345353,95.54143511430465,166.4849346729902
152.6024344470896,885.2115310205903,96.56121096376626,165.49852857574595
147.05946847402214,896.2541930856943,98.89988949193244,163.3426821371883
139.98342352590913,907.257871690884,98.3554108990837,163.15930716557847
130.53162359914523,893.0382291407071,97.46425863163984,161.314782604067
140.88008553648982,902.143645139959,100.60383301744872,157.88901434915468
131.38122261305392,906.149400823414,101.29099291583417,155.80493170462614
150.0878892420569,895.8615855069761,103.31900105797472,153.77497533188665
125.09947672496406,901.7254029528348,102.1601144222385,153.75449471415615
132.03797391534673,891.1531137541974,100.53672206936625,153.90261315049335
134.8569844590394,886.7665292521937,102.1598079499069,152.92917818874153
121.09112486859595,907.3682974187474,103.1377227332108,152.7304064125189
126.62020957795929,901.5538542227426,102.74866170529226,154.90419369869355
138.64440810536354,881.3161614861003,105.48168821920932,153.77210770591367
118.02730581252926,907.4547793359136,105.5631370675732,153.81232729803523
121.58809629606952,887.366563573662,106.99482167208693,153.65974118337815
110.05253724759356,909.186002878831,107.3029812424275,153.86466597880192
102.2111733388707,906.7735972852356,105.83376013104024,155.7055365646438
94.68227712306586,902.8243182894764,108.55048810952492,155.45751862842772
99.05348888599325,899.4123803086188,112.5651952065339,154.8784595620669
90.68364507357882,912.1610188053087,111.51383096673874,156.79908265413644
98.4872243392067,898.7179012967604,111.81362529345415,156.1588818191821
88.35544399906883,910.2760150921175,112.19600807150822,156.74359531428328
66.49674674206776,913.0570170734311,113.08178713751231,154.99476798358353
86.85407858709712,918.6944974104117,112.54312976459228,154.1538483328769
92.97071274834869,924.2723216139555,115.27861430311206,152.13746975458577
73.49067299856382,918.5298876134136,117.55020961078728,150.27318900536432
91.01204698707409,913.1625432795969,119.32829293259488,146.7653306377803
86.32579097518321,918.4346849973319,117.3199265078903,144.9204137718293
73.22239723672604,919.8248450278454,117.42849125226068,145.97002496995776
68.18796419797354,921.0921452447932,118.43070407811774,145.08134850819192
59.61016055052377,929.1944266908531,118.75691607882783,145.00062594810342
73.28150928409326,924.6586048094828,115.90263146874453,146.48705652648727
72.60696692463641,925.926065884383,116.51023863858214,146.55108166329265
79.0326504267233,924.6008727382662,114.6852578953947,147.2827154044476
88.44946828923855,921.8598976222629,115.10192734614543,147.25047639313735
74.51118375564256,930.9698214856764,116.22895608435792,147.32516716423513
70.9704392365116,932.4359494206276,118.37791567315696,146.43064866387024
75.47095203273614,935.016075861147,120.2709464008983,144.955183294657
66.85800828102279,933.9527512515497,120.103918178617,145.18837629322485
68.9290274932921,938.359077284151,119.61729838849307,145.20516434490457
78.51492923972371,931.1316791920854,119.56979871337884,145.1886604039138
73.62668009409931,926.6985698376773,119.55559513847774,145.37087814379677
73.21124241335725,929.403566885645,119.35832852455903,145.79587979447382
79.698994990324,922.3451799531326,120.19403781764701,145.54799053541404
76.36326582932517,922.3587258712523,120.3131480027428,145.49251116194856
59.86766158686605,933.5531490922685,120.7549141964013,145.23580583319756
64.99347305444331,934.6360337202905,121.32535661464031,145.4865550269369
72.90811640395538,923.3421840500608,121.57322979720799,145.4172490573375
59.98066495635182,933.5045918710607,121.64790503128229,145.66897150127525
79.96002445699833,934.9180281780391,119.2545165353604,145.26789873396763
75.89917088167913,937.4299417038687,120.47802317406641,144.44263621172738
87.75286543506053,939.4848131513544,117.602886569745,143.31306070567217
93.07952605043194,937.591725098479,117.58048098078686,138.75499376180153
67.21490787309293,940.8098131523864,117.80093208766215,139.0870180514779
86.7405392493375,931.7127249814404,117.59454848556364,139.36540383550877
88.6379844725215,935.9333036171073,118.83607743082771,139.03526665237064
89.90473378164506,933.0554087600018,119.4854923543744,139.7267358023116
87.65665481691299,928.1656059864429,120.86249106218938,139.72081125909745
86.87608824196204,933.8761057746772,120.31144922429831,139.71803697102
101.25299380140177,933.3386943988966,120.70759194758193,139.59223132273226
95.0666776814642,929.759247782919,123.76896873244,139.3256637392577
71.4585300737318,929.7623613251337,125.5453339857466,141.3765598390323
87.2285870721625,931.640024019587,126.71527247911955,141.85905078389652
98.68615568413537,918.1244260118193,126.55202734501755,142.5620722083674
101.0877444148135,921.4702157258636,127.04054357110029,143.70246824033143
