742.5,815.5,91,264
739.9300686072014,814.1531500070374,92.2142160036758,262.3890062870421
746.8604096113818,810.5874805441105,95.03075529353278,264.94080162235036
756.0901258948918,806.1034331355282,95.21488695075602,264.82331084533763
755.8693926550916,798.1166641100699,95.95647831400807,267.2519995005023
756.7364305272474,796.2807545820374,98.19765710537159,271.41719206978894
754.4130510455095,787.1535392768342,101.19517176037556,275.0998071894727
753.2750420322654,788.3323620789499,103.95747475810096,277.59488041534996
755.0008640687173,778.7750924031378,104.26376883178834,278.0220475593326
758.5299437483362,780.2807189962268,104.46279922322198,282.3792988973856
763.5872323726246,785.0694787920896,104.33993263748691,284.4571776744954
764.072559697102,771.6067140185568,104.62380913362811,289.81144867663915
764.6054182460688,773.0208506394622,104.2072289365962,295.87751976466245
764.8383416098867,775.5544326164738,105.96670016397755,293.38999286126784
766.3110923432106,762.6686877362246,106.45854920888065,297.5240200057995
763.4360738085735,760.8998722869683,109.07081681747678,299.9559065424345
764.9835751593471,762.1805177638363,112.00600553743843,295.5304276328423
767.9143348141291,748.0065310384605,114.77146796310373,297.677986426001
769.333414158255,748.5600841032985,115.49550791376817,299.66042793044966
781.2053765650467,748.4741498128132,115.48590278707422,299.99292347420146
778.3319553284613,749.147193390075,114.69041165733994,301.76286939691784
774.5602980767528,746.1489740339218,115.54647077821893,307.4440661465529
775.3898189214507,733.6721372430158,117.71723780082883,313.198105176363
774.2620262671746,727.7183474348633,119.65845301365114,317.3496914264266
775.686781760543,735.7203744381342,120.8420741031778,321.36645803756045
778.3272931068994,721.6285181828308,124.0354309499547,321.2103859259749
779.7004648293628,734.4855899046258,123.58100530593128,321.9508170673456
780.2969316047718,727.5683900536745,122.27737608754838,326.31874509719023
775.5995407152583,719.0128954957065,124.61095772466868,329.6093368361121
775.3453393742494,716.1300386149737,125.84786649494322,331.41475801983427
774.584907474981,702.5865399306986,126.62638949033354,336.0480105000788
773.5787726796665,711.4880986307102,129.99304254959065,329.31639387825385
781.6229588244227,717.2211316888208,130.8259520746535,332.5143368562707
787.593969348959,712.5599904395202,129.04900537403046,336.24796340623317
785.00013792957,709.1420304593961,129.7708087996615,335.16130407799875
784.0433370803305,702.553661611755,130.3862377858144,339.98822831197714
784.0360547012733,705.257877065555,130.47999362515486,337.0808006697581
784.6739299954731,698.4791538650363,130.05114248658035,333.12348800707457
786.8173382290638,697.0426094446275,134.9078740311788,323.40692478643007
782.050549701847,704.4019499142304,139.5314226279709,320.25247667345707
805.6755456816452,690.8722297195246,140.93552154972218,313.92757868396234
805.3757347077369,685.0479483669989,139.3051050930739,309.0969448405519
806.2127497223506,687.3577390774174,138.58655963291918,303.0022549154195
803.2080310369715,702.6890954183448,141.49500790036026,301.3926657076858
826.4743324993666,697.0467939735847,140.90962100950568,300.938189121803
823.3096550586355,689.1827272961224,140.44241655716647,300.7765643666815
818.2165965814265,688.5714013244685,139.82533278984383,299.5056497969277
841.5682474757875,694.1272835851215,135.35562017348514,302.7160593478872
842.3004495662838,681.2484731501868,133.5266207580984,304.3533608513018
842.9374729728529,691.8111897710384,132.6961895305258,303.9806017123817
836.8369952522398,682.6970508678079,132.55022877302156,295.8177719596385
829.1066994972589,670.5124186207747,132.9158448114868,288.4528064122011
829.8982294379954,683.8613971008051,132.48461143090634,286.95130063927405
826.321700431012,656.8352233551512,132.15817487318725,284.514279691861
825.9971585447319,670.5350144893172,131.7339409987673,286.0544309287781
817.9778649109364,665.4762756845797,133.47895297949293,285.27062908879026
813.4349069619526,662.3060870556919,135.08289713673793,281.65322836957597
835.0301433697853,669.9476843853251,134.61797592629728,280.6806463888375
827.7553346902603,646.2932484754392,134.51015405347476,279.7198343707187
848.7417803060766,659.5398561286761,131.0995644575842,276.4211686247917
842.7791608307344,661.9533021135898,131.12698198187695,273.43081795001603
870.2310926221614,679.8220623729782,125.07816753232369,278.7222357246962
871.6664079402827,671.0073337820954,118.09388228258621,284.40111993893254
871.9600661536156,669.6513638251882,115.1892047395114,286.6419199747122
869.8123138668773,673.1054055459181,115.26447396524003,282.0987724081916
874.9158242657767,661.5551926423385,111.18507910967142,283.4414562872501
875.7809117928106,670.2078937420746,111.23286852837451,283.3344069014986
882.0641682547778,659.597085574113,111.72936963489659,281.50331937999994
890.6256280011044,668.8782448802754,108.66237837252908,284.4486282548579
893.2417944203207,677.6051549207511,107.05396382900287,284.76325986457994
899.8944812969914,680.9546318767707,107.0423608657615,284.7948800835529
904.8841704441302,668.996512259198,103.46482182777069,284.87967934677465
910.4895700416448,668.7032682987848,102.05622104277552,281.011439141075
916.8251792434165,670.417613781772,99.60997631782098,283.5859200958769
920.0946991179055,654.4042816234933,97.11712921486975,288.3037465218095
926.0322194336828,660.3815256380572,97.0530531676656,289.8749104244444
926.7447088846059,670.4338799848454,96.77514503131479,292.08624367727907
950.2551506123059,678.8236056200391,97.32855280516294,293.12956538662803
974.1901804709213,706.94265944563,97.40442738358638,300.3305827964812
950.2081001872807,667.5531784582346,98.6171726981821,304.5362262898268
949.5413864281701,664.041172712027,100.02551785321506,303.5383347442172
948.4826620389733,656.8836818515849,101.33591509218745,306.3170711190319
948.4589492402611,654.9749026219777,101.7836652726655,304.06921181167536
949.9189641451803,651.526693575946,101.81642405421199,302.96793111986426
955.3178313314019,652.892776692179,102.34733348059692,309.40808334595533
953.9093646867118,644.6372759668396,101.43989271411459,307.31981874438793
956.7601464278165,643.2533232936721,101.29911643283299,309.29886514058495
956.3851535703594,647.6905301996742,102.1747188472042,315.04728839523125
957.0155513341747,649.257840294671,101.54650890469104,314.02322337720403
960.7021123854414,651.7748634824643,102.65994667001665,320.801780952118
964.1269885289475,655.8247043723784,102.98372496161761,334.2340415398436
966.750344526993,660.7080114926783,103.00132857069018,337.2983417966191
969.8538161307907,661.3574123612567,103.03586285256618,338.4054085897358
967.5928572510733,641.3511964751738,103.18472229290933,348.5215276482785
964.5682874264072,634.1855200132055,102.70693876261508,354.94351444138624
966.9201490513133,627.8352724979735,103.09591456370629,358.83988940806853
970.0922762581317,640.1762739466859,103.31147460319431,361.45967102602464
974.5986363966163,698.4768519721856,103.78221665990439,366.06746120305246
976.6425645780155,704.2530022258709,103.91153387346088,369.9712554375034
980.8613222118287,639.7287431012926,104.23647168505808,376.1708128101949
980.9227444535545,700.5996680785188,104.34437722592523,377.34603896658246
982.2490356751575,712.5441248381653,104.42619720085567,377.05983044912057
987.3599987076168,654.0308534511425,104.28670960487028,380.0460900200409
989.6412856055703,646.2365769987753,104.31640713693577,381.5633862872022
990.1736334240334,681.0869488600985,104.38016821177872,383.9906027696341
991.2455687428501,690.3846542583416,104.41435262213406,384.6058071312288
990.5058966202853,683.8759552485617,104.37112923744955,385.8634509698805
990.6206292113966,616.5256335628704,104.18454996594662,388.92360667036445
989.2563673590952,617.3542584479122,104.25291217534073,389.40401549631974
992.1389899489726,629.7709406807454,104.25811568027828,389.08559129249426
993.1369920921928,639.1678894149132,106.13484641733643,389.4095183786019
996.704139465457,612.0197936572522,106.52917763592627,386.9778580262482
1000.2561934719761,614.9909527637732,107.94271545876472,387.60182399289374
1026.1303599786866,582.6319101767446,108.99363018704301,376.8022394892166
1022.9160404678353,593.9907661954055,109.36876855643241,369.1507925580958
1022.4513121067996,599.0462955686468,109.78627180541241,366.0813564503158
1029.5556332446258,597.174016538808,109.31513544254071,362.7445041019731
1030.6408660875193,597.7950247909419,109.75071166501813,359.32959836507
1031.5922303886061,585.5003905136672,110.0336627369928,357.0437238684719
1033.4920578003955,594.8481011304261,110.83407552892328,348.27782610297163
1036.6196880755879,584.8670093821896,110.43936633580782,345.93391829085095
1037.551434055652,585.5287430418086,110.71943335471413,340.20873950768475
1042.1997256896475,606.3225993325865,109.8191246533735,336.98748200425393
989.8086393746177,725.330749267187,107.68844022776905,344.61144092411547
992.3783723359574,720.55334856774,106.17049744695052,351.1209301567953
992.4783893251864,750.1653949752018,106.13888519889153,347.31721316584645
993.8632903244088,750.6702052049965,106.12384418105279,345.0896275802195
995.8367510133771,710.2452744835334,105.34611368675262,350.24796070283315
996.6775705871723,719.2723048096012,105.09488754689835,351.8246182818986
998.424376591971,709.6961151809863,104.97266325740898,352.3321496692554
998.0328083258269,717.3971154085197,104.91698684242412,353.1089097427532
998.6714553133926,722.7179126409376,104.8635842447418,353.21823366628416
998.4118612307134,714.9765599682474,104.80747398156463,353.42593748578537
997.4499732837721,714.7857941352077,104.76022142829605,353.77829747083337
996.5348515661126,716.3035203422637,104.66812590106022,354.1473710519757
996.1940251421745,722.0489976943074,104.54069343943101,354.60258906212187
999.613730463115,711.2261954440455,104.35085135528924,355.7928598529289
997.4037728375439,720.3577106772736,104.18684183607608,355.910370234251
1000.2866574882363,712.4700924323703,104.15385823644303,356.2217900812963
1002.4301391543632,721.2255128546524,104.06706351380834,357.71558981595575
1002.1028043834376,715.4075643983249,103.91765298659443,358.2518182258033
743.7573038117357,756.7010380189375,108.3508416299983,346.6290433478591
740.3112234180546,750.3198077190834,108.64200401571865,345.9164921220057
738.6485220032215,743.6390142023284,108.83553776770233,345.3300763402692
736.1920342247276,745.3289546156509,108.99213133616458,343.8328735455457
735.8541912906468,740.4400062849252,109.01858410152794,341.0456876569483
759.4215286241491,695.9181110126783,108.39497205659367,340.5560385652117
754.529441258583,703.4126294279755,107.76565363129266,338.78180638397015
773.4652667366065,608.7437241709347,108.56904005927885,332.89120808457517
766.4104783269785,624.4087751384386,107.26148831560765,331.4609798830878
764.9928310677541,613.9697391173611,106.58341732693076,329.5384804835926
780.4402508380231,606.6056784428054,107.20241560072371,318.2654497941298
777.1710500588657,605.8792506974095,106.8340760167655,314.3447405647678
792.343724952768,617.6071755173294,106.62638911653426,308.69515770959583
789.5635163543648,603.431626847357,104.52156125718841,313.44613831980433
792.5615568303832,603.1382694769325,102.93800405164197,310.82475250332607
791.6832315096437,619.4950139225012,102.64918970059765,309.20714030591415
812.6868269463697,616.7885869481895,102.27414375512419,308.34932527107827
809.3772814567332,610.9103340655234,102.31093073354276,309.1349657867766
823.8991108740888,613.8801841196732,101.51953592165866,308.25436439902745
815.278153778467,610.5492195723833,101.88502532347354,307.4626525558022
813.5483828096927,610.9155955605963,101.94960971860263,292.1999180125425
814.262053982792,606.2299793972584,103.18132379749869,283.486202753159
813.3411124231006,604.9439657602178,103.06637248141841,279.0815359201845
811.5331928719788,612.828042042815,103.32735270838748,277.3098175667209
813.0531610790653,598.1839150416492,102.88934738933783,273.67078732833
815.1231530314996,612.7129506537437,106.02495104321561,273.8639806762843
818.4846779794507,609.5846565723816,106.54171638245137,272.6652666005443
819.0153117674171,604.0182579336688,106.8709673526229,271.9366184510291
822.4214790923519,615.0391966152015,107.95642742626407,271.91282084565404
824.465996547824,603.4692918767512,109.60382649816894,269.89295472441006
826.3659039839181,608.0806920574119,106.5764638612026,274.374855786734
830.6198140006734,600.9378639728468,105.87387539888962,275.39759157622535
833.2038692106826,585.2643689797974,105.33076068733692,277.9697001994092
832.3016745464682,600.9568043435028,104.90399271290899,281.1530248150159
833.2724939662119,589.290464845267,104.34170227067668,286.8695558164922
848.113701516532,594.6049200377333,105.1207034145432,285.9961300125532
849.0942726381045,595.7892396809875,105.12909342275636,286.079726901582
849.9591658320445,596.2943608818763,105.10531344261399,286.11196437250806
853.7991879060735,582.3597424259308,107.22105996685828,283.27865802573194
838.4009243945459,565.698747185078,107.97927598527487,282.7767120450352
823.850729631429,564.889886417884,109.8304761346775,284.8202776825213
829.0788961833166,569.7909849923427,112.73593464162008,284.8238313804666
835.3543790319718,575.4528012292254,112.93025207114088,285.0047898948603
840.3144726408885,584.247500996169,113.4967143665519,284.9757426864127
844.3215624938543,571.0021927004412,113.96930433682877,285.7303458653926
847.2901314666814,589.2606476747667,115.1096610124517,284.9288556860289
830.2975500530999,602.6399049316101,115.95777321095245,284.3418041850373
835.5118528607197,585.7852954380962,119.17531437000474,284.4547020661081
840.6617129533107,593.2036293078338,119.95155434412467,284.4580592747529
849.0388941948517,572.1394059869313,121.39087739265891,283.642456081353
853.9925949074888,547.1319725390638,121.29945306394232,282.6668406467656
853.7590637360241,585.1768074913055,121.69807584872324,282.2973703272433
854.8241619740289,581.5298480524714,121.65194600212342,282.11389986927907
855.6465773981635,580.8836825496055,121.89959159333036,278.77584452247174
852.5351293602049,592.2974938859226,123.19578135516045,275.48639934007196
858.5597063552021,589.4735233012441,123.40417665105464,275.2640635814811
884.2368900319093,591.7510657644852,118.37342532547245,275.26582336630247
862.156582768331,596.2794070875052,119.19400536776577,274.6107901953601
843.7431576231949,571.9330731863271,120.02736734627055,273.80332066861473
849.148819454043,575.9814380206114,120.88024923572179,273.22019325682106
849.430629309935,562.6207207869156,121.34905933827655,272.89242194418324
833.6454784695229,574.2752388940565,121.33090963360246,273.86754443656645
862.6485147567,581.4124950790122,121.96322283195342,271.975090210271
849.1316626494487,575.810224695051,122.88785722223734,270.7388427091502
831.6174737830308,589.7699196527698,123.09276770043434,271.08496144544625
856.8168899869756,522.717791327698,119.05245580035707,271.62714534168356
856.5922696723668,524.8634339977992,118.97461851629056,271.69808505717555
877.5640192700728,528.4049209173965,118.71030709553689,271.9535177807864
857.5967803032405,551.1474374786039,118.59241686513882,272.3475015345922
840.1590118795334,574.7136522050673,118.9677477189008,273.3114351492922
844.6015985816942,566.3651698201461,119.19286579559697,274.00337596283595
852.4350612944386,567.8360564577907,119.73958630516694,274.40734634370506
858.7548691124451,572.814616352272,119.76542648733015,274.4230582808168
858.891105972752,577.6687285178241,119.77366790443652,274.44038364758853
861.6372369628207,555.1585154161447,119.1055498108654,275.3568326475781
930.2228491614264,327.4029973259148,113.69343491072415,285.160837578038
926.0371127991875,309.7975774760664,111.17417391632989,290.27821528737826
924.161157085006,310.7852196447934,112.38003956451092,294.3402110326269
924.6712508684259,326.30341669436325,110.53513370114348,297.7587157677158
925.4067967954124,322.23508526707235,109.95918183940744,300.0525174467605
925.137235661659,328.4237668978435,109.95486513587157,300.04521033756185
950.062705916318,285.2822620033918,108.1920822803623,297.8795583222661
944.7474524803458,322.18440970260394,106.31221412941844,298.10825242579494
947.8240426151574,311.03757809061085,105.78333100182401,298.43135557592854
967.8682697830819,282.10883513995725,105.74345683565271,298.50288414081007
966.7862113963793,267.0782603747099,105.08865442723437,297.0487214764805
964.8932310385309,243.79533235739848,106.2626599770681,290.66938708141583
941.0844444750952,302.0774824968155,105.3158829757656,291.019942759613
940.1853483251837,327.8122354412351,104.07266053788732,292.90993775578363
936.8000457281672,345.69208480578504,101.557180603136,300.43408302082435
934.0065003837384,348.3100784221541,101.23404065539697,303.46955918225126
955.6941751922537,283.90702257664526,101.10609704422562,300.37381540451895
952.6347399804006,298.94226895218475,99.82245873227518,299.7173050447974
951.3766704364647,312.01777454286645,99.42882160936209,300.1910325566713
946.805591362079,324.12224988003084,98.02698294722032,305.2097029608337
947.3664058784052,309.8355400278765,98.0202453244419,306.80211032078205
944.8846642937019,300.39082361485646,97.99381264607025,306.8261962382528
959.7966093385194,277.4386367779167,100.58824988797825,303.92087752931974
934.8033427282658,334.15338261867635,99.98799874569251,304.4007715289529
935.0031774374798,332.89759089354607,99.63105540812907,304.917937073406
934.8935015535717,322.04315558679934,100.13327395193494,309.34186315259757
939.2544212913931,305.2971485484266,99.67729503384814,309.966544770847
941.6298549093284,303.2978543403285,99.55676789731221,310.0474503009195
945.4216706746367,306.299888813809,99.47062915691777,309.99827732716415
944.2164974417376,287.8066708646395,98.84975733238718,309.8086039115382
945.5054487018346,294.04137866673375,98.33766048579233,310.836750715797
941.5806055942708,302.7633392179214,98.17317796160108,311.8793274924501
944.38222360356,325.8696233037032,98.10403532299705,313.2024343697147
946.3273182356834,288.8056507663225,98.13549599161156,310.3794288219174
948.8350790217106,300.4294307719966,98.39774779983678,309.6451649378886
946.6240887917039,332.1832774162583,98.22985065441189,309.04453417988276
971.7286721135312,267.87766906190404,97.68694377638245,303.37614883781
970.567000833541,273.35106798763,98.97043991607461,300.35165752398626
963.4230246425616,298.613235044886,99.01297661047248,301.2463907922868
955.0797287593643,302.2870795502997,99.6472574332633,305.84846126479675
932.1666358934798,345.3748214565038,99.50148500463197,311.8387184191854
950.8871712727633,302.55733010780216,100.45347683761774,312.84300958826833
949.8208104608835,283.94043806932655,100.26227749618259,310.37886809759266
950.7259581186156,297.2664786592904,99.83280388558285,309.0434392156386
950.4701619626992,308.9101344409833,100.24556961766622,308.9496796694647
951.9900372145784,290.8380735884996,100.4557857353068,307.8196848583188
946.5655959703903,318.7394112115735,100.45250204784061,310.19380557164374
949.5183755182164,317.3920975649138,100.40046334555986,310.3861194894901
951.3141466541055,278.3768116056378,100.28956053148455,310.5849119280616
952.9254834670513,292.66214257355193,100.28452849761847,310.58247585282896
953.4470516298081,301.5433532165788,100.23402795863836,310.5532489179716
953.1368199730474,316.8592838021841,100.17778501767748,310.7426195888019
953.6582884727906,322.2853493595651,100.13849045803337,310.410869447856
951.6385949783069,322.56521834281085,100.0764990061439,310.32473866386715
952.4071396729221,323.58951348032906,99.87660811277833,310.2207842569032
952.4019294591494,305.27392759275506,99.51023047680701,310.741615913643
952.2490935622375,309.6860691542112,99.3068321722308,310.5459348186238
951.2019367354617,314.72630578734413,99.18400324384268,310.2750309111837
950.834710722266,338.02039678701624,98.75659647316066,309.5641873212632
951.7782034496096,339.86310158224137,98.4251192744321,309.1054305914545
951.9789127319484,333.4064581756504,98.02236106812181,309.62944757583995
955.5671697098333,328.97871293548206,97.8710536782092,309.98429623336176
953.910992012847,329.9146183456348,97.81693229796583,309.86493826339813
976.8464147225591,286.3496322572215,97.60566329455749,308.50891800858403
974.2479962721382,290.993730071634,97.62161583413213,308.4158012295516
948.8702868676091,323.65984499149704,97.39415881921552,304.24137778630984
970.2313996680429,308.39985331952175,97.41103462826037,303.63547993519205
948.9866424354013,352.1382015792733,97.06985680228362,304.31830642594286
953.3188200893311,341.39488428536595,97.04522813321795,304.65631277889435
957.3589930146588,332.94988222977685,96.45197143966695,305.7090442460295
962.5329681049199,284.3667299130629,96.50514144499698,305.76722510016054
961.57660441253,326.99057915452715,96.71049354176719,305.95198358744693
961.1071899674554,321.3682839634621,96.64401439988042,307.5691516368134
959.3060153019491,298.73233149229713,96.88425502346506,308.4034573970143
958.7973683354809,282.07237828582004,96.96748802519573,306.7077655128494
962.3039000558306,293.2571557190539,96.97735902129453,306.73636395143535
962.4852737316526,300.9736991542767,97.37474517451803,306.302268093563
985.3054623279709,275.8177546054574,97.48464645478182,305.41896676151407
959.5145765508987,303.3598175994931,97.60856659901397,305.70442390332556
961.9284513788913,289.8294472043433,97.32077828107198,305.041688283713
964.0354784833515,300.921089188906,97.0353997237019,305.8680478692751
964.7857050749996,310.179676333869,96.93125281672722,307.3249546187779
965.3388739242124,294.9503817256649,95.96780646570993,308.7715275387993
962.1948500191361,305.0674987438499,96.33456912342723,310.89958483848886
957.4512830818002,314.0110930446318,96.48946670812093,311.9566101041126
957.509712687245,298.48965826736776,97.07250609780955,312.6738284898175
960.6101292913726,307.9977296255422,97.09579112228151,312.83717300186214
962.4723846507702,321.8381879940707,97.13875290905561,312.97461754715374
962.371728293827,309.22133597663117,97.27177997143717,313.97724057312166
963.0454574891328,319.9180905532668,97.26185410111968,314.0183837483417
962.8647708128353,320.5910444522375,97.27706355500817,314.1121491357487
966.044146104958,309.9811042632875,97.30796093142558,313.8941766541517
969.4050708146868,297.63797489069805,97.28857847668964,315.09956229142034
965.7188610574556,313.9839065079079,97.28157055813831,315.1061434234558
968.7827143024605,295.6136742529744,97.28845135603127,315.0222442248266
968.1979204599083,328.18262450223546,97.13708257255358,314.1364570685897
966.7575968557348,327.1046990508815,97.05641987107988,313.4341691716303
963.5036017656555,330.5714594374866,96.65807374371292,311.7259344053476
961.4924912914846,331.0318251481184,96.58387726499166,311.7185455791843
964.5219203981875,328.3567763740558,96.09420097068396,310.37851432405637
963.5551968955781,329.4199276181322,95.86937022588755,310.10918321899834
960.659140983791,330.8226050641581,95.78894920491815,309.47376617599144
958.7226668074444,333.3755188670242,95.46017159783347,309.6686978857499
960.5719657426392,287.172509619767,95.64839571268861,311.4751909286041
958.4627266131345,291.83366249690613,96.20201515364393,312.58556435065645
1007.7110281240268,223.4763829311037,96.22830794484747,304.8362257771832
983.7234126421936,283.5390219600423,96.38308526471522,305.2453486592474
962.1505581988171,292.84308096178415,96.84509358994472,306.29779889306843
963.430925510245,338.3686806491102,96.80049799754552,306.54950174009593
965.1705193731126,333.58077159820834,96.86614536244754,308.52819955686545
964.1544756465361,333.31750523481287,96.96770989689944,312.1368283835099
963.8508610020506,334.85305343188696,96.97762488771748,312.11992262504293
965.2451320830716,310.28088937804125,97.09031067672522,312.3761739505078
964.6630133933836,298.4474641066208,97.52190308091585,313.2583221923232
962.8260168072912,320.5165416736847,97.44208203267196,316.232578557219
961.8883224711149,297.7556318446351,97.95554927539075,319.3084715490583
965.1188332622895,303.2985058761886,97.95612847352838,319.316291334157
965.2009883955814,303.28622873692905,98.12911993805439,322.8662541190695
964.9491803382236,307.2628235259882,98.3502823667709,322.80690962228056
968.5297331924357,289.03341449516245,98.51707849855669,323.07324950400044
992.4415872173591,236.91929241583517,98.82310448801645,320.60652448540884
990.5384212474776,242.6940891989881,98.82785075349366,320.4574674562734
989.1408788366532,247.0607923409355,99.50653509487212,317.9315749815827
990.3981022666144,254.55356901085617,99.53430334382129,317.74611052418766
964.8197329195478,287.85259950486045,99.54024324034688,317.63224906010487
964.89497035695,300.06584025650017,99.49688460282532,317.45908252874926
969.8109770513535,283.8410977826752,99.45129108248756,317.4292202473953
972.803521588455,290.65122964114386,99.22589849189639,317.5756801632705
973.6112057971261,301.04745352140617,99.22310393663021,317.43486280435724
975.1149026339258,289.83920312715435,99.23676739193712,317.21344321322215
975.0189104065458,275.61218951454504,98.46195687904566,314.8066153359017
976.9142696113994,283.39662068830097,98.28777842447761,314.4419317985095
976.1757558341384,299.5611448558939,97.42013258384281,313.40339936298193
977.1994253431295,278.3520216007212,97.51725543605413,313.1342374260616
977.0575945629562,314.90826487646365,97.69240060875939,312.8038629961587
977.554975862401,305.76761112650127,97.90735945590698,312.48752187547797
977.0412214181131,291.5522580805691,97.95770002287318,312.5439870920981
973.7019439528982,303.7240098582706,97.96173636809796,312.53054449555754
971.0866757081028,353.5914545888955,97.99628324892421,312.22793652844837
972.5147697695604,329.8375390859723,99.12267602620125,307.4043275623709
970.958996081639,331.0412488299743,99.73821834375521,310.9607666787981
972.9362327637103,355.2760887917375,99.79481475424045,311.98418215322084
972.4578021180826,325.0587965782472,100.78534504785019,311.44432886657836
971.8176477851229,309.16327231155026,100.45622101647332,311.73359784369796
971.5194844808381,268.28617348426866,100.06749140355787,310.5830332301947
972.9904484068434,294.47325367209635,100.00683467543324,312.79104143364094
973.0642984153283,298.9617953366644,100.13263498175903,313.10586446131623
974.6344971271344,286.10016239342895,100.09809850670938,312.3287031016935
978.2078932549393,275.24535164093993,99.48490705828952,310.7720282199528
978.309500905127,300.3888239549907,98.96081143426574,312.06376553765193
977.6141919747377,280.5717259120649,99.53662003229189,311.8768823693532
978.8817205350861,287.970674994884,99.3974083248032,311.3830956844278
977.352955227858,300.19951004677057,98.43545680348653,309.96344666830123
978.8058150415303,310.1203867561535,98.00809091492671,308.43631803591234
978.9945053504736,297.58547335513896,98.57529806416447,307.1739457412617
979.3554003175392,303.67465385052765,98.57088048787836,307.04455115826016
977.3015188417139,309.35555752062936,98.5969488365627,306.7528255288722
980.0408100685543,294.20766907597147,98.3829332812279,303.6865571301021
983.0191460501385,281.3683235320598,97.30611027512111,303.88278247390696
984.7704461077427,286.42092226770933,97.13106247848582,303.46869561356976
983.418845453653,295.5395647927478,95.96078608929267,307.70813709547525
982.0565403346681,302.3345257407293,95.90794981885514,305.7834545336187
982.7065753961082,285.556327253174,95.8077457524171,307.51375211297733
979.9245438968175,292.49383535857396,96.14807818688104,308.0309287427536
976.5020072649938,285.75402382470435,98.05398156680039,306.1533483269112
977.3083341778207,296.3757814148813,98.2332506680494,306.345261765942
978.2387798312834,284.50276191442634,98.22618373818395,305.86092166223773
1000.2952489029844,269.615653493124,98.40373097686197,303.7520646980797
1001.1869884243358,248.9065360413383,98.27670757018353,303.1952477217683
999.0208630753026,283.35831275241713,98.43595602520811,302.0741344851575
995.5848514267908,292.5856423328106,98.44309494570578,303.0030393197319
994.6605994767382,279.54537252989473,98.18837623724464,303.0063274912375
991.9645996067682,283.8933457427256,98.5216849524046,303.2761422502681
989.1268094755669,289.37916817681787,98.37668044078961,303.29851689044534
983.7613675103653,285.6669652433409,98.38204709824367,301.57146401716506
978.2328940706764,293.6477677977723,98.56259303005082,302.0293497225112
979.0829689799779,295.4372615156135,97.9979896572942,302.92773111846327
979.8296891788402,297.9717577891365,97.94225847187266,302.8550292551636
981.2920929659405,288.1627373282553,97.56113490340945,303.60402491935764
981.950139362234,302.6435001878865,97.75424959792872,304.47888111232663
979.2900512956967,309.7454018302036,97.81231359034783,304.69886017632524
979.6058730765251,311.57624879432603,97.8013746199654,304.66306556296075
979.0324416096872,297.4010080537261,97.75767983536407,304.6458521894243
980.0860996739958,286.4855863416126,97.79644014755809,304.0637641713907
982.5548481374235,276.8852076443401,97.9550459352412,301.8519887595392
982.5550269789862,348.58355053698426,98.02980999013252,296.1526296344071
984.2130726916242,300.2274879630511,97.64329067026418,297.78835402543746
986.4823413150106,275.23301373541983,97.47374670580972,296.52776405906917
985.3242071928646,282.2673813135433,97.20609137183908,296.423474016958
986.4358670825666,291.40157406957604,97.1446084549993,296.36306198511704
985.678549401343,278.75041739136157,96.64519476425431,296.89507543004703
985.5152305738205,289.8528906487288,96.43922754611899,296.8416029143359
984.7850984627938,298.81810270457663,96.52797971277522,297.2965891114781
985.1584213388844,299.80371983376733,96.54538498073957,297.2560171274574
982.5894817460647,301.2804359871708,96.5733355584382,297.2586309250817
984.5893209621688,340.97796445448915,96.5247391174257,299.43300911007384
985.3428955929722,297.51375743649515,97.42533688607715,298.7640034072923
986.9247681864887,279.0401460944095,97.27859142057125,298.97129307754756
985.8029152340695,302.7096119805889,97.23194617298967,302.35362900538416
987.3926175317645,298.2901377054361,97.29187425353346,308.0123867540692
984.8181071248177,300.3526509642953,98.09938191053598,311.63280644149
984.738264008736,298.0569436273857,98.39311962954932,312.3301829149308
982.9630344247981,287.90091200540445,98.42131741627587,312.235374363239
983.0230395678683,293.7173299917199,98.65934311179065,313.1015723185255
981.7375837818338,299.81816974951903,98.68211272753034,313.1392202336524
981.801095979226,306.5237862831947,98.68345291063525,313.1838558873094
979.4425298789334,280.74084919838975,99.32432168348602,314.3238572541849
980.14018727956,307.857017753871,99.31740672163404,314.6379450089451
980.9855075802316,288.4029960352276,99.15681568274532,314.95168912982564
985.337134918929,292.7774984718365,99.19100874399788,315.42322239595103
981.6523515664358,291.8356026667542,99.5814976329748,316.4215682325142
978.848410249265,297.7684028186703,99.59302769010675,316.51573908499284
979.99968420527,302.1517960933261,99.59195554141775,316.51926389127215
982.2181513378811,295.2402399752334,100.00179299326713,319.13442648909086
985.1588220737252,277.7051939512387,99.95139749020684,319.25304530099635
986.4783937971363,277.78271626286516,99.96005377368556,319.1549930036752
986.3145752642417,283.9167390426322,99.91670279831212,317.7464550048711
990.811640316373,282.7028941134904,100.98728998683531,317.05072390940404
986.0638349927457,302.5908912236358,101.43692494897019,315.5028295121113
985.3265876046287,295.70867654140693,101.6417624709851,318.0594112813542
983.850579642062,275.7408196925762,102.71325411843145,318.04937760352726
983.3790306534156,280.4350550451027,102.70536982309939,320.83217631528345
982.4911839050866,304.40092242334634,102.25709886701384,320.9298872069895
984.0329434802774,301.7862953794863,101.31916286940319,324.61386739467747
984.4896667147934,290.643401328774,101.81854174636409,325.9461337675865
978.3244579701596,313.98518627187593,101.92055137582946,325.5022985310409
981.0142403217562,283.801913624367,104.54525341152791,324.057682784799
1001.585601817637,282.5537729524847,105.47769902938558,324.84500335700295
978.068255236955,296.34237144686006,105.04007544880623,325.8940366081203
980.7396837904955,291.09495809419644,105.96664850224771,325.7968575837723
982.3420686028903,274.1867053170531,106.26708355503985,324.2657679232152
1007.173872654174,267.6039157078174,106.45256984334159,323.07837415737265
1006.4541726341475,268.43047273057647,107.61364578599965,321.36495813371346
1005.7739137755257,271.51796762207937,107.6576289840478,321.04249167758144
980.3623463621681,280.80265841012726,107.93476237643671,320.77770795609985
977.2607606521091,284.4562714353824,108.61135393968227,320.78924659217415
975.4145532489358,308.0664228695889,108.51869236625275,322.93399880798967
979.5238131036957,324.868134231765,108.29325136538162,323.76758017299284
982.0784663871902,317.60553085291036,108.21392927257477,324.2776473509292
980.0469391233898,316.0462660627986,108.26670128369602,327.58742594409983
979.423680530005,297.2396720770697,108.26975769604417,327.74269002639744
978.3032302283377,341.404995874942,108.33041647618204,328.9601610219614
977.5916396050161,337.54351879601313,108.18258224564492,329.8859536006871
979.0935493467288,332.60525097065124,108.12282141891215,330.4180907528758
979.4671227060164,331.0215524462558,108.12497559745823,330.92344899856613
975.8076153760701,308.95823923617917,107.86722090539162,331.7902411291685
976.8019130932144,331.1234822716533,107.65257282923457,331.62977993004637
977.7543819934369,311.23104523883,107.8928300361135,331.7410471231344
978.6931640362623,290.3356313731359,107.78823150088553,332.8610336374815
972.5008013035113,336.7642322164105,107.58318569563555,332.2609730642137
972.9993186119447,363.67818150133775,107.34552158457855,332.5918078622791
973.4483460078313,344.122224033475,107.46721703027022,332.83747371353195
970.4623483981302,320.02461778927307,107.48977272406813,333.13009831131086
974.2635063676714,320.18500719670703,107.46439350678752,333.14162287144853
973.7553906287176,302.2166998067854,107.92621792454885,333.00337421745394
975.7195855477547,331.89334662287416,107.96901210174866,333.1646908758038
978.8776045060162,332.4750266774188,107.8393097488855,333.0959278679261
978.6075668314232,306.3643114377239,108.39810462966696,333.96182856215955
980.654364037163,367.0781115307201,108.37094221739412,325.8394804513625
978.5901466988594,296.4109609288756,107.81500494575906,322.7718804099342
979.4529482320088,301.63418948715787,107.73519913211521,322.4609451821027
980.0963631028368,307.59806216251513,107.8251841134741,321.01137308730864
980.0424295263869,313.2500660670029,107.88147318795491,320.8228523770269
977.3311644814972,347.0873036776822,107.26807788939797,317.2883612865277
1000.9957444602132,386.6167242646021,105.99381524031553,315.2939274613207
1000.6469441074825,395.0454896641518,105.96041218448573,315.2666083016256
998.0384524245027,380.38800710458423,105.81304523153645,315.0100383102871
993.5552356286574,388.3512702058272,105.79723623899852,315.001606742811
992.693037884399,367.8783508059331,105.63774479418873,314.9403730938686
990.4517094783299,378.31929430802893,105.27124999499868,313.23031722065843
984.9153515997862,299.76626466925154,105.30669902082393,317.1027339200882
983.3399034529781,301.2755551550217,104.98229643290931,318.2962982770696
982.2232362650475,299.6325175819554,104.80722073644404,316.8866589494778
980.973017791101,289.6613962446837,104.69406577492826,315.01130518847435
981.345357928963,296.22804150496506,104.471516763414,314.9458046993447
980.7897763617569,297.13613565493574,104.40791121153174,314.4725707966049
1007.9106635498772,253.8185105805762,104.25205144710753,314.2821831279412
983.5267870706664,286.22110044369276,104.13891451295093,313.94489890952053
985.2765337667986,294.01554945430007,103.90520538429745,312.0895166277469
983.97034058109,290.0953029596976,105.40656308444999,306.818971408944
982.6655569552253,293.3818718678119,105.02480233515722,305.65505762607114
1082.4797103110695,267.3959796854924,104.86281947600762,306.6662172958859
1082.6040699937314,251.3197366022431,104.85947893277212,306.44064788987475
1083.7640066233996,256.7871379353184,104.74055963385449,305.5923873532407
1001.8171487170698,287.0041641662276,104.40592766819374,305.4490338965493
976.738950955794,295.8482372093382,104.08544025617483,307.125265785792
975.0007469721853,324.1396617021005,104.18524748105241,305.6702053439685
977.640097464466,353.45293152262695,103.81475772772279,306.3808315354351
977.8995369949954,354.19612326230924,103.75968028905464,306.37130166515567
978.9361115569811,353.22112900216854,103.26100919528784,305.9330345892762
978.36548140924,353.93759421836717,103.0120649419344,306.1062343992266
978.9741224718878,358.292735321182,102.9220027320288,306.01379963622384
982.258144023454,329.91933154696517,102.61754710371963,305.66551059652284
982.3953926870528,357.52936384345185,102.251825880972,305.0957145582369
980.9226320166803,384.5789361441961,101.62117653880993,304.5677827253031
981.2430133819895,384.4570658122226,101.6084359424955,304.5731525236668
981.1707703987702,360.28488416532025,101.49340116961736,304.5366831453523
980.8756426220752,361.41487550894874,100.99731414984117,304.27397414164324
980.6293492863679,362.7474896968519,100.55445139985027,304.144923877867
981.8314395831952,336.2038354950146,100.56183467948647,303.9488727539538
981.9189001849365,295.9358348796369,100.3549002049999,303.6580459817795
982.0357207721551,305.2216133063057,100.31704678819796,303.29474871096136
981.5950127112922,281.2554075317354,100.51774305747621,301.9903057068793
983.0242438691172,282.01897909822617,100.67170568765745,302.1096223917841
984.5360894550221,300.17005195045414,100.89355132004701,301.76648776520904
983.5593708259125,287.1830644638997,100.84594120544796,300.7773871005005
982.3104714908316,360.86526806177335,100.41434300785804,300.16946489010473
979.6865270538351,344.7521136538379,100.190360028976,298.5027111144229
978.4537066544945,328.4884938212639,100.17178509126818,298.4651047407527
978.0296423778909,350.2007534497719,100.09097960678986,299.2833604471154
974.9385057033263,352.4469276656955,99.73829697752558,299.21280642978854
975.3342137729209,353.27346016594015,99.67135467237416,299.2599989690484
976.6360832483562,353.57350781352227,99.60067865637926,299.4067428395717
977.0392979264957,353.51739146182285,99.59812927637276,299.4116866012296
974.5505764742524,354.5821213822064,99.57011525642098,299.4390763831888
974.5039047940619,358.04029701775215,99.55065707988402,299.4577636786868
975.9638349288168,331.4011465398753,99.5447582208966,299.24122591984093
976.7360871667233,355.8458723815495,99.64360470390776,299.4784298151058
973.7171120064002,360.36390581635794,100.26854442732514,301.4007522277154
971.971348846536,330.4957476248071,100.10835642210236,302.60599408689126
969.7396558689011,322.9333537635928,99.96762736806443,303.55746390007926
968.5495402931732,325.88042817321195,99.57566723343298,303.1103289358213
970.0699025763504,325.5478521902504,99.56815938193763,303.10608515694395
969.1405329757235,326.0681949365291,99.53913365246622,303.06688811157585
967.9393266782365,325.9839526138518,99.53250388904179,303.0299558093273
968.7615922990194,301.7248010432027,98.87970429115292,301.968691995059
965.5041086796829,306.74430518753854,98.78830918699151,301.8842354031646
967.6737342315304,308.9912507749276,98.70663550257754,301.74709423983063
967.6374339842283,312.08874992490155,98.26352778909752,303.6084733507714
966.5114056645418,343.02325093203046,98.15548439757133,303.8376196824609
964.5128086720118,348.38665504804294,97.94800366186716,304.4466345095179
963.6751797766433,381.15864629370867,97.53757715313539,303.93529819738575
987.374825794209,358.94679779870455,97.51053090657817,303.2218644500892
988.0647706841568,364.4924130525207,97.50259389882305,303.18691407856534
986.2631243925958,369.77291829530185,97.4984059559744,303.1808447703712
959.1960781663014,378.1863763653405,97.40626015783087,302.75316530937107
958.6600135885816,358.4090665581733,97.03067581896978,301.96709049621523
957.792354108565,361.2055830889559,96.78286599291602,300.6377278791386
954.8395178178951,339.6905775696994,96.76815416721239,300.495440486255
976.1105968047895,315.12434139769124,96.59487741900935,300.31230003730263
973.24119525483,317.8351893181906,96.5896538580092,300.30431717466695
1045.9559441288186,270.84461251811126,99.48735032389932,295.0913332015835
1045.156289285582,265.7690384323874,99.55602536872493,294.9643994791103
1043.464164582602,259.8036900932782,100.94327455724729,292.71651587320997
1043.3996412773697,276.82117712427936,100.68733700228157,291.71521414397137
1067.0474511984498,266.14120993373905,101.0331089142718,290.24943441372386
1046.7492072090067,268.30606722267436,100.96659106430059,290.0596457925793
1047.6892919139232,260.44443545063905,100.63777594352268,288.74917787607865
1048.1997234776,256.1487366609691,101.35372373879189,286.55048966287706
970.2495406816261,290.49752168014066,101.4394836178489,288.14365296193625
1022.5156786771562,237.22470458254148,102.99892057844886,285.59542271621666
1028.262052714198,237.13573717925433,103.08973249429425,285.47776515514187
1028.8463535038586,261.2862484258088,103.55200805215753,285.12987910612463
957.3242724090895,333.76759792738756,103.0692232202111,291.3513536869516
978.8921278105402,313.3645299500108,102.94117995881382,291.4543188653379
959.1860612051926,318.40242450816334,102.74725695613017,291.9695961095064
960.9838013204733,326.3019700338501,102.64375298670753,292.0441241377228
962.5647856730259,312.00829273326804,102.4287387703567,292.76414628039083
1035.2761308155193,288.93501895121324,101.88457326564334,293.38222094410975
1033.7665291052388,267.54108937082106,101.64659075023013,293.3007525597282
1030.9298410505048,273.4223586123963,101.36380774486028,293.4012864719024
984.7796271835483,280.5955310708755,102.03326929225004,292.30175532905287
1031.8470289944032,285.25342909698725,105.39303354163407,287.15755008188313
962.170949069408,318.048682147629,103.18959036428058,295.2714507188808
1037.8425495857325,286.3206830714637,105.54067949276433,292.08353560216847
990.2914941733534,267.7509430782605,104.33375406263997,287.82755355244205
989.5505756021097,278.91368077637173,103.2705184111666,287.2679968879091
994.3962943894744,279.6340158782298,103.64439512934484,285.63782231409965
996.5393611755868,260.0818667485254,104.75180861522556,282.8137758469459
977.5190969422513,271.3931004572744,103.48124089049037,280.2738489415328
979.1694155131172,281.97446695469375,102.62519002576668,280.0859885358055
968.7030863476418,334.8761166542945,104.60679473733256,280.15139488611567
946.0281671368368,351.29622580852345,104.06829316260477,280.4487345610562
1042.056260024946,307.2581771661834,103.26102401236332,280.365446164584
1043.2455996542894,280.93102976239106,103.7270181488329,278.3659934135748
1043.3043087063531,296.65227387808727,103.92011312387208,277.9704278658982
1042.2893069105844,294.55229435836696,105.70919648466308,275.2699342915083
1022.4692154894458,294.45328879659587,106.62270620071965,274.4367484631844
1026.0516859911706,305.9408172760109,107.53232154797792,273.5849691685389
1029.3119527739482,316.41171921000705,107.67658624215807,273.467511842905
1032.7110751457574,288.82880654337,107.97004395978246,272.86480919156
1054.1917324302553,305.55037350997713,106.64407866446791,274.77670150346285
1054.876558891311,303.68174016571635,106.45424127313332,274.85476776206804
1056.3595269077464,299.4117941234931,106.16142430840875,275.33300766298174
1057.797567830908,310.58568640227475,105.0056455207096,276.4043782262682
1038.6211043434218,308.3587282511317,105.21492244075053,276.0743008075459
1046.1576484124498,302.8731727157698,105.25221066072677,276.0154817635236
1069.794488342641,300.6019730624489,105.55657950639878,275.59130592444393
1067.4209471692748,302.51636171807013,105.54729941492943,275.5846163779416
1069.5159684411692,307.64916840562273,105.56231067744578,275.5698069502851
1074.3729268832446,310.4767963451912,105.58509194392941,275.55195408247016
1078.7174002420047,299.8913414689979,105.59084069912677,275.54886404847986
1083.7112185071467,295.5684349417375,105.61359921889134,275.5063178424415
1088.9054464208525,294.3246003087751,105.61484809576427,275.50396134962307
1089.9833532660962,299.71100060188616,105.62290640883262,275.4922624861182
1089.4856305433923,295.10900646099304,105.62605968848389,275.4826963855802
1096.4499154045843,287.21048157291307,105.66460441464748,275.36152468804636
1100.625812089553,284.88475272776725,105.8054296055013,274.99913598093804
1105.6652301416707,284.50382720026914,105.8195986816243,274.8123481199186
1108.634589190376,267.7103073874076,105.67343591639803,274.63538017728223
1128.8005520345598,321.20656151099274,104.90124838720972,274.5529518861667
1131.7655905793124,328.2121345093592,104.87760106531341,274.55437817794694
1137.3970239763896,334.9430658140607,104.91603527366132,274.4580398605363
1136.843265263249,351.6114766010743,104.90718214120395,274.4638772830911
1140.9874137579832,357.0226813773264,104.90658771216042,274.4646212263753
1141.475793404229,353.57609087517665,104.86797071932054,274.44498761351787
1141.7929760152833,359.0433010836215,104.8674610784958,274.4451413238255
1142.437896629931,364.37325396766306,104.86351114367976,274.447214277361
1141.4543739619378,366.2824773768781,104.84064575788707,274.4550950212631
1140.1758643660241,372.2158122119828,104.83669655066643,274.4574791916909
1181.5385086300128,351.07143309245555,104.64126184348999,275.64570489900717
1178.2829633005633,359.64829809299476,104.63804786448,275.6466150956826
1151.77021474846,365.11263301069795,104.39996846111863,275.82830349849644
1149.426618240101,365.31470627687213,104.37022584322314,275.83139184349596
1140.564679438991,373.56736100280085,104.36970769348981,275.83096329678995
1137.4274348647627,377.31106233134767,104.36922249578568,275.8311247266103
1132.4207709224813,374.91456326654156,104.36956801187954,275.8307549935212
1130.128485698437,380.00261672802446,104.36981266956263,275.83044553301875
1132.1257663223475,384.3325225042538,104.3696457241099,275.8305184333799
1125.128320751621,393.7991804424312,104.36815033754779,275.8284521755554
1126.6316133584867,393.9906223806364,104.37196041228388,275.82400459632316
1121.3845015525817,398.51022783870144,104.37341955113223,275.82198411751
1075.8358675147533,664.9577993809835,101.57507300276578,285.7196266774773
1100.6449009190167,788.0686457682284,101.08094570839906,289.76603082681555
1082.2689045608938,768.9444777018404,100.09316181331664,297.4222935190399
1077.1551945249407,790.9690545912094,100.1400198658747,297.0543760073914
1051.3672449457629,781.1391010673871,99.99941969561733,299.04459578391806
1047.8289235096938,787.8696804445387,100.09686315827047,299.4254303615239
1024.149394763793,770.325960534786,99.96079201848018,299.8042138699944
1021.1828525991847,767.1939881505898,99.95421007648729,299.8140955089616
969.0115508997686,747.9133538536873,99.80737255735062,301.1648919958328
915.3231122556309,682.9635283054424,99.39617153752046,304.29347833402187
888.7154872174546,653.8678426765073,99.51391795176391,305.90218891684356
862.9797398505549,661.8546638577836,99.49323281495784,306.80374301119986
858.8758436469581,675.5638608218376,99.52157232603336,307.6246469499132
855.8676219119525,694.2718854921833,99.45956606993958,308.23847050350895
855.659507700607,762.3440571781306,100.12347722795455,310.63988824001285
836.4839528317962,767.765264558077,100.63802004052751,310.7689176100638
833.2542019229816,765.9805845377527,100.63707836145245,310.84812672221494
828.9050594815382,764.3724271646065,100.6351736538852,310.8482678196734
802.6659601643453,777.3269995720026,101.9166979413471,310.1374891700423
774.9279727722142,776.3726109695344,102.105155178002,309.62786775628035
767.2960009800806,768.8651026745611,102.1027642285777,309.62698659537284
719.0258148827892,755.1893480767274,102.35856000714479,312.6605426812988
696.7334724139242,748.4285670658683,102.4492836106463,313.7816797457418
677.510119153861,754.3737911566305,104.65430998550906,317.92523386829436
678.2226892952947,756.9024621535872,104.91687331210814,318.11644848830315
678.5940664145222,757.8979772427323,104.98746361186504,318.14856636985786
674.1617377669902,756.0060033152107,104.95658257685086,318.22116283024775
673.4491614171162,756.6248208996992,104.9425707572888,318.25080549807046
650.6113093728594,752.1233728580772,104.95425430747234,318.42769373829674
651.5719659191022,750.6777138495559,104.94270908112144,318.47462327038465
650.6225358614275,746.6966400973151,104.91895629096841,318.5724056740056
648.3715488401222,750.0750761551992,104.91583008333502,318.5968388713477
628.4383006349076,745.765935576591,105.16902235558064,319.16365785510226
633.7894773954878,755.0174490668196,105.10098623249155,319.44339912415666
637.1201105200435,758.6904893130841,105.09633857850353,319.4686817946222
641.9461944814542,758.485928707436,105.09783333726159,319.5360084554994
644.2419719839247,755.1683048346255,105.08081704005372,319.6685167716467
646.3775096774867,757.84934778713,105.06688896509395,319.7208219074395
649.3634274230426,762.903220593858,105.07445506242227,319.6598654632951
651.19361108084,754.3492657105087,105.01994488069282,319.6908613963756
650.5638160021631,755.9652523523755,105.01014671998466,319.7105095973985
651.8011832113727,756.3469598387688,105.00309943153975,319.7218183332413
651.5335034709849,762.6517004516694,104.99939843887338,319.7450056026185
653.4972220750153,756.7874869818828,104.98779637294811,319.7408933652507
653.1321111887655,758.0911681485103,104.99814376342877,319.6497616151866
651.8694139693829,751.2285507038081,104.92342457189919,319.7427800510388
649.1980826335441,752.8683751370387,104.91095990898212,319.7533283185955
649.3745741687223,752.3144007943572,104.90244593886241,319.77021803446087
648.6318640983443,757.9044056771875,104.89166444521153,319.80961535040433
650.7224774963172,751.5759830018912,104.8890222249189,319.98603486634113
650.7667829370021,750.8495810599734,104.88036990163164,320.00200906401176
650.1254847419476,752.3721911107216,104.86643640263377,320.0311231071077
649.0607792913912,754.0619069760253,104.88598569142664,320.0506436222126
649.1819469966181,756.3620395003758,104.8623030955995,320.01390949544776
649.0714811228474,752.0902483545477,104.85344685269004,320.05196619811454
649.6828064430009,756.882485330576,104.7496582452734,320.1761857503917
649.2154706586517,755.0660602060021,104.73166454459702,320.312816602948
647.9521485348565,753.5798295945252,104.69637670524277,320.44101832539826
647.3374741712278,755.1219967534536,104.66273066626493,320.5638416193886
646.5197652781126,753.3206041465257,104.58649176285137,320.9051932318647
644.9683136855381,748.7848860990046,104.55241918277207,321.007885048953
643.6614220448165,747.6725616563673,104.53878799926473,321.0492224718253
643.6653831292704,747.3608333983194,104.53257703081397,321.0859324144729
645.6300598583605,758.7060342068369,104.55978370752156,320.9966584219496
645.7962074782056,754.1053526928829,104.55728692783815,321.26886896114917
643.9867235628327,752.5154965751148,104.65874505971607,321.2979924458461
642.6514644918097,754.1462506795596,104.59892844300344,321.5251505329618
643.5085258596971,753.5096146053818,104.60263004709523,321.89947490595347
645.2412436311565,753.6642381537436,104.67332517090922,321.77893715767004
647.2501880646528,754.077095459473,104.68016460210404,321.7429781886253
648.3006806886788,749.4221574554399,104.76418334994753,321.7976309224606
649.7989385223466,750.8257995852285,104.78317085071778,321.8048586772722
650.168448279351,753.4972665487094,104.91047629789459,321.6853110379998
650.6623301312833,754.6505652656299,104.93213167762521,321.5456211530631
650.771560917898,752.9997323175177,105.00429883564645,321.17103468417525
651.7987602633675,756.4093725399706,104.9922988358849,321.1305289775812
654.1514062946271,755.217790234711,104.99454776228765,320.9675066641198
632.7997574227043,751.68209571688,105.0163460249323,321.25791940431054
635.3026047615451,744.9235014882859,105.01590180119953,321.34740686509986
640.4351403891197,752.5992294932784,105.06260003152404,321.47741714844983
644.2679905454374,753.1780706220195,105.20483781779609,321.3591296272576
645.2859281909066,752.2005546636742,105.19806270653004,321.4065781880446
646.6215109455005,753.8967912530225,105.1685838752749,321.5743183367559
647.5653772992686,751.5166045588686,105.17228488355906,321.83470507650395
647.0025136977306,751.1036835273623,105.14539546657136,322.15323174225404
647.908466210826,750.9098168754269,105.13711471272693,322.30065673156275
649.6053874225626,749.6260241765775,105.29953454396872,322.3672515000655
651.6046071210612,755.2548646923912,105.57793774111815,322.22410484649004
652.056586296057,749.8930816165034,105.56812064793579,322.2677326819202
652.5851364591587,754.030999479092,105.61092080581754,322.1464818413867
653.6465926518492,745.6916386861678,105.6089796232868,322.22338724986685
655.3117966797306,749.3231448671786,105.65332265852753,322.23214917983756
655.1905010020648,753.2395851147594,105.70286112594258,322.07855278044013
630.8105820039278,741.77560929981,105.65790099599569,322.614918106628
658.4588040284118,753.5361121149011,105.70184238403942,322.6225093544975
632.0975802569158,711.4325389551838,105.7364275307915,324.53480246348295
612.6237997264417,706.1036459097934,105.62690164715953,325.4209124907262
618.9908260212378,706.3334417622469,105.62027177180055,325.6989186685667
622.9392564248086,707.3720096500401,105.61762845580883,325.8506087005518
625.0435626657061,720.5058949126176,105.61205752751125,325.98556911716935
626.4403179738863,706.1163683695294,105.61148061361969,326.27482079648536
627.584858844781,707.0351590537708,105.6022505468638,326.37433685823163
629.8860464574092,710.8994911876837,105.59808947108264,326.5476086446356
630.5183770361452,718.5256083110819,105.58181469666708,326.8947043462646
628.7967945589015,706.7784250022795,105.5857484938517,327.5051178693869
626.8821376240994,701.5172272470118,105.57213848383243,327.9454172800689
628.5469038925705,714.0685266420072,105.55975010239254,328.1506664667625
633.6772778615211,728.9126385640031,105.54572343219165,328.27744887887405
641.7672070231907,739.1220876491032,105.60121285665515,328.80450407781484
646.3442567469427,742.7028384959478,105.70906104098705,329.0316017798772
648.9969733902121,741.7838896117843,105.83024585366093,329.11181770158584
652.8183446987184,746.6363960258894,105.9389532984465,329.08376963320217
653.7282569226326,741.7560525873645,105.93395796171748,329.1630428597393
654.7264428371071,744.6037878331965,105.93256837535246,329.1609574922819
656.3253665181901,751.8087270350641,106.16153413879684,328.8789210380095
656.9699393607548,739.9072493646048,106.1547153903893,328.9716846522436
658.1018149377129,743.206763560168,106.18631454965976,329.1505459896632
660.1011663439192,750.9131662489567,106.27143637179914,329.24428377157074
657.5863870040678,747.2269924760523,106.23458355629327,329.3095105173614
658.5888788939136,744.8195934675623,106.25614482436166,329.24749273844276
654.8984610783946,745.5785271189354,106.24592868614316,329.2764224728212
654.4058302814466,744.962863661825,106.24315132292013,329.32034427763637
656.2891920647534,745.8361331007484,106.24386783694916,329.2296283921147
653.7584811045786,742.1889299499445,106.20351935629782,329.2734195737883
653.6926877142492,744.1326524685022,106.19842066124944,329.2918447358763
653.2886639765638,739.9790549222045,106.1919985607382,329.33562449186303
652.5207243623182,741.575193983286,106.18631976196215,329.36471110625695
651.2804318118871,747.6026130460607,106.20330303520288,329.2814811426337
650.3912012191232,746.4842355584506,106.20145382835094,329.2927841715955
650.6405215103296,745.0430715438081,106.26919553487105,329.32885213007967
649.9278049325442,744.2065015103337,106.24595556135996,329.36036476611264
650.120468294569,749.3334017260818,106.24360134597916,329.34506588338365
649.6396769917822,746.5095109401509,106.3005475684964,329.19426585505613
649.7161066740144,750.8540400499744,106.44655081031873,328.76634464407607
651.6373614931565,751.6622844396935,106.45237834549664,328.56179047881943
653.9391596984693,759.9621655792595,106.78292261709142,328.23994033957996
653.9326826175818,751.0043420388122,106.7744271757261,328.4777157163729
654.6473719064526,746.5723152942295,106.67715733402272,328.43800638815566
652.7182794943442,748.126047471633,106.58317297832319,328.3031167441945
651.8594436556822,747.0187029028903,106.53044115127545,328.19476587313517
649.1358419258413,752.9637380754532,106.51297347600844,328.2987245731141
646.8237958798301,743.8932629898961,106.46847216135373,328.4813770147361
648.1543863898258,738.7111142450851,106.44963609299171,328.56950568111586
646.8567640268967,741.5544260489029,106.43878407431268,328.5889768153017
647.4465929072768,747.427282696332,106.42585039936037,328.56812275811444
646.8192502602933,748.13758006119,106.41944493786474,328.55271146288493
643.487386582252,748.2373134987071,106.41098830346878,328.61157165474907
644.4799000479593,742.3501026280926,106.40341400781936,328.7618488418397
640.5510963106307,748.7671662791956,106.39377676201744,328.7965417300633
640.2211929351606,749.5337690259475,106.44858647411641,328.9370374036663
638.9776270265213,753.4265238947451,106.16704797088403,328.65355517766784
637.922978262905,748.1324221193928,106.19199038222631,328.8544229510897
639.5053786870561,743.3131181466364,106.16415242454903,329.33512817901214
635.4501718865001,744.7324275426699,106.15708574764574,329.3428664941076
635.2874626049488,749.5300213347979,106.1429772700286,329.3205014806524
637.103551616109,749.455830554148,106.14566715427841,329.2665275677187
637.7951548314647,747.8622565483597,106.19745983188167,329.1906247846938
638.3024112573194,748.9060486536814,106.10305959003564,329.09141206548253
637.1293241764474,749.5095220036214,106.06688211489288,329.07090964813415
636.2139019074476,753.9697044738123,106.03719138887728,328.91132027385356
633.1064018935488,755.1258308405194,106.03451430028088,328.877439589771
633.1431210637421,748.5871328940683,106.2569443566534,329.06298215015363
631.9708347107346,746.5726711599507,106.3246704154058,329.2181010491445
632.9139874170461,745.3835502559825,106.35383512607386,329.34076267023704
632.371491917434,750.362779105622,106.20479695144688,329.1802156612655
629.6037184879001,743.3282328667821,106.10767054696493,329.35944417105
630.380039857599,751.5060066288404,106.0786059745289,329.4050692848727
630.2941098383866,749.894575398595,106.18309475630424,329.543763072802
627.6037175802232,751.2400532792692,106.07089259355365,329.56425550405
624.8538622952489,748.5683695107672,106.03508022572777,329.53330539502736
618.5815646004842,753.0786407197577,106.01012796205903,329.58209319250057
615.9964431163737,747.7945101425845,105.99475443705472,329.746989211654
613.9011404794028,748.7415454148766,105.86571859771549,330.2542725031295
615.0809130631432,754.8318899889987,105.86139994695822,330.3900620841331
611.6643989201135,743.8305292483145,105.62684991728264,331.1413606834214
607.9900454290627,742.0636287265299,105.52891259320158,331.74670637420735
606.5629436112637,737.8289631369965,105.44626472733468,332.88887242647365
604.8591342793785,742.8565335303174,105.28432119437333,335.028061855286
603.8140996536764,742.0067461778531,105.14682539565253,335.99911425949443
600.8903720287752,736.147186106868,105.04691488465167,339.3488763387205
601.4199194667908,729.8744032733705,105.02430579982683,339.7013296323635
598.9123271726742,733.1369049360095,105.02129475894014,340.1363439882072
598.2106230548602,734.1320370655565,104.9426368400882,340.44542689136
592.0009963108976,750.1957338449566,104.92650557764728,340.51429187748164
591.1838153685638,745.3429808482713,105.20650926605616,340.47550084326434
590.3730666682858,743.2924487883911,105.24480776162112,340.553251440686
590.644735510838,746.2136425151183,105.30984520860052,340.99651757838757
588.9909129828038,746.9856763928553,105.19626376320414,341.0357077365028
588.9824504411188,747.61302612139,105.2228720802601,340.81884506951843
585.6113448933709,749.9915489397027,105.1780658303274,340.48547687735095
584.8391111930779,747.3076660485215,105.55621529115504,340.3544652701872
582.9516945461821,749.5747503644225,106.03144416905289,340.94361578740256
580.5126238767909,751.5219532974454,105.76669076296238,339.89292773484846
581.2954852008552,747.8437652562484,105.40519401262287,340.51761722514027
581.6567455755628,755.5795502127735,105.31134079660524,340.1679554999564
580.6290428140181,754.5086626416452,105.11011637584699,339.39015661992
576.1166084088393,761.2582412478545,104.81561396275485,338.3735185572816
573.5822725902892,754.511537840972,105.06898132052766,337.7091390017228
570.0713468936838,754.8863329179105,105.07006407131304,337.0939509143149
571.0493305712827,750.0979850205039,105.08921022720075,336.698041003867
569.6253123988253,751.6277633231033,105.06994057808168,336.5144964855364
567.6871457246443,748.851434495466,105.16345727796042,335.68927166018966
563.9616137217046,754.3052250498946,105.31700589153647,334.56140132098585
564.6152670471662,756.7312582283873,105.26809848873626,333.58242594643747
564.5811517596098,754.3174169704732,105.2679963470263,333.1433948430336
561.1972472427963,760.276037789996,105.1337730053178,330.63857919886095
559.5651705393734,760.934617274936,105.08985622936314,328.80370465567006
557.568711310695,764.7328886603067,105.0789361475966,326.76840971055134
535.942240922496,759.6917156197779,105.6859571241898,328.8415270852491
538.829865310843,755.8413964422815,105.03265611284613,329.9755441366836
538.4059636975155,761.5138863484722,104.93990436303785,328.4700657052227
532.4647736439176,768.2330895152445,104.93796802583662,327.0763008664288
527.430525415156,772.1768595399315,104.43522787294721,325.4465165734331
500.6979697474645,779.5194922372812,104.41550644465839,321.29942103957353
500.1738079033691,778.2415378081057,104.61860694444894,318.1496981649839
496.94650950597435,781.6839376205812,105.36273640067645,314.3255057349334
494.091578716571,783.046332444959,105.82483434575512,310.77127239301683
494.5785033628857,785.1877817155606,105.75337469870212,309.5163358211891
489.7942570791597,788.4526305646945,105.72330121085639,308.23120837820096
487.49299233461517,783.6931566222053,105.25739741518589,307.5911034143635
483.3780340296091,792.5518436549917,105.34356192711454,305.43041861118087
480.20222066988265,793.0804453144061,105.26249611879645,303.9313738986427
477.4775835365247,800.1904834049369,104.06590113044639,299.8047482638459
476.24887543616956,798.4329706301125,102.87320994742863,295.0762816870298
454.79682424227855,803.5771396673584,102.79380327149003,290.0474436392408
455.1788233897684,798.1031982450537,101.97554793752954,288.0684237128541
454.94930266109765,804.5223704486712,100.8926290362514,286.5439030055703
454.6560452004219,807.8500402071439,100.44320354889628,285.5573094831928
