1039.5,362.5,130,112
1040.06159082694,360.59796621830276,131.787469791509,111.44334406791114
1036.0840112029898,360.8370721721448,133.2300486446642,110.33148197654933
1033.1320614826084,362.4932702884552,134.23642849695653,110.50313005735926
1030.4258654273758,362.48957973469777,136.1690196678621,109.5973414232436
1025.285073481678,367.4217676079221,138.21160228514853,112.10959836722468
1021.9961608788545,368.6852327637835,140.06257412012909,114.1034104718836
1015.4327396862766,368.40268774497395,142.70401630539484,114.04711988234746
1012.9857535082177,368.645712512693,141.41752963899057,113.8150494635876
1011.7616200486689,369.3151657188355,143.24919568700216,115.39628450981394
1008.1763022661833,368.2481568726387,143.95112559782916,116.6820526475735
1005.4332801951873,366.2153749101453,146.0280208083177,116.54620389479544
1002.1899972133253,368.443998010884,148.18979772480048,117.3681630155836
999.6887516448284,367.0180026123011,147.37542580179687,117.96713805614243
995.5857593363417,366.0203133610514,145.3068361389851,118.80537546920229
990.797651074683,369.03959934050073,142.83215983240746,118.53626752626442
988.647607734033,368.77360162781395,144.40212871585567,117.83557643201516
986.6667413547701,370.2419901202023,143.3024701207743,113.90324643057593
981.9967561829749,372.1145012631624,142.7749792598362,115.68138412542956
981.1839911317772,374.0703266880518,142.02947688580616,117.14479764866711
979.3122078558309,372.2043468143679,139.62658814976538,118.13063861208406
981.1622532404771,372.5547312757121,140.29402486536702,119.79030732100283
975.1999221158378,373.01272687233427,138.65091520302443,120.90314999387782
980.5583732254918,372.3872425786983,137.32956847993216,122.8295750454404
972.2068133660205,374.4369802844492,139.97977834780073,123.02538485885316
966.7478066923484,374.56794999550266,142.1906936879426,124.31372123935857
968.3630539013725,377.2836376816389,142.30896225893878,125.18626375191269
962.5916983706736,377.4677085247005,140.49263019899848,124.9618749387333
958.6341619897701,377.21216316098855,141.7871013067529,125.80253283033994
958.2138025205436,377.3104060323037,144.00960230010693,125.96851908544755
958.7898861971852,372.4642948908621,143.30020706706114,127.26872018913146
958.6550353960741,378.00952773173975,142.18617098598708,127.60038127739575
959.3206173395863,377.38149185348806,141.67904453163317,126.66028198859577
958.4025614200636,375.4764411034354,141.01575384763777,126.69400128083066
977.1724460130608,269.59080540323055,137.8128148008036,128.5190141363185
973.0113821561358,261.63732569581094,135.57597873901884,128.01546062696335
980.318177874455,257.90048704438834,134.49481985853274,127.21909837139786
976.1689289996289,262.7968526342458,134.02571373397856,127.20299663961998
974.9458851087829,267.2422637254577,133.2256226502378,127.28258671152967
973.1251764352188,260.51467480040293,131.4304407427579,127.297234738336
980.2498800697961,265.0971974708692,130.87769160806363,127.48555338818706
976.8685366534127,258.95238882344813,128.85590120694386,126.71781003392034
980.8979835880372,262.8615091250586,127.59930492985794,126.990472712865
982.6505198895466,254.36944980320408,124.69229943165544,125.76824865943044
979.2623606977738,258.7834349597549,122.33519496363846,124.2143323967744
987.436390929048,263.991585848749,120.30951933537968,123.46978927051957
982.8453201845311,257.9242341747901,119.31675886213313,122.48727078616193
977.4249257523371,263.733855307087,119.05632473457786,122.40945231917559
988.483309377763,265.6366347723225,118.46157210164598,122.01390015025545
986.2872999659681,268.2111606566188,118.15454717447274,121.90269160904934
988.9853902994803,256.89815975349785,118.04592935458585,121.58795664466142
990.4764768570587,269.1731532656738,117.87818456889687,121.5462169957978
984.4873919635448,261.2731469026102,117.44752275955015,121.29696672143662
989.0891487734953,264.8117723013902,117.28465664636323,120.81260046443457
985.0751364750471,266.5121541434243,116.72480492337422,120.39753643399187
1043.3570106440238,401.19131443983747,119.590644903292,119.5881050013218
1043.0045043137081,383.60382640432994,119.91539784145212,119.27972841120402
1044.51255156567,383.6100581971365,120.17413630147156,118.97538505245099
1059.6271445530638,384.39907728219043,120.44829009414005,118.80922344160052
1046.91283917613,383.9239900859788,120.58409803733859,118.67434176751081
1051.787682882379,382.11833453917103,120.59800143752403,118.65282963229026
1052.8735721656997,383.1122803772917,121.31143266969539,117.86344633789251
1053.8033159109475,386.2252757807805,121.43925666162936,117.80102068975884
1041.1525748489425,403.1995065702361,122.70016375817362,117.24224188062306
1043.2136407495477,403.95774240962,122.73332113008924,117.22383185880727
1047.4089723645175,403.38316807882234,122.73289856940012,117.18360678878932
992.0187021781875,464.4198733150621,123.43928885661107,115.776486599513
972.8367997804743,466.1219009627794,120.78858635833632,114.38228395185969
814.3712333364527,430.81940909377505,125.81844361161379,113.83045311467308
801.3855377219005,434.8649073370769,127.25452218813034,114.06556746791316
797.3852731230155,427.23104685623747,128.65672327234438,113.33679890475071
794.979998388207,442.50150711782567,129.44666956202974,114.36140725120318
788.8517659236142,433.58503283322494,132.3821830294234,114.69848141549744
786.8456973984281,436.9156093743899,136.5578775645415,115.88293466022444
769.4627835998401,437.63989817905656,136.01110979428586,117.27920520686648
767.842504774676,439.3321221066926,133.4047755645788,119.60405739279298
763.9810898179047,441.3792783420085,131.33400348837523,120.81798104429264
760.3063971564233,443.585136090512,129.3671132147194,121.98006944895808
776.3050441006513,431.14315061937435,135.18858305917334,123.60956956603796
772.512707215016,431.0209288333387,138.20766549514744,125.38246315031631
755.0712327063676,435.28942724358626,142.0466157941825,125.5598046324335
772.0773523856652,424.96952060325185,145.8834593823646,126.06322913441578
785.8526875434344,416.57956097350814,150.45556891301771,125.81405941990417
766.1847537118596,421.80214525354654,155.40517177514198,126.93655405257641
721.9640495601149,442.7148053103491,152.914214661151,128.8135959995181
729.5509216157759,432.4309484734247,152.76384606099816,130.43292634206819
770.9001157552101,420.59024484342524,155.7592825501964,131.73659083473302
771.9569743301773,422.8335651174034,158.9024900294732,132.09745108786325
766.9754327597652,423.29697154536007,161.68506980191975,132.1231417939234
764.5355358042873,426.4907785080584,164.3848681760714,132.8809918120083
764.0419063904402,427.20175991360895,166.772656507588,134.2187540947486
763.6797150113961,420.5611444915271,168.59808249001097,135.00500603418823
759.588196427525,423.95814047224167,169.19996674179845,135.59771136508704
751.6904129260736,426.33421442083613,170.67787818134693,136.48463493243662
735.7054115887465,428.98454587806964,166.75006896635261,137.16686310073334
735.1361047661419,428.82504488057737,164.97428417978392,138.78173385010473
736.0220330677374,421.03441941254,163.220578964165,138.2282134391336
713.5148842437338,429.2526442117602,163.03647802208442,137.66515594579573
712.230057647153,431.77337875530793,160.9140640689448,138.27505213885166
712.6314233063606,432.34991656680364,159.7891513766949,139.15429939946617
691.1762655772873,434.69924252551544,164.21808637219505,139.12607623494173
642.7075902631542,452.34466455992424,162.89535857028545,141.49007072813583
638.4356346934319,449.8380503318875,160.4792525054454,143.8837260679069
633.2781800515266,449.1706574657345,158.26639746888233,143.57470021669388
626.5114552908109,454.40892944640774,160.0510486199525,143.2524311958381
628.0760114255613,455.79174168247476,162.33834679661868,143.81073531829327
626.8326853409854,452.40824586691554,162.2897339968983,143.0594426285804
625.3559345922499,452.43235518684116,163.82063903974904,143.0946227853471
628.5705474496997,448.7668238660239,168.72642671443697,142.60841324070233
632.3168329322199,450.178683295895,172.6904444945137,143.68203515549635
635.2990223131478,448.8183278259713,177.88919172447913,146.34997752590408
637.6149497985677,447.0218973778463,182.9329081952896,145.85995220312938
645.8787118219345,447.56659785923296,188.92714699645654,146.36481705895204
653.3444525507532,445.7307401576892,196.94151209643624,148.23325389663276
660.0850222647288,445.35402525796405,202.12476704714723,149.60948112564466
668.0525615558964,451.18102130030496,205.239846011809,154.30583083783776
680.8714456726545,445.2119530970467,210.84327536435237,155.05648536416624
689.3178337354836,442.5494184243554,214.9401251694803,157.46391163932793
699.1660047957704,451.9193060764676,216.63010888508856,161.19188497707137
718.7613066196697,448.63587142646975,220.24471153611816,164.04810168726908
789.4691076892278,433.6253785151846,215.00473805911102,166.79729795905808
805.4025857202689,435.1128538090883,216.4172429040113,169.67146178928056
812.8860615066128,434.56712221216173,217.80620067885775,171.55245412789753
811.2580821315992,437.11513947038696,216.1804841855073,173.5968772416046
845.1896492112008,437.7735283595858,214.10300981634308,173.79053611729782
863.2265544180968,435.5108373296882,212.2101190497679,173.47063800665242
884.5486117905585,439.0706380199873,208.56302121158268,174.85084779853952
900.3739055832241,444.77403837956217,207.3218231221012,176.80048285514658
909.7260626152182,439.31237899223515,209.6491786748123,177.22219659592616
915.9892005120639,442.65589635674075,209.69846535823268,178.5714854142782
919.6270795993332,443.329878784137,211.93081818375512,179.9727406923135
919.0126698000325,447.5530155219102,215.11929223277292,182.65897549466015
919.8919299055068,438.71094996709087,215.28102339130086,183.39893279143251
919.1547122586151,444.63278244328734,215.98579636447047,186.68681099852446
912.867510906852,447.76625715229443,217.9823058108555,188.68153169312018
911.1406376114322,445.3067261941116,217.9133344489667,188.2328558394053
911.2377040058825,449.02356060033475,221.6300412177137,188.3002818450742
904.1327819697899,447.39732265426903,225.55255370878325,186.64155816750343
904.2998635121139,451.3711700526803,226.2607349558765,187.90969035890112
897.3269680043843,448.59294137712516,227.6832420129007,186.5550916682939
895.3666252398436,451.3472014139528,230.51381461740618,186.1508515896033
885.1391378800752,452.26596777181686,233.2862923124071,186.7558764471936
879.9905554319444,451.2614740569037,235.67332337001523,186.20714107008942
881.3811855892386,454.39318829875714,238.4337228874273,186.09491717241158
868.5892489703419,455.22921468599475,243.3751953836435,188.99513812916808
864.5020386854524,453.17038301651957,241.66111669347396,189.69228402350777
863.4795612764862,453.24129102793734,241.46585811724137,190.3500531642656
845.3832979235113,457.0665293993444,243.68763973652102,192.3748445946692
838.7438487802214,453.97621388612697,247.11580045138476,190.52801552283748
827.4670640779593,455.95205737177145,251.8293258343025,189.23383287169312
832.9581058477975,458.4199951873505,254.9738177645968,191.11962300439006
822.9587958018752,458.70997452409625,259.47837066436364,191.7447935966837
819.9474053258714,458.0336191585857,260.0199895451434,193.36440918843988
809.9640033649375,460.39299013262405,262.88267511984316,196.5581943247137
793.4453922893003,461.10005051725796,266.9885389337151,198.41012174842382
799.885594815882,461.2259695292003,267.8035055083594,198.96350236152867
798.6054234345673,462.07057120859736,267.24089271030454,199.37047586545128
802.4541068536611,462.30841786213966,267.21597832191554,200.87880994407826
801.0963310657174,462.47161471347897,268.4442513171373,203.62590543054756
800.1602817833416,464.6148267289575,268.657223361732,205.25264029317574
801.357780929065,466.8145321865992,271.5623959687227,206.87228092971117
805.8410009559531,466.29131340896663,271.410298413726,208.42865869198087
805.5943850987187,467.97887402192555,273.4636020733851,209.49610290719468
812.5569360434251,478.5703161259752,270.8252061547364,209.7901283365466
800.3547467381694,470.35570255149986,273.5991907833142,209.61236085659095
814.7090609764085,469.6156339262005,274.2058603872804,209.09524755024395
811.9047005296716,468.65475339019565,273.37534511666126,210.00609453495807
810.0729669290338,479.6486011337116,273.73046795377064,210.77770690925422
811.0274358239428,478.66187126496675,274.16920524902014,211.1461431434404
799.499502082756,475.55453568603707,277.10668550910384,211.81393500976532
791.7750074818287,480.95823831392613,279.3922197014982,213.20005506831836
795.0248419544996,483.77704682797435,279.416755963981,213.6413221649777
811.5132744595296,477.6227141678749,278.99980077447754,213.64530761457112
811.1612883642472,486.39895669598496,278.3824570804523,213.7859931058364
802.2524039853622,480.0146451074868,278.3919773183248,213.86108429278153
794.3747495013432,477.72442707042353,278.4461249017802,213.90079895043453
781.5653679543628,478.44214323094184,278.5095691633435,214.01021578673132
795.7215810765804,495.95513599488606,278.3945668538449,213.99433920659686
792.3694265942474,480.6864985388261,278.39208346392707,213.99671726813085
790.0431194655997,479.23121365011457,278.3913521363531,213.99799053295013
787.1225137693068,480.15764825132015,278.3902020787437,213.99999784878844
794.4592993476306,496.67639272444495,278.25138948990605,213.96669744013647
784.562175188295,488.5243209823728,278.2527930362384,213.96760873128764
768.7576390088047,485.12615772303667,278.25933014741616,213.97036234728043
768.4516719013313,482.05483018507175,278.25993546250254,213.97138868099228
780.5245451989991,485.42611900175365,278.26023264463294,213.9718997698575
780.2568166481956,482.84088556019,278.26078234563204,213.9731528811648
792.9983940005417,479.16647822997436,278.26068847773166,213.97329419793755
805.5341892789675,474.2072274188087,278.2604632773255,213.9737507763235
813.634590426894,480.28664469242597,278.2606688244899,213.9738975523312
823.8098407495424,485.40920926765034,278.26115275255734,213.97408299996593
841.4890634000006,493.64823660999025,278.261250847637,213.97578753159468
854.857812875856,493.1733676537634,278.26085821916854,213.9781970553574
863.2924764846929,489.60475121349185,278.2602672685845,213.97891861006443
869.0057499738376,488.46761987279035,278.2604513999143,213.9795981177155
872.2837664610353,493.4839587687006,278.2617352056092,213.98119538082673
892.7359106280865,490.8344594049499,278.26194592546204,213.98374492391042
906.645396724079,489.27559727507014,278.2617355590384,213.98420038293438
922.7654312451957,485.43356534479545,278.2615537543538,213.98448834168937
927.5192678379258,488.9200206240216,278.26149279728725,213.98471802295268
942.8108828063318,489.39543880263363,278.2611466953139,213.9855020060759
961.2669120295352,501.1529106705097,278.26112514465933,213.98560915838527
976.9943859843769,508.3113583683246,278.2610703471584,213.98649902581704
974.0999888908173,507.23325852412944,278.26427007092923,213.98772616095417
981.2572616169202,541.3170473659001,278.57511371784454,213.6988334749715
1000.2056065997494,547.1199253275211,278.715647568104,213.56076611221536
1015.5651445386459,549.8107312843141,278.774306446781,213.46842269228162
1006.5146469157689,549.9516411316342,279.30789217715386,212.8508128403231
1018.9425667993044,554.9625946393916,279.3418229178955,212.81117797294092
1034.6655692103684,560.3804646268541,279.35405479010353,212.79928862972966
1026.3113094395803,558.120710060616,280.18884176484613,211.81163328390372
1037.5411511145223,563.3837113448869,280.1915989056848,211.80828238772523
1046.9174096103143,567.6348196954949,280.2056415149309,211.79099381761282
1053.6772578754299,569.8298281479009,280.21105427577646,211.78345944148745
1057.5913966807493,573.365625142728,280.2368787998421,211.73865845491542
1058.8707823610578,574.3189511493218,280.23887985820085,211.73472164787407
1054.1702412994675,575.1470899112181,280.2395713563813,211.73365020833282
1051.1054760789846,576.8930878750007,280.2396529066613,211.73347771559745
1047.5317726778576,578.5260171841601,280.24022295125536,211.73225847487268
1043.2172184079745,577.6998618887442,280.2461062789243,211.7236143518831
1033.833178277855,576.7795686868254,280.2480789799592,211.7192583051971
1034.5262578775682,577.640100272835,280.24944414691157,211.71733590122918
1027.2887039598556,579.9152719547608,280.25026304190726,211.71583687484087
1008.841911583059,582.3513052840722,280.25076231576423,211.71468133758668
1016.8480933170715,579.6903163579831,280.24679308907207,211.71221489578892
1008.065898387079,583.9749090376013,280.2779264182955,211.66146882946026
1006.2531646594841,585.3271624210689,280.27676666668265,211.66036029021657
1007.1728305233994,584.6649187211123,280.2754675421161,211.6591161742456
995.1397087281246,587.9016049584177,280.28560456528294,211.64673889693086
995.200163988856,580.472896251124,280.2884595273186,211.6422493062082
991.1468732028573,575.9983416139867,280.3094631345333,211.6161703251728
989.6279461542056,579.6408842968824,280.3114729058174,211.61205410229508
988.4915789540717,582.2360133929267,280.31246210115967,211.60939032396402
988.9707618035854,581.0241948360595,280.3141415013907,211.60659911967463
988.7439283768933,587.5751919796247,280.3268029162085,211.5805277985475
994.407184355483,588.040985509191,280.3235712935019,211.58154207207934
991.3774729265224,590.5360581890662,280.32660338909403,211.57692756560056
995.6096822479618,597.1597881015518,280.3283655476068,211.5736255317671
1014.1996054072769,609.4716411124961,280.32342309860564,211.5738018035797
1020.197557084515,610.6079307642041,280.323085158558,211.57382172043958
1026.2666191226851,614.7891184850284,280.32268119025,211.57398557017274
1017.8040592243564,615.3320226177951,280.322958152435,211.5735250762838
1022.0431951268963,617.9997196565059,280.3228348077432,211.57349724794665
1028.6576337059512,621.8445138504643,280.32270883218973,211.57347404176213
1032.3449549223417,627.1334048853973,280.322611973597,211.57336302292143
1016.596901675812,635.7693432087144,280.3229794835019,211.57292878961732
1004.6398043183697,647.1440355141966,280.32333676552526,211.5724112135651
982.5928550704836,650.43144511923,280.323492890692,211.572123558674
965.5127468493757,660.3768030061714,280.32373237367915,211.5710199826674
947.4765589148187,670.6698264148836,280.32746276549824,211.55633661433967
939.8151780320316,677.802794161338,280.3275135401668,211.5552936995558
941.6690837959063,694.1734903225893,280.3261703561521,211.5545820716333
946.6747925249106,702.6570597393659,280.3254989003408,211.5541638191348
948.7106645473145,706.8867563681853,280.3242013467742,211.55212319974072
939.0351484359219,708.5837850803798,280.3249394564005,211.54867527814403
940.6989299540438,703.2567814864947,280.3168267985746,211.53967186868528
939.6331699787675,706.8713771224279,280.31626833993244,211.5396418593308
937.2695113645797,703.5941337800242,280.3147361572971,211.53829949598168
930.5271218388639,697.0502886236385,280.2796740145759,211.51077069254214
931.7731286979347,703.6508759785374,280.27635186480893,211.51064960212898
930.9240766686991,697.1246377848063,280.25542864247274,211.48686542287987
930.8891497106005,690.3711170505835,280.25759374337423,211.48415271041728
724.0974890980791,590.9114224703081,269.507449392245,212.76763183678824
708.1679150414413,589.4715108934172,252.5021260699736,211.57800318164078
712.0617836395226,589.5249026441871,248.54721977972557,211.30204082170144
692.9725730454749,590.4056578224227,242.28761453959834,209.83775516568133
694.9268800915204,585.5009308315648,239.32288458179988,208.02362916845402
669.957751727416,586.2341643089899,238.4543175795397,207.82157235173426
674.078672108607,594.5433998626613,237.75257262327986,207.58406361621738
677.5185485531701,587.6521404923312,233.6431585078808,205.19700571198024
656.6067327709429,597.7580387465666,230.86253821076306,204.312084890155
664.2469723693257,583.813125312794,230.5591956259359,204.2044904930518
669.9186718650328,582.1223017046642,230.31463830169702,204.12507170169707
668.9476782306456,580.4395367976582,230.27086869638708,204.11167953008285
669.1052425506116,583.0629074138159,230.23025365871177,204.09850029041286
668.8506047970716,584.9692090154213,230.16067239956791,204.07385404025084
675.4618393403647,585.4432566258058,229.9714150210504,203.97121136655494
671.6924962527896,583.8293395368515,229.9600032538482,203.96631420214803
680.342194913897,586.6315783087862,229.92740395104272,203.943075881759
691.6303240758222,582.7162630504425,229.88101089208493,203.91324373288836
696.3067215753646,581.1864060439034,229.8122258264719,203.87828697341413
706.7451645761962,576.5876404416651,229.73347367490635,203.8427439896582
715.5732695428879,578.9399113683877,229.70116320136157,203.8203043395822
727.8483839202318,579.4055915959018,229.6981661208684,203.81857398528098
737.4873296249341,577.3021354120004,229.68747899613155,203.8089097768509
751.3782135352843,579.2376190545875,229.68550777577295,203.80719946494332
758.3175595637153,577.9842982917427,229.68001804282446,203.8016160779896
766.6131841934669,575.2818585683243,229.67921144079213,203.8009321703342
779.9043223637414,575.9777212393731,229.6788309284902,203.80065759098534
787.9464485547386,574.3951358387069,229.67756728550953,203.79949590902595
799.5577245362423,569.3533433361694,229.6768018215255,203.79899544962356
810.5909007415082,572.3349962441196,229.6764875427074,203.79880103432734
819.3157073012613,573.4924018120544,229.67605693357714,203.79841107536814
833.0776949115202,574.1433761279794,229.67546962199498,203.79781136815504
838.4858535415179,566.8282333537185,229.67514090264896,203.79761328935749
850.2705922828535,572.3144815765339,229.6750851881663,203.79729244187124
853.4951034483161,563.6205763457775,229.67460831317393,203.79704900934098
850.9922266751948,561.5716367731906,229.67409812650615,203.79679411368247
848.1208364814074,566.2719955662532,229.6736348197756,203.79641183944688
847.3201136864589,560.0921563284273,229.6727851301699,203.79579883408044
846.4098178521798,563.8870721765481,229.67262298593798,203.79566545250555
838.5705244449471,563.8095459215108,229.67172543303275,203.79514688928663
834.2613322117686,560.9498589157905,229.6694233683228,203.79399515914994
829.7263925334507,563.704848014554,229.6687155667556,203.79340302424504
822.7357998502507,555.8533352406996,229.66846229637565,203.79309471727865
814.1404347010296,558.0761767889453,229.66738580160518,203.79201124923568
806.0103764943448,555.7614925916511,229.66678100830978,203.79132183208716
794.8890908071369,551.5687110105122,229.66578968436127,203.79084049210658
782.8554586472629,553.3549787976463,229.66332515279075,203.78980831864104
772.9346865749485,550.9106351510367,229.66139777032015,203.78882190199081
766.3872871373419,547.566254636215,229.65961041811613,203.78855848323917
763.409516776784,546.8538761657521,229.65451309296736,203.7870460121244
762.2724456860392,550.8566875759137,229.65091479594136,203.78535900570498
759.4698020498146,548.1609819348389,229.6465276146552,203.78347070823432
756.6695596727689,549.4935405165453,229.64574407727338,203.78315991078824
761.8878907446388,548.1601408130259,229.6455395675057,203.78308467068655
767.2234188936739,547.0381502970554,229.64496590493357,203.78276033038938
771.0369936033225,543.5858398916491,229.6442202942301,203.7823227572604
777.7162550827014,541.9067187004027,229.64404808925642,203.78222249220067
786.6321602439126,537.6247370712102,229.6435156141239,203.78192526779748
793.3245528108027,533.9631360168529,229.6425681802338,203.78138450999612
796.362164901208,530.6672246477833,229.64205436853342,203.78099933950486
802.0383232767628,530.8747543373662,229.6424416655806,203.77715329871413
814.8116858525573,531.3449154302976,229.6413517373802,203.7664035758869
828.5991993497256,529.9491840665594,229.6406541192643,203.7660181206851
837.3321819983507,528.6838822809655,229.64029169677005,203.76572502820736
846.962287763282,528.6542382585959,229.63858884915837,203.7642117755201
860.4626345267652,524.5929623201132,229.63911221061983,203.76043423048844
875.4422388718582,528.3117758871597,229.6389126909659,203.7602141131496
882.7375983949236,521.4426729961418,229.6327960007922,203.7557765388622
896.5679173594515,520.0459759204869,229.62521326277644,203.74993176996037
911.9953580229123,518.7010269769305,229.62466390606969,203.7495163178397
919.7487073381966,516.2856574127056,229.61438422844293,203.74157041058385
931.2607901259169,518.4367514555262,229.6132804053218,203.74089647365486
946.7634170808778,517.6854870284459,229.53818320316344,203.6978348079104
958.4152861629773,514.3307505931474,229.51488250844693,203.68619065885406
969.4985326931951,514.1712636107808,229.4816825998668,203.67271253499274
980.8957318336941,512.0799470017662,229.47423347658383,203.6700520785529
986.7304786999134,495.0026499883733,229.21100118823688,203.4868966241376
993.7981678204006,503.57129689513715,229.15202275042404,203.451066128481
998.8894031752942,503.52034129612423,229.1352167134884,203.44205106347255
998.8985481797015,489.96152557607155,226.4720054018786,201.72194637381708
999.4098439238644,497.92988084223106,226.43643297559493,201.70159765027492
996.2211088107568,482.602140869311,226.1616057050143,201.4520101522675
995.4098952090872,493.77299312805565,226.15781530467018,201.449500886243
989.4820757572588,502.16203593789885,226.1193692779069,201.42087739424204
986.4968479273758,508.1926805778924,226.10985257515478,201.4136376061373
984.1643192845316,507.9263948079083,226.10928571914988,201.4132020607822
977.6392412079558,510.7698626275494,226.10737316197446,201.41148523253509
972.6660933459092,514.3440184156382,226.10634317958585,201.41104419697643
971.7594991122331,517.8700432435476,226.10599428770024,201.41080480574507
976.1313192959763,524.3491256449839,226.10574972557282,201.41061157574845
974.3713855284824,518.2605942451892,226.1056752153489,201.4105541665976
981.8875961434313,519.9797242194871,226.105345126198,201.41011965936218
982.9081229913256,512.1218999902886,226.10524864285762,201.4100689218974
984.3624290064764,505.11651169089475,226.10480778946626,201.40981723089016
988.7407809923623,502.70998197237526,226.10477476953804,201.4097868203645
999.3469266132975,501.8999587690832,226.10456162214984,201.40961721494764
1009.6949923044028,504.02726624201296,226.10419859626256,201.4094282715905
1023.521299856133,505.4387673817515,226.0955158353312,201.39877483473427
1041.786535440389,513.1883313156661,226.09091975837254,201.37404557988103
1052.4906787901157,527.9233670173646,226.0901419090166,201.25787508590795
1068.8729469880045,543.0094201839696,226.09266483941056,201.25232987940686
1079.9866573955871,540.6320458229858,226.1238061122579,201.21423049117553
1083.4631141933405,538.9559197453173,226.14766768612404,201.18282781367282
1113.27051828795,519.0326996245881,226.82322662337015,200.38210466401776
1151.904976435793,522.3966442976835,228.88136721244916,198.17301891432368
1143.9668650693861,523.7800645717887,229.09601367420578,197.88925350802003
1144.086283485547,521.7398438492153,229.30624979892315,197.63699231644802
1139.7253232199816,522.5800381654144,229.34733365250253,197.56866148911112
1147.7536511043947,517.7435111401462,229.36335168128383,197.55134497995505
1157.3426522564587,520.8092695461835,229.3747929654129,197.53574728103965
1165.4326605678925,491.6587531376562,229.55909709755005,197.4371371537583
1166.630264528826,495.399339362003,229.56093812587804,197.43062033326908
1166.21439295269,492.937894115111,229.5585945619749,197.42244622134012
1176.0728191704388,491.77731483848913,229.55383929444656,197.41892969142344
1186.994179316294,486.6006682631104,229.54873115483534,197.41348489662442
1201.6656915638853,477.1259850575743,229.54818255076623,197.41336934358512
1217.4950998125385,480.5650109695156,229.54625501525197,197.41110287050213
1236.676547452031,479.67047722178637,229.54188405877693,197.40617498555898
1244.1848101544601,476.70604811431326,229.5297417410764,197.40008857083603
1276.0335887907727,472.0470306093874,229.4306913959419,197.28435816931082
1281.9382169712244,470.1019832036622,229.42917810754824,197.26556368709052
1295.1352384989375,465.2621794454469,229.43477036706335,197.2493294142755
1307.1761235326626,465.04989003293156,229.42469181267467,197.23115820258982
1324.5418656750544,463.8143298874721,229.4772575156839,197.1890274273008
1373.2338935925181,490.9201552060227,231.29618172226054,195.45255836978944
1365.3409872541858,488.7450411539502,231.48567043194498,195.2674695298121
1360.384421878651,488.73361440258844,232.09588560989442,194.54701770702752
1353.6250028139311,486.86294370464464,233.58432537049896,193.06045001478037
1346.6495330996686,485.6108459001719,236.7551134318363,189.6100467200698
1360.5483381831252,474.5156018620199,238.24052519180287,188.75351293052918
1348.5609258609206,472.374840262985,238.69658724771125,188.36360220297027
1334.0672943895102,465.17404395936916,238.73215760935545,188.34274188356616
1328.2922311956502,459.68977537840385,239.6329443211722,188.0996186603649
1329.8642551800256,454.03949668148977,240.09407709277755,187.95021248455203
1318.8963364674178,452.5461182322482,240.20738949357906,187.89009414461657
1314.5841097022474,453.67157026463303,240.2943397814276,187.88460362164074
1299.9949498492344,432.4849488555467,240.28124942275602,187.8605304608095
1288.7020387239413,405.1914282851537,240.04840521521245,187.90852817508187
1301.1260298836733,410.98471975911264,240.0344091780971,187.9048662553011
1287.5101135029965,419.29793848198756,240.138163478757,187.7656705545465
1294.4012446580173,424.608183888261,240.53839247120592,187.48918723406493
1272.9118539618496,427.2105533386735,243.96132288087534,183.5136793331866
1264.2555974522763,434.3612031788651,243.66943335790774,183.25072594339179
1268.5370190495294,433.2253647287659,245.43326462476617,181.6428900567249
1256.2734063937567,436.3123686772908,246.1225707010821,180.75468738504742
1261.643044405797,424.730879031929,245.76316890643275,179.81685376378366
1247.1574523980257,433.4153317570517,245.40957150412854,179.51867280084292
1251.4721262884989,420.66484693071726,245.0050209720224,179.2707143834435
1244.43358959979,424.63757113382735,244.95281330543415,179.20361337407388
1238.9869471173695,426.4016584143279,244.6405852697868,179.08260362516077
1244.9869408563422,412.8736897529424,242.9774307920244,178.48961325933314
1243.2304931935992,417.54327414241027,241.49063272380332,177.54472205302932
1230.4992804382523,425.112495199337,240.95788382653785,177.41044368124133
1238.56540151569,411.848521459529,240.24804500723403,176.7853435992117
1227.4332986115826,401.3239748737153,239.2836855993842,176.5094341005511
1232.5850246066052,407.6121957011038,239.1466507312262,176.46727036172865
1228.1434231134067,416.584375733703,239.09771622830422,176.4322349425264
1215.4587643313778,421.5534947312208,239.08696978174217,176.42157301255435
1210.2167841971873,403.03973335774475,239.15694479774285,176.1134367324067
1201.1226336875882,408.4213487691692,239.17356536650126,176.09396220380833
1204.1635527712506,413.10466040083065,239.12713808021914,176.09852233587122
1203.6521797081205,414.9939972832321,239.1071690146383,176.0874879696431
1201.8942045139765,412.13240510901426,239.09839038948323,176.0830302587526
1183.7848362505858,409.1171282717691,239.09790770850083,176.0829500068513
1182.5355676592333,405.99191979811553,239.09386091064582,176.08024414760933
1178.0133078067854,410.65047656621914,239.0935893939225,176.0801681937997
1173.876175676196,406.2419100697993,239.08888007569456,176.0775523081603
1168.7610747680644,404.523221405537,239.08325635332247,176.075553520886
1161.59922245605,405.91842887588024,239.07082320574492,176.07041618525628
1160.2759930415953,403.5899538736259,239.0594732539843,176.06505558948413
1156.563293003631,403.1730424875262,239.05873540571827,176.0641961951072
1152.999090403923,405.5247023445992,239.0561410400102,176.06298963251157
1142.8269165986667,404.59526513749313,239.05894354554235,176.05681647268028
1141.0065128452497,403.74561810176726,239.0573293299642,176.05584203712834
1126.30512588183,405.60052325325853,239.07495425472837,176.0166862694393
1134.7855709768562,402.4500086208625,239.07267459934369,176.0152968254302
1132.628626622522,399.62318080894784,239.07213879324155,176.01501606315102
1133.771979615693,399.5946712850572,239.06825994580052,176.01306882445195
1125.6347600584293,402.70170582062656,239.07864571560145,175.99398085148817
1123.394616930395,405.1346006439465,239.08191838371863,175.98784515458593
1114.0633086072294,405.49307085153646,239.07578235976126,175.98483087589972
1104.769418668845,407.0751089049694,239.07615226338564,175.98365354794916
1110.7010866436608,399.47437012892067,239.07113654996022,175.98039439045195
1111.6363168658297,397.6562710899369,239.07155647099387,175.976757349172
1108.7333685117865,393.7593211662149,239.07129654379602,175.9728671461095
1104.3738299317997,392.9081049247765,239.07130136185077,175.970975264324
1102.5461911597174,391.73009794279096,239.07138605399498,175.9692912645805
1099.735967757574,393.6803496470715,239.07146199341375,175.96858744136182
1098.6657692623803,392.7558257307966,239.07182621555143,175.96519181726188
1094.2535290404883,394.97246146183045,239.07200017129858,175.96391670071424
1089.8615865231397,393.37633441704725,239.07161015106368,175.96384281405378
1094.6340481652264,396.80690519620543,239.0717651444785,175.96335847085587
1093.2498932268004,395.39386431112877,239.07122970158252,175.9632385636868
1096.7532787206176,394.1202206428642,239.0708445171707,175.96300740847101
1089.6531758165625,393.9217199333343,239.0708922060792,175.96179287799526
1085.7124327477675,397.0757492409205,239.07073218735815,175.96178775632268
1085.3865709640475,395.97042890969266,239.0705613046109,175.9617589012613
1081.027764367411,390.8191607250984,239.07066236714624,175.96148460150454
1078.842953039069,390.9137068967035,239.070809659145,175.96081587696852
1076.6127986017104,391.78253479383756,239.07107605720816,175.9601660317209
1074.0988477784886,390.2135528720484,239.0719000287864,175.95783031665962
1079.168330201894,389.8812557042855,239.07159179818672,175.9576595922375
1072.1246684141677,383.9312491804177,239.07302841837787,175.9549359761548
1077.272108243746,379.435027838641,239.07235537848368,175.95448544071397
1074.508637552613,383.0494680115584,239.07328720111846,175.9523068313293
1070.2050734351287,383.0148746962975,239.0777047122101,175.94751808506632
1066.7443065377165,383.9243856364862,239.09887077021833,175.9244594920425
1060.1008107502796,381.7502738821559,239.10260486065582,175.91962513937494
1062.371129695287,379.812358849095,239.10617358990396,175.91225456004994
1055.206499377966,378.2623539953482,239.10793102019974,175.91018344555263
1051.0021049159593,376.47775096173757,239.10863316748,175.9090021493401
1043.5992646879743,379.2711231007054,239.10891277506164,175.9085115144403
1041.7854102792476,381.70377735220006,239.10957667636217,175.9053951653816
1048.6497896759074,378.15392262396534,239.10901974919204,175.90504558941083
1055.4659372669628,380.8548815729685,239.10772031750884,175.90488731588573
1060.090546513427,379.53337575443925,239.10838738366252,175.90380615471116
1060.9544603067868,383.80308788431597,239.115642184867,175.90133868206715
1059.7937582983188,384.93686293492925,239.11853376207506,175.9000964116511
1058.7771721545837,383.4097144958181,239.12320406208815,175.89820089180216
1054.1021847333188,384.3435513400221,239.1307869368444,175.8938057115805
1052.836530440096,382.09694171655894,239.13894579451477,175.8892036274827
1050.909560947101,382.269096990041,239.14555945549282,175.88514258913784
1046.258915931804,383.2165178295212,239.15352406189228,175.87991656512278
1048.555687177149,383.9098302647025,239.1576120719962,175.8766111918686
1048.825589737579,385.9577716814267,239.177026371092,175.85477115550887
1037.411188597743,384.757834135561,239.17765787439723,175.85408968290932
1027.7692158022514,386.2179318224227,239.1793978837149,175.85261908450013
1030.5007371212034,387.04750845861514,239.17997066329133,175.8512663673445
1025.1886742620636,384.7757975351175,239.18049542179347,175.85066708473158
1019.1210540217174,383.9706414620186,239.18105992287133,175.84987641148663
1013.9214889856936,379.9679160030797,239.1818421403048,175.84864970180095
1006.9773645846788,380.41147990800505,239.18193977351117,175.84775712907182
1001.6829517221236,381.9153689896068,239.18202419613147,175.84689477359228
992.8528098744329,380.9139327935682,239.18234428372458,175.84603663016233
992.6641744492945,379.02552238406855,239.18233969688478,175.84599601994714
992.0464287937561,380.49239659420425,239.18236691189213,175.84587401302107
996.2097106669188,379.6542629606686,239.18236795438514,175.84583801261357
1004.1229438229874,375.0340088829238,239.18225471536812,175.84579517323002
1006.3659500570321,373.8878391314228,239.18217364376295,175.845188575997
1013.8685640079304,370.09321596860366,239.1819334586412,175.84405041829797
1012.2697149650949,371.4226177080076,239.1819448721016,175.8438377330997
1018.0569027218171,371.51927427937585,239.1819340208276,175.8435092756649
1021.7687639541148,368.59475445494724,239.18194192961485,175.8432289896772
1022.9857927081357,365.79799695654265,239.1820344021179,175.84222818601032
1017.2645752118656,360.8925900452349,239.1825672340138,175.83914106105496
1017.1194338482823,359.27145123676746,239.18266474809136,175.83759491128143
1011.9694199292056,361.23269836899664,239.18260847216993,175.83715303024601
1012.1321304526981,361.622544286215,239.1826100698001,175.83703040443132
1008.2489080532765,361.2914976795703,239.18265882295842,175.83672140510086
1006.6534428320858,356.2419919509331,239.1826610445909,175.83658601941875
1000.9703273196137,357.0557395205306,239.182728815751,175.8361174381461
990.5087271419245,356.57984357280145,239.1828658929311,175.83574372996665
985.5441423920506,353.8031644949589,239.18300211325993,175.8354734409802
978.6961509691805,353.8351246747123,239.1830334972082,175.83539337386756
973.4136473141775,352.7408867709978,239.18306792971168,175.83531870903695
969.533768232916,357.0588993881033,239.18305665253757,175.83530555215748
953.5784942991285,355.3338347799418,239.1831469090287,175.83521013049528
939.0757220548028,355.2377300928441,239.1832974157465,175.8350587459092
925.1096186974108,356.40990279904617,239.18347249906057,175.83484075011586
914.4307669548967,358.29158202257526,239.18348326558296,175.83476937047098
910.3400833653419,357.874732610461,239.18348829259293,175.83473451683537
912.6849436512732,361.8972842466459,239.18347213891272,175.8347352712601
918.4027729295135,366.3672644083307,239.18345296384092,175.83473638130107
918.772860036218,369.905455137848,239.18338110114365,175.83474232766213
924.1056673856638,372.2948879379202,239.1833719472961,175.83474111121515
929.4702996039277,377.86386769399417,239.1833355304825,175.8347363109813
924.1292413978739,385.95510698557734,239.1832848893676,175.8347490303052
928.1273465415841,394.30790648345345,239.18325895100716,175.83475840247283
927.9136643762865,399.5533611591668,239.1831643098634,175.83479391341183
926.3308072053926,405.8315189958841,239.18312552550694,175.83480319877853
925.4616538186754,414.38244684404225,239.18310205392336,175.8348113635462
924.2402667451013,426.3983578330833,239.18295813886152,175.8349489191555
924.7715545169322,435.92053638520065,239.18289213194282,175.83502922336808
922.3550091535568,445.36488873724784,239.18263124660265,175.83530729210088
926.6140077445145,447.10067513422166,239.18259365941358,175.83535005105543
932.9434510448908,454.88348698413733,239.18254914545312,175.83541829916115
939.7959447303843,460.44573408314886,239.1825245048738,175.8354539397001
942.3688238709317,464.3524469505435,239.1824695395139,175.83554386805784
945.2412110174257,467.92159265545615,239.1823551471911,175.8357483803211
950.4241395355011,469.3613173449444,239.18229133918967,175.83589547313116
949.6343413473137,472.5233065754056,239.18221859763716,175.83602752017367
951.4805038923575,478.2584063819843,239.18201310593795,175.83634983389624
955.328569605497,482.58648700877905,239.181944244509,175.83646814421053
959.0800388262996,487.5378471128421,239.18162649992507,175.83697478850155
964.1513316604526,492.41412751753523,239.18144729524226,175.83728644615624
967.2179808484959,491.4421540332206,239.18129091363193,175.83756552614412
973.9464171213634,493.8619280721269,239.18116160825338,175.8378664435403
971.1260255122445,497.28929186785933,239.18111621702477,175.8379691171206
976.39896853552,495.99018788623044,239.18101035235856,175.83814937423213
976.2072314381594,499.93660146679025,239.18094871491311,175.8382598733298
980.3891521015904,504.6345485403874,239.18091983464518,175.8383217655641
979.1081081601887,511.3267737489065,239.18083125146052,175.8385053664704
977.3647584063915,519.4973655636538,239.18074916191748,175.8386818291387
982.1105971019387,524.121220058033,239.18071567646285,175.83873933513138
981.1443015318457,524.500612332662,239.18065219743184,175.83885107712953
983.1592477200695,529.0476360731067,239.18058169369527,175.83898274968232
985.511298854815,528.4073112947052,239.1804942023416,175.83913857021824
987.9180808867601,533.6103650666148,239.18047441182793,175.83917040017835
986.9609812508384,535.686246797292,239.18041472676205,175.83927194431712
987.8362174480262,539.8029558335825,239.18036934006147,175.83934767666784
989.4947454344816,548.0153629039035,239.18028156974165,175.8394774599759
993.1836233495139,550.1290464262833,239.1801416683271,175.83969382357208
994.631992019475,556.3666684001917,239.18005821901465,175.83980597774516
995.9003036694787,563.376596374603,239.1799415718392,175.8399790969156
998.2038405417629,568.4963438272384,239.1798634098514,175.84009772466476
1000.6858653999394,575.1680895069193,239.17978769252173,175.84021140680684
1000.9667791659801,580.1111967513746,239.17973894423852,175.84028651445402
1003.2071161593751,584.4740699139547,239.1795718544214,175.84052476265776
1003.9319588482074,590.3630776477648,239.1795210287587,175.84060835509626
1005.2662583074411,593.8364597263285,239.17938176414543,175.84080703137363
1006.9171114799535,600.9876637489941,239.17925036457052,175.8409884025461
1008.0707266934666,607.5139935553785,239.17920177271915,175.84106125742875
1009.2201299723217,611.1314119186165,239.17914585397054,175.84113311173277
1010.7808316798058,615.1891408334026,239.17906006404817,175.84123772112542
1011.7959522044805,619.1731667455028,239.17898993220976,175.84131410127057
1012.8720712407644,621.534930802643,239.17897711560823,175.8413291541047
1013.5639765114861,623.9910435457732,239.17896088187348,175.84134703408557
1016.4505089324492,624.3269494429754,239.17894062612893,175.84137411926645
1020.6402273180854,630.25805162949,239.1789250889873,175.8413943250947
1027.1218108298801,631.9666387146829,239.1789023677661,175.84142167372136
1030.545741172683,637.3015185729233,239.17885767260853,175.84147129867117
1032.4445717118972,643.3555433611605,239.17881021493798,175.84152165963576
1034.6725195504985,648.2817941025218,239.17878564292963,175.84154970267005
1037.6884282895764,652.3156512744602,239.17877797159733,175.8415586330243
1038.3427127054688,657.0411756439579,239.17876486204932,175.84157209648237
1037.4339560858298,654.8969509414537,239.17874615800608,175.84159176439965
1039.1840699293425,653.191881054941,239.17873185560885,175.8416077123521
1040.0103532723783,650.1922834780939,239.17871705895695,175.84162541014405
1053.5310439761854,644.5885932457396,239.17856871408668,175.84178770468654
1056.0197904464032,645.9068759142805,239.17854331057762,175.84181117947918
1057.6882339265119,649.8315340723809,239.1785084240298,175.84183720946973
1061.2666315750666,652.1393008057249,239.17848430993413,175.8418537839805
1061.5495823439906,654.009522071466,239.1784313610298,175.84189668226213
1064.1317689961343,651.6620639045854,239.1783699425758,175.84194492825478
1070.196357511186,645.961861957948,239.1782670091522,175.8420392588465
1076.795299432387,632.673847275671,239.17807413049496,175.8423182724481
1090.3546654453032,622.5779764506597,239.1778838221922,175.84258882261742
1106.4544868371565,615.981733292735,239.1777344466887,175.84270090903567
1123.1987488434959,614.6269951273456,239.17710258488893,175.84337144033023
1131.2902530487013,617.6311312755917,239.1764767580964,175.8439001272671
1142.813989966849,623.2647926105561,239.16121041081448,175.8549521292741
1151.327835166678,629.0180295195835,239.1538981239496,175.8643188416149
1162.9155231205677,642.4216251791742,239.15241328367475,175.86534933945018
1172.461176389217,648.43031180006,239.15130526322216,175.8677162023538
1180.0124105079403,652.4809912784341,239.15053494752823,175.87282067791762
1183.910521085583,666.9618563797022,239.14934057141787,175.873151403726
1193.4941533733895,678.5304647154044,239.14491016328498,175.87686109340572
1198.4615011311014,683.2357378322417,239.14391234836174,175.87799222026567
1200.627366341093,684.5460574391614,239.14173267148192,175.88016956907916
1211.6939744865736,692.1528424638586,239.14057357046204,175.88140130801452
1221.5770897020384,696.6876209952029,239.139205200079,175.88303698672013
1232.1889533019532,713.6735334506363,239.13352800330136,175.8870803009509
1244.306565919061,731.2934938705434,239.1273314708677,175.8916052619179
1264.169929433469,750.3790431371301,239.12720508902453,175.89201933250442
1274.5691217945503,772.6833390629126,239.1261245203047,175.89345097947452
1287.5367754825413,787.6141434930366,239.12536838333628,175.89477432442652
1298.4114996465223,805.8475533046102,239.12494540022286,175.89558699498062
1305.0045417736787,822.968692663076,239.12396360867842,175.89725435348856
1319.3051174632803,839.559447619887,239.12385783799579,175.89757198503258
1341.9667181317575,854.4163613029525,239.12372702716465,175.89830608130382
1360.2441144237448,868.4169908356173,239.1219434763928,175.90270230467064
1376.6323221351784,875.4677253171421,239.1209377520121,175.90421300165497
1392.8582714462073,882.4368599839895,239.12005841706392,175.9052852130653
1408.3257771563028,883.7585532191637,239.11960205058338,175.90586637119594
1413.7124218713034,880.4065231786129,239.11903581851948,175.90661167110852
1421.2032684940955,874.9244172265593,239.11813557220268,175.91008920784526
1416.1210184749013,869.2127431253382,239.11663524438018,175.91334578125904
1406.9737279693009,870.1954625101195,239.11621808663594,175.9163747240989
1398.9680956779066,871.1655763828272,239.11640478856486,175.91729311401346
1399.7364279590236,866.354814687578,239.1161138415959,175.91942601684093
1398.5420063456654,860.1697037013012,239.11599122320433,175.9229497243191
1398.774516353975,857.4470138404304,239.11521101252168,175.92543498729003
1399.9020664908771,860.0598974753063,239.11467407032168,175.92690112741946
1395.355745149489,858.6431615300382,239.11403786821052,175.9288116909753
1392.2386198703357,860.391325570437,239.11354769241663,175.92980163958134
1392.8737916181421,861.4326180005593,239.113279994838,175.9303957763766
1389.0280848512273,871.2300182208838,239.11255247260698,175.93183251834463
1392.3232429083062,871.4469544962419,239.11113549403902,175.93360110737416
1391.08960522247,871.9350850757578,239.1107850093119,175.9346789776546
1387.2191963444825,867.6206241188587,239.1102001392491,175.9356979068336
1388.741899285219,866.9674578098802,239.1090161358278,175.93747498947417
1400.28745711444,871.5489905204317,239.10886574838204,175.93796948200637
1404.625226796048,868.3262180656578,239.10838379635985,175.9391856066116
1409.8818537459572,868.1787201989573,239.1083268417319,175.9395618691779
1409.5293949061981,867.9557359066242,239.10809284411823,175.94027001850125
1400.78355859956,862.9702649722387,239.10832182336162,175.94142238226732
1400.6537502672456,859.7291233313329,239.1076564185453,175.94283446351747
1399.1942139750986,857.0681409123586,239.10686434829873,175.9442293094006
1403.3698843350335,853.1432924577417,239.1065597002064,175.94509981024808
1404.7601486554258,853.2280383002014,239.10606679359802,175.94639511704426
1402.5012948602384,851.905029035309,239.10592589230401,175.94678257192365
1397.9920650091324,848.4060620321472,239.1059310428194,175.94742882800293
1396.8912049784549,846.4723157816397,239.10554820462312,175.94848627805374
1397.6658919264144,846.0270752849258,239.10538366501217,175.94897104087943
1405.1629757493752,848.4574361781123,239.1052326664295,175.94930939702337
1399.2535894094754,846.7092268568418,239.10521109574086,175.94963834268006
1400.2147016222118,844.430475669017,239.10516207767768,175.94982775293673
1399.474863097534,848.269797146029,239.10510005709466,175.95019089861378
