798.5,42.5,14,20
799.2488355076384,41.58099506502052,13.321252026702599,23.266591494090175
800.0499470853387,43.38670478006218,13.364959945262735,21.839748822792775
799.4608711130658,45.55697392944158,13.452838971403368,21.547001617379625
799.658729723172,45.21346817095091,13.316876968527142,22.365768804859453
799.5458779187591,45.444632459831354,13.359174730433866,23.12282885039739
799.4314282020451,47.45812146765762,13.771558062041194,21.852245706773097
799.6480808278748,48.71878521567875,13.894159951554933,21.912227451942396
799.8752746312233,49.906073225658204,14.078060721800348,22.215445096839
800.4433510012728,49.66689879570577,13.867654743158571,22.622202437658856
799.973553829864,52.02012046412078,13.610886402800313,22.07848244012665
800.5907894113813,51.542096031583505,13.753830847681122,22.656762509917332
800.5589676178063,52.2778829095155,13.6918834232816,23.560108562771806
800.6555159328288,53.654839703234614,14.534577889566606,22.577307692840385
800.7154241998085,54.406034750000444,14.003089463266802,22.76911001249828
800.6839582814758,55.04733362495931,13.907136175828885,23.061267139777435
800.4660723823038,53.97271941214231,13.476481572122154,24.28241976514326
800.4553962687972,54.33480104082425,14.118621535807943,24.323910880234237
800.961031640215,55.84543013543986,14.306071814082166,24.2612358847215
800.3267733470835,57.95298007717696,14.65851095598953,23.378199972203966
800.487656530261,55.60466529525483,14.297063485378558,25.058933955136176
800.7631263725555,55.43282414260628,14.571681853253791,25.74191171779382
800.5375999658102,57.82415451102807,14.860856529855266,24.031551378276355
800.8822812543353,58.40967734785792,14.855854705273437,23.609215165482226
800.8874252658085,59.12955738100866,14.533470803734831,23.115583435706426
800.952118629642,57.406281647214726,14.654163944267488,24.213423734980577
801.5575365426668,59.465562970748934,14.659167455297492,23.23323044593923
801.4788837021251,60.87372853918471,14.412088008164368,23.040801715447966
801.8839157060758,59.83818350882042,14.165396341687314,22.959299949094056
801.4336531297131,59.17884959888541,14.121973404248243,24.53508362779985
802.3844118292117,58.65097839888803,13.713118679239418,25.72472378376807
802.0457445379928,59.39133224152323,13.930439554242142,24.699111369573952
801.8627369377891,59.78437914934648,14.230011030927333,23.870091332749745
801.4624870663861,57.527669746488584,14.595350197929681,24.64822974369975
802.235186461005,57.4019294999122,14.528517859696152,26.23040005200224
802.5518023200134,57.361691821866124,14.776613913120507,26.61780158376744
802.295290748845,58.309856613356494,14.750346496746745,25.611690716605313
802.631655561011,57.444426060368926,14.54845412110133,25.16921138769117
802.7049875281771,56.97177663804181,13.757101795953794,26.377957000478677
803.0727350816204,56.30325688673531,14.252965028821265,25.56048728593916
802.6542396461773,57.27563079983554,14.592675048375263,24.11313040045542
802.6220955283576,56.12770462664459,14.060507542612461,23.70063330616449
802.5962471272381,54.98745091014031,13.298702739390988,23.794969708736495
803.0754089009878,53.48742127759276,13.062623232025839,23.289663411524316
802.9135737899518,53.384756077180015,13.572297857582075,23.056013560892637
803.8055002562073,53.45730832192988,13.913604873204882,22.805320805521955
805.5809962241007,63.43287969284715,15.149857412216656,22.510944921979473
806.9804629498747,61.6715315425216,16.84165119135177,21.1539820603213
805.8303443241633,62.37869175763417,18.79318252755801,19.50814662628176
805.0044572784661,61.83935475360907,20.225307226090404,18.318092113279025
804.8321809211199,62.271543033151175,20.905488900805302,18.057874764767178
804.9727067595694,59.327080178992915,21.479519179466017,17.57056321420415
805.4615362194874,59.53304455270176,21.407702291119147,17.81658499527104
803.900376551931,59.76950823220899,21.34839753520097,18.135832946930723
803.0746381523649,57.84326392506043,20.870509539029353,19.021588045344117
801.741225247833,56.782747620086845,20.393956672237024,19.921253641240906
801.8152886368252,55.54744186497432,20.259550903685472,20.896832149499545
803.4257267362585,51.762315351309496,21.168697676018216,20.881555323095753
803.4601347223586,50.57927046268566,21.95795109720713,20.367129538524363
801.7107503476888,49.080459942010364,23.132070601512826,19.441339183452023
801.2484745514953,48.497683198172645,23.605569208736,19.535317646692036
802.5496574495631,46.40232164680045,24.091310909012165,19.337282406789512
802.3220456578414,44.04486456804045,24.402328550279815,19.22990708356528
801.3903871690751,45.05269112892988,24.554014142061828,19.674269289142885
802.0669448095426,47.329505443048696,24.163977462905322,21.370040544762897
799.9753441668139,41.22025441236883,24.529811687319366,21.89960906634159
800.6335769464536,39.004252932519464,25.1511597659985,21.401074007183407
800.5162035737496,38.82607841439381,25.244394361120506,21.761558619574018
800.2501666423257,37.92600428403809,25.107791779148187,22.16025744790449
798.5593360904596,35.08924629753948,25.634938547597038,22.086149501932727
799.6231446199893,34.45899245700569,25.86389367466973,22.266035427050998
798.8229236553615,33.86671883522918,25.797457600322677,23.007367238795087
800.3718175498942,31.254195802550264,25.988696695055083,22.983359493902626
799.4939898210525,27.379300547955857,26.37135584794526,22.760246077053097
798.7786770369448,27.02757317569504,26.57329582298626,22.979032935413116
798.6149165145367,27.03577354551915,26.71593459685787,23.34450733927801
799.2585016820623,24.11988204809477,26.948449894990826,23.107388214755822
796.971292643593,21.493007125869152,27.359360164566834,22.83639915982244
798.0070618723477,21.623093018484326,27.303351600885346,22.8953667102783
797.3876769934142,20.866246623617712,27.481999462695818,23.075779541792773
796.3130285180475,20.09884988480306,27.837279543222603,23.584550538803434
796.9178925268633,19.44830710752149,27.843537918309977,23.797188871402824
797.7863497409436,16.858920526296835,27.821059647559807,23.75734348192633
797.0839000763154,16.934548759754147,28.02122834608391,24.764070962146057
796.3728225629059,15.066221266883355,28.418234496733362,26.085240074817246
797.2811863630311,11.851872680937575,28.870690347061938,26.549068399514184
797.4573245320305,10.77140350013767,29.324603264488776,27.295750481363406
796.4609852069804,8.97047722995821,29.961828606572965,28.293354290724018
795.7984707272353,7.341553311976801,30.382167269830717,29.5662041019466
794.039164937196,7.832323371767409,31.001560970409237,31.522433279775882
797.1614246193981,21.415028517816115,30.188029325749945,35.347578411503996
807.7058424488782,50.00124816803786,24.480464841104904,42.08090226746649
810.3644809540104,49.320185900890216,21.50373986389594,44.632684351772596
810.8327209302914,47.84160786893313,20.836614466651234,44.00694552842937
810.7659979431428,47.932222639345945,20.704590900814072,40.74972836461522
811.286146563701,47.88189159586281,20.28328456914065,39.13874125696847
811.8481278278024,47.612182123019046,19.912502872188213,36.1426492300631
810.3437081232091,46.356277759755756,20.185062065365983,32.883328709419146
811.286610845594,47.72450212676168,20.396714092527247,31.016116545677896
812.5810977420608,47.67489410241736,19.350621342392607,30.250655891714327
813.0925046202773,48.01805994671465,18.85047876545104,28.880826565778293
812.9834707844032,48.743615804242104,18.207285950824375,27.93957541261358
813.8254484097531,48.46349115561525,17.64069754405633,27.94432742402891
815.0340518448882,47.70033243293194,17.19666467368563,27.267152412981062
815.2955387394063,47.81981237248794,17.263809366527394,26.90021180228724
815.738452932804,47.6973224718126,16.896177202817807,27.51440438518388
816.0130080653275,47.96798873697263,16.964471483900862,27.244408345338407
817.4678885820465,47.050820043616206,16.3923466280155,27.726633424135127
816.8284549314498,47.70042368161126,16.37265385730748,26.892014485851515
817.1969037908079,48.377008102630555,17.140538344118397,26.94919803748711
817.2339916111414,48.13029317724059,17.244873813905947,26.851602339046394
817.5964384923417,45.92348323219504,16.77491125268128,28.90113698041523
818.2213381798107,48.44257669897604,18.00887096294782,27.292190647959927
818.0619001391808,48.67911406166114,17.79837461025449,26.89926478280365
818.7377202860279,48.06732639993588,17.62341327586329,28.12859122922909
818.626535529389,48.774192523968196,17.15742117346511,28.576672014937625
819.1753138245017,50.661858709412925,17.987392852596496,27.941427349027215
819.2314178560963,51.08289139650488,18.104788452868142,28.33541573854429
819.2231207068947,50.17899121863005,17.914774689676705,29.825148292825258
819.8858473298068,52.351323670210526,18.33377540295052,28.83237354175303
819.8302653579957,53.686736833658,18.16859835421197,28.562004663097294
820.2364755579106,53.185399418286394,18.072083615977903,29.721476359070685
820.5794008030731,53.10502165952311,18.45006219416015,30.64740888717095
821.4861016229754,55.6151140511674,18.36883611110639,29.562716971427886
822.3362531284512,56.274978164532136,18.05695151552509,29.988414331068682
821.9684648726509,55.76314713952303,17.946604799384005,30.901932133723953
822.0551827517543,59.63398198659699,18.316337404158606,29.849157812022383
822.5489368756159,61.870287857151496,18.127018073785486,29.165946196516067
823.4896195489746,62.81557794756168,17.87683385963478,30.172306235474586
823.6271173345318,65.21315914260303,17.81020706310248,30.970197412832086
824.14053304384,70.65257069731845,17.876456205428205,28.996831648688193
824.9576657959788,74.46063648368252,18.008650992042227,29.188344959155902
826.1153762990037,76.81789533125317,17.78423924448459,30.358654174522904
825.6192431307896,80.54560565675418,18.049525036198936,32.8052165824571
826.5909616059674,88.39067041233068,18.42588304296394,30.963424295105277
826.3338626011051,93.1685371470364,19.013782987248632,30.099156929711945
828.3945880153705,96.88832730393025,18.2808714197425,31.919991603548976
828.2566089280297,106.27316769175071,18.703268101023134,29.606393281475896
828.6312157925158,111.39831633297707,18.68620006610363,29.663818121883118
829.5383818656354,119.27603180942815,18.36351385212628,29.562991063108292
830.0933240757163,123.25512514829494,18.222296495057538,31.20083869062464
830.6630063334195,131.7211737034479,18.603530593602216,29.447107417245775
832.1889955257544,138.44375642073507,18.308126165512483,30.121446061535284
832.0562190683534,144.7426437469792,18.765929295543714,30.759401507591
832.9365518536574,151.8379170323065,19.351716775912678,31.436025601933444
833.1598392410622,158.4439405674794,19.56333257629418,31.175199123622736
833.9177562947947,163.9092698917611,19.713603932448578,30.257742713084365
834.6547355783028,169.63407211993368,19.669686878330406,30.032650634605204
834.6128720815002,174.28954098096528,19.983999230354364,30.28656284395382
834.5397271733805,177.68904834460363,20.185129577695104,31.426264360208638
835.4039933137191,180.10630045134963,20.499711155089848,32.39210708553279
835.1195773045387,183.82538103946385,20.82437503383867,32.18401915773665
835.6828336671305,184.0498288428743,20.252509359051764,34.640028647425346
836.4542163745756,187.41332321242115,20.523758832009698,34.08282529678125
837.4879283006051,187.0538731658481,20.07460963374561,35.22074201872948
837.8852430210472,188.2752556615999,19.770661067083523,35.39818393908258
837.8273708752779,188.75071092455883,20.070576438519566,34.785425636426645
838.344654965546,190.74514852893418,20.233583253044728,33.66749481666662
839.2944981334141,190.9313328057147,20.013061488658046,33.43365625993411
839.5406334676192,191.56938989409963,19.414116620189827,33.25384732094793
839.5771524367104,192.58864183635603,19.338280882986787,32.374319134459704
839.6333097934074,196.21407925585672,19.519825577851307,31.269632484114233
841.3736320966739,205.58270018464677,19.081136689310018,33.22215364725184
842.1783851406993,195.43725673647546,19.308809674090803,34.4474584268709
842.7170776894335,199.97340086309129,19.868833809057374,34.3633348733984
842.1913949221779,204.68052707377086,20.497046447011886,33.969046260396425
842.4693911978958,208.4478630900198,20.806102684508453,33.38690535933181
843.8436379685583,208.524615505172,21.770419231193216,32.358082454101776
845.4117202009134,208.6651538246757,23.122021138554924,31.55621616643372
843.5822819897159,207.44279498150718,24.143301255610147,30.176236795038392
847.085240236657,208.51001996166207,26.454048197588858,29.568139621979668
845.1915173861711,206.4181687137265,27.404205673133248,29.234716894415246
845.4014796089704,202.79393268747685,28.49996606359909,29.174357557230564
845.7924812308542,205.83078697428272,29.639453016249696,28.93675675028951
843.5325188923662,203.90978876747238,29.977071724309027,29.8044446517966
839.876543015369,204.03439438942638,28.397058025570217,31.842761050599535
843.9635629070068,201.6466820638654,29.35195590189812,32.01323313241399
846.3337582206793,201.768075699856,30.274498132601984,32.15153155182108
845.6983912684356,197.6625904353673,31.36729487677823,32.311900195515676
846.8126303166683,197.86764549227857,32.072245894352456,32.67140600656304
844.3532554476,196.71048083587655,33.41066825189009,32.73116276603442
843.0809165447665,196.50804292382097,33.405458545903976,34.78369550142259
842.7829130822514,196.81007387905115,33.62799997375324,36.99093491542016
844.2781014977181,194.6302540631392,34.04217393102182,38.818425558105986
842.9214596539821,189.56855590972515,34.854692434095085,40.38665710096217
841.466719195469,188.7162969980938,35.55479986582148,42.350093396089676
840.316621642715,184.01757248211646,36.9749645866778,42.3040064693314
839.9703578137353,185.17873477074266,37.88670761546871,44.55660950772765
840.4250328988225,180.83156925666756,38.599639184391414,44.92890518757374
838.7181252680721,184.63890652217617,37.889082796719464,48.91522409983908
836.6030781982893,184.91930434984772,38.32621684972989,54.039594664758184
839.1233047653551,183.8829129277815,38.5718202802736,58.39292122539095
838.3492694899618,176.37716286736784,37.838372965723345,62.46829414019129
839.3606659714179,174.37027402127245,37.6259371413982,65.72310249062448
839.4877899990283,174.75172830138288,37.33657941125817,68.68074920496628
840.3858665340872,173.96840586894155,37.4378942228119,71.7188950176826
839.9250643014515,172.75185655361472,37.669638389144296,73.3929196834464
841.8220233775619,178.44691041442994,37.455954277463235,76.65081784410889
846.2097906506675,220.50117258233678,37.6133858991615,80.7833525811586
845.3075803210207,188.79230908310012,34.89120687277793,89.46699335582483
845.1813583951149,188.72946566464282,34.87499911144975,94.08516544764913
849.3549165562773,196.52325666573543,34.61297162409083,98.2564987753887
848.0923837055014,190.81296527005543,34.72231864109071,100.82787095850196
848.7263850241444,191.18489124973084,35.8924550161107,103.13591581434325
849.7321465234296,191.39751328555548,36.87496032076701,104.92635171894801
850.6477084533805,190.06299210994788,37.53758314904122,106.78856144356621
848.5181936362013,189.73076796342247,38.568981683534446,104.92684905751364
847.1129922324277,189.24120416798064,38.86138108883293,103.79516970521462
849.283172718998,191.89667291712317,39.29048290656534,105.5949486857082
846.8062222096316,186.34189165320765,38.60617117421824,107.20320077565344
848.4096648441807,188.93682037164427,39.72101253296549,108.38624667815807
849.0910773128801,190.33206370754152,40.96892353480531,107.95049290566017
847.6875403639231,190.49232547579635,40.9393185421496,105.70459043210494
849.5644991387404,194.27816492789435,41.390363342979825,105.42921767401288
846.8470257115339,196.4733063783802,41.316905368759514,100.2675615179633
849.0925267236,197.47351324700045,40.63263807229363,100.691217156143
846.4666052859912,187.85635056101958,39.63115864555845,99.10738896759011
847.8976127798471,196.05071514799846,40.667631027277906,97.01291267364263
848.5800029897936,202.43488251456506,40.99750319804747,91.03519468475328
846.6391828917345,203.77074214688002,41.997229706506324,83.46449482940258
848.545735129186,204.01656555827583,39.39095233908657,83.81877840817933
849.5243957227816,209.41358603963607,39.16992773804982,78.5701857814027
849.8039274214302,210.6742993608412,38.046949436821436,74.64753696459265
850.105163545668,211.57217845111495,36.73042297009192,72.42175771425818
851.1592046470993,210.72455611881276,35.6398068915545,69.71388868015114
854.1029875189937,218.37462223925368,34.09133066704172,65.88923359528816
855.6331402361418,222.6177266407725,32.97000235224098,61.60378560220957
855.9934085382195,225.99683200253898,32.217547521634614,56.9082611303639
857.3814431709266,227.52086827775014,30.6337809461453,53.41723656184293
858.3142569178659,230.23912542594653,29.78261346262071,49.092394502278864
859.6983788366998,233.83397944305466,29.233650158950002,44.68103837858269
860.5907122094807,236.8608401898714,27.7418132360009,41.800374129909386
862.0342108322709,239.6479275671766,26.47456153247318,39.29826723132879
862.9484859110535,241.05696941184095,25.69629858384252,37.85763788367828
864.024628646066,243.29650180781306,25.020125632829775,36.80439915418398
864.4548142842743,243.6615092314119,24.683821990484766,36.93593974789143
865.4093950613551,246.17205386965577,24.674499896074362,36.642655334971316
866.8177410016607,247.88700744772808,23.990047369384925,37.34088903257215
867.4664360899567,249.79611756993842,23.756244689443996,37.576324543528784
867.2379476115641,251.64563305554407,24.230609717726146,37.383390700704496
868.0060351764724,253.65259433168438,24.02351579005765,36.96480708783682
868.3925590718235,255.28184672866374,24.776368215666754,37.53084375113637
869.2009742446326,254.41860914297314,23.937028935036935,40.467783741497236
869.4931443701552,255.46198961873628,23.47821808175445,42.34632821024191
870.5429941409325,259.2118657115285,24.156719273724597,40.645365157875254
870.1349070427998,261.6787280797422,24.211059953803638,40.19698276593563
871.2435834976868,261.76210291903107,23.76511771774283,42.787199700286315
870.9375497853667,263.6858061646273,24.34167876321407,42.65240004519755
871.1631081381898,268.2621019349798,24.94220130499111,40.25143393808241
872.938448226803,268.3920326374701,23.90073013170344,42.47058267071581
872.8051988123882,269.06419065282154,24.08313302694732,43.67613699057411
874.0119718168927,274.90507747633256,24.281835292583022,42.49819696267923
873.498027450887,277.00765689605964,24.491198889496697,41.44656778936298
875.233055151636,280.27386194634295,24.36547386919834,41.48061005493196
874.9748831673605,281.7249022022539,24.716674426630313,41.33219179209738
875.6043714631361,284.7665573103293,25.013910112839174,41.68580699153428
876.1588502104711,286.89863731211784,24.842850867134217,41.60622771856597
876.088770239446,286.43119567508813,25.36046388576782,44.12382250567748
876.7498468551811,290.0135010296822,26.33695689938824,43.475790706200264
877.0539965249624,295.0182359080124,26.175758398770252,42.06767926285394
878.3597736400205,298.6671356194875,25.80336392015126,43.43083100960697
878.376125341107,302.04164928418544,26.270469421454038,44.939875619966756
879.1967858346165,307.7815024400382,26.288966088161477,44.139565861909404
880.0948030916763,314.61024620375247,26.320650577919395,43.21646000741279
879.6387036326977,320.0632329751371,26.788283952318103,43.314477255630194
880.3439070254639,328.9713416297702,27.717131730528767,44.06085392293501
882.306716030222,337.0410969615653,27.070947838549944,44.27183590150908
883.5804026525166,344.3080679335366,26.78217387844966,44.039507645757425
883.7405709451263,354.6734966138849,26.440340904758465,43.89537054776101
885.1116999621445,361.4150540567229,26.199228557066434,45.36485329744432
884.2121029211668,369.6671364030003,27.082214798525918,45.25416737915042
885.705933148913,379.20808103068754,27.18558241073254,45.965161327647714
885.704240560282,386.6361610779898,27.181567530775595,46.89227297920853
886.8769446534506,394.72611842320066,27.262517016125667,47.69096314939637
887.8251322434527,405.79972431043666,27.39505278217839,45.39723758129533
888.1424996609829,411.27583249703406,27.41348946627105,46.38751210599608
888.9813711426193,418.14315473808097,27.412621816724837,46.88563873742758
890.2017429162829,425.01989456539695,27.548891662084547,46.12925125285841
889.9448458161863,429.65991187284857,28.0254978792859,45.68392793049013
890.0726701407484,433.0856515143832,28.48264973773682,47.600041062123516
891.0734479260385,437.39987989548035,28.45095782375825,47.54733743105675
891.6866429472299,442.89545212995205,28.309952523246285,46.66904654984079
892.6459294206938,445.1155989116877,28.30202502888397,48.61949699450562
893.0836940580638,449.8446432680865,29.06474111679693,49.072033277905234
892.9238045556153,454.28083112137784,29.63821152389116,47.074210646414826
894.7448648435222,457.0166248453332,28.86655057301819,48.59843064411315
893.863462951369,461.9983670829881,30.08249851352651,47.88496200512721
895.1129091959937,464.7716597331229,29.907705015396388,49.03765468452412
896.3201369254964,469.316759239912,29.826771309598595,48.310840191355894
897.0790861649996,472.38115931896436,29.799569867496075,48.046777564910784
896.5930344268462,475.4241687450516,30.05772212776767,49.16502184464737
898.4375216426633,478.6656002185336,29.819852619793352,49.34751102684239
898.4524299337578,484.4561744390468,30.70427947496513,48.13188559932685
899.2850286038941,488.0458673562754,30.132321267578913,47.8900370816439
901.0092691698492,492.51816571439804,29.758931487916797,48.42646542852367
900.7252553513451,498.2311616203999,31.193088863114895,46.78368373710801
902.1612228412802,500.9815134943187,30.82391707267487,47.918244173440286
901.3238760346397,505.7683181695196,31.059221068747448,48.36921643888513
903.1119856787628,511.56095594584946,31.264220774745276,46.947902887451924
904.1707812814552,516.253068014734,31.735923431460062,46.585984972288735
903.0976303619905,520.4820003488311,32.69667427350826,46.697044929082374
905.6540840123238,525.0815580005876,32.115686971166525,46.36637137527767
905.308572773446,530.0938592585312,32.187416693717196,47.02780450614886
906.57936969958,535.2585440772833,32.39433227723893,47.64666708236148
907.1936721411078,540.3069653896152,32.97052492966124,49.07017840790981
907.7730438766639,545.1241887656793,32.718977287957635,49.731444341500115
908.1143292704343,548.0791729696086,32.96057798841128,50.92782355403864
909.8087498926601,555.5187971289495,32.683778749807,50.37371494307338
911.0475949539923,559.087295542908,32.468854173682516,50.42881097332363
911.3526314298782,565.0338475626571,32.627108025263446,49.05867411824916
912.9200756039547,571.5423209454324,32.25357384004559,48.974311511490185
914.1311399214732,577.4898779824445,31.89431049868601,49.09406767001238
914.7662298722643,583.2463548829384,31.917215249251985,48.26837408756322
916.6855198497336,588.6095104559189,30.940067729688437,50.80154133633019
917.9937364592105,594.4519882873116,30.81726205520161,51.5430955514115
919.4956403423475,598.9613300476416,30.765560182666068,50.902939447002545
919.485501797709,605.4124134353752,30.500608045813646,52.51542214280762
921.0508943012768,610.782581395108,30.686644545719265,52.31245367817901
921.5496528085132,616.7202998150993,30.842423071197775,52.06993661316093
923.1155043114923,622.2212146517246,30.366358451093788,51.30049025239112
924.9552466141056,630.1590394521195,29.703111049712938,51.025569432366396
924.473777511902,628.3162047447483,30.103088205806483,50.53132126575571
927.331709743909,649.2698960233301,29.756525836487345,52.180026685679195
928.0440267751532,651.3710084943094,30.137033734854263,52.8274656815142
928.8680921606765,668.1813570967014,30.90187399757583,53.4836244963092
931.5620557106213,682.648781679822,32.166205118305996,52.552906982950674
932.7872444505232,683.1550288078708,33.516571275902606,52.18382078079227
934.0295731023463,686.3106900024547,35.16806262840135,51.716300796961114
940.5880507068895,690.1446296113149,38.31257004574671,51.38698544983611
933.5410745229378,688.8561694946133,38.180066323143166,52.97720951336072
939.2180354280698,706.7543347452664,42.40694769008498,51.12224502910252
942.577955269847,711.7981667807314,45.69679837622505,50.83876152010383
943.0493618979986,716.2858583236498,48.6317787174562,50.9962337897955
938.2680348273979,723.3929795197439,50.74562235150459,51.81414088955056
942.2250286949587,728.9797683583456,52.15486222549041,53.33976868176072
938.698851577577,742.9667558285097,53.50349060175065,57.18887957881963
944.339905679529,740.8002006003808,54.61614858549979,59.56008608088573
939.9281838200067,742.8862873497724,57.25335612993062,60.81663099696126
940.9850061378634,747.3138671451486,58.60640454933013,62.87647967068187
937.8606212324261,767.8449550799113,59.88626870560021,71.65737458672189
934.0545989588735,770.2199212043973,63.29590784684997,79.5535781225937
938.4910462023128,770.6704224541156,64.98362908933451,85.92886725997089
934.7670267470571,775.3931502578872,66.9761636737085,95.19575642274586
932.926738004219,777.5778953058796,70.44578044339491,102.52806648371904
930.3394260552775,781.214148305485,73.60289647099796,109.6015289766394
930.7066130866775,784.6339355359178,75.07650889628857,115.8312096137607
931.8025621341873,790.2786712095638,76.31271154989872,121.81724575355261
931.1546238234165,796.0480216088037,77.46245298055402,128.8522869249063
930.2839852845844,803.0982278762006,78.9375320756888,134.00453241340773
930.8153037647628,808.7516583994934,80.76833768072089,139.4918829709403
928.7894714914602,812.5950251897966,83.44841216957323,145.04245481814687
929.0960072390728,817.0544303313352,84.58750241919131,149.37665186522938
938.5379181107546,848.9964082816878,82.22377782152864,165.4956327660011
940.9084003753688,850.0005835981464,82.42266473699576,178.43653935517995
940.6130928423172,854.5973102137425,84.27718077347627,189.82034491461593
936.8323702682825,846.7367367007683,87.61090356800486,203.08058574171878
936.4680333541955,849.6727006275887,90.79474676494345,211.3288020220743
927.9842597698271,849.8332551001492,93.78594375175854,215.041525151443
927.801441255468,855.5692255756853,96.65010694861283,213.65748411211354
