911.5,1995.5,66,112
911.5086382369702,1992.9724796975852,58.985156861110895,108.13404369723182
911.9430945628915,1987.5759978478015,52.93153984359405,106.43225670103357
905.8147439694707,1988.6360127539403,57.22431715798823,101.54028029168401
902.7774697295331,1989.3282807159014,60.28951838209349,93.65854624147927
902.0917289610336,1980.8982614649449,54.168077764753974,105.99978719681317
896.7090441816428,1982.5213293469371,56.12912074360433,106.24769806213676
892.9255949781614,1976.378212503815,56.638125846887135,111.33486939882938
888.5200554766604,1974.0109942702525,61.94728695957217,109.41742535939326
885.3989431966395,1974.1404755600188,58.72479908730217,108.89901697526773
880.2172588355977,1967.2886473467574,62.48711112370417,106.42108367605738
875.9500656943794,1962.1398425859545,62.83034419212654,105.93679624892357
880.4035078105593,1961.9090279833779,59.09988754837468,106.6074490100485
877.202916140397,1965.5069396159556,59.38595866396372,101.48933015580603
877.7604997567593,1967.9879602224362,55.256198148661525,95.23363408162184
872.4912734828063,1956.8042067458664,51.607188668403275,103.36660096342783
866.3679067190237,1958.1568289305592,59.47049888266243,98.04603928969965
862.5808078508204,1955.2505417370594,56.92671353788862,106.98704180741719
860.3549420404025,1951.9708372333157,53.137248333222395,101.47020234216379
861.0598796098972,1952.7014854673425,52.17810326388225,96.44469106941449
861.2386795362261,1951.730919686252,48.360801195341814,94.27004344194371
857.2080916984952,1949.9793596879629,53.65726509477292,85.42773796374777
849.8739883943867,1945.6488192176146,51.731784238264225,87.9290500058151
853.1882253090342,1946.5748260767632,54.03747319241024,85.42662192594022
852.423428369793,1939.5982115651939,45.09951775252574,86.41988883801801
845.6206741252471,1939.321346874969,47.10059878272077,86.52028334471333
841.2206973294993,1938.3392347620556,53.89696320328571,81.76605199819446
843.5246612435762,1935.0473414735889,49.765478940038776,87.86175782659637
835.7260983981032,1933.2462492179716,51.75401882318664,82.26891646320617
833.9836754761427,1935.9624162189289,55.09048019003693,81.45970219793764
905.0839265283846,1934.2797702874823,55.73522284134109,85.15758654009844
829.776578728425,1929.5081748832592,59.59068857861187,84.77592072908686
815.0200589799227,1921.7806898005256,61.068148964988374,85.29334685775062
812.7761830430003,1918.0553773127529,61.67994091295125,89.45138542187154
812.2932282771374,1912.0628264917225,57.45387810202952,95.98466816414013
807.6044347882897,1913.6159988918607,59.76875981377548,93.91590128496287
802.1168232655979,1905.0531619064093,58.63313834319398,96.23952651511324
802.7574663644881,1907.255334320651,51.41981405412468,97.95759216999548
806.562258714892,1888.8565944168633,50.31824542285132,100.27012577030392
885.0368562743311,1904.172979801218,49.99465842011849,111.18350167279667
800.9388674744542,1889.4114607077051,54.65339759694652,107.86599439667924
790.0432332040311,1887.6024147287499,56.787644557671086,100.72185578270039
871.9770487079273,1892.2154660466942,58.00876538713764,106.71753455925082
874.3952532083193,1894.7141270920768,54.81874195191696,105.4265728709907
790.3770092846488,1881.5921800950773,57.86844381469362,102.931353113788
782.1433532592893,1886.034631156545,58.02839030926817,100.31873152479034
775.7433902834579,1874.8986024758874,58.203979506238824,101.43187673966457
773.7453751431241,1873.8404006920707,56.76322603367149,103.87557422651216
852.3717069486206,1878.084373741255,57.52286238854518,108.98137714809653
847.4546800039749,1877.5983284017377,58.04591072720535,109.73549112906554
848.3468030410974,1870.2614921956324,52.888163811426324,118.86845538488038
843.1200575109647,1863.065766499863,53.04523863171199,111.39458010604628
762.403474460785,1860.4371837403169,58.198252934996006,107.27978022706058
835.2792523976524,1859.8052277440984,53.62617636606076,114.74390537548562
750.4223927391773,1847.7364569649073,57.3061772755183,111.10974275572605
806.6288007817118,1849.2544490810478,63.04783407370913,114.09259941851228
825.3726931578944,1849.320967628179,58.195655662633634,117.12664070754053
822.5962604925601,1850.8378555786328,56.2694726038728,118.54868900661091
753.4110933209716,1839.0536218867517,72.33563924010164,112.24809663930657
736.9461662625565,1834.2583913211138,70.69921442498979,111.42218226705924
812.971432531231,1839.173695514156,63.379476379724046,120.03773160709031
808.8178103817335,1833.5071701065256,58.15220619413729,121.67816419450732
808.2200830899847,1835.0396141568476,55.1851214793586,119.70387800982161
806.8763894558641,1829.4007729560028,54.09288930763422,118.79845375752862
806.1432241629532,1827.9493980105776,51.23901670829726,119.99959048403473
801.016340659666,1827.654558381379,51.20582114432862,116.21993625207857
798.367808391518,1814.617452984911,52.62099295115219,114.93587582377711
798.3650271776011,1813.7366350166722,48.280238754127346,119.61221740612409
790.9197757174184,1815.5931488446756,49.64167115067204,117.00352764028196
788.7519172317689,1811.5860205954575,48.29705315920012,115.88413798701595
786.5944167031832,1809.3682762939948,51.48756586901155,105.48083761782884
783.870967955277,1805.3638261737822,49.941833692442074,107.61323394950348
777.6805597945379,1809.5251677950714,48.121093938481096,110.24728290652034
771.6174167282945,1803.6643671574584,51.22560551296511,107.92980394895463
771.4140538650391,1801.5836556933968,47.43031894449083,110.62226379047729
769.5710019950661,1800.304862794411,50.85130153907862,105.60573188583902
765.4300389519753,1795.8669586639598,50.79025452331591,100.48777680726306
764.7653631797018,1794.9580446241355,48.558517098743835,103.54461518820835
757.9393803377839,1791.3012932703314,51.18355441403728,103.12697863188653
753.5254897281446,1791.1265428586512,52.36831617851651,105.2297316968052
754.2377945320242,1787.180916304184,47.78701763316144,114.28864565966794
745.2453216754914,1782.0977680307733,47.01554235525816,116.35496838863403
742.4075493800909,1773.633517868776,46.846186085888746,114.40184256778207
741.8089801043037,1773.7699058698354,47.69672971993693,111.05727482675053
731.5729966234726,1764.2937259400571,47.07310224664739,110.62951750986592
729.5522860520537,1773.8368943331614,45.016729073259434,117.10927092127929
726.1300168459687,1768.1637995429476,48.415369326412886,115.55806109547152
722.6012822989774,1757.6087855847495,47.610193720992896,117.42415483985508
724.0384485457374,1758.2704274767175,46.67476883358797,114.9919327079933
718.1207287717665,1754.8988315959175,43.46703406610462,115.9446262757753
717.5234274717538,1754.5433378385228,44.901462612444725,114.68511768290901
714.1417784778398,1749.8873479925091,45.72517237047102,111.29309780480901
709.5075103384086,1742.864232368216,47.90512249518185,116.38906979512808
702.3763260440396,1743.3138634543272,51.51677898403183,110.73858064920563
625.7778005462791,1729.0460780025924,59.16086177224409,102.04125473050189
613.0799736502369,1725.0402622755978,58.65938325679159,103.37451928822709
689.7842288674451,1735.4803918634868,53.46142736874747,114.32921171623886
623.5159420190244,1727.8377652601994,65.87585139958975,109.23776564824752
682.3884796454067,1728.5693486168757,56.92464476828104,112.32351739224981
676.5597444784655,1730.5041014218327,59.86928483486644,110.515994299104
669.9332355168357,1724.717106505272,58.61352453189119,106.90878611532243
610.945791338246,1711.7270456320005,75.25386932335353,106.05101433661227
667.5724617811586,1713.8426755905386,62.1189209132541,114.4269297017137
663.2639231347338,1714.034494903186,57.264568808730736,110.59005763271222
660.6685555578986,1705.4522634590203,52.751583908891824,110.50017285290804
661.9019280328533,1702.9913491114278,49.154404240883544,112.82171658385133
659.1070684628569,1702.8955217393086,50.71524084193987,106.87807980409087
654.2789460687319,1699.3182719189845,47.67907848116957,108.84381180518106
655.3642680104671,1692.823934725902,49.3792069151771,104.03985316552786
647.0016899743247,1697.1949035247785,51.15853019358225,100.47797978462896
644.26305209451,1690.0661304840214,47.34588810552397,105.61891404579728
642.219912786795,1694.1867708837792,46.93820334196155,102.08033265386382
641.717339573064,1684.743975924377,44.90611553794517,103.54377864454753
635.4154346632137,1682.062282222346,44.924387739706155,102.97591498794733
633.7537423760901,1684.755836500772,46.15724625441152,101.03875008643021
628.5022661129576,1681.268079853747,45.22447915740704,101.57856078420986
626.4641243449848,1676.6332627180893,45.5243921485187,98.68871272892224
623.5399443618694,1671.2983254535357,46.96368631346831,95.31132327417222
622.315222308723,1667.3564378880494,45.43837827952126,94.18172090085986
623.6999817074735,1669.4855908177858,41.796035965659286,91.50306820950593
615.4093255457555,1657.2609749149296,43.478498650787046,86.9387313616534
616.7778505018247,1664.4933224955987,40.4217062323642,88.97236249400015
613.6537081527224,1662.6028448240054,42.47984757385859,84.45581190555167
608.2806240562875,1653.1941465890131,43.58050063324957,83.34781410834901
603.0570338469428,1642.36513798999,48.092146396099146,77.60393864759084
604.3449321270016,1654.6732747464796,44.56876124885236,80.34886612098023
600.8511104802833,1641.6465088469229,44.54258708571062,81.62213430117258
602.9859128471136,1646.0384742106094,40.709446506444706,88.36858013591977
604.5917483175087,1643.2255389321463,40.962603330177785,90.98794267270465
601.6552344787632,1636.8317973113992,40.07995815764405,91.77087720636936
592.9814381815063,1632.137128521822,43.37208859569995,91.65303546321516
585.3240952821753,1661.0524634586268,49.37792016150185,91.02630998082282
590.5831741815416,1626.338286340407,48.810066350324455,99.92348459391769
587.8340604035077,1618.2558183790513,52.51154729993915,95.22813665425919
582.7725238687125,1613.1861463827888,53.153745083991595,91.77881849496471
582.9692761987548,1618.6718547615055,56.53348248675216,90.49451535156356
586.6011927341771,1605.7451839603523,51.274168333548516,100.17340968298686
585.4166244069169,1608.0913720090953,49.690107004848315,104.96287976351113
582.5919217771851,1598.1011919631953,50.53538032140031,103.40338447541762
579.3608112419039,1592.2357524786307,52.37055962875995,99.87983950984994
581.3436013362691,1589.6309341284596,49.01628816786528,103.24961902521741
571.9542264438314,1577.4306464930992,54.522767221528234,99.25342779347956
573.0681044374787,1582.8066271449577,52.287486960183536,102.94655547261408
569.411688120494,1572.0027066612704,52.72591412388311,107.22766388364447
575.7318668376187,1572.9903361793804,49.68710885485065,107.24733754214961
571.8187117836376,1571.6366857245262,50.643314952300415,107.72144504128144
573.712479295451,1564.3809129656531,48.80577670462658,109.09438184052544
570.1925934471604,1561.8860350048446,51.08006577066834,103.02154507351813
568.5284518529567,1555.7352078375109,50.59360743591523,106.85264161756807
572.2836208209394,1549.3542923204864,48.52115334705327,109.63648743452504
569.1527829526113,1550.028487577404,49.01616455971633,115.98080347277774
561.1317750516979,1538.920205861524,55.886055777710105,110.96131100620272
568.1094581971686,1542.5293786023299,54.622445982054714,112.72028991833432
572.1651064501564,1564.6389069383013,57.40007127406969,114.33430103072624
562.397299213341,1529.4386559634738,52.2809631361375,117.32297178866747
566.0230180242397,1528.265374409697,49.545180679258266,117.68081987415736
561.7344297955052,1520.9694570999982,53.08015035787075,112.34888252184913
562.5201599817651,1512.1513901952728,50.87196288212162,115.16011336867541
569.0973184804889,1584.0631663426268,63.13962761304265,93.67120601913527
575.1786721629782,1558.7468329563865,63.294288668703885,95.80026528133297
556.8881181661519,1513.8032517022884,57.071252413260765,103.61583961951268
567.4600020053429,1527.679995189322,58.80274596487514,104.44625104151234
560.004170169431,1518.0581360334795,57.77240829666502,109.87763649480753
562.2362184260118,1509.5362233345154,57.959649192021104,109.61498128302216
559.6684379722805,1493.4312724217566,55.11399475253605,110.65682762311488
557.9339016315555,1493.4892444087961,53.632661997494566,109.43996804123397
562.0257161937549,1493.9634005697665,53.95216462435269,110.02391074385284
560.1613822239052,1488.5950038724413,50.883265182450344,113.4439575013477
554.1537324275441,1478.6178294013491,51.6181690536375,110.93702030509294
560.4535436683204,1478.9468524775493,50.42696640280073,114.17356626499782
556.7319936903114,1469.99956764101,54.784053301197304,109.6770266313387
556.5599451845658,1469.8325846809919,55.562372527590504,106.59001254401284
557.1387047877562,1467.8901340241268,52.8108188211205,110.0124804604171
553.4273607771846,1457.8935043985284,55.47749501855868,104.58326369783597
555.0106243937391,1458.0452294266806,53.92388789561436,106.22749703038897
555.202517515746,1452.632750763116,53.90839742250565,104.05177927634179
556.098112860354,1450.448350372206,51.548114744237516,105.80331155350765
554.804276734122,1445.313450239143,52.70092832701715,104.33561491449308
554.8199035322916,1451.0414739401733,52.3547784742196,105.10264164684432
556.7886529934258,1441.3486922473082,49.56152715236141,108.03749217888199
554.4862614985859,1433.454353958224,51.823148623166794,101.67938736707207
555.4654952979986,1432.9168771660813,47.89110360732987,104.72092912328718
555.4237404032413,1431.3316002367876,49.002729313833974,104.06261761886017
562.8949066589344,1452.948082888311,51.73799874909771,104.27657697670173
553.7653475332011,1422.7056228363142,56.138368553507064,96.8211961917344
551.4880447282069,1422.1316708448944,50.25198455128408,102.46843900129761
547.7005916817205,1414.5326106489872,53.178495492743,98.18412830328215
550.7913538622689,1416.2743360313984,53.54132925727795,102.0352487969402
548.8840777733532,1402.4296134847762,52.288479182258925,104.35910528796872
550.1960118466912,1403.8430360429422,52.53789624918507,100.87276198624876
547.0512205347587,1394.0956744637501,53.20428214953234,102.76463673041621
549.4252639639029,1396.8632883078553,49.77232826850053,112.39969532164977
551.7831096322258,1395.2792185691874,50.26133363409721,113.34403395908784
554.5989950109889,1385.965431919854,48.47795636886275,117.89098322621005
549.2738390672167,1379.8907096775085,52.256690630912146,109.32782225737989
550.9595301963265,1378.0104317425366,53.33676868313019,107.75323552900704
549.8777018514267,1370.9956063531129,50.183142587346225,108.59865184274959
549.8719606774893,1369.3696657657702,52.19951699747206,106.5160115521816
548.4399072208498,1369.0708756803238,50.997000811951146,107.34908176355978
548.9794062959703,1364.0699466926474,50.09080652628913,109.32723337964033
544.0229069096171,1359.8431037355972,53.85024834208177,100.70112960815263
546.6331088766309,1357.9494127822115,50.924922218219415,99.59008302284781
545.5466795194134,1351.7572684455513,49.62928395327979,101.10628957077193
550.5983789116392,1350.9913332573408,49.95172879497615,105.84892921936938
551.3410130684726,1347.5936850879596,47.89447111644749,112.67365349271233
551.1862794771818,1341.8567626266893,48.45495837590243,112.37527610518588
548.060041347003,1342.0847228861887,50.10183055369157,109.36342530278196
547.0787184543635,1334.9745496271669,48.6406479296175,116.83580917850948
546.9869518677074,1327.8512239318623,47.996887803436394,114.41860489325909
545.5321568030864,1324.8158582316348,49.1063781817254,115.20195477982195
546.7981004839388,1322.1714403559797,47.976032321919426,119.38935351231328
545.937952003542,1312.5511149373415,49.77362506442245,119.5661672332358
546.5943088209015,1310.380302711278,49.32243965011637,121.79875674503054
542.132065942538,1313.652443693987,51.95570287651129,120.4664522422845
541.0594150902485,1302.0123406110097,52.86323434923561,118.96263639060287
543.14864879958,1300.8362269339138,52.89943252224661,125.69958879242492
541.9843212047975,1293.7167879779693,55.22625477164269,129.51671553587704
541.627068782909,1297.2307246478633,55.19195125241057,125.95971885076935
538.4926637953622,1291.9504480395465,57.26605680954254,124.42266616569643
538.8880028279164,1281.8487628565122,56.30391911699464,129.08621329494213
541.5061701756061,1275.282506110932,56.15179004118271,130.19146966973952
533.781219306729,1278.3004764598647,57.46320636430363,129.0908790372681
539.9090674345787,1275.12770976793,55.07292964374893,129.87547553340937
536.7968405554334,1266.9007798011962,55.03922859416539,130.12949538295877
539.6185550198824,1263.4468272545055,52.61428831529743,133.63689928665673
541.4034212308486,1260.7190132292715,53.81434367521169,126.75264606662581
534.3352341461166,1255.5492174667663,56.73831165540434,125.65800051863457
533.2887046018349,1258.5174962813785,55.60702961044984,125.08021585450331
534.8920705759872,1249.8720869447657,58.84923259931561,123.1547715077798
533.9764900811888,1249.2818345855019,56.493461316186504,128.9243181567701
536.3937584608761,1239.702841805729,55.624290497177554,133.21129794128254
529.5139194148937,1232.4401479337612,55.94378061714313,135.9619869445027
527.8092652768453,1228.2870210398803,60.30694234842371,139.2091426868077
529.8981971555198,1223.3270066123573,64.08723779966948,144.81801316008043
530.7096082997456,1224.1929676143477,64.0969020596288,143.68435577414104
527.9077247237168,1217.0308491478525,65.06118816745771,142.45361271318
531.1442890421117,1221.0780027847943,64.22804482052825,141.08819841638004
527.8125758777524,1210.1626052561105,61.92395191311381,146.11992824008166
530.6035290984265,1204.2195986074053,61.446194300726944,140.01997138256533
532.5369761416395,1206.57785861015,60.23248724491337,134.301685881941
532.2069365341268,1201.4796444221442,58.94949225281863,141.61670855714954
528.7724992561211,1199.6695722255163,58.361769046234016,139.32696496300935
523.6324922485164,1194.6154017561723,61.14450841315383,127.70878202576188
525.7065809508969,1193.0478465115675,57.95008861462381,130.4645515196032
530.9873018182711,1189.1632307887871,55.302478236396425,135.2219916744254
528.1199688104716,1188.6187045731097,54.819278407745884,134.9436504518979
523.8088282383821,1181.352206665077,56.58999249480023,136.60436913076367
515.3410807118267,1178.823559768205,63.712998941674584,135.51929751587576
520.1631552346803,1169.1601320005375,61.21996038646731,140.6529711123445
521.970294108675,1171.8361868263714,60.97018255607961,140.39065418276772
523.1139383334512,1171.5720340955556,62.58451243280096,137.77097989258198
517.5381373694137,1165.0147387188804,68.12967301069718,130.61698755543293
518.7785927601026,1161.1957340101621,62.8556396871205,137.41975446480967
521.2685398466292,1157.5028238302257,62.17090778563054,144.53866761170104
511.6494233119176,1150.2921798162458,66.26552856512752,146.27720373396704
518.4193138340607,1151.9854820080868,72.64601119292492,139.40307551772474
515.3328932169851,1148.227853241186,71.43610914752638,137.43343515060462
510.43882133149583,1143.976315961281,66.85217488821955,137.17226609325388
510.9166502591928,1139.5501764801147,66.55858038537232,130.85602320583217
515.3685425806933,1139.3456361606027,60.424099435371964,135.8074620992611
515.5408823098538,1135.202102555576,61.99691992045537,134.55666598476796
513.3952387634183,1132.498238083642,60.5304692716717,135.1950727879574
515.7055398096124,1126.2402472144013,61.55150043244189,136.0823546960967
520.4823606047037,1130.139719624769,59.72464137183658,133.66951746230444
514.4144101553464,1119.9364720905958,61.25945699677449,139.0051277144409
508.5733848101013,1115.1326750982082,71.52697403363099,132.89121606287216
511.18817065056965,1113.8465948877042,69.49187689386375,134.59770408420363
511.75501966461115,1111.9112488899389,61.29947747402984,133.7666135160265
507.2516105635566,1105.7412309161043,64.6870867481718,130.7574370582552
513.989253137888,1111.9081171634798,61.336857284381,128.1133627696707
502.360316918807,1100.0549062829853,66.85639680141853,129.0378275967328
508.8109783989667,1100.035715815831,63.31850983034253,133.92880690286054
504.2274738498808,1098.7990281379034,68.40321704350268,134.3807713497274
506.4369652980889,1093.0707957767636,68.75433703712338,133.15981215227538
497.7558086572891,1087.5362234598272,68.78497925568834,135.06045320430684
499.3355149939234,1090.8615256848998,75.28032772170715,131.65498090758348
477.09971223824203,1084.6090367137413,85.14151020668201,128.81467318587158
487.2147325917516,1085.4738310278378,84.52993253066278,131.6171107375266
491.6443376084408,1075.1819313299334,78.69007021740376,135.44059446372862
483.3190640381416,1078.3386035068695,84.90076472278562,132.4321242961561
492.62441508194166,1073.1190340653006,83.61095929970372,134.867090172222
494.17181739611306,1068.2551965672944,84.65945715911931,135.06267404245096
495.51763384085734,1068.9761015506538,87.2681272259588,134.33479873004217
496.4439530872283,1061.8279420442018,84.94175927153347,135.81186944623
508.207551508435,1060.1746495493096,80.74000884442404,141.11642456695841
501.0372921013954,1053.4809332934185,77.82720284023328,139.33544119900733
504.81628383060286,1047.553828525139,75.21012281718055,139.55432845108993
507.9597397095209,1053.9839806589252,75.1156751261232,140.03015447452566
472.87720787139875,1047.2022595203316,87.68229794577094,136.68428971783004
456.2955354550691,1042.1563184936185,96.36881439045119,131.60102277587998
496.11208643846066,1035.2163316887127,82.2022338079621,141.53375185980804
459.3790751400577,1028.0287814591627,90.92496890880676,139.52356709044656
456.6195425379261,1028.3093247598601,99.67421014525128,137.62598053713367
480.34461730601595,1026.6850884331625,100.57284666040802,136.8454880437637
431.4846023225138,1017.3407471587154,91.15931562880996,140.29862932640256
430.6846830276292,1018.6736651310988,89.98620433280391,137.99212515794372
425.5200112720946,1016.1228977430753,80.78544965565547,140.95726635068456
434.84242808395936,1012.689289183201,81.19021862449375,138.5886674568705
426.7812465285562,1012.5056218230591,81.85852669673059,136.08010965665437
417.7034232970731,1011.24624455945,76.99859940733043,136.9987161260736
433.18661987506533,1006.6734330289182,83.41298986786333,136.09541234185744
461.29716616191297,1000.9837824940064,88.89885304350918,137.42144745726145
468.6613086759961,994.7610126615565,86.42865811313473,141.20106102711338
434.4208640667421,1003.8308625349107,96.9706827243646,138.90562951643972
421.67302715807506,996.9352845669509,107.32291192714614,138.207916779244
397.14699097059156,1000.2995724626941,113.2837506047603,137.35706603716184
379.2520469287568,987.8959725667423,108.31586333763403,140.98613907320225
408.6255534126278,983.3304890052473,116.94047262475527,141.57141053028408
460.0053468455046,971.7691674073118,102.16853592292998,147.21755610513785
455.1162455246221,966.2093240723623,100.19221281051395,147.53326835830683
465.3874910699802,963.8372779869517,87.53980528970416,149.79101875471918
459.88086351918287,957.3697930960999,77.06381875066455,147.75396948801819
469.73271282543203,963.4276228150234,70.09506707953956,143.74656403673623
470.50550037195285,962.7239309826675,59.49911546768334,142.93387332699513
470.6121028770327,965.8411303550663,55.4455553424361,138.4027578596657
463.97991645310725,962.6108390514767,54.75875026356239,133.1871709897774
459.1175838491852,951.7692188586313,49.776075583856354,135.3054523640992
459.89942192989463,957.311386181896,46.00935030584799,131.3567833435745
453.13681943641257,948.4027947593522,49.42561076989327,128.88735390990666
445.719149758688,955.2303689019923,49.800438382778864,122.22021490056188
445.586464621684,958.4968422710245,52.00728272458647,115.12213846907221
440.2877643367965,951.2072333016368,48.079391209910014,120.42015358248358
439.8229776893299,951.2499223395662,50.97585748511811,118.07458068845372
437.1360481023594,957.6410423535281,52.986661945354456,117.50788289066242
429.11122279735173,945.5626032297594,52.952635642716544,123.45036084968328
419.01168441209904,968.1222361010682,61.85203386767437,115.91521258428706
421.9263093237554,951.2456362273805,60.50382336984948,118.32210983129943
416.7339193863304,936.6839285307343,57.981251051177594,123.08928733745327
413.71634006953866,944.2371397824941,55.13366998782,120.27030723080509
410.8636977689824,945.4111441096004,55.086160385229135,119.45184060615195
409.83756515280464,941.4574306138497,55.4134681699702,117.49936460734477
406.68473129937934,932.6721228789613,53.607569025780606,120.31826781617991
405.2290013978483,923.4174097675647,48.618583092652734,126.66627803294085
400.2228018734868,930.5517762380302,52.01323767097746,122.49914719780719
402.30407058745357,930.3763897753792,53.749610088660965,118.45338721832736
393.3720806664465,917.0693860237524,54.21241927387324,116.88911261440754
395.7880226984858,923.9609984816277,49.01527285211606,115.72024301558338
393.1389432391488,915.103798963992,48.281445716713094,119.41742564456038
387.3652701683026,922.727822765773,51.57047102459718,111.86180772470095
391.1714409876055,932.5294888118973,57.47396064923582,101.21839212850392
376.71317572033047,929.923964570227,57.42877741878448,104.51324930113557
378.7681381066394,912.8277360404246,53.31951196908901,112.70335781709808
349.3893650511006,922.4797454401395,60.27361019842998,108.0460513187406
362.3724575299771,928.9931687512676,63.7635897149813,103.11127577383742
359.0924368626201,903.9515480912983,59.07698253562692,106.29794171509057
355.99862581216075,904.142028548591,52.76331360264878,108.34264349060007
353.854414134523,900.1364361933553,50.70520502531152,107.79493621022495
348.0709836117644,890.0434934304956,47.57446932408948,113.34108960324681
338.651483241835,903.3182576875869,53.0887123492387,106.71265884188458
339.18530330000533,896.5098305382322,50.18730560436774,110.37330602520652
334.94144956882985,871.5848447377314,48.20546799412125,117.27284900092386
327.32769554244896,896.5636528333685,53.58945505950038,109.92844413918766
322.87112701563086,882.4446580283079,56.811780995500015,107.64240292502234
318.4422504545307,887.5946439693098,57.64865360580461,107.11535678207854
315.4157134024687,893.0827438553648,60.97394297600091,102.26266602128709
320.3110289769642,876.336726849929,56.59390175139727,108.17386638819643
309.1885866783926,881.6967589905921,59.77789725800808,106.3747389341994
286.8454410595441,885.6686723420073,65.84348561142626,102.34188474756776
300.37821782170477,874.9285245392791,63.978163339446354,104.12172516843705
291.97867070950804,875.0073208572098,65.2048204442068,103.64684399059635
227.09251203301608,878.0991375660072,68.5698852511374,105.54197284732734
292.53542187098464,859.5259460390596,61.388631128478366,114.40483017042345
290.38791948163873,860.1840204523332,60.46335728709806,114.5358857474817
201.62007132241413,816.9169394960917,61.37030482309338,116.10423491952386
202.46504215560046,820.4244103889134,63.49603888743286,116.31353398367742
194.68888431878716,819.745092677692,61.02009185778864,120.14724591834764
185.5662158233992,770.4544986933223,56.050444913973394,133.86896567553168
187.4426526765917,800.1608391305945,56.908790956242896,134.8275228561715
179.70950061211101,786.4834308021802,58.43786928190108,136.9741715739513
177.32502966471804,797.5107488736852,62.10259131858176,133.8414075444109
181.05621046972064,805.5078180025189,64.85716681958068,133.15206771554162
170.3572482208902,793.7078537762713,66.82216791787421,136.22986498496707
163.12083753946206,788.7667398865369,70.19810242592085,133.60901016499417
216.11088045221967,799.3844534429433,78.85225707246086,131.08794582766646
165.36756743427105,801.1468598493885,85.87768999571452,131.43102430183143
174.35842010269047,785.3665426947179,92.17340648560247,134.21815490790007
155.70810434251587,775.1471142559589,94.59195535380164,140.6849484714201
160.9443893066814,781.4155121746369,101.41681704203236,144.20334843819649
144.97565487502246,750.8784587008236,104.02455210540279,150.73204360302512
137.66381200389765,752.4971074473343,104.655902911653,160.13058261916325
127.19538030085714,731.3068671221572,103.42522105068181,171.2823880803001
135.90499089549422,734.2794086130795,106.1043852685514,179.87848981868063
151.76040036133358,743.1404629449415,112.9143636856299,183.9044922729563
132.07294847329788,722.4925985173425,113.37651867155195,192.6087560540362
143.30000715932783,732.1337672606634,125.10945012183825,193.28498704643908
143.15105489980547,731.1241420298775,125.30276433740306,188.17055028947198
150.45610776483903,723.1887520022865,118.18747628751845,192.76322310235082
152.9667060791581,719.2459300420497,111.05404522196864,196.8342759931565
156.38066177753336,718.8664922622354,106.23730414791888,196.7868930609705
130.11454737193233,711.9646910622481,111.7379439478866,191.5350983226603
120.06942562778185,719.355707077359,119.86095473277223,187.7246166670462
105.34101482770099,706.4790673171234,122.53367249839314,188.42139798173622
96.10126216501399,706.0451158449507,121.06113166645207,193.85571055237676
101.64512677485763,700.1919801559682,125.41542200494005,190.32267593927696
75.00328069341145,697.0300113515241,123.15282922925286,195.06243090068764
57.49560449210195,674.8075099451306,128.20843946043723,197.69116679150488
58.63234904143019,680.8266567700152,131.24092157497344,197.20543804911296
47.580398638284166,681.8949634103321,130.63985059609894,195.12304653423908
59.89273810780389,674.5534178756736,136.7740562936687,194.7763665946484
42.17759007133701,676.6126899234307,138.76129220992098,198.89238009546287
56.10141342008285,679.5018691861834,142.718565858911,197.2503097297875
65.5297830932935,669.9624926410802,146.91887409991392,195.46063896815343
37.70798099276327,674.171144159171,145.57183560394125,197.4960894009676
56.418021966269436,663.4200546660907,142.2295428902545,199.38098248169294
60.002823551331176,660.3245866955662,141.74702057161272,200.3214892958274
49.738478724496346,661.0777566266115,145.36913502045707,196.85495226181604
61.90951785239001,599.0708123019939,147.85699047227317,200.73183681007598
33.74484614212291,613.9328427304921,150.47553116353748,206.73635458814243
54.760799265119545,628.7024711062307,158.9895628038476,202.44317106722661
67.86888538870923,566.4456901962583,160.54257600658622,208.74208385135668
31.047812817287223,591.0363234975221,159.78979195264083,212.93103094327716
12.92567332282286,599.0547306488435,155.88124858970787,219.93692360283472
26.71033790341015,607.9127671782848,159.02141208912366,219.83901363156855
-3.1747494955757247,588.1489468409522,150.9512468169017,230.98816640739358
3.576954987268678,595.6617994277486,148.10391567498056,234.06010819155898
6.660886341124865,597.7111821205032,147.92229633414033,234.34986913100838
10.006952370878338,528.62134278965,140.7725498557497,251.40051364016927
6.118657907574118,555.1848266091408,142.8382645170494,254.15643240032423
18.19256446082605,562.9002998598868,149.82461729539563,249.54877753548263
33.329614419580935,479.2528983490216,150.19341880419583,258.78528318339664
