1848.5,817.5,69,27
1840.60988892058,818.1773026532408,73.45286271599097,24.659350713936224
1835.9577826624363,818.1921756525528,76.05838167822628,24.708230023265827
1831.1638596587454,817.9502837723082,76.61850130228947,25.11147629638596
1826.2576771670222,817.6331360875433,75.73169023209758,26.030590664932898
1822.2284832048572,817.4567436868452,75.8266864906759,24.803215674440175
1816.8396704730562,818.1050830142668,76.78384499812366,24.18954285018485
1813.1190006929223,817.7271032943809,74.50580254764812,24.453687231662677
1807.6795592531464,817.7079667262843,76.08106653668058,24.685599941230606
1804.3891496707242,816.0306893832899,75.3172203366253,25.157090859646292
1798.8659688268306,816.0416310772708,74.98203370164251,24.868083661052932
1795.5447861007185,815.8989919515046,72.81040921893828,25.198779975103797
1792.8090432904444,815.105934898498,73.23723686177293,24.661285929150043
1789.1350837663779,813.2271740066814,72.22035571641432,25.170266779123487
1784.6704908099875,811.4452133952248,71.71716076173648,25.326201530048408
1780.5688095770918,809.1942418102218,71.63946990976491,25.468065349684558
1776.3624736168308,807.4234573701247,72.263861909411,25.335795632467036
1773.0277864310297,805.3209989748628,71.97166787269238,24.659587614448757
1766.400768114799,804.7925115099007,73.45623579371461,24.854959087271865
1762.285944195684,802.6727917389761,72.51785440517271,24.604188738102263
1758.3811966518688,799.929624087446,72.55117148771637,24.92024549299346
1753.6270593324164,798.6540375123053,73.87338270313566,24.71597705280996
1749.2634543604827,796.524747858216,72.42927443527091,24.953141478954535
1745.516929161154,793.727122017682,70.30824512795363,25.796524883879584
1741.024128897301,790.9678098978762,69.77485858840448,26.184286674071544
1735.817694824519,790.6972837028301,70.65403164100412,24.70668317639796
1731.3733106435238,788.1628961754592,70.55598551538492,23.859003030257277
1727.0058428645823,787.2489858550831,71.83657857920326,23.374896497776945
1723.944021875123,785.660220354459,71.1593590480775,23.309219995199335
1718.5359804295604,783.1420645662088,72.02408052627776,23.330918269019822
1713.4136442933402,781.4880522676217,73.44454032930463,23.526437625961268
1709.3759226684651,779.2940782702982,73.30425802380255,24.075607792008427
1705.4314720513557,778.0671302425212,72.87679083045498,23.911337477659192
1703.9241707729616,776.3695211765953,72.21814337649779,23.393345880222363
1699.6580456012364,774.2151931628256,72.19403401227771,23.232010031168546
1694.8386587075045,773.957321640846,73.99704709568896,23.073468357242355
1691.0047356093019,772.0674634214803,73.3385237676159,23.693299532203717
1685.8437102538805,771.182261487784,74.03841204445729,23.516815761616883
1680.864659441343,770.3099475840636,76.02412236113372,22.379996081528688
1677.9584817020798,768.49880943362,75.28389933608828,23.049518375667454
1674.3860407638922,766.4640864696267,74.47712928181087,24.127629553665592
1669.6558539269686,766.2366376943123,74.94218680008375,23.409920016799006
1665.1379382975883,765.7711191241509,72.30596965709698,24.414590493143404
1661.8938586376753,763.2928859193391,69.20185155774107,24.786930165996836
1658.0033558851865,761.4689485719574,68.40854468509116,24.413415086481933
1652.3399225531075,761.333309151913,71.18143457877862,24.14595997577919
1651.455818335816,760.4368788500555,71.09281213784921,24.803830882377994
1647.2865889971617,759.2180151344621,68.39058387167961,26.330205853047516
1643.0176702407805,758.8847112352952,71.47829166321387,24.53847526578302
1638.1835358954665,756.0545542564872,71.43906837395659,24.28507330518071
1635.3350837212272,756.1088128099736,69.18631765473386,24.40159791081799
1630.4140405054557,754.3627396692576,68.78472469716999,24.77725845654631
1627.475075861548,754.075551153512,67.44308355477202,24.547066573150115
1622.8119032513848,751.499689065117,67.46360898739232,25.583727131957712
1617.4194779213112,751.583811836217,68.15422559390834,24.628584384327183
1617.2392016865797,750.6699849808343,67.35441977545392,25.818051602492957
1611.2840042442244,749.47404281639,67.00649621707348,26.402433130587124
1639.6178475478332,764.5961315634197,66.63261452136408,27.622583332958296
1626.7515374253203,761.2078765015274,68.19077390526148,27.76597396738805
1611.515481016556,756.7555971072015,71.57475236236473,28.198001277902954
1612.2387605939198,759.0357618172368,75.73530649172051,27.23852381582889
1600.6479808120412,756.1405876197028,79.7118977224089,28.47441509977975
1590.9998376021322,754.5976663668655,81.56905547553798,28.8987160365092
1585.8460829054113,754.4769849428045,79.27034555637258,29.948388662324426
1584.839712076917,755.2362499884676,76.23801348522652,30.786634725978658
1576.6933950549449,753.2269091520005,78.20759773623841,30.966667908230157
1566.9856891696797,753.7436251129875,81.97692859351767,30.088049126390015
1559.9001066497717,753.3522340325666,85.20145012546882,29.783527722035494
1554.5284187506168,751.668509894248,85.59736195327402,31.219134904344838
1549.621945538506,753.2478510567239,86.33297718803057,30.68720037414964
1543.487341767452,756.5906718528349,84.47799928435049,32.02186511268142
1543.2503692911523,752.4577851357894,85.46668557755838,31.729179854033326
1535.2175420332817,757.3240162000512,86.91854817685889,29.81634215433886
1524.0574666773778,758.8726946151444,82.70910100912562,30.59155716031703
1518.2190259571444,759.8095177961857,82.3292869331068,29.120765216678315
1507.5699650016647,763.6032774735328,81.75336468862267,27.678141082441016
1502.5432261334702,762.251141347181,78.51244941359587,27.98734586972069
1493.8974728521598,765.6209014126403,74.26725710265706,28.12457598544468
1490.793829612941,764.7282206151301,72.28229425447847,28.306334718315412
1481.930560874825,765.4239647277946,72.56991101261971,28.134824961720778
1474.4794819646502,766.1065189089328,72.89638460987523,28.20793319662947
1465.7950960644193,767.574405226735,72.91051963467568,28.375197222650275
1460.7208745196338,769.6845334719796,73.19120144946821,26.697210384045043
1480.6593249763903,763.0868437216072,75.55283556805952,25.415133636579046
1507.7596180765677,758.1787597065919,71.63473188328655,26.836237798887908
1499.4080886715187,760.4448980175405,75.10321765104635,24.924534037842946
1500.5718057919657,761.1811603196422,71.83857046247478,25.48993730103998
1494.3161407664247,764.2702689710554,73.19267126598231,25.120397856296407
1491.491721098367,763.9258388178862,72.1771585714698,24.687965519732145
1489.160771747924,765.7376858454586,73.12538249021223,24.464110562359966
1486.2147221246303,768.4025576802362,73.16089725489348,23.892313070835222
1482.0862648660025,769.028849482102,74.49519479284464,24.18282466544291
1476.6728106841672,769.584571071156,75.73397291457037,24.46464634531217
1474.526808013513,771.536518695527,73.50049584072042,25.250554800605137
1469.5784980103797,772.3523689653026,74.436038833223,25.7030910490949
1465.4861193607842,774.7689747244011,74.74325334527283,24.37886463431414
1461.7966116974765,775.6271164430788,73.92403450591738,24.44118530025121
1458.1100559814163,776.9623387613824,73.2101629236134,24.1852833315256
1453.3461236801188,778.7654601330686,74.27906402681782,23.476761018753297
1449.2311908731285,778.0676224149863,73.46975547033179,25.177554403744107
1445.1647975438284,780.8675314446089,74.35837751134078,24.81126132753268
1441.8444109796135,781.1128901353997,73.83868217234266,24.387563896095
1436.978848083187,781.4082642457874,73.61780093822841,24.788446250387178
1432.0365917646702,781.1759269567356,75.65700894220899,24.9465440241204
1426.6886014438471,780.8520850275825,76.793996947404,25.554960646896127
1422.75500762111,781.0991241753914,75.8107300799102,25.827402264292587
1418.0611528616805,781.0357422384943,76.7654292304808,25.05932344304982
1415.9557743542757,780.5101701104124,76.07957997756498,24.842758439176674
1411.207806310873,779.528142712942,75.81760978226676,25.042036790997955
1406.8606921338974,779.4757617146673,75.5349889033895,24.500898107346806
1402.9626371808351,777.1017679227308,75.45097804703848,25.033813365698084
1399.1010720676393,776.9837634588114,75.46841315591956,24.16479152071704
1395.2630259754274,774.1533117838258,73.86918392663716,24.880955767109207
1389.8150319181727,772.4357332341707,76.53024203775232,25.24548764115452
1384.792417582777,771.721279124922,75.9437242389209,24.90030189101326
1381.1831446731749,769.2980023092473,74.90890225600063,25.423466925808683
1376.596880377627,767.9204578878822,75.68749311033221,25.19711271014473
1371.118145370719,765.7190059720276,75.93519130588936,25.299067519507485
1366.1277924183883,765.4948104513333,78.2026594284436,25.413433044373097
1361.5253141520861,763.0641579041128,77.32964000749438,25.564736111891943
1359.518871527089,761.7756092460623,77.884831763233,24.818580071163357
1354.2030461890413,760.0832838054271,77.53475111925603,25.398794749688733
1350.1958811882203,758.9886554943306,76.5295088470283,24.83327654469104
1346.8543955682103,756.0731863438815,75.35056419892967,26.041305646951187
1340.2485221741863,754.8246514693184,77.1139243336273,25.980490226745864
1335.8766438755467,754.2164142918119,77.94983547819828,25.55853670077266
1331.095747797454,752.9036614499892,78.72807983285674,25.1960802151763
1327.4354266546914,750.0892893823354,78.44245711985371,24.292456018415926
1321.2727899924228,748.8001692902924,80.5600717176971,23.916571768524946
1317.2431323223211,747.30033464579,78.68765417335659,25.604670053065163
1312.187862244686,745.7358789189877,79.12764021864827,25.08939194718171
1307.5861247976695,745.7897593454155,80.2040655097283,25.269059643805676
1305.1763692601462,743.2631338997692,78.33092418406176,26.155876606422822
1300.22510094368,741.7738746894644,79.01933480029065,26.460113965382185
1294.3761553984039,740.4836568944686,78.5120314341768,26.41762861652088
1290.6213813454178,737.1745925548154,80.0548855549998,26.899854060498086
1285.5863086183526,738.1646997298529,78.92290131732686,26.51446224019302
1281.0278635244974,736.4926595826754,78.18416212233888,26.236878859215967
1275.644746746656,734.3103326194953,78.14551135252009,26.30210542060732
1270.720862188973,734.3751729057017,78.30077343865177,25.950999167739354
1267.004124758992,731.8015709359636,77.37817458035732,25.76159281513517
1261.0422345968927,730.8707185339831,77.88573477065012,25.73130049480163
1256.9179035824936,729.7880978973262,79.26127528240659,25.459831212962538
1251.6115668959028,730.0783911849762,78.03049483268799,25.651376217993125
1247.883600996052,730.8407780465715,76.60339686580319,25.94214632020808
1243.629403475045,731.1891797237495,77.16097295999778,25.374058475243984
1238.082433095065,733.0587023372519,75.96855741194467,25.080761778785945
1233.7655125042704,733.199064539608,76.3536926938351,24.857878164243594
1228.5249547902501,734.2679526672753,77.25956624058772,24.60712346739441
1222.6414350082025,735.2851129766526,77.0454968162623,25.827549493434027
1219.6773924286815,736.5842356594738,77.96171882147556,25.946505397025554
1212.6773334048346,738.3322443040801,79.1092968041813,25.78048458813023
1207.8586054655955,738.8408823762155,77.42999934715202,25.930708796383488
1203.4507447873725,742.1071140350318,75.76700711410581,25.383119298314043
1197.6490527809772,743.7348769444817,76.97873035641639,25.261738066115797
1191.9317526666812,744.8037926710288,78.2947459570404,25.911089094459115
1186.0683070835364,745.6226914512368,76.98991163844218,26.409283555549457
1180.461475749435,745.104202441273,76.85649236384357,27.090999730512856
1178.0092546225644,748.454539127274,77.36495315598978,25.91126944668936
1173.7458172743002,750.957744916861,76.44469168306463,26.29456381403604
1167.2805080706203,751.7214459661501,78.59298078671614,25.463248575423286
1161.0129959477388,753.0640578396093,77.29586528340164,25.83201375752401
1157.3272470309491,753.8525774060582,75.97720235393089,25.901650772064286
1150.945821358556,754.2257251351114,75.56125120081202,25.611729567427695
1144.9674503288343,754.779581569287,77.44681244371704,25.64319878924583
1138.9534252451974,756.2349828597594,78.3553646653878,25.412995082758297
1134.9750200251674,758.3657020200484,76.88533648555085,25.720538298441742
1126.7069468361885,760.2849891718223,78.69716367471598,24.945236589412
1122.0417783408957,759.3211298897477,76.73447933163297,26.92807543128591
1117.9681194354987,760.0290209968474,77.72083399039361,27.174595002621793
1108.2202712207738,761.1680283535516,79.0086076306003,25.916384384135785
1103.3761545384261,763.7145803860676,78.7516181213094,26.089766637697824
1093.520680887421,763.5111469416106,81.25238972700822,26.284877317251926
1088.3783263577361,765.2105541028603,83.29893790816051,26.79501185662255
1082.5724463694098,764.5576855771775,82.24406098500218,28.798437217927155
1078.8998152139206,766.0103304726991,83.0333098989199,29.186756574348976
1075.5095956414968,765.3666984847805,83.3560166402656,29.63356800512525
1070.266426845505,764.391361164917,83.86819446493749,30.358236102688053
1061.964069485783,764.0741121099636,82.84493297361331,31.477523054815194
1053.4844507357564,763.6330427626646,81.73929542964231,32.571859409203505
1047.4409444993705,766.2758585619723,80.27394588275814,32.13474638164745
1040.3499557995074,766.7986815804716,77.26031744104462,30.165248076586753
1035.9916318501225,768.9897943906966,75.51204477566273,29.112371223312497
1030.7479349095643,766.7191433788943,72.28978024258844,29.789203327080493
1025.601714844694,767.91281578929,74.1026066831239,29.783916953665944
1019.1037121269634,768.5057463877315,74.43974203902931,30.337783745026606
1012.953840427529,768.1429678803466,76.52775824003446,29.828508580208663
1006.3900719748927,767.2548290201895,76.08707753052681,30.34902485514826
1000.3078943465941,768.8788797355307,76.93239539750255,31.076713903848557
992.5032399119027,768.9047843125848,74.81446902403053,30.49357332357647
987.8462631803599,768.935205555657,73.24010601394484,30.983220261537014
982.1228411896827,768.0340570090603,73.11159611438953,31.09088309902835
1022.2228824268484,796.5272591899991,72.91693998719022,30.187446546807074
1010.3792870586625,794.7549952111615,74.15192707046236,31.261562835866233
997.3370072350552,794.4942453866237,77.15969829175434,30.818239277082178
988.2879872336388,792.0419475092493,78.55015708969648,31.413575728358765
958.7279280492872,829.3607724087777,80.06863730282197,31.633811589026664
966.9746388984875,815.1378309181232,81.50138338221053,35.51966367004824
961.6878846642154,789.5704576565743,84.18027187909038,37.35465991904402
949.5841139515802,781.8714073621937,85.63353762545125,39.353033958204655
939.1365615158577,781.6274073495906,86.50844255867487,40.51945496561418
928.8465881867203,782.5955434672455,90.62472689217724,41.25240790439325
917.7794902481728,776.5015302537762,92.97343309734617,43.07411633571391
908.3703266157643,769.8647686186945,92.63439678161532,47.52380708653399
900.5458825776436,769.0895743522725,92.37578325469997,48.937564818629845
894.7823220511528,768.122620898542,89.49351983279902,49.76107666624159
888.218592016334,765.6370624091287,86.89383320668232,50.22093769854223
880.8373873968194,765.6409007758799,85.25633256641547,49.566352157632245
875.2528585546263,766.7339968564016,83.73790864667971,48.953871449230945
873.5376116979755,766.7034530837681,82.49943129941647,48.15000471922801
877.9044210685353,762.6376831923264,84.18434093403826,45.57306338535497
