2135.5,957.5,111,52
2144.325351318373,953.0100276035107,104.04182104462949,56.53248431201502
2149.5816443402778,951.838746871343,101.32233625301882,59.67868817566975
2157.3252129234493,949.5426547713412,97.49170495352033,60.59346881929623
2162.091293715421,948.4862917631245,101.3807655494388,59.28176517541672
2162.8753470040106,950.9685802692238,107.0783396194418,57.1113450883672
2163.9912895600014,948.966597700607,109.0739168736985,56.75211833384689
2173.889015317892,947.120561815043,103.28303383794801,57.50030625871807
2179.5939899021073,947.8992189028355,103.36397176673648,56.075275916755395
2186.787827724749,944.9873862988143,99.4639912105381,59.2420055769323
2190.121834329295,944.7354614892578,103.49736815573186,56.07150483875442
2194.9049524270254,944.2352006333649,104.4803061807358,59.857785636084714
2202.3357921665915,941.1989834047388,105.8674584667601,61.51768483563755
2208.0030307161014,943.2376807601133,107.49882047078086,60.874521442972465
2212.282568470748,936.2939661212657,106.36140316708494,64.21999629917103
2221.4603470819757,937.4313787312643,104.01976078657158,63.93875233478963
2226.276796040964,936.9493584311282,105.18432556885388,65.71868197186808
2233.075431157526,933.8158092429269,105.90105581071518,68.85395185394388
2238.5016234374516,933.2857419073066,104.01798525410885,67.45593516212263
2243.8447663320785,932.0349319197543,105.4180317283978,71.91003529905609
2248.43846969723,929.0823735113216,104.8760376436523,76.88154906268437
2257.5502371686384,925.6699646852398,102.31031175025257,78.1336349862418
2258.512523507913,926.6064734989508,108.64614608994034,73.91476070704834
2264.0695074348346,926.0253864282847,109.08647536952606,75.04477210278938
2271.0992760018216,925.1866384367576,107.2947784993269,74.63583307325436
2270.171532343014,928.0409261912879,111.48508271895935,74.13194699847672
2278.3428344584095,924.134644225816,107.7457248318415,79.77438450924976
2288.91196581944,919.1957187668115,107.82169270493222,78.10613139069389
2294.615221839175,921.1899211215273,112.49073324746885,71.81779595358502
2295.7350507393476,919.2340257553681,114.56297288753663,70.25425363692798
2307.614712234128,914.5434437268086,112.16072980266759,72.23708267713037
2311.153492483751,919.2770816252219,117.18109397359095,66.523182910478
2314.0509936086005,916.8709092105458,116.58640314707003,64.11625960109559
2318.5496704515963,917.9784302511242,117.04529478226067,62.149194403881005
2326.539208633643,918.8545693983372,114.03677360576962,63.44736813642207
2337.578736935806,917.4989860694131,106.93309651282493,62.963318491343
2341.9992294103977,919.4948287819852,109.29089406326217,58.6447143179439
2349.6118983860465,914.2714138246928,101.34197582937871,60.655774456547626
2296.862655797454,908.2336377415533,106.89927804627871,62.45144186353907
2358.9658187051996,910.7272739233455,105.57554912794872,63.11764629250669
2365.324160855971,914.3489797607072,114.81108630647077,57.60037628190314
2310.120720893686,910.890722122295,120.76258753733846,55.920208129558596
2378.2271251654415,913.3633251478705,117.05124655446991,57.20307319125783
2388.682360422717,911.1593311454325,109.7082829377963,59.10071936674984
2396.717110349747,907.6567623100973,103.8802321333965,59.48915581828863
2401.9524391271316,910.535220495331,105.49523334690637,56.96493305827606
2410.3354863314457,906.993708236336,99.5485417460492,58.24931886622895
2414.1498915226675,909.1436405533618,100.24009597195956,57.258527719602185
2423.0860908723166,907.5144676809113,98.17575007084601,56.37012764808789
2424.8678568637683,911.0241631125919,99.4417185067554,57.43305995471721
2431.8665730164626,914.2224609548274,97.08490552498262,61.65461941533909
2440.0301028371573,919.5703114355199,96.23773482557522,65.62028503282502
2445.8976144939647,930.3869315355948,95.02759053465797,68.2075734959621
2453.140955244274,944.7616123905506,96.77695067614967,70.20690036492556
2460.665727472377,954.197222861162,96.0044695839745,75.52131218045969
2465.3868998135104,970.9036576396242,102.21554404575869,73.46815532754876
2473.0780041335274,993.6855901919323,106.18686667002763,76.32309284543626
2479.6118144957563,1007.2838802469645,112.65440556658814,78.18438135184063
2486.979827920295,1026.7971047653018,114.8715320218134,78.69684965784278
2490.1882219087797,1051.38826169905,115.61301249023396,79.88389085746732
2498.2487944669165,1080.3398119093906,117.30158668673191,83.41926450324425
2505.0728001043826,1095.7130509561096,120.42702646343677,81.2012867014371
2508.7389821503107,1123.8586274208649,123.65588625726892,80.1093181158701
2513.2986610942207,1150.1983165253325,125.670103718933,79.72142303741022
2523.8604293872836,1169.6464581743414,123.41236734698137,84.87953380619322
2528.5384206148706,1185.214730283704,126.4979212749488,83.75043273542795
2538.3039007539282,1202.8446103417639,122.96604954111119,86.54219195427407
2549.8717921398425,1211.1211874098562,121.42180140306206,86.54157869847506
2557.496322818,1223.3973768388573,122.63493576146914,84.7830538213795
2569.359015934845,1229.4243409193439,118.3779874141833,85.56902282851306
2574.6111965103646,1240.8934058629636,120.90062180515122,79.4297208736423
2581.0459870043287,1250.1272644628045,117.0764938028158,85.45303473174275
2588.0083747067656,1252.874870188939,117.89008948659341,84.14069771844106
2584.5774087178283,1259.3029169209428,123.70499873697267,81.94182881370918
2596.851461988875,1259.064631426189,122.90873020698805,81.82815832322757
2606.3809550893216,1259.9092908225134,124.96532252434906,80.67446021639037
2612.7585861813413,1262.7612794539623,127.0181367901558,80.0304497781683
2619.2710462590026,1263.9081245769262,126.53862059789424,80.74952227875222
2628.106257950175,1264.838832667806,128.91532543073066,80.50175200752793
2615.0275921759967,1270.3481809058326,136.38897069084743,79.76811086020749
2628.764176762077,1268.8904840924415,136.78190925145842,80.28453591226898
2576.421364870186,1275.315615825958,149.3440365424826,76.70065817984572
2501.433177727251,1284.8205861337478,157.086801940188,73.84735569312339
2466.5564649943526,1277.6817234933103,157.7018235067903,74.6236323444745
2461.077516434273,1277.3746223056164,159.13602761361503,76.05253640248904
2444.25285433989,1280.3095945076302,163.82658305750704,75.743806868805
2422.422503193306,1273.5297613119678,163.491722428741,77.54884645438051
2408.974585313568,1275.7529430831107,166.59397729962208,77.73123605595154
2372.2754844416168,1268.5778225392044,162.68788744112226,79.4360588308149
2359.4575403364893,1274.6458702992882,167.82880467245167,78.15726021673285
2311.1281532302223,1268.6845542653714,168.79983080002154,77.34361991548302
2270.2012835239966,1266.0957203118612,168.63023137057974,77.3460167124434
2231.2615596661226,1271.1365316992317,165.20416322522252,79.7085809521477
2190.532850389855,1256.8998921629868,161.66338878741408,82.88272808634494
2237.692575044544,1268.8782730056,166.9980897826656,80.04479368054618
2324.2412116288515,1286.587683111007,171.5493143716518,77.21819442488066
2243.351294174249,1262.4934863545975,176.17218135806866,83.41534387787047
2266.1859226582114,1284.375153758472,180.3471277971696,78.10347527580026
2210.5747360189316,1282.7742906166627,185.88861997541886,78.64938924145517
2167.4832944648338,1277.9222540226135,193.55963663442043,75.94417916507207
2119.291651594979,1270.5284699532162,196.01555776153094,75.63750531418984
2067.3818057139547,1267.8962927102107,202.58679652975428,72.62100758461554
2024.2359787843034,1259.7178014984074,197.3480466943038,73.42436061213755
1981.9098984225614,1256.8675820900073,191.91441940725994,72.51732939748284
1944.4743918014476,1251.0441951445657,178.6964022313597,73.08165636429169
1904.0298896835316,1249.0599073372534,167.47451524528748,71.31075863329787
1866.189411702899,1246.8289651075947,160.96531196293483,68.33106709931414
1834.5063624281097,1243.6083744288821,151.54866194388202,69.8917056576225
1800.9846494075925,1240.689815777939,143.88603703625594,70.07607924253952
1775.7278950838895,1239.340277641514,135.83066968237765,70.47336250745637
1747.07794548104,1239.4768379805596,131.26649937870806,69.31668818849326
1723.1788304708616,1239.5420219734617,129.86586972716862,70.08596701130267
1699.8681870014677,1241.1992640549602,133.13641880199285,69.44791429598196
1679.197840705355,1244.0621837027238,133.41384296294342,70.1790173609157
1656.325141398816,1245.0109245572098,132.92716271068778,70.02882796599565
1631.9067595185463,1248.8494322518636,137.5440166251904,69.36190784314951
1605.2373976924084,1251.8303818718678,140.44959403690075,69.1609041372018
1588.3912753293585,1252.4004858910005,139.99695692153188,71.77651633529666
1569.9457358924396,1253.6592551007268,139.3433840503695,72.49982887440717
1551.0951849642017,1257.0411163849558,139.12050420896793,72.25072932282274
1536.885990444662,1256.0787947586118,137.07664727042277,80.1030405150757
1529.5367392631551,1255.8463230059135,133.13695168915893,82.6458965765249
1524.316431954747,1257.5142089389992,136.31244558008493,84.30976557046021
1528.8715521514416,1262.0534185152665,135.8018422167109,85.65640777551448
1535.0365231866463,1261.40377218999,138.47547993374275,84.82657322746836
1539.0901955625036,1265.9126494416946,141.34862772142583,84.09301008676113
1544.3069282212487,1270.3715935289165,142.99802451100203,81.29586456885484
1550.9936499013409,1271.8329215015895,145.81685664823897,80.37335010734883
1558.3024047436386,1273.2959251121058,146.8155379520261,80.2798244516754
1567.554831148404,1274.0776561440875,146.13224150076286,81.1290662533194
1576.1535765203532,1276.1007326386973,145.16178985980224,81.23176510327043
1582.4581399934111,1279.4264564227087,144.75097563635288,80.98747224830933
1589.5309039366828,1279.253193583672,146.238853317683,81.58503339908485
1599.4896561618116,1279.61798111099,141.31734712817345,82.78421200797482
1603.5687384681582,1283.1920035992252,139.67055197626607,83.66604718229163
1608.2478809313059,1284.8925367438335,140.9460178441838,82.78620712202623
1611.5150921776037,1287.0250508498118,143.73600588462511,83.25450754249522
1613.9043658401415,1286.4672773052628,142.67376213774293,85.39771664065404
1617.472847000705,1289.773645990785,144.21221665574737,85.50069985930544
1623.0765576224915,1289.85609693241,145.43127538383578,86.44818492804937
1625.8009587734844,1293.8245651987122,145.4010059680193,85.87817058593677
1630.7799383265797,1294.39791478204,144.85338060044083,87.27505715480905
1633.9491668013445,1296.5843538110191,150.33559945371593,86.27824498188393
1636.6140380305417,1299.2599757556832,153.88580367063858,84.694191235639
1642.3895170074934,1300.877022712586,150.5793171537225,85.43156813416937
1647.0654537130854,1300.1703150241556,154.11583137257472,83.27113446547052
1646.8903903118903,1304.6933001190343,151.25348341702863,83.83851088784927
1651.6951833064745,1304.3203536936255,151.11073508079312,84.29193526326182
1656.6451712724352,1300.9104870874676,153.56256373213972,83.35312521038739
1660.0363057766078,1301.325461110457,157.65283395253272,84.13745194014345
1663.3947392938105,1296.7080779654102,159.92874784215698,84.16912212953396
1672.0827510056895,1296.4887643705254,155.4758391035538,88.66648082453932
1672.2393462252462,1292.5412707035093,160.24236354477927,87.88265090562008
1680.0453509018898,1291.736155661712,157.87154153742452,91.13297687261101
1685.030300537526,1290.1502771573148,159.62591823855092,89.82859164685985
1684.820805894795,1288.903992773597,163.76856142137197,90.04406002331535
1682.5219281388909,1284.6688485636423,163.79888944183,90.3660262390207
1687.7162324666826,1286.093564725189,167.46997027298903,92.28309636014257
1687.9282271220432,1285.4636889490928,168.52259571948076,89.21800409718645
1689.347893448804,1281.3847773885361,166.33306466052005,91.50336750956532
1687.9349107130517,1279.2344584020796,165.49307772495766,91.04767632820615
1688.4311952598405,1282.0974628400907,168.01688144347096,90.04741621761778
1683.0083165907813,1276.7900636341085,166.84503310771265,91.43078385060151
1684.291017218946,1276.646045601679,166.8254386013683,91.82197561141112
1670.875007648218,1271.9268488236198,169.286671043759,92.26407552225587
1668.9625856715422,1268.258745243385,169.6170442235296,94.08722053892598
1659.3118947344465,1268.5047902700562,173.33513753718344,93.62185444207472
1647.4553281650383,1267.4721452488752,173.5138902126115,94.85678644253153
1632.0365251403941,1263.1395170652497,174.75329491255502,96.32532758281565
1622.277832740906,1260.5860394104548,178.62130080674277,94.57948801712544
1609.7504151442124,1260.9351476661307,180.72289530403202,96.88825250129928
1595.2132529544629,1257.0758392484324,185.58209163873565,95.12385142381285
1575.1163189584931,1255.5429361276945,182.3095345105492,97.72810333503084
1567.023276383376,1251.3032748126984,183.0165614015727,101.9196551767332
1548.30743530888,1248.0097937835942,188.2480796973246,100.93635658669342
1533.390788941471,1248.3109285461917,188.36408876190748,101.04626638454756
1513.4791961127228,1245.7078794103556,188.03932617877362,103.14464286927304
1496.3489238908398,1248.616822645732,188.3583561329341,104.27447437959505
1481.2854841386347,1243.6877318928448,190.67925375591958,105.80925281848884
1462.2895300614034,1243.419232423019,189.03482972495232,105.74489466196765
1442.7802484032616,1243.4315697400398,193.02393706325395,103.47017143968156
1430.9824237584705,1241.6503987113722,187.67424984718593,104.81608146840236
1408.1746056083582,1241.8986375338952,184.78204937188178,104.56858883959427
1388.8856959882883,1243.706242503776,184.48946039864245,103.34338368264295
1374.9204499316847,1241.7206944913098,181.0991814907759,102.41526100630648
1359.3358097514688,1241.6514673418121,184.75044229748164,101.63497493019025
1345.09486270052,1239.4620901434405,186.75609596268436,102.15501602607671
1331.8826789848504,1236.3330382472209,192.50114112332932,103.16078362119192
1309.8756674052163,1234.721955851838,199.02484754123543,107.41337448991246
1296.347671615127,1234.2596622451342,203.04606081236386,106.68685486832578
1280.4792180683937,1233.8228877660422,202.07672239070214,107.61560935171768
1267.5671462012804,1230.705408541657,201.71072818267416,109.52932535659
1249.6047326599783,1232.6495977435688,201.66409143527042,109.64581483498209
1234.4088927229411,1232.6643603063383,204.68344828064537,108.29912087756676
1218.166965186182,1231.3636930873918,207.39634341555058,108.15293547468531
1197.4346908777652,1231.8304102030777,210.23540958303514,110.25075314885572
1183.200501814426,1227.0866911851635,212.71307773413366,107.8344733055483
1162.9799994530938,1230.7089734236215,209.4318818342694,111.66975275125817
1150.3110815681846,1230.4993778819169,209.06235267322432,110.71376403704866
1134.2482101430528,1231.290589046122,209.25086621689942,112.05361646010327
1116.6832919109356,1233.6375822836205,217.38489889422567,107.98948825314764
1105.5991457602213,1231.0510365267262,218.58539971454485,109.47192760952022
1085.807170478252,1232.1770225631176,220.8644620721959,109.16796625681332
1073.0230503432952,1232.8278595899517,224.0443745586328,108.79434527586372
1060.6474775799993,1230.042243098994,220.14575956834392,113.66415322231755
1045.2274126323941,1229.6760871789966,221.71822642418118,115.48736562211042
1034.0208072352139,1231.9959167842262,223.75797114803686,113.82503053268465
1019.2774864663813,1229.1096303698303,230.61297111184464,113.33699974002548
1003.7615649878023,1232.4343233215739,237.210041628125,113.41540727737666
984.913450567969,1228.9200352399928,241.43904266302854,114.14564469869804
972.3155308690452,1230.4732955189502,236.28516700306125,117.02124587570557
961.5350679962644,1229.1709342404488,236.95495464030512,116.56418778998106
941.3975228213011,1232.6273508746247,238.10349084220775,119.46335837225443
933.0625674757914,1231.6392724153204,238.4414202502744,118.4395647677066
916.7152447230175,1235.1871385207003,240.49221722341449,117.6098554467008
904.8238995774866,1237.384578646974,241.10074756662118,117.40182520071394
897.0516861821885,1237.7445189983862,244.21909481842098,116.41221170584691
877.8743812105577,1240.891129400791,250.5848419057907,114.93876464458404
865.2358067479134,1238.8118722600027,246.36275907694636,117.84107934228535
854.6818942881596,1240.54377243119,248.68632788639331,119.54452989678074
838.0656283138042,1242.324900052555,253.60188786583717,120.1104882542024
827.1141694933262,1243.3081554266385,253.9681980803459,120.88206016797454
813.5272767276397,1247.6105037066889,259.1996486131011,120.22952621301053
806.3875208152118,1245.4599871728972,261.1223487436589,121.41414142478287
791.2195619557208,1247.1071904726455,257.0341376243314,124.26358742742987
779.0033514489298,1248.4362189698816,253.23375652712326,126.3188131861143
770.1657268945792,1250.5778327805283,262.8511235074072,124.46979693689562
752.5151613166956,1261.2802480597434,273.05158239323134,120.05184846625761
745.9888517150057,1261.6171439991112,278.8554375943701,120.29340892169506
735.3749958178133,1267.0411252100432,280.765528020966,120.52939830722204
724.5179945895329,1270.3517540380988,282.53284459982785,118.9285325810825
711.9517314428682,1269.501288637922,284.2847591389613,119.59634599164612
708.4349000822261,1269.3953725927202,289.7610727278064,123.57947178639874
694.9821659268007,1274.5422935234872,291.35318002310595,123.49846576999279
683.6937633426718,1278.7182716865393,295.086979321208,120.57931376702727
668.5185718432062,1283.7663697157625,303.82397219795394,117.72119968187444
664.745582207572,1278.7738257126275,309.9428301042708,118.46618164054618
651.6268233651319,1286.4752447050587,312.9804800889748,120.23387645535998
639.4076359124226,1287.0179695710467,311.37381364667567,120.89903330178923
629.9795850505859,1290.8112815544896,314.16802478722354,121.40281740458761
623.4820084471951,1291.6352456496356,311.5276700731,123.61356626444227
611.4713917261412,1291.448795208289,309.75839313800657,126.83413035732156
603.7593655147032,1293.5857476525666,317.93946274540906,127.18902243424719
589.0084056749417,1296.1520950300503,319.6878671763485,130.68702824874643
574.788242554436,1303.1331666505166,320.35525947620084,132.5460031335791
574.0837899701987,1294.5948432462792,324.5870125031008,136.64906667825852
555.3714477593272,1305.508397678621,323.41622716466145,138.36937683035944
543.9924601982448,1311.3244951383795,324.5286792905564,137.7691111962675
540.6686493674473,1310.357112907953,327.3458883434405,140.2217834758649
531.2105828203798,1312.6382297266052,325.2953279592524,143.13289184480033
518.5878781638712,1316.9097367368574,320.0415820591826,142.96096930235976
511.9109040824685,1318.4786368895834,319.128730811454,143.509990237591
508.39302871350606,1327.9815481483001,321.5127254349415,139.72236275782214
490.72447777118424,1340.2987606816228,321.38181734391526,136.4946038817929
487.27629929969106,1345.3027897794127,313.8576304212303,138.39951324322413
475.990987251188,1353.9422540785722,322.38618916419745,133.0296647200211
463.36881742357525,1358.3972809807951,314.79804777636514,135.0870130962526
454.173191467303,1365.535224689894,316.5854584591664,134.52100628095027
443.37796947844595,1365.3626576822792,312.5906158974383,136.87889147607896
441.4555031296241,1377.2313000890113,327.79455063617786,135.90613711717612
420.8227761209315,1379.8175617640268,328.124545555123,139.16582930404604
410.1058021700366,1388.6178662975346,332.6901164477114,140.27310202187363
401.1020161378856,1389.0154459303662,325.89283639747674,144.61225170896694
388.984521437864,1403.8849718793767,334.45412454429913,142.9251269582023
374.9788694470354,1407.3673965104392,336.0052869234747,142.3593179038024
356.0759454931025,1420.3150478227512,341.1501208110444,137.51659499495162
342.73740524581893,1417.7199159006764,335.2689919437653,140.61735651031972
329.7617334335388,1425.3294469779776,334.7140530408977,138.8586580585576
319.97257416184215,1433.4212163276554,340.56408952507616,135.36442300061069
298.26412182858417,1435.3116338762386,338.19064583906004,137.3067567678083
297.69422010933715,1428.5074936942078,350.0016467175843,137.98268778111313
269.86519724839223,1450.6238830575278,348.45062781250124,139.24211420454998
242.53212238521775,1471.6525496359461,344.5128225979869,140.55326983966927
231.6018865187255,1457.744889925448,347.10926453288573,140.49294113630728
200.2894732470885,1478.6502639984228,347.4058473016089,142.10990994002768
194.51238140213303,1470.5963101809757,344.08261340105616,147.47116458517738
154.11758186265416,1485.4633670689373,342.25796390058747,151.2660649521315
137.44426441847463,1484.7717168282093,345.5964115120355,154.2678298209318
138.27237667260312,1535.0402439666766,347.6782869717065,168.06422134805678
90.11720241528366,1562.541384987447,354.59084070540246,175.15313981560612
71.36033936642946,1586.7608680751289,372.2298944353049,179.91948226790913
30.04925787909451,1644.407437892407,386.75775480925336,180.51513027658694
124.76077131747275,1699.3378480345432,414.3043639601765,175.83127356282677
132.05419337158364,1737.021077674893,431.9541834226016,169.70463027301838
66.05747123286125,1769.4783549226472,448.0764990778897,164.65538868829086
52.62244336813421,1785.7485241652616,451.39183659180594,175.60957191296853
31.345108809029597,1808.3729579339602,443.4610155249347,188.13515184833403
21.34283757440872,1828.716308019464,438.9710762604604,204.3979280152165
74.5732316914472,1848.61672614774,448.91834963762,207.36735997716704
22.372509154448608,1809.4009867908421,434.51855209047085,240.45661411808686
-1.3647040678241922,1826.5046329198856,430.25772386374604,255.32492059392905
-73.29427128534996,1627.2558778943446,415.0564007409049,280.4920954226933
-25.805780515877814,1543.2741991817977,408.4816774173257,294.2427588657956
159.8683341187516,1313.2316481468474,447.01274642444696,282.91322539033774
428.73112443032335,1251.0477678617124,479.74747389459276,247.42882158548133
452.72324850752295,1246.6303480480476,497.9947638414837,229.21662970414596
321.23887446134813,1274.244500053936,521.9126651703709,220.49982670218628
318.9387891743779,1297.5348711707222,540.8918470591868,214.25243458445306
225.40529236933446,1284.404849538772,563.4639011640729,210.34651269848575
169.53992888869885,1311.0211511203404,571.5017776933516,211.0849472918025
219.79291174977357,1299.2927086606217,595.9770463751331,206.9585673363663
102.67349066264183,1323.9184684825818,628.2596929402785,203.01705942185708
189.39865705206216,1275.7532208082687,637.9011860889193,212.12082353981185
127.83722338022653,1309.5427142572785,661.5635412351453,214.22858651502048
190.1439436212254,1254.193703229429,663.9755677512355,231.02896256854768
112.83451975594187,1299.401385063549,696.4490802839013,229.002400829599
94.42415886200956,1308.3878369906615,699.7167415397896,236.13358658538925
163.94386643244775,1224.8040430955577,702.7645824479748,254.11639677121278
133.57078709678478,1268.2566217909546,719.604314456973,259.7499669514664
96.90446396501704,1282.6694783307526,731.3995628646283,261.5559558419529
77.76592884472831,1286.1233580640267,739.2687590369894,260.70276308986786
92.90557129795405,1295.594400245854,745.3246039971156,266.1686551570021
86.81354581267857,1299.2342919859911,775.1742770560882,263.34297127412924
118.25534189996665,1293.0944830823914,787.9139099247959,267.23276305452214
75.46825379875247,1287.057333675669,788.0036875550325,282.1003073246367
120.307046135711,1305.3095888888874,772.5898733528498,308.0291826368631
155.96338803064862,1298.8489574768707,782.9758541966225,317.1904036308692
99.83835593667618,1285.0691972987127,769.5197209095427,352.56445037880883
-27.212871441700997,1440.662678633754,712.1464574577354,397.7446170040108
-1.1379702242733742,1463.7161470582123,665.2468289535076,426.3487693252034
25.783043404905982,1482.9823094573435,645.1023637620442,431.50791488354577
63.82923554867193,1383.9064751203218,627.5704495230855,472.8536098214
61.3304595685193,1491.718613599351,641.1969454676839,442.48894340817463
70.28370009440215,1461.602141104749,627.7223714554934,452.59401504210666
99.97753758613788,1457.6491728653073,670.9422368195214,423.5003299078064
119.68526740274325,1482.6828984126312,680.038762139743,415.18057839859887
171.28132462016333,1480.6374867758097,711.7837220971958,394.46789165796827
207.33652195423792,1458.7527377451017,724.0853738897931,409.39378729426153
259.12101083688435,1477.7709560631552,749.109666572776,397.7529477206896
215.61345005919065,1453.638731599229,758.7725949633548,400.4091764423204
268.04736732028215,1496.3511191218236,789.8218384814496,376.6779723965359
231.11157156496995,1473.643878212703,800.4836519354774,369.38985626158336
277.29456333092133,1512.1836573383164,792.0493425276408,358.39531751574435
249.87402934191158,1488.437469248363,786.1182118592789,355.57097031624676
299.6101289784616,1512.3194636807373,758.4018772384109,356.0776573757147
296.086932720105,1520.1288575705396,751.9087292205445,343.61743940035365
300.1489773237296,1527.1121560115184,731.1686603621374,331.7321464858474
347.2961510676682,1539.1603016888532,681.1885401381918,331.8176397631041
325.03067814585404,1547.742963446109,637.0680183210052,321.72602855809464
364.4217524081896,1559.1790015681277,583.5886804030285,323.4522073726796
330.9000462605603,1578.5617016559372,537.9687296711197,307.83916426805376
296.20024146505847,1597.9541606047035,517.3487729498523,282.16764315750413
272.5569311725052,1617.6995434150642,482.2926872914904,272.47911502087675
241.7505864011775,1636.6755279595877,462.3686540149348,249.76936492399074
212.10284518903543,1662.3374116025393,455.1145519924384,229.37856923505748
172.6529295889489,1672.8416547127497,441.3814439716208,223.7659965453658
134.65529829223055,1695.5981210461134,439.04639440729215,217.20064243654662
91.52242416436175,1705.12584492294,429.60592847186416,212.23691292298594
57.3286296363508,1719.408390284382,427.9085611924065,206.76198081949815
17.854725834282846,1722.5459643902216,422.3370188780653,207.571813856718
2.832003865724346,1717.4289323085202,414.1071323405996,206.14831792361107
