817.5,0.5,25,55
816.3720769909334,2.5830600936379184,26.435597823306967,57.91619414272726
815.5881804263372,3.789582804845054,26.56344990719004,61.69874428196748
815.1076531896755,5.050137326592157,26.724951456863394,63.805921357767204
814.4027256417995,7.546634633119176,27.36613617089961,64.86216962683419
813.9577668550081,9.563391174623469,27.21374089395943,65.54307047551666
814.0014895695858,12.064156554839784,26.517771454470243,65.52749307323236
814.4075277801461,15.251925096144308,26.894642516917546,63.87001013803653
814.3015021465021,17.598238966460713,26.04021171545208,63.39876402596957
813.7416171389656,20.899167038830456,26.500501183102998,60.582968372113896
813.0641649477884,24.875564200512066,26.543835225392147,58.424079627175274
813.0022308572734,25.38410937739117,26.839140494545806,58.10796934754616
812.7730820596112,27.278753689980665,26.680176568316025,58.639431745287474
811.984756048243,29.255522569053653,27.079412288049845,58.377769001112696
811.77259245253,31.412842767110437,26.912502370212138,57.63622126239981
810.9226118130242,33.54639893606675,27.005761998696066,57.630772887014565
810.7346578930119,36.00194091929825,28.00787591385664,58.455342025591456
810.5833847085868,36.648186625199685,28.74089694895937,59.23916489042068
810.4490846186424,37.920646645196655,28.394932670101447,60.02804742751562
809.0099710120977,40.70603488466335,28.51649963796948,59.59715111206962
808.3291990511439,42.41642478404543,29.45902369153498,60.77012811763776
808.2786789245761,45.008559024837695,30.213441961865612,60.19074762073283
808.3123704007388,46.71327514665473,30.385146161855577,61.67832541322166
807.129825346915,47.77894631796065,30.18771813819444,61.339060641593576
807.368658063574,51.39934178382377,30.357305305165998,61.97491603274415
807.7904076849326,52.08505390895313,30.37856224016805,62.022152164169036
808.8039117825526,54.217237125376265,29.815329023232067,61.39075234681995
808.3765365003502,57.57424559338196,30.47702873794011,61.19733086723997
809.5039097877442,59.36214569922902,30.71901933009304,61.22818155379888
810.4436563679263,62.65087741557879,30.664043586944498,60.26025139934822
811.8719426514144,65.41982745362472,30.963917382078808,59.87011907934237
813.4393564956243,67.06937076820662,31.41405693118704,60.76807659397237
813.611643084528,71.32905102426159,31.718442767954663,58.156179836390386
815.7723918978562,74.69068852401377,30.849309988823645,57.96819051630856
817.3596466773064,75.9054635760886,30.753398180510125,58.63053949407711
819.1013010517819,76.86971934378914,31.293454828488887,59.51428748943722
819.5427093085971,78.81985323081993,32.190383270489065,60.531787093077746
820.6963245569563,82.70580118174695,32.24366541097524,60.75691090416104
822.3274120204893,81.73105768143844,32.180607675319415,61.205693398361156
821.8403329625679,84.61750457845021,33.00471250139485,60.45961252119503
823.2592457805692,86.90196373308802,32.636215237990726,61.909286753115595
822.0008917304409,88.98266168513729,33.77047097774148,61.41220618168001
822.9891230637171,90.26331983206623,33.374836071971636,62.9057811386197
822.4077941526081,92.71642863828569,33.39665530164417,64.1593420473012
822.3362860386454,94.04400819239333,34.06481748810492,65.09487996894948
822.7035304118876,95.5859153343816,33.878063575064296,68.4376304370746
822.5162555258032,97.5023906852904,34.168264774620496,69.09698184406702
822.3041255217671,97.2593169974923,33.906643033317685,71.44232687401262
821.4732920430495,99.97957216725487,33.88525827436838,73.11220039371852
822.1199882705,101.36946454753593,33.968619494622075,73.51873245003004
822.0138103139742,104.30081591367332,34.40528695875957,72.92510275303853
821.7241862551928,106.2071094467131,33.95644894023383,73.29976910373516
821.971491447959,109.75936588714885,33.939349945818314,74.03680294129418
821.3809211649632,112.10469820670224,35.01892464272316,73.02062381585726
820.460946811597,114.47151383389944,35.3844641569272,72.36966125029389
819.2530475293343,118.02393442151129,35.44312445794457,72.40829937305575
820.6289131506595,118.7784492258637,35.51784300401224,74.04458673000843
819.9397917234081,121.23833429562559,34.96208514998697,73.52299155700453
819.6412686654312,124.15122306100622,35.62741130230691,74.44106130750191
820.3879416281602,127.42378279852828,35.00377862069601,73.96251453784933
820.3808239786694,127.6103169248521,35.3795050906529,75.65357265775486
818.8155048976369,131.88000989981,34.47595409045963,74.90918945589685
819.8472331659369,133.59288424338797,34.65002436482855,77.95528658106335
819.2695354595047,135.94772584175894,33.96251656977522,76.68170433469285
819.021935754709,139.28792082800567,36.31025480436861,78.3756209902848
819.2982811671878,139.96369582880595,34.95495852206366,79.75820351106485
819.607839021262,143.8828708045247,34.843680344583795,80.80717762157808
818.5137760637066,144.3850384111886,34.61996234325801,80.69919259734255
818.3694749463904,148.28290660535953,35.29921110156314,80.58981067871636
818.795119178459,148.74448229373758,36.00204860586171,83.68356973129377
818.3156648240962,150.5699406981851,34.621870513214084,83.85680942466583
818.9602257340132,154.9780568493122,35.8163635731204,84.66161455398452
818.2939089685876,157.35652472593102,35.15689806983632,84.56019963521888
817.8200238276554,160.0616518249905,36.15706678247522,83.76685519588523
818.2543673504667,164.460714563674,37.480701447296546,84.22594213116665
818.4161471863564,164.65596231024327,36.26139482319565,86.19095163787476
816.804121311254,168.975287595895,36.61679398504791,86.2734139916409
816.7765226467121,169.9666598066118,36.58899514884583,88.245000499826
816.877800013689,171.25129421521336,36.9036077231805,89.66740120424109
817.2604125132426,173.69383130603293,37.25229888479517,92.17799916149748
817.8211018694931,175.00612150180675,38.327013384860855,94.17418626442435
816.8928348511173,180.9010784372144,37.41091878183406,92.00504456420025
817.444726539135,181.13330142147404,37.60247570203067,95.1856658830896
816.9292180073933,184.2125419517031,37.72452303419095,94.6404334674959
816.411334768788,187.29995695572566,39.235583723122524,96.00373517747256
815.9838376017879,189.8386434634158,39.17856786795198,96.8164402753012
816.0668688125231,191.5825819533961,39.47152597648062,98.88117794054314
815.6998074054422,192.99634559267838,39.84800495536126,101.6611452544399
815.7224966575517,197.45392078657792,40.03930515590592,102.26547285982768
816.5519888280371,198.22984953622392,40.4992477431515,104.18504928240031
815.6841870060978,205.78230638612743,39.48958044549526,102.4172966921207
817.3900321069868,207.10268150225534,39.51011024743671,104.77379062094032
817.081662395047,211.67214414761756,39.99036663640587,102.31603283841442
817.0409761991151,217.42407919074927,40.533953534192854,104.30008952669782
817.7258041760597,217.02818083327566,41.190331524605455,107.35176286411435
818.2458155956709,218.9362305054764,40.49632781232299,109.80366842562017
818.7327381555859,220.02400105581523,41.237818713595686,112.33791358202032
818.3577179258074,224.8204804303377,41.223116398437114,112.80104792810046
818.3673995282364,226.44455578864566,42.10499943850928,113.92561047392456
818.6397197675444,234.33368539408602,42.69484972194566,111.8303376926112
819.2783600266741,235.38134899304598,42.57102271544586,112.5839373441443
819.637264732837,239.645512144644,42.33222904224506,113.92884255180209
820.7057234683408,240.18689235936728,43.07316056168382,116.44125745436727
820.7955169048028,247.1378303005206,43.59705760680089,115.22138721871274
821.2653409328656,248.1835305231195,43.668622325072775,118.09095679647771
820.9713805505162,252.50955831978516,43.655696307856026,117.63823711755363
821.522143217641,251.2689319014441,43.578250797028986,120.68482115195897
822.5889524735337,252.14682714218128,44.18924599227801,121.85107300095936
822.0607084652137,261.74243825782276,45.50618121134721,118.0985689579212
822.6659571292396,264.6437377675311,44.7886237930328,118.95156196155538
823.4634455541889,266.93305037913274,44.793758791323164,120.95393737975016
823.4302673538151,270.5848278693524,45.20453009714838,121.17021846316048
823.9103336727392,272.4512197431359,45.10962528787708,122.90766824775761
825.8672511665385,273.4427450913554,44.84460016392232,125.82931470228792
825.3389195118034,283.3773206640365,45.584769274505234,123.41577655947944
825.8245769212658,286.96989149539115,45.76445013765564,124.266679453018
827.1383310958689,287.0136351316073,45.5698254602872,126.76131816032968
826.8237614011069,292.93077306453904,47.589180983117785,126.42423787557696
827.0313960270491,297.20387772983605,46.95811198853049,125.33744710334572
827.3833490223677,307.3155805146922,46.197981521884444,124.32543394010833
829.2466051846635,304.2504773952296,46.4029381324178,129.09646085945607
829.1139254685311,312.66772058178674,46.17413023978721,127.25871886910627
828.8401398089871,319.0971048288563,47.42648011657404,127.17487657569416
829.2982485441604,327.3085813343049,45.576885441134706,125.88407311278678
830.4732340243029,325.9002475466105,45.2618610501951,129.17361752073296
829.4763785130211,333.6568231249846,46.59546780022587,129.25473075708993
830.3741070142313,332.72729855839066,47.474765739102146,131.9694110893891
829.6299786591818,340.9497110699655,48.35844748573113,130.2586223583006
830.2072621269405,343.85659938597774,48.870937660976956,133.26198527481085
830.3943692552905,349.5648598053983,48.499166149182464,133.22917724023358
831.1408042841289,352.22010537432317,47.607584753905385,136.20038163123
832.8171222700989,358.9050950312665,45.68085240910829,135.8662939472482
832.1135691412458,363.0926360201346,46.00995864675411,136.7561171595633
831.9777190402212,370.66878494902875,46.630733993573585,134.57757568942532
832.018661854103,372.7272990696287,48.86965935072814,135.26140089938727
833.1259284306108,380.1475456325744,47.82896959020791,136.8824427041981
833.4285819740855,383.4035931420145,48.13325017235513,139.5007383846427
833.3899946989441,389.3038394697633,49.597163959910034,140.66685835070123
834.8078217243474,384.4471567018421,49.41492284115864,146.61465467201668
834.6601206802732,399.6913825625378,50.49924439248527,148.22666795743544
833.5144874736795,408.88251403159074,50.94178159329156,146.8237795080018
835.7674756755861,407.5687290636444,49.416858583707636,150.8800567958244
834.7845788840261,422.45516033983176,49.55475249909203,148.32809918934265
832.922958438974,433.92821352741953,51.0402778181966,147.12121383511425
834.899675763604,432.99240856882074,50.42533251218438,151.29680186134217
833.3815511153553,452.2685829788019,52.55129603018626,145.1703330880419
832.4463560187532,461.88136607041986,52.36427127902854,140.60629113812894
833.1657076380311,463.0746848869808,54.61320699735735,143.4192130359281
834.5726067529115,467.4960589291367,54.06179311574906,147.53817256014725
833.7913381477791,476.2654514051905,54.225104325697984,146.9310468597117
834.606021178583,478.86624058340027,55.4302256480876,148.7115048016768
834.8446583984357,468.62639887165744,55.53451749763877,151.12686926851967
835.376730309938,470.35392753208043,54.23966505004444,153.22775480704354
837.3498038880092,446.61828835839174,55.27511584230571,161.893483895443
837.4485666071741,452.3081845419363,55.39119889755783,166.8197088443036
838.0547954020212,445.8702541512028,55.537369082335616,166.47145440193557
838.5768020524732,432.31289689862393,55.79734627287885,168.3202893450856
838.1415285353455,419.9972493554461,56.63565089541698,174.26575146094643
838.3613012500558,423.0190187832764,57.307793135278686,176.0322284358939
838.2486062717612,404.9477825433791,58.8284350640624,179.5658428730004
838.1133313369929,405.1309341743159,58.01373559459118,182.15714343759703
837.6096182206899,396.12005300657927,59.54116132142052,186.27349613720543
839.5004076067441,397.18027493770893,59.958947767030736,184.14614656827962
840.4028471866131,381.77765546605553,60.7427016597544,188.82444320439316
839.8591789126373,376.9904953119969,60.70887025799608,190.19069154348355
840.5155571033258,369.06244743279456,61.41141888548637,191.53270315467608
840.9974145866074,356.8096687707945,61.72994561262874,191.05093674744325
841.4814938371503,352.0283344614491,61.353081761690476,194.97987889161732
841.3134392377956,355.3404248445334,61.80280750434715,197.60334677829212
839.5714811222832,351.75573699822496,61.772713837977406,199.78939563268312
841.4215183799993,338.9648500223717,63.696665030092085,202.46952852771548
839.5693529423523,327.0294393189812,65.44918409806311,202.6575258820248
839.4812482238292,325.26546988548296,63.914064346208605,207.24676395256193
841.4877412132614,309.0346933558951,64.7234176204471,207.97949732840033
840.3665518364088,312.01071827448663,63.39367537014165,211.25440685146492
839.7468185343857,306.8001516476976,63.603560042088596,220.27003567209687
838.3487613498428,286.51814511616186,66.27692411197631,218.72766781869757
840.192832375598,284.21019276752844,69.8716124509932,211.86314399168316
839.1923005819802,283.8431676930125,67.03002869836656,219.20412962581838
839.9063160915001,279.16202744641873,66.82052137080811,224.41381100729467
839.3469080120591,266.878855591903,67.83762645872363,223.85676646033937
839.7342243750188,264.31517872203307,68.16266104985318,227.6167585988702
839.0834450457264,264.3345799455908,68.77451508306173,230.77269367717167
838.6636424824569,248.9703142301191,71.09958916974733,228.0415514302154
837.5335218880621,253.50560845764713,70.9110597073954,232.2516079376107
837.8640611654861,242.86749185201944,74.15499498253874,228.93376210046813
836.9218551606327,238.68664059351954,73.13327864135937,236.81402485504734
834.0641270923161,252.24761008176577,77.41547575273171,238.6471418206267
833.2313310016528,246.20455015427888,79.32196722600297,242.92343569541515
832.3780357184635,240.5177960462462,80.71596221825249,249.46005894257078
828.9816540522379,238.08069274089976,83.80067097371864,252.02927523909597
827.8606178874422,233.7260273796839,84.3219040836921,253.49278210610532
825.2147754579582,223.39778971123897,84.79928588018234,255.14858142295685
824.8928770870018,216.0874036487563,83.17865463578285,263.5222527430412
825.6628752426479,211.26736757140804,87.73573897920681,263.9053848953233
817.0021780414139,232.29674125420598,86.79494988782723,264.52482422093374
823.0003494806346,212.19365238753988,90.23107632945498,264.75484906354825
817.8293208410305,218.1652523459877,89.15800225503686,265.25964134256037
814.643647084154,228.4433206644599,90.73654556021143,261.3792068617602
826.5850822350998,224.91607251962884,100.12745988929285,254.71309891064283
815.4719308855936,226.36706042338844,97.03037957011017,252.57337035030451
810.110149785065,233.41700638462316,97.40484271219896,249.66466649596225
809.3174053057536,247.00382796451842,99.05710451271906,238.6643718919509
815.9129121994758,230.67286834517807,98.59490680692218,240.70024883361225
809.9469833587683,236.12730870766887,94.0120426514982,237.73403806790293
808.1676794747083,247.72664779644612,94.3510017082053,229.27057521209474
811.6680516362119,236.14473915999952,97.8841291861886,227.70912356602688
805.0279603897123,247.39997536062026,92.54612189765723,223.16267061582903
811.6075400918669,230.86683296080565,91.1606664117931,225.3940849821506
804.6026699806862,261.83774347792917,92.65909499908828,216.46748522598426
806.1251708180315,258.90672414908073,88.9963248237463,212.0657767681456
811.2623130848073,232.35889702187575,85.73068031376492,220.05306284663357
806.8930946786544,241.44965103413142,82.67420864803873,221.72928883708335
809.4898591925368,238.83931723219337,84.19132671859734,221.87575639405046
811.8622209967795,213.33456667733526,84.61329806676059,226.24302738849929
803.9145277124176,236.2337497499904,87.16152906782104,227.1418246669001
810.6561532933941,193.7840485362169,85.31110844768779,240.80116257895628
804.5242274702225,209.97585097368838,83.48827777849311,246.21552143085552
812.0916551319617,176.62231776051496,83.33577114605215,257.738861681145
800.2728914256712,230.30871151527222,86.066783023552,245.97003988034425
806.1223683418744,217.79280984982012,85.9987337516224,247.5122942035284
802.9653577033372,232.6078087252145,84.0110992132461,241.56967697272307
806.5746758740172,230.0608013280764,83.49704503722015,234.85804162917515
808.7635392041266,229.45476178014488,80.2022107866878,237.6887555977724
814.8928769013704,213.24600105739836,79.73211150014224,243.8767217994664
819.0596628045253,214.67617389459744,76.52164720922235,245.04486667683028
822.4973382799423,213.21273918042658,79.48778957352854,247.36142726884282
825.789089739531,223.77047198559177,80.12783948187823,240.6742140342961
829.577806524912,228.52650628755077,79.81704305310936,241.89018861744557
833.1713116841909,232.0181378659585,80.03644393914539,242.3629324695492
838.1251965439344,240.06479130473704,81.96942866396671,240.08952479980786
843.5317856096791,233.3554922551317,82.26100143722745,244.72450574265312
847.6835345006455,251.68699092195416,87.68221329551393,233.15362765400135
856.161478680221,251.05804089864665,89.07933103991881,229.39982213979965
862.451299981212,264.8363676087895,92.28997269093306,225.26940404770198
873.5647464886365,272.32761415673394,92.81536211882064,219.32228236495015
890.4390354355381,278.42709464021914,96.495157753832,213.90343404923578
898.1755710496809,297.8610595865483,97.09016607731485,209.31104533402203
916.8684624913792,303.3437854520904,105.65498099099088,198.82657107199267
926.7777928347841,313.11989732191216,105.6521601725045,196.65476406910096
940.6103281984429,322.25060707069315,111.64395289801132,194.48712110469353
955.4557414092006,329.80943508357285,113.98591361748825,195.78363606779013
964.7988883561865,338.2538752245823,116.61226048526262,194.8843275023247
974.8378299340864,348.34376569680603,121.01738158111323,193.8895507959951
985.5232886666128,355.7193601334218,125.57317833755337,194.21855661597752
995.761708054631,362.4217579333559,129.9420186918689,193.95218917592697
996.9566789531198,376.6265128853755,135.64552514789057,190.25220099504173
1002.6592338940168,387.02293013377715,144.5308498757813,181.2181605709917
1005.1051063487488,407.43209926695033,153.4002647373465,172.66469467116121
1011.8433387572694,410.5778544011747,157.5794194673865,170.01146087092218
1016.1750923746924,417.567680235903,162.21929647952032,166.47876849582636
1022.6840218487059,422.37110306637976,168.14381502787853,163.19484870477575
1011.498795867133,437.8389746555698,175.46443585731123,157.6761975895385
1021.7917890159839,444.30728359474944,181.5959625324365,153.50425540209528
1012.5317298182802,456.2537059294202,187.67287432918044,149.48449055284112
1007.9664542184154,473.2077606784011,190.38230263217275,146.05192026731288
1009.4183441997972,471.83724514871847,196.74263085924653,144.08045095094985
1006.2831964575186,478.93473086184815,199.39847840417877,142.34067574899694
1009.5815389659832,476.9505649241785,204.01247254938545,141.57144383199287
993.6594875169222,497.0705054766155,207.95110259992515,137.7982767522447
988.7287214417493,501.47425696375444,206.1491926065314,139.8172975668003
985.4166114661393,506.08852874432625,211.04005950095194,139.90197354596086
975.9682962044377,513.9942319948817,210.9116681897929,138.88942823252665
968.6006119918227,512.5754680821141,198.98765994511854,144.2350218623165
963.8364203578999,515.9303774216326,184.06270518987913,146.0658921914132
954.5103004741464,517.4804892427165,172.8240383889272,145.11533455773866
942.6406463873694,514.924150085859,156.96337622742567,149.01037848505703
937.3300767869351,516.3063464910591,147.13865601281105,147.73022273209716
929.1109725202956,515.373123706521,136.1158440322847,148.22346626417834
917.9041085153356,516.5860287570675,133.1882656706925,141.4941040354112
913.0774523529135,518.1855329785079,122.5967251184012,141.12699883782352
900.1259272817159,513.731914301754,124.93034779482659,132.35868359526884
886.4122164674466,514.909107990904,125.97809513401332,127.60849102545615
879.9187103330939,509.46367426340873,122.43878290046918,125.8542901665808
872.9850195598235,499.714294487883,119.00888049701459,123.42594908553124
866.3069432231495,493.67469224231377,117.47408288271141,120.45286973339756
856.9513618498095,491.4234963338586,115.39418889612037,120.34994854713194
850.007447032259,480.65093265581834,112.94298148965328,121.06542546373406
840.2690854601518,468.57677289198523,112.86469453823153,119.72482706739179
832.1387538329374,458.2715348086709,115.65433182267932,115.27195331183464
819.559279044249,457.4259811075291,114.9031718206353,113.96930023534628
811.4134215511507,442.5926977415532,117.90100507174333,109.8665746021915
804.3004369585392,434.97183115990146,117.99955617174155,108.20583339981604
795.4849924128797,424.1052935437473,118.30654297681954,107.70604362942018
782.5970935678331,419.01143525885107,120.35808334551345,106.58438476975421
776.6722916666881,407.6433926187207,118.51675356206856,107.78239583065466
773.3375403555178,396.3490454917593,120.34996052109116,107.97978689416928
766.3914983344788,385.0086530340313,120.03391131095805,110.81476001076955
761.832655210573,374.0472078891711,120.18832834930717,111.07083388867574
757.9132353620909,364.9356310216149,119.751837214618,112.45983888205848
758.4033798196401,354.1430240704959,121.45616426962827,110.84669214847449
745.2886501321206,343.05545528357175,120.78690971370517,113.41396190222471
746.4332210772352,333.8072084003739,121.84015318139228,114.76913546223372
741.8294118759561,319.3243661427633,119.85572621439319,119.65171336219072
745.9546798505081,310.56275223508374,117.10016605061307,123.26555958036138
737.0508451590574,293.25295618077973,113.2491716576223,126.55321715240134
743.6798351185491,284.36955189149757,110.18660261740453,129.44558485524692
741.1166582361313,276.4687646939604,110.61568603509932,126.8589535802355
740.7786690471082,270.623866299959,114.34176416574203,121.91569674220969
738.1010457350246,265.4829442079928,119.91488676133822,114.48950921491027
738.335746085344,264.1924656745118,117.89769763898954,115.26013690861413
742.9005907799204,259.4435249975636,115.35015669579326,116.86466595002378
743.7993071579019,254.14340978355665,113.00292682599334,115.80884741987914
747.144473611098,251.71514089501153,115.74785840843992,112.18669564044684
750.7351429999742,253.33155303876072,116.82095727469397,111.25179052714483
756.3296311102077,251.1029090573096,116.980101877897,110.59284972428159
759.3126940049791,248.20011469019977,115.46561548001793,109.32342893872632
766.7260364709605,247.32088723698996,110.83365931907542,110.10682610907512
776.9498947244388,247.60442008609417,108.75662327253221,111.1928090125662
782.9878521618737,243.66311426391889,108.38762129515325,108.42550419864565
792.2983259234012,246.59155209429613,102.08135344066187,112.09893259856635
799.127418213273,243.09622797637456,101.93966178545158,110.57417453460485
808.6954213399832,244.18890213265902,100.84904342754558,111.15337548914493
816.5428853957457,237.76003199333041,98.26918099874062,110.70499906814624
826.7758560877734,239.40164228439687,97.88641078239993,109.11869196480669
838.3374979762845,242.1168551720376,97.2416383438975,109.67937549471566
845.9412660334301,235.62695032417398,97.70884396065446,107.37171678947124
861.41102465769,239.8060869365695,94.94804659387341,107.92544093335206
872.0125895792974,241.49731521653513,95.0009863258955,106.38531492030685
884.8394513589461,243.89175308485125,94.08366192176281,107.6039262489727
898.5914332667475,242.15717370978075,92.51171945435186,107.71294156601377
910.829517126368,241.8321225362962,92.99311153864299,106.7294932339747
925.5616400207736,244.13810722553015,91.87720458875505,107.91286245429872
934.7599747920191,246.49773968928235,95.6274829087541,104.91545874004115
946.5863238113942,247.6752377335116,98.54525285940346,102.61352328900966
962.9061903029453,249.41059109198306,96.49360156944233,104.80406566116119
977.749630053837,250.3502232021777,97.24392230641007,104.90584897844188
993.0678628735988,253.61686560992743,97.00141183521623,106.4071485104094
1008.5593950799498,256.9132129883813,96.47814308628348,106.68286953108482
1021.8096820430851,260.4964990642389,96.79520941858394,106.55633423519726
1039.9240968947433,264.85772382512425,92.6986582070269,109.20332352070767
1051.9628181511985,267.48170877651063,94.34628032637612,109.34954483968701
1065.7228920575833,271.13395878025574,93.61063103816136,108.92711934063219
1077.3054412991792,276.8701131592801,93.8591723789057,109.2569291811239
1090.031914892601,280.35119463363253,92.14805145649137,109.49955861807382
1098.2865060709928,284.73498529795836,92.50107591698222,108.3454289913618
1105.795085549505,289.201540843579,91.7128631003788,107.33431610266871
1108.9058211807799,291.6070334411007,93.8074817777867,104.09563154883453
1112.714570986443,296.7584415969153,95.09242337709449,102.51197486093179
1114.4416232374865,299.11965048375214,96.63917380574397,98.813958206292
1113.543276733956,303.4732289752251,101.97461502673951,94.18882112431848
1108.520234448262,310.29845857658916,104.89440045565556,93.2945583288053
1116.776700481445,311.5064778689504,102.60305430310304,95.41581475048852
1111.6718155949966,317.6587552607865,102.27861543435831,101.35508504906699
1119.0884497226384,311.5153925862745,102.60717768956897,100.23278690040632
1112.8677928793038,321.6077536846077,101.40636881055357,107.50741716230885
1120.328879175314,322.46582565855795,101.71466644633415,108.72317062326172
1118.116101007432,324.3889972736174,99.79126659403852,116.76442190479577
1114.26982587973,326.07757776765806,99.06959633411499,124.03963119422073
1123.541033640198,328.29739851526256,100.09934069810011,124.41281930058037
1120.204868484895,330.6321178296221,99.6172029642764,131.71782456136103
1123.0931280791397,329.79015274611163,99.56262428338192,138.27470152033067
1133.9950690788385,312.3076570313983,96.57904078212727,137.5522717448909
1131.5068293504814,312.1847288631666,96.90464672535641,138.19875177029388
1130.5693240059074,307.1944561740938,97.27827435460054,140.76300747481469
1137.9262312643975,289.26818837559176,95.17856874151688,139.33237635419187
1136.1200810835148,294.07643895082646,95.17019511642648,138.1664123407429
1141.528108557905,268.09193661024403,91.6176305685899,139.99564556969955
1139.2066827263084,271.67659828099164,92.92552442780766,135.22814250236385
1140.6368575080398,265.7626506988454,91.58149076241348,134.5523586014065
1145.138104192982,244.10359813028901,88.77076335500894,136.0308655174738
1146.3160589731228,236.1839972643341,85.46804838901596,136.40937178695015
1146.1847847926972,240.33014309154703,84.35696170135436,135.34153598668365
1148.4632697524908,226.1689706017948,83.95875229881439,133.81705816864743
1148.991042623168,221.93926144588153,83.39209539807821,134.04287176866183
1150.2172483343077,215.8333015037456,82.35897038627823,130.63196737268186
1152.652675003912,212.36484480655253,80.32528430072057,126.01694696174957
1152.3848411079525,210.55004049186562,79.55397334386552,121.53994134908828
1152.9893665467798,206.66201820097837,80.46340969932277,116.47960709450844
1154.7663118013654,202.693061085719,80.26064402760306,112.74126870066351
1151.1716961265292,197.6214836876273,81.13709561073874,106.16140956962946
1154.7451861140382,193.71842760621797,79.65543273777268,103.2053984935416
1153.9686914521462,189.07312581114803,79.87280703060657,99.46989060851217
1155.8217501744082,185.0550058897728,79.37146753514492,96.50622710816593
1155.29307803646,179.54944334716424,78.21887845399965,95.50549596769315
1156.0628872866214,173.31427538389104,78.68578308657061,93.46534937724293
1157.8398483111653,167.79432518465046,78.38596810029014,90.1347982240992
1157.8122937597025,162.11028214381975,77.03021897928845,89.70087286830906
1160.462302626241,157.38985062526444,76.05413452035054,88.6307153891853
1158.3160467059818,151.91149642342975,75.81719055432816,84.77546387521235
1160.5529907673888,148.03553066189608,75.61040664657861,82.41545590820684
1161.8040674948707,142.37771046911402,75.89599958564557,80.99339381324933
1162.3313869694578,137.6021390374715,75.54753221109704,80.44249623534068
1158.9014174032466,133.63854958303529,76.91771771498287,77.60656780713921
1161.4962934904208,126.7092359709404,76.8672935931435,76.1075912669063
1165.0174699555316,122.37053893640113,74.79221472439797,77.16284335699052
1163.654266220641,118.17931677616838,75.40657414687381,75.0280598316574
1164.8523230669684,111.87979067151299,73.7451305049319,76.1435885325835
1165.3160312799644,108.0571849121639,73.63670205922077,77.11971655738256
1166.6751799514327,103.83534819295869,72.24739453343818,77.29627432815397
1168.0280411156734,98.11171826499648,71.54331070288548,77.21269877423445
1168.4902875021262,92.42449266750648,71.56576653620785,77.18079952131903
1166.5904008243567,88.01071818060284,73.72953054702164,73.57345795618681
1168.6734372561034,88.35659910088486,71.9873120951285,75.38432941265906
1168.9756212284874,82.3283182814757,72.1399309978955,73.72840318291021
1169.3386632164627,79.0678194068033,71.74883859030408,73.55712744594308
1170.3419294269602,76.1589856332935,71.41817927284426,73.41223662874063
1170.7076822453496,70.10874058345914,71.23751777390748,72.47707542075686
1171.9578017316276,67.21384924782363,71.18901214135512,71.03074323715961
1171.4964986760663,62.251792302639366,71.18452380305942,69.89110597860947
1173.482183770138,60.5827571140059,71.08584530282056,69.43113992537681
1171.7854118008618,54.96092095473667,73.12674792179973,67.33587115164342
1175.7026480760649,52.464617951489565,71.24136062330817,68.69875668985064
1175.6773752410168,48.594397425231236,70.85526885434382,69.18828501074302
1175.3910708736498,43.022670789770274,72.28499288566195,68.34921478067966
1178.6854810295924,36.494617273439005,69.71876003831491,72.56058308064786
1179.7891358224838,30.31482733320358,68.94418822534192,74.91891473007732
1181.6869537419857,24.92110579040917,67.93624910775846,77.45395328413295
1183.7833752565305,19.884246752092707,66.84994246057144,79.36754760816837
1182.3325026728153,17.847792567329797,66.85059854585239,79.02150417678557
1186.1632185043732,14.91444780040888,65.5017729461488,78.80114214788017
1186.051807503441,15.234671218419827,66.0892329187842,78.58366678490891
1184.739071624714,11.547316732733037,68.2505630747051,75.11239655312704
1185.9635106578594,9.07345378492517,68.47032413749525,73.92586732504824
1186.3191200298827,7.881405437609693,68.67116693985665,70.5209297194563
1185.3240402526762,8.270717531958866,69.69986359270592,69.98815858083597
1171.3998441317642,12.393617376075895,71.30348729060323,73.55190935264208
1187.7863654781315,4.913697021677123,69.46662390106077,73.39034573454686
1161.995246085846,13.370566753193678,68.61551084228353,82.3611070005116
1189.2010657055419,-0.6631174767000658,69.8704734304336,80.25958742594312
1179.24371461165,2.9920006314229894,72.35405440855514,79.47872353783163
1170.1499793167272,10.962030110041674,71.13952987309678,87.28472027207165
1177.2833214106483,10.838978459064712,72.64442966689478,90.00708334567676
1155.5416924451558,56.60586176017996,64.55583919035048,108.3952489907937
1171.024238898639,132.98526004028545,61.61880714491441,118.60488709330201
1175.9909844761762,151.92674104382957,72.7755505804791,105.07374627962015
1175.8535893277938,148.29019621471573,73.36043769329555,105.40042573080733
1179.321590174725,154.8918442071843,74.38939636214397,100.94101797976424
1177.5051124734057,151.80256222730054,73.48156595953327,104.15033050926246
1181.5786935131875,156.10754932533678,73.61244380400339,103.78166538123702
1177.544892458994,154.00402355465908,74.59807414938047,105.43482401344129
1175.8865739148662,162.37808271529588,76.26560401992332,103.15270612314036
1179.3260498752936,168.33794558603313,75.45699099923564,103.6071277944351
1183.032832755508,175.19948662312333,76.97809629160813,102.75130950988128
1181.887885521083,178.4678661811409,75.75224667811172,105.37686254809697
1179.2167551646169,179.64760825858258,73.26236212491061,109.53281984775938
1182.1880046329848,198.25891386084103,77.67752701918933,104.44201550569238
1180.4050165247827,200.41697024659226,76.27113586032402,105.02840926859437
1184.8508158919446,213.66406887904347,76.28019070483175,101.58754338614489
1182.510059800197,214.88212691653604,73.25099379208498,104.91582269546984
1188.0780347359178,232.0250340285571,73.63604881971457,101.88169000493626
1181.7938374383787,234.3975423462754,71.87657580500039,103.98969007072168
1186.210192393163,245.1541933734855,70.58055765043626,103.74070324713728
1188.9605562027284,256.44487823359003,72.07017229988341,101.5304972787344
1186.0245050904348,263.63809860298954,70.89174462598672,103.14655282291929
1184.8798092703514,266.5143185164461,67.96519060169251,107.0367248358865
1186.9173820887615,288.0408826655918,73.1629508245031,100.62105800384845
1186.9731747624478,295.49472714784326,74.03201098326775,98.57641747481895
1189.2787824134375,309.29513329349294,75.57392258831837,94.96098889500115
1183.7362333057888,310.7389946191266,73.69252156523358,98.86153323651625
1186.2683043367738,336.33788989569587,77.30403641326743,92.88866242635976
1188.6806614525747,345.0698532231514,78.22336005997487,90.23575082792098
1187.3246865100089,351.83726071582885,76.35776992682904,92.92179339346755
1188.1662741840175,359.00900618378466,74.36277868484045,94.9273666170455
1191.4573630760992,372.5839725106579,74.60150230936759,93.52492615116711
1187.299725704891,373.8953059854175,74.5663095434319,97.88772913655035
1191.7689430869536,392.523824364043,75.2827235185513,94.30761489879373
1188.612240688692,391.8993425755134,73.65252275870124,98.5109330646089
1191.1803683989606,407.8170629644372,77.19941141592797,93.11364557319123
1194.7307153463198,422.07780877448937,74.88449914090488,92.42474252008778
1191.211718652052,428.2836363956291,75.28113574623883,91.82072667607477
1189.1629130405954,429.1320519667119,73.22433669725963,96.97515985087753
1190.7074800326768,448.4083432204947,79.44205404745142,89.57394420352287
1193.8824978414577,457.6636534565109,76.26256540804798,90.35183696738308
1195.7757673441013,470.8656548024067,75.77687009170683,87.64702924165763
1193.4597438401343,476.1522114404193,73.0341055822581,90.03385206345874
1195.928310287131,485.35245161699464,73.50949070533179,90.5522165600734
1194.964346822519,490.9186295920173,71.007937232322,95.86203217798493
1198.928408567291,506.9006788601406,72.43729971690372,91.23771803753245
1198.5722934417097,518.8297481571792,71.4454458468932,89.98295522958838
1196.541155016547,531.7169841545649,74.1754361054258,82.82376335149974
1200.2542413213905,540.5358077950755,72.27108968587015,81.89690349940611
1195.6735260994135,544.7511743617109,73.15499809292882,81.84255683824944
1198.024352067401,551.1663096477207,72.6880995166435,83.10782768591245
1195.1454491300053,554.318329634534,72.8913373712876,86.44290739550235
1197.4309881207366,556.9502088430006,71.59536238545215,88.2605132335637
1194.9542492900068,554.5875760564551,72.22209810497584,90.60847857856265
1197.3301046123695,557.3305471215834,70.94495045286325,92.6613990659173
1195.890435900574,553.5810641380701,69.25851002017204,95.41869706999407
1194.505699410394,554.7599794394197,69.37986370754159,101.06083860374187
1197.4074236687165,557.6773053461413,68.17150805923195,100.67376331998972
1197.3569984435876,552.2352551217334,66.12261807104154,100.358006600185
1196.359530988147,551.4060246145114,65.99630500544924,97.97631196111234
1194.6699903882397,556.0686376031533,68.20726274570102,96.68289949777432
1193.2605581912683,552.3057403291043,67.35409360493443,95.82636032039326
1192.4340487484444,552.4016758269852,68.88974557134756,94.00246073596907
1190.723251285001,549.6122086943626,68.49419388323906,93.54671828728183
1190.4120210133508,548.2997821062205,68.37559316855959,94.11393848177944
1188.5028295867446,549.7349478054416,68.49186678033206,91.34636357809069
1187.9810323206605,549.1512303143012,69.01154794617443,89.86631557383853
1185.7664753824647,547.128587558292,69.6962998590575,88.94679635165618
1186.3988995408647,545.0971374567014,67.38941389753447,89.30325271684859
1184.2964550328954,547.4056402129577,67.39686777380683,86.37771104440947
1180.720801973125,550.6567520115311,68.92607265545362,82.49623000868945
1180.085087015229,544.8216285023558,67.50725885737106,84.24615959900537
1177.3410501820792,543.8026906334746,68.01998268849749,84.29981024320756
1173.038424090936,542.0573302022673,68.74960840967681,85.42945956978204
1172.4083356935541,545.0299036810218,71.19700341347738,82.49992593865943
1169.4212832121495,546.0124447449552,70.65402754854439,79.33297935991638
1167.986754260465,542.0910851272272,70.96578553577184,80.10467038899279
1163.769971144594,542.7311601711807,71.62669201678825,80.53636496178511
1162.055975384442,537.5494303864818,69.22525060977406,83.05365539957927
1160.1648840238845,533.8120107445588,68.80586420231123,85.29213851341564
1156.4530096890494,531.2549808729926,68.69460014595434,85.83610484845568
1151.8253903016287,526.9268575125932,68.57935495577655,87.28082715426723
1147.0142859266498,518.2473736288136,66.64438341270018,93.45038819905724
1148.0976842423293,528.7812526051351,70.3823220181773,86.42931577565778
1142.4299158757926,522.7544351000932,68.82897876775947,87.8206759222548
1138.2486879283829,524.448229660419,71.51960039035475,86.04592853362666
1135.3972900822325,523.9376060060774,74.75294378288656,82.11578049367523
1134.9487219093235,526.7745388423725,75.2065944704351,80.89051683540431
1129.1931527971196,517.0830801000423,72.13325198155127,84.94455574514575
1130.982025703664,524.1194278739172,73.41181660143116,80.05619152233788
1126.3012984681259,514.8356849528965,71.3515034950515,83.92075894436644
1128.7182032491874,522.4624588916469,71.33791292377427,79.56246655678538
1126.4510252380262,522.1475365113187,71.92692986727621,77.48688727419696
1122.9732772396094,518.985222873943,72.10549812159718,78.32506822140701
1118.1202129611995,506.08058777095647,70.6385826601431,86.87010721700008
1122.9723136428056,515.684858121461,73.32458365743977,81.24046288520204
1122.6058397246725,517.1741505988967,72.59184836563279,81.62932624648218
1123.7748252740967,519.1996650481427,73.25890987013354,79.94904602820824
1113.2403182319347,494.6981047435463,71.7736253722742,93.01543720424682
1122.83311178949,507.45889338740756,69.7125427301555,92.48272060786758
1122.579194491808,508.3514808356129,70.2051757463624,91.91450793646038
1117.6778517712473,485.5136448950638,67.28155257562753,101.51931700587181
1125.5466451412792,504.5036240803595,69.53416732727618,95.02396534140672
1126.3749356154296,510.33950648572204,70.63771056635173,92.1931262986961
1121.8681455933277,495.821047407467,69.34475690323993,95.02862984738326
1124.40689469472,511.74621952895257,75.67124960014593,84.20457240892664
1127.2915752257786,514.294449946172,73.05216828353346,82.75815462941469
1122.517508361868,499.80052385506895,71.39413646947614,86.9708244487451
1125.8354801011687,515.1889040116029,75.20385665475223,77.64731242067609
1123.6801294618883,505.11305208050715,73.78028701972268,78.98782386217518
1127.5414065836933,517.2834749350732,73.20437873582144,74.49656819342854
1124.8122085624143,515.8710619004393,73.8434470509502,71.41959075440101
1125.8330137321782,516.8178723402524,73.7716072669379,70.47198418748786
1125.1098008654078,511.17497925639356,71.98818110151794,72.77638212229465
1127.1005982500726,513.4594479859865,71.33765638976087,72.55887225803748
1125.824987881943,505.5321034739255,69.14441674853774,77.04218023016746
1128.5908163798497,510.5710390029072,69.46430735125958,74.61038936626225
1126.6551395071965,498.6282961727989,65.81732934446629,82.53965876174826
1130.2494371429777,508.9880624919955,67.25425392663068,76.90086125235763
1123.0871975908794,486.8011103554455,66.70875805553453,87.78890490298895
1131.6060158777484,501.63308405325995,66.63594779407202,85.85859803522288
1129.6292204367494,493.7307125968259,64.3044402008636,90.03070449313392
1132.6219419394633,501.47049031790544,64.7102647556863,88.76621865943896
1129.6175591720908,500.71720073121844,64.73753080501416,90.9792905971347
1132.8795848151867,500.5864896005842,63.528658067080436,92.0249664413759
1130.8570441321885,482.68501028004977,59.07109282661362,103.31235005563497
1134.294048497632,494.02711714736415,61.39633820160197,100.42063520182772
1130.5578729409017,491.89333706815444,62.789545720745366,102.70740505919727
1133.7522107859734,493.6292122019631,62.498090480497,102.84798831057583
1131.9131427798586,487.7794677909739,61.86915841600934,109.55245865354406
1133.677161157637,488.1936752887227,62.5266876389409,110.43068098417776
1136.3629513741594,488.77456920256975,60.452844177374516,111.6419598117538
1130.1144466317382,463.9368941501085,57.939840664562496,122.02071577098336
1135.6416274127266,470.3285464702616,58.39940965288018,123.89055775683732
1131.6404843982775,477.29043237235453,60.29130084228112,120.36102370899061
1136.1570090080554,470.14521834729635,60.13786925379053,119.81461965810587
1130.9551633806298,460.5380624686074,60.106853521632594,122.21738072014873
1140.3009965193178,456.40708244979936,55.56636714448072,127.80317971284117
1131.4743354212524,452.9956288989714,56.66278572003347,129.4978361895778
1135.396339454349,452.236203006261,57.42801320164567,129.28947564626878
1127.9076564072875,441.44881192150996,57.96454494565927,133.1532918216316
1130.5445312976424,439.478009762125,56.80550351471838,136.50788311728041
1135.5465293198722,451.52607725593464,59.204627388938874,129.02826426666667
1137.185310956716,457.8584694056374,58.72294606280904,123.10146034470927
1138.5524605797234,462.6905947076816,59.695443182061425,117.1556272692983
1133.4521203238037,458.7894555060933,59.103110591276874,117.05002069609239
1137.0928996597677,459.51238523187953,56.98311689601125,116.91800427892579
1136.7162162698185,463.8699616124649,55.89876700531714,113.52144912302273
1138.7734025119976,466.54268083065483,58.78807191666205,111.15052856555239
1140.4162577222571,479.42686378478936,62.92598749165617,102.08208952346601
1136.3991296906133,473.2750782986111,61.5656242171315,101.46804198924184
1139.4484078192413,481.02839984403374,63.123287124357184,97.5362592175629
1133.0083426235512,464.54740962235866,61.307862797800226,104.20365065872268
1139.270751253533,477.84184670395103,62.87581248085435,99.94652035271056
1134.667690701711,459.92703722153726,61.43191111549011,105.47480824540226
1138.0971744828698,469.0694578158466,62.19401772471696,104.15718442903656
1131.930518788504,456.1460462044389,61.74649702065995,108.4391677099324
1138.3164648354166,466.4185892699239,62.85226475733239,106.39510975413441
1131.7799316950482,449.55396273232077,62.69935526652792,109.40121356919241
1140.1643553527315,468.16017180905465,65.44644097821185,103.54432206006797
1130.7867034220903,433.34320111475546,61.69504829022852,113.66862823394786
1139.1694853267165,466.59339499644216,65.6183046892761,105.37644091748487
1136.2155043319021,439.59450546852474,64.27492317415036,109.49009065221509
1142.942138272632,469.87952435164476,65.74828524721923,103.86957541237317
1137.389377415917,447.1710979405877,63.278543556419315,106.94913575737577
1142.082705690953,474.36720735342726,65.93061037814755,101.12379468582824
1136.3768465403919,443.88643765841726,62.07642537530758,107.76183290935106
1137.250785981237,447.3494555980111,60.50300987285803,111.76177183357106
1143.5011421996178,469.6223290656934,62.66186929003324,105.52344188337014
1137.8876511161973,472.21185849374535,65.57970630459434,98.94545365013369
1140.137005666185,480.9540179310427,68.99723031016997,90.91035545162748
1137.0869682482703,464.13601079181433,64.75098799831486,96.34341477163142
1142.315483298133,482.5774540605399,66.22315796944204,90.07271925177939
1142.8090566466215,485.69323740001744,67.11207040757897,87.03517714060122
1136.5844358084983,462.611677867183,64.276268924638,95.00853523133755
1142.3073351021035,480.50482996487335,66.31065743391775,88.83923991016967
1137.0543704024788,464.0446071579805,65.22023101474647,92.81768065253624
1142.7944325472556,482.8326302577626,67.46737769701345,85.60678107503983
1138.8039042657724,472.86808309173136,67.37909628997447,85.0548549551979
1140.3102514196157,486.20735406547254,72.58868515235184,75.8049692762742
1136.8550992004061,474.2571379773515,69.53062259134639,81.34870915329253
1140.2890152280984,486.0299712535174,72.17770945337257,74.92562357528479
1141.521353658686,489.1498307748781,71.64038229585188,72.39215186304492
1142.4856872388002,490.88180992650524,70.81109427147584,71.15566540846257
1139.9416098559277,479.0448654600013,66.06206239378466,77.5204627190252
1142.662100386091,485.86204323397965,67.42986990058655,74.13624917636156
1143.896104933342,489.69101292807784,67.11858513075751,71.90233487923359
1143.226866738698,485.83003000277864,64.75780015639182,72.4617199822031
1145.9082904652885,489.4081414686919,64.98166050167873,69.79038758697433
1147.4821357691735,491.0944821857913,64.11685001485833,69.45558299456457
1148.776753469396,488.300769909349,61.23892048301898,70.15538020226472
1150.4939790894307,491.163872177299,61.39036969000041,68.2674556483052
1149.2814412749751,491.4033046233873,60.95524733033945,66.40331858561751
1152.0018630771756,491.9762168148399,59.30378307733992,65.87236626939641
1148.318422042615,491.11272205877924,60.6406097501233,65.01763869978754
1150.329423524429,492.2465237612472,60.20767435693084,64.38225885679803
1149.001182899433,489.66022479394957,60.78521091159276,65.07771117048362
1151.0413491974691,490.30420325887707,59.69497387909142,65.10699870330777
1153.057389703592,492.1940693971548,58.433887971814045,64.18727913155013
1151.0304244742258,491.21836476630614,58.970243161239964,63.80836193066338
1150.3999176913287,488.6444675802223,57.83849592712635,66.04455348985705
1151.4382886423643,491.404701078396,58.83957283743496,63.842058077916334
1151.5001181608582,489.07533782567896,58.176348653100625,64.97717397576292
1155.5367307952515,489.4708983404598,55.477019568351295,65.49115913476903
1150.6600608563167,485.3098654003415,56.00891138986735,67.62945349979273
1151.8282725628674,489.7654134938892,58.01884668183692,64.32510050282403
1153.32878262269,490.10948630670725,57.69086839304866,63.925260794453095
1150.933538768428,487.48938364815353,58.789762512149714,65.10771931002529
1153.5966656054416,487.59701263471175,56.903165354022306,65.94299139985384
1152.220642248638,486.6795789688817,58.313277056344944,65.13565297910245
1155.2660389328742,488.502771165812,56.2261759179725,64.44622674024717
1155.7196324806862,484.95925597329193,55.417148581138726,65.40663481678631
1153.18254219855,487.74420104527894,57.4251847787349,64.35654100525902
1154.5297140357332,487.8557403421777,57.56944270925733,64.065627496344
1156.0052411803922,486.11497948372397,56.24873369745055,64.2503780995379
1155.2914273373176,484.4939757914953,55.16888954040567,65.58873221247099
1154.2412770951614,485.8977152860703,56.729996755929704,65.88624168105919
1154.4625031220567,481.9900739765176,56.459131158453374,67.94847012792982
1154.3961366222475,479.2103926484575,56.223510905707954,69.9310894439611
1157.0006135610063,479.5562102109532,56.637116324426984,68.8978384902035
1152.2336461517339,474.31239868009817,57.53986335740679,71.64628527083296
1153.5531200005166,478.80158219327456,59.94329899784673,67.54548491736989
1153.485134018161,476.0979233360226,59.012384623192105,69.59255821393971
1154.0123445499444,479.0543864136683,60.84349648496776,66.96706110266325
1152.4540631226969,474.8019953671174,60.755289284287535,68.91730946498255
1153.7714276978822,472.6502308648335,59.50077878413269,71.71467398426805
1156.9384856969552,465.56034685426266,59.323576437010445,75.60056329891691
1156.706827464525,464.31170836230206,56.38550835531054,79.60775353886328
1156.694702972183,462.7196864422926,57.22782792562438,80.38387883371809
1154.8506137510567,464.01058505957025,58.414396324302665,80.29571767474351
1154.246892118535,463.35329665427963,58.659559159201706,80.98814452153069
1153.3582941910574,466.42875164614946,58.614375324837724,79.60213773414922
1156.0169966956764,469.4104129365578,58.81385203290312,78.55941293807666
1153.6863827099205,471.2929877558972,60.81665595763393,77.91157361959581
1152.4825162401066,473.27811394473025,60.35622129761548,76.45383504440892
1151.5173636311615,462.9519881578939,61.48738888018221,79.0727370170535
1135.5713905922503,432.05291264286325,62.42078694960307,85.12082769124996
1148.2251303949977,463.3984724700857,64.7964443192016,83.08166890536359
1134.9697267336521,421.35791798835464,62.37959240782138,92.17959279927418
1133.9552917619494,366.55002563124276,58.34261744829209,104.3447230926333
1139.5659853600046,326.9578078206574,55.98992839465595,108.53384196656859
1138.2529539243812,326.1938867333276,55.72498940388496,108.54389163813896
1139.0901031633302,337.8581291057271,55.43182579244625,110.21411209384794
1140.0096166559076,325.31368322104004,54.44034103203185,111.38371139156959
1139.5759463008858,330.9238140733534,54.5796677531232,111.5286246330728
1138.3321665761493,326.481014889078,53.587892154799334,112.07228836012024
1138.1373914555872,324.7961343286738,53.96075437874877,112.3384137855227
1139.8178577168017,312.7646304774814,53.27858673121625,113.61152254066818
1140.0783990498342,311.7189217994446,52.606161627595725,115.83798090287533
1138.4686304629645,312.9882248538918,53.609652033501035,115.45398943116167
1139.1161935358787,309.6643598873154,52.77573669213227,117.31379297774373
1139.9377297543351,311.8318938760964,52.46159619184756,120.00187384503987
1138.3921936989082,298.3226711158386,52.734171535030754,119.22584126845501
1140.4759454826924,308.8943224336856,52.72322804492425,119.72345921499308
1141.1076513455052,301.35300727790025,52.60762489968769,119.40933818712266
1141.1564026778728,303.968579975602,52.958236289812675,119.27836339029326
1140.8411508171343,305.65894967816695,52.79469360200544,118.61658331200952
1140.6426579960169,315.87862144286254,53.75428534148064,117.27953670742008
1139.3675548429392,312.9010483156301,54.26807423403011,116.1307285401208
1138.850484243043,319.75487788432054,55.53479996816324,115.38125389167855
1138.200741674171,321.69057646242277,56.3345202744571,114.36619155055695
1138.6411724560462,323.82786802660655,56.49318865628667,115.3593002013416
1146.7499409204902,365.6159560156119,54.3356896675328,125.79333985210755
1153.0445351680746,406.1601685285904,58.216682255025084,123.47799760669515
1147.1293501200391,413.61643793857644,63.00868190705848,119.82479416209401
1146.3089885614647,405.24245484096423,65.00857047754411,118.7924001734794
1144.5748892486088,416.66327344332774,67.93931929882712,114.28771458991005
1146.0441297539703,391.9729829053046,66.07880287606639,118.6262655768243
1144.1730218069245,410.5823765564925,67.56725484210378,117.07463670293217
1146.6118519735267,372.57552955774923,63.903960787734796,128.6094281237928
1143.2147180969089,384.4627055236525,65.74435913820533,132.78764841680976
1143.9327449392779,383.29245665689,68.13514299129248,135.0678411212034
1143.6347692589009,378.55660555435395,69.35322335773819,138.5933098531528
1141.7915863626647,337.026094824275,66.968643654364,152.26721569391418
1137.629553620116,338.09882364293514,68.82685343743856,157.39252317935285
1142.340115231267,362.60402447805745,71.47022497835331,158.24131049782332
1141.5976166025855,353.8858563719958,72.91410075510609,163.50144688624124
1139.6897804484513,349.5668300254871,74.11694736014552,167.92142867116854
1138.7681002853656,346.18954649980583,75.13837270376645,173.09172680897797
1135.5838144960996,348.21244162764435,77.95687512343382,175.76713861072335
1134.7342255179192,347.6922046606731,79.57191031026257,175.87286820529982
1134.74238409059,345.1071125779242,80.48785588404057,176.76716103942937
1134.3636923182498,346.1396409423256,81.40064509312734,175.91412161355413
1134.6031172110518,343.01066344827586,82.94214305393433,175.26994657113676
1130.349617799772,349.32242322512406,85.96426776891249,171.86326115532393
1133.4955225542412,349.4727725740963,86.11152320937325,167.1967439496815
1133.8754282224347,348.0530286120172,85.06913754903286,165.38103229389645
1133.3200780311258,350.3454965959368,84.93404527009355,163.21884036157095
1133.4981681748054,350.4265071335416,83.07505334310392,164.45180210461962
1134.0467473375074,345.8703719684359,81.43405529066632,164.6512026531475
1133.932820810501,350.5266810602607,81.79919494424831,160.68699558966807
1134.0561371084427,352.46719016701917,81.37779448668456,158.36987081029758
1136.2248268701478,351.2730409216067,79.08246518903435,157.37453046480158
1133.9990202101133,354.60682441068064,80.08163828670476,154.6735407490445
1135.90389229111,351.49278544883646,78.91896853697357,155.19351540325482
1136.9356937158818,354.0400537533702,78.50353609061618,153.96153116315008
1133.6457237613322,355.07523501897424,78.78173876330554,151.4608003081131
1136.0044586035135,358.2829157017542,80.00792337174587,150.2814267275258
1136.5027140843154,355.9574152064502,77.90139662352502,152.53079908531595
1136.348604869649,359.0305169496429,77.42942562465188,150.70329096961353
1139.3734015603934,360.5132590942279,75.74769631808219,151.88081555588934
1137.6485739555133,352.751696358039,75.52372086512966,154.67619662842787
1138.188420042129,360.7404295829844,75.87231567840328,153.30357224924205
1136.3394284225176,351.99810887434046,76.8085144468046,151.89377209083557
1137.394116711078,365.3104002825825,76.78151369815507,149.67138323856537
1136.5530181843183,358.5101478100353,76.63098445673413,146.10902618619807
1137.2112769492956,359.06879693052974,76.05212023536743,144.50441214617297
1135.2573019722452,354.91073740511183,77.09112016285924,142.4807886773745
1136.0395835406378,357.254366879379,76.85471046764363,140.8020145543603
1137.4213290289647,359.3042997090032,76.65596947523748,137.08833485924026
1137.5749106020287,355.59082964696216,74.33021730929055,139.06615239730334
1136.302408639841,359.73930874248566,74.13002543046711,135.41843717203457
1137.0423257979073,366.38736253680634,73.67301343788466,131.19237647912527
1137.8669300338993,368.5892562773662,72.61599063354424,128.32498477518496
1136.9359190260998,367.4452018376545,72.58323659330884,127.50330834162177
1136.1020249468115,361.6322009003629,71.80798433649727,128.8638008883066
1136.6833146267754,365.2605033039059,71.83582127516624,129.89864101402478
1137.0149301929414,367.1929529087487,71.20185567810273,129.56395508637496
1137.05076275563,367.30169965836967,69.90306691195534,129.42531300126052
1137.0254433160628,373.3674379282421,70.0525095063008,127.5437413960496
1135.1907948498235,356.23783156359576,69.4713865813381,132.72045999795102
1135.430526958485,364.6148635375904,69.39242784840945,133.21904058311162
1134.0147557687535,371.30211101782936,70.07372556039049,131.49193987518296
1133.6482541906298,366.51922028190427,70.04329836931407,131.12315790971522
1134.0607077992477,374.15414233643827,68.97356768771748,131.3771490697214
1131.749706441189,362.2366051535979,69.45146697328595,132.59994324151796
1138.198883625996,373.0413193692992,69.77414174661973,133.77132758336563
1132.7647985618828,356.5472509622293,69.5478533492359,137.26739796474993
1132.7261991653922,361.93549645013667,69.65214835912548,136.2014336727275
1130.3199308443682,365.65907820036773,70.97241492620643,132.96574624206596
1132.1889100503136,365.73495743804006,74.1202975624928,126.5224946533441
1129.4214291649653,359.91147425329154,71.94829981613694,132.0519762195379
1132.1005054447085,362.4916404708955,73.0586311294937,128.27579895577722
1130.7509577186775,361.9699497648752,72.11477397107237,129.74491461595704
1129.3848185636075,360.96917563381686,71.24710145699244,130.50970714199153
1131.588884835631,361.22488322498253,72.37039752181772,126.91015406140481
1130.0275497169562,358.7874081643622,69.80019321859956,131.06011870271362
1131.8150759624511,352.5894758176309,70.27578345107531,131.61360159898004
1129.9640369741194,363.7032086691677,70.45916440033757,128.16440369140065
1129.0963061509508,362.3835877260442,69.63594405000288,128.9855799681314
1132.9878296161226,364.3410783426588,70.46889240531902,128.71031282291565
1129.491453445294,369.00206158186404,70.91602809945653,128.90171931508752
1125.6992990209228,353.98280792634347,70.11321793229074,135.6822747357004
1129.8552976362166,365.8816708800573,70.59994574005258,131.91108814777624
1128.349336542808,359.6581344087214,69.7128319650813,133.706537978131
1131.7968411471397,367.64600590003124,69.27874537562049,133.82635437516998
1129.6678335854128,358.5292046122421,68.64960938333992,137.62434019198093
1131.7537358000081,363.0540447272947,68.7958234398451,137.75166562636235
1128.0886894610246,355.50549949593125,69.18836514313514,141.4842896419599
1128.4018157906453,353.3499172080611,68.75277696670656,142.25641619392727
1126.4784116172693,350.37145980902017,69.23454777264797,143.27047166882312
1125.972746880907,357.18607199074074,70.52493724245971,140.1881161848666
1123.579742036938,346.7019686522867,70.12812520744366,142.25408118804597
1125.105681950978,349.5019972887399,70.85931908826703,141.9786423229475
1124.8894926394212,352.5616952338935,71.41126222469981,141.4187536306003
1125.6718770833063,355.2201200952412,71.46321009319635,139.23541701152948
1124.0245938441456,356.45177206937336,70.900713290081,139.18934488889576
1125.6856620569308,357.1717397777695,70.45138720381881,139.9008401173627
1124.5753757666832,360.3606482500107,69.79137425652522,139.7277265039684
1122.3288463923395,359.42656101095855,69.4670431506695,141.19634514463044
1122.3999492555167,364.17305170841996,70.84114848690128,138.96925604807706
1122.4087129543823,367.6097923318814,71.05691274260484,137.83935362161117
1124.038195536733,364.21419528943784,70.64185573381815,139.94410488875047
1126.2637227696678,371.10415714421526,69.76132892074395,140.29320803302636
1121.5309401863656,362.21561764849514,70.09748755636008,144.12544891563476
1125.148277212546,371.087140788699,69.77962857997414,144.73224714388618
1120.7422868369413,360.53936766438727,69.15541778021249,149.99913430437607
1122.7028695107056,367.61684946729747,71.82047173012958,146.06132033975345
1120.6707370982215,370.5407170869818,72.09007542967616,143.60733516333602
1121.3507469865508,369.0591291046991,71.31197562847575,144.84941370076177
1121.5862552261783,373.3611346033422,70.67163033476672,143.04596524353076
1123.543340965326,375.54971789178785,71.01107836040867,142.81383864950266
1121.765968347483,378.5073593515669,71.47249069952545,141.7770112515747
1121.383748946092,380.6085790631304,71.48811211829307,137.2793055640052
1122.0373397121577,380.2792051161794,70.89692779146388,138.14038420546203
1121.0317152501964,379.70095021992813,71.30100775152869,138.66022847263167
1121.1404927985684,378.7272175387932,70.13359580794,140.90622934310312
1121.2283575497554,380.81168453776,71.06354677339132,139.101213063619
1121.4337215474304,384.477772184733,70.91626917288738,138.6308456608644
1121.6871786864253,386.8976861857911,70.7055981838422,138.92168582112436
1120.1674403502504,388.7157739172726,70.04585197402199,139.4680009490084
1122.0251279381037,389.3379273909454,70.25951425457387,140.64452021941455
1120.344623653249,390.8445080450142,69.20309663701516,141.83844753199097
1122.38905615261,390.6331039355716,68.83738007297742,144.0103730637346
1121.2540088406681,390.6413865546324,68.48939046079036,144.23606929526005
1123.375686735855,389.92131926662466,67.70609738876004,145.48464743923603
1122.9620330481225,395.38367298640134,68.8825082194603,144.0876870892747
1122.0823567689079,395.12150660392746,68.72695881086912,145.3209030281245
1121.7504006943536,401.21608575763037,69.22590540718193,144.14290913603713
1121.5374193195016,398.7586001480628,68.38727745907843,146.4367959509895
1122.0740395376172,406.0748436605453,68.51234795057464,147.07578390062952
1123.3635225923767,406.8065994812938,68.75292556402025,143.84494933252012
1121.486263014511,405.64361151685216,67.23842764937218,146.29487384923348
1120.1311123993562,411.3065614204776,69.03636317646222,143.75435927755987
1121.6816849617564,417.5785396839159,70.0427781570201,143.00647925049645
1120.83803720794,421.14183716544056,70.58730275230974,141.38871180244655
1119.6354438167903,427.23147747073835,70.12297978795746,140.16254121723438
1120.9672233401418,432.27120024108615,71.07703564227603,138.03209519213445
1121.9737490097273,435.42607408814814,70.42999139157388,138.1521982417646
1121.5022364164327,436.2577386488987,70.1553337275535,138.21351902091638
1120.9476324493137,442.1736837456502,69.9069621661974,137.90486435785718
1120.9459258152372,442.542564672156,69.84837733682528,137.0767655868185
1122.5069444355424,448.7655119401178,69.45719437788496,137.7917607309849
1120.998866192552,450.33149467034127,70.15942927424732,136.74933223101357
1123.1250152903276,449.12414822711264,69.55728168806873,139.26789697655954
1119.742195355081,448.49458222026533,68.2306209985412,141.7987205285537
1120.9601997880682,454.36513068194853,68.86336333375993,140.02192220848374
1120.6936173583413,454.0230508216929,69.13525153338574,139.68057413046952
1121.626898728039,458.58693023500064,69.52304162255578,139.22390718232327
1120.7130147985158,460.2278864102112,69.31493374324832,138.55253506423566
1121.9295116924613,465.0799601206963,69.54142480288934,136.9676355090977
1119.656741977705,465.6453811037552,69.11853030215894,138.18067292839947
1120.7227983555483,477.5641979936581,70.9122377491352,131.59313073058257
1119.245420039023,471.62876625508886,69.54191261771601,133.0948480835329
1119.6051565458106,482.31794544981074,70.63532573048556,129.67273063124054
1120.5031888682079,482.6005412881425,70.45991585178129,128.42739180299532
1118.8248866416181,479.7402669903961,69.89669980161533,130.2197377539182
1119.6620597770998,484.61356947215864,69.54020332723931,128.12221997192492
1121.1185590090374,485.4746052078283,70.34972047208694,128.0456149786906
1119.0200515499146,484.4151866755862,69.78469048442852,129.27065089528097
1119.7331715160758,484.58317789552234,69.2838462306957,128.98313421473466
1120.5443770575966,483.92964387641103,68.94114597409347,129.35693332469225
1121.8838484935386,485.36251944097813,67.78219391062044,129.09209394759787
1120.7020306925144,485.5065853421978,66.99759822421284,129.28242988694205
1120.4240483000901,485.2456798933698,66.58942264609635,129.03959700755553
1122.6439685319617,486.076623445257,65.71133147705429,130.13294889139013
1121.8886793995523,492.75727457943844,67.0487410626001,127.03825617090882
1120.3261673001184,491.34434026957945,67.9827448752057,124.9528205986314
1121.135650374119,494.5650137345362,68.76597186576085,123.3622408148625
1119.5365442976042,484.57020393199605,68.61662054586735,124.64977839380529
1122.2853253122762,492.3085843645001,68.30590073013104,122.03543044681643
1120.5702107545715,493.3826388880044,67.40123632487635,120.67900363615284
1121.2599706244991,497.1439864924589,67.04361234293646,115.04994369475025
1121.815522825544,499.14972312027055,66.76483775578896,112.18877339452371
1120.1870934627796,497.3029212780234,65.6893770326785,113.3903761332779
1121.2540377911657,505.49973030917977,65.86968535829816,109.39996978755329
1122.968314837813,507.9992466440004,66.71865817355362,105.27420349551754
1120.8507548114528,512.1346123941978,64.91597403769009,105.86555347916863
1121.2537343807285,518.3346826789548,65.96232923659932,101.3518417926025
1123.0089691938774,521.5447883793295,66.1126066464933,98.8859264364153
1118.377839897317,515.7538354222659,64.69233433476032,102.07376072299562
1124.2221209156778,521.039381817907,64.57170293365928,100.18852380262587
1121.6627439451852,519.387172640485,64.75353403990565,102.30852366558929
1122.796192747373,529.4562278591693,65.56039570315336,96.37772419160679
1117.9757265787164,519.8504091507285,65.0524524410693,100.04904920414195
1122.5288407092219,531.1464379977543,65.00579291763792,95.7818101803188
1121.199098551767,534.5004991346339,66.01837032667288,91.97488082723038
1118.7252327865776,536.6734888427302,65.74221992354532,93.23445520843971
1123.3341280197365,542.6605070176826,65.91492287028355,91.62404097938061
1120.1806013994376,538.2221039334676,64.33310606637221,94.54626503050221
1127.0518215608768,553.4478954930584,64.25065539823358,86.58486487845994
1119.2852967283065,553.7358047383066,65.27586132049451,84.1226933929812
1126.7302874527643,563.0136036164375,63.63657818652298,81.61160091208271
1121.2128198303042,564.7410008103147,63.971400855045246,82.60614763650105
1125.4501280415886,572.3939338276622,64.92859200027475,78.47064968599145
1126.1831874549575,579.5097732361628,64.4490138831558,74.30195200016352
1122.1985186693612,584.0247142703081,65.12999347878366,70.98174710874015
1125.257550196755,591.4947858849827,64.94958953469522,66.62605484513864
1126.7432078785496,600.234089520079,63.860539467007975,63.51291686395972
1129.7768774258536,603.1870249574097,60.27201972066804,63.07730705062789
1128.2348405317002,603.974915586928,57.132375425372004,64.58881180466057
1130.31950350658,608.3374195236291,56.20342567693944,63.80999792476965
1132.798193581798,613.0500792876163,55.3408361684222,61.72225455227289
1131.0978720845324,615.9780413911454,53.79426462698505,62.74373469641024
1132.9034852836935,620.3744271365281,54.27801783991755,59.10970421444492
1130.1185330559454,620.7567452218822,52.01720085065087,62.54644635244864
1131.301610612055,627.1719408792305,54.841780734009745,57.81556403734919
1129.7173716061002,629.4487247098444,53.15670863914947,59.25612840638494
1133.193738220809,634.2534048889614,53.107257173623175,57.79896482921525
1134.5899636890474,639.8010657232395,52.78403447288887,55.72413684495655
1130.463879479812,642.2331373791035,53.19170200470276,56.80475577104717
1133.318489012975,644.6805080080959,52.71117980510574,56.65907382222258
1132.628731776688,649.6203130401319,51.50866121775472,58.36500678280086
1134.5610080836148,653.1866022931885,51.805301227767885,58.32992278457576
1133.725548779667,656.8528989322116,51.81947133873176,57.81935470609376
1133.1626304135132,660.3688510740717,51.51201483087059,57.53365992905316
1134.9111038742792,662.137952276771,51.111711044207865,58.9768219771163
1133.6051538991014,667.1725294269422,52.03116114545681,59.24121266103731
1132.918627794654,668.9570417477341,51.100433691255326,60.06423291036218
1133.1595364015539,673.39399326023,52.865869405891814,57.14274478707048
1132.2795823177821,676.5793862657455,51.75332189366392,58.137812133334364
1133.8963314211182,681.8493939715833,52.4028643283726,56.119834493775485
1133.3121773351527,681.2934982929942,51.83764397700256,59.27658883479438
1131.696519774832,684.4348040657038,53.485261475240485,57.71752088890186
1130.2402268476344,684.7861625139276,54.01781054857119,58.99579631002354
1132.2253208637248,687.6890927086104,53.26514571159768,57.69549466842173
1128.9550084966036,689.0776590465633,55.01768412533637,54.77659103282052
1131.967358326154,689.4994693446218,53.54007170200025,55.41846742927276
1130.409374627225,690.069808804011,54.390579599489705,54.67628451123194
1131.5734830895037,690.3223670445293,53.75707959788593,55.0131554288502
1130.7563150155747,689.4616577681635,53.71304386609225,55.0146220307396
1130.556837597608,690.1069549558326,55.09090053315163,54.282148398560935
1127.9982763535986,691.4762540499227,56.5529428431886,52.54904261748153
1128.9218969682192,691.1880048138738,56.41984479827781,52.58311593173035
1129.5725072363919,689.5646753023079,56.68701896713475,52.72026129092439
1128.5586862011573,688.0263979038488,55.45437417866037,53.02920725524291
1128.6643313981015,684.8126857756524,53.993684032199866,55.05389678993687
1130.3647401779335,686.7539333096449,54.19446481436218,54.50645932363924
1128.3818300215207,680.5713766595042,52.67609710357074,57.715097279407985
1115.071545703825,665.370157160782,52.913491937357804,62.44540376290625
1127.8079224526596,679.7973961259809,53.60913984307412,60.66229702093045
1127.009135559102,678.3686155807441,53.41330909518393,61.33049362045555
1125.3628343348473,673.8983249132348,53.36153870283125,63.21209650731299
1128.6288993652893,678.7477751249771,53.67138225504961,58.959002623528065
1126.185916652319,677.7064790184816,53.93127995548504,57.414044594120895
1125.7845088982488,675.9429707698341,53.30097632285619,57.46354038214842
1124.4036466335922,677.2307097552881,54.36302389942128,57.15699720385511
1126.9307916642622,676.9741634248323,54.06487013377668,56.75583397293234
1124.8008484904308,676.5566473135748,55.088244276174606,54.71510405609666
1126.9662949782003,677.1339094073847,53.87190971309943,55.002431828133304
1125.421325717037,674.121378789837,52.4878370813955,55.99237221638805
1127.4867940963004,674.8827312007375,51.48654512243705,55.569976491020014
1125.1595051718832,674.016836083962,50.37435080932779,55.178974677676706
1127.4609467637047,672.0050253465519,50.25053653837156,56.196770334987235
1123.1434009025306,673.4380787293352,52.45692044868282,54.48949595656699
1123.2568131951334,670.590692977933,51.37139208936713,55.613026335410524
1124.2504034149586,671.2192151402194,51.66385330623461,55.39744922228716
1118.003239416372,669.5191012502702,53.81433296276302,55.39748991329185
1121.0014374579782,669.6862795319317,53.8658962525611,54.99139957761153
1119.191447034083,670.7695248070792,53.97758230242886,53.86443702422089
1117.2821750210558,668.4726062762635,54.218123349735166,54.453509793334874
1119.0156868845959,668.6145868631232,53.5416028759588,54.38352452267163
1119.2299911445668,666.6607163375703,52.207687059539445,54.65333828341849
1119.7404062470748,664.0362714365712,51.09900923676081,55.78133213895495
1120.018763235431,661.8843367184876,50.40657280211758,56.95685934041369
1117.3538833759603,664.4332784276555,52.33385590277908,55.695573208051364
1117.969370440645,661.9549025412259,51.94388328572133,55.51256649315462
1117.8837237700639,660.708784336959,51.403112485831315,55.57773765185033
1116.051038172286,662.9225838964243,52.67058412475407,54.12591914406546
1113.8421587705616,663.3105024804844,54.19494342769296,52.17602508796804
1116.207288217823,660.5672561457958,51.69567921439318,54.724958652030374
1114.5049365529867,658.2569183271158,51.55637871334993,55.69541009813746
1114.8489558850392,658.3189632887232,50.57962637820134,55.212316350892856
1115.1600677144984,657.4405257605481,50.223797687814425,54.621299725938826
1114.6028469231474,656.4599483408751,49.90160538481545,54.58974161136064
1111.4469229490578,658.4546889796907,51.155812778170976,52.31177856170441
1112.5558877177882,655.3239803162417,49.549347206111676,53.36150133764555
1113.690504407787,653.2773482450992,48.09143689742788,54.217823999925926
1108.730249860286,655.3482172097702,51.0921879927038,52.5907510273707
1110.8253621147933,653.9937101084744,51.649596927379875,52.99755893889072
1106.508799217592,651.7894329566706,53.63212811407207,52.91148152106483
1109.861376883528,652.5902159377667,51.89876150763852,53.28426905395395
1106.6324465184277,649.2762447719716,52.75087990151407,52.61429692147218
1108.8028725652805,648.6136096039137,50.831155192172815,53.55068926825948
1103.7592329645677,649.7930284820275,53.57780574581061,51.33031413012894
1103.8426649682813,648.6385217044311,52.95975506248024,51.72960101452533
1105.7225675314169,645.7579905324595,50.59459475997755,53.345069757196356
1102.4916180614464,649.0827934284006,52.69239981923921,50.28723417549968
1102.7264051090965,647.7243219525074,51.91863819095924,50.42013809614372
1103.0187391106163,645.2175780074526,50.647917100040516,51.470960800780745
1101.8872303173098,647.6678615571998,50.80827256307644,49.38815204081777
1103.6752717400186,644.7191032634636,49.029654453288764,50.84251110051272
1103.9274516341252,642.617842021518,46.6442251411148,52.44690583002664
1103.3131241352544,640.8692092159189,47.079639495047765,53.12230013905324
1100.9833954936232,641.8633503250614,48.74214793378634,52.107185824664384
1101.455075110842,641.4887367741761,48.43131179456542,52.19438640284845
1101.6048996500692,639.1301673097968,47.12531989544273,53.028926752302795
1100.113038808753,638.9219616337567,47.88278168159573,52.644374927268714
1100.2958441418882,638.6081992257097,48.123747269083,53.10912012497985
1100.520597797329,634.0342832171943,46.64280412097949,55.67075451040518
1096.8523091356342,635.1728576389469,47.606232612507846,55.404125180990675
1093.0611945702717,637.1195235479413,50.86728844489246,52.70900802439466
1094.0227810471306,630.6903573134941,49.35394732680916,55.01965502426336
1097.1635119020468,633.6148199722298,48.61158373943279,53.7601204094754
1095.5904714475553,634.4234429786354,49.13604270984352,52.628917467038306
1094.7243458070993,631.6048793854036,47.554972243203615,53.72442320817671
1093.2167540030484,633.5817797257977,47.96473924273014,53.05610145232919
1092.4097512331427,629.8763660716893,48.16624754358446,53.00269174820276
1092.9375516326534,633.0519546652492,48.39109061475172,51.418768307289994
1093.9100959773314,628.3367956302709,46.337818505891455,53.16439297920137
1090.875924405535,630.0840961890526,48.174287280793834,51.18090588243596
1091.0096172190201,625.7205333581522,47.20121959923398,52.56945977777089
1092.4823985681319,626.3914230296126,46.29404912155297,54.195845600312694
1086.7477656135825,622.1735078309766,46.48828885004069,55.5548006544237
1085.2205093533853,619.2312259319,47.70472409709562,57.94874814560397
1089.3792367403894,620.6632149475003,47.619598026403494,56.822748050314075
1085.2146091957595,620.2772587989995,48.339800697471944,58.013831949331546
1085.3721012621866,610.9112701107573,46.5222561382285,63.063016951694415
1085.906100522996,618.7438077044077,47.02434062954892,61.668999031853055
1084.2787310024162,609.9067296662619,48.039933936981356,62.65944084265588
1071.7575237997773,591.0759991997019,49.538872371992895,69.52112771508597
1059.7994266279184,572.1708386515915,49.89847860037521,75.6908864206243
1073.2663632998385,598.8422087988178,52.573086584733424,76.80725339107862
1070.0884750378011,600.6920949571958,55.03759778268113,77.27702473304683
1068.562106982925,602.7640911583168,57.70530626455542,77.5162860910072
1064.1517063986696,576.2659730767602,57.76866150232736,87.69801628901104
1070.7597879479167,569.7293514598266,57.927064046556644,93.45956269492103
1066.6700931008702,565.8001667644431,59.25906959900363,99.14708112110127
1065.3732336083967,551.3288631035734,61.302323461673126,105.79346139906733
1062.8878826604944,541.757351460669,63.23166657761315,108.26973609905674
1065.357153329432,547.5474833270172,65.12186132312814,113.79093958522017
1064.5990755227563,548.9729717041777,63.29326761244448,122.94470824305384
1063.1976637419343,533.8457677421321,64.9352516863584,125.12915015118878
1063.7341998107463,535.7304173596259,65.55378869548647,126.5519490672663
1062.4763533999026,540.4377179027251,65.5356256231338,127.81775541340404
1062.485055951871,533.1518432053555,67.1450748075725,126.26186429000636
1061.4471868173327,543.3731312565426,66.411603197599,127.58120662044797
1061.3095159404688,536.6717868864303,66.18803703275418,126.80889745463605
1060.8154844916653,533.4545701878412,66.73752234708117,126.79722624110687
1059.4155865560454,542.5443988852531,66.85067252136268,126.10353892715878
1058.86146977342,534.6607223380665,67.6919674029265,125.07214303722307
1058.2784698940848,532.118232177254,68.60646176896559,124.54903133086404
1056.7508320655145,534.4537939293349,68.66110389341577,125.89405466441289
1057.191801415721,535.3918505205869,68.25353052194731,129.16313999923355
1056.2658163641418,531.0691907483,69.5883134940627,128.76986816192812
1055.2484883270738,524.1024153896897,71.57691050344235,127.88656298387825
1053.8143150873293,536.3062608767684,69.54991829577462,132.05157304667352
1054.449559875484,528.696872545796,68.99004879116899,132.32466124894154
1052.4777022838946,525.2811838074003,70.37237633099643,130.08785601707905
1054.3897155306754,525.2059274241197,69.2372553743694,131.33504646466068
1054.6145950820194,520.9497334140242,69.80082420584155,130.7096093275544
1055.475244160327,523.9164474127598,68.9952358920144,129.05424827670865
1054.0952532266351,525.6535545943359,69.89313021117246,127.85806294525602
1053.4665152500959,524.5533523712262,69.67965598418961,128.31119579668103
1052.8492548948561,519.2753882694254,70.48606695319555,125.93292440067717
1050.6294086849173,522.6086892631529,71.956065839102,123.31592786808716
1049.79227731112,521.4003907863192,73.20552548341658,121.19898144864185
1047.5177459058439,520.610953815627,72.689821870302,119.42092269484868
1051.151305421558,523.9822586991146,68.54939916379858,121.57863044654677
1050.4837029513099,519.2452665171055,66.31827119294809,123.1446364198616
1050.5651868978446,517.795809206416,66.41397206059838,122.83716796130463
1049.258424518969,518.2001518683428,68.54204876212195,120.2212463632359
1046.9141609822273,517.3748904112418,68.25727159568213,117.52006628593293
1049.0121876710496,517.2480690132535,70.19701843289465,115.83716561888488
1049.726728485646,526.2877446782461,68.27970944785453,118.60501202403347
1049.1489189150323,515.711202609346,68.17118693668841,117.1334103466234
1048.470575097126,518.5422843432169,69.15678743157088,117.16788138568285
1042.1089561022288,518.2000750664893,65.23600588308753,118.39997274100747
1045.5098473118421,514.7823511230306,66.43573342513677,115.44562101407269
1044.4955341998818,513.8893361577113,65.20615121743354,114.47924621765856
1045.6880746204245,514.4606273135142,62.56791139219461,113.95204776506836
1046.6541670456504,518.3095790254065,62.308543366604894,113.57352774982422
1047.0133008075989,519.6788726756664,63.1392148913202,113.3497536070972
1046.4022404725501,510.1812204287454,65.07208083504811,110.48376134966219
1045.2292090230678,515.3023045392445,64.91913241155828,112.10872951772171
1046.8736162048456,509.3610583870057,64.42860450109933,113.95035934761941
1046.50984410328,511.2088898463354,63.91128556811306,114.25069595309519
1047.0162570309478,509.59063860203275,67.50503541264264,110.86990460545582
1047.541891606325,514.8986305238054,65.63189408117307,113.6521359136105
1046.8080275109035,509.50210800383104,61.9701010114503,114.68026875701437
1044.9414132223797,497.80563457833665,58.51494028277234,115.28611247281393
1046.0537399610287,502.57668434474505,58.57011582340648,116.47192145154176
1044.5861136342887,502.352198947273,61.18239023175086,111.46084511721597
1044.8103233727252,500.82698781915,60.1469542590841,108.429519135619
1045.318421332243,501.9336925505667,59.21923853117465,107.41951243537201
1045.0056661211772,501.16848545624435,57.88076713827482,106.62231986400744
1046.718344693228,502.6389130468867,55.31839766068762,108.90059493322227
1046.81216671259,497.81709256373415,55.30371111516983,107.29343856449171
1046.2589893992533,499.1914808483722,55.29500098426439,105.33040640992881
1046.4323719515573,497.4413479702589,53.45884453819143,107.67730951036627
1047.7281548297976,497.5740849836762,51.958123571238104,107.90605967223848
1046.989272527286,493.86786947108317,52.57679917955151,108.11280325686067
1046.6344720034574,495.76107262109497,53.08530519665343,109.92203970375866
1044.024809150437,489.2771220817467,55.110690557498955,108.42484579446565
1046.3483721755447,495.9907123505587,55.33124707567384,105.04790207316057
1047.2330571910495,494.73456631652897,52.89564032134089,103.682279277357
1046.7288728898843,491.4445086560589,52.99037991934452,103.28793197729229
1045.6372016924458,488.11803840797955,52.17228833221066,104.868175931406
1045.6786941400571,488.8622489962399,50.926680354982906,106.54156425614617
1044.6964812547835,485.3507848834614,53.19780369303384,104.08447988814079
1045.2148096908784,481.2967722094572,52.68139551974807,105.9806680781079
1045.681446665604,485.7118065716221,51.76233896392875,105.12950636564801
1045.5280088608297,481.7045727474142,52.39541026949603,104.51224475210299
1045.2995147228346,479.23139502869094,51.293357232217076,106.74239414254677
1044.09546662082,478.03053570287346,51.98407628335384,105.76549417308836
1043.4477166988581,474.85916051042364,53.21483617930237,103.93854029238452
1043.7118989723867,478.17533705746484,51.490444385400714,103.69354604602881
1043.8215706806304,475.8882149761094,51.29889063354893,105.52381813766428
1044.4327254662119,474.6043618410108,51.793098690285404,104.04513596083234
1044.0327408204557,472.9025451512169,51.740813863433445,101.41192472694577
1044.714490872656,474.626513639083,51.229178859919244,101.43307448619231
1043.8751018778821,472.59433721407726,51.747974806357206,105.10880702166024
1045.021056689491,472.69104397298656,50.1629388094002,105.9918935546275
1043.2776420038824,467.3095860428624,52.1813167725563,102.1162455877857
1040.8097693995621,464.34040047557625,52.44188673887495,99.93483620466813
1041.2010202347424,463.12771856667484,50.944539859304726,99.83275229335146
1041.9992525243974,462.35843913718054,50.20057837838294,98.82102373286736
1042.0195136918426,462.91154924801145,48.84243915831957,97.26797258064569
1043.5853176036535,460.463867691871,46.582857065905856,98.00878443153576
1043.7549275061806,459.64463901151817,46.1942312976961,98.485175928752
1042.7980053691374,455.7427215229507,47.16306832875175,96.77385546752764
1042.4106970501723,454.0583428757726,46.71594980271693,98.22182043954663
1040.4570334989512,450.76492716886935,47.510817641970235,97.44007999996256
1041.5592187416469,450.4930260339351,46.8965731474479,98.98665322118784
1040.923024820887,448.21055767986786,46.87899267874149,100.45862021929038
1040.3546609463506,444.0893592663775,47.68061064513226,96.57213156279096
1038.8160161064607,441.94209680241585,47.56406167647154,95.41466939391435
1039.1076532389081,441.1089737097434,46.99350240261095,94.55256734543354
1038.4674529695653,439.3829885448666,47.32691609661461,94.21064718880277
1036.79118243317,437.11529389520774,47.877127586596316,92.25729901637527
1038.2767003808124,437.43401716053427,47.63958558340991,92.38559900679712
1038.7322554257012,441.66009761196835,47.012311867127764,92.75569521115835
1039.0979010576016,434.8630983721688,46.03098697764475,93.30015088254271
1038.7816513508762,434.4428804519356,46.49982047152819,90.42724036868373
1036.1140668337487,429.393711314724,46.41399603047719,89.87219352563665
1036.498139041879,423.42070768294474,43.98094705429871,91.97305857095873
1033.6801313300246,415.5731029969806,43.38803470431749,92.42069293259547
1038.515667982891,417.5349050087304,41.76438908890405,98.06961132641538
1037.7611393944094,410.2851076273263,42.07425313554744,98.34063369859581
1039.411635538128,406.8412964448671,42.69515344918367,97.92485275751358
1039.7852182271613,413.3451958856631,40.71113739223763,95.91561696064133
1040.3654839053136,391.0677453121331,39.76889066604592,99.67548806874228
1037.525632838885,385.8408931118035,39.77450629024162,101.66777310135413
1032.3054981746163,355.26463525566015,40.59082019887647,102.73273742341836
1029.5476123636313,338.49561584742014,40.16676835817819,104.43759058516021
1033.9520622180978,344.3532560967684,42.392213726219545,104.457068351744
1033.6057912952115,336.1560176072518,42.598790007378774,107.0494212011375
1032.5064143200213,324.7989851613289,42.43457723200654,107.35690282101797
1033.4731345190696,325.51026884956104,42.54387194361851,107.59856730716972
1034.9019063625,312.04834951455405,42.82486132213995,107.00797474327877
1033.839000528487,287.7836419897085,40.05259331429552,110.61377615412215
1034.7623327359795,295.9135053842433,41.5254537478465,109.77578142061705
1030.737899006042,265.47632758050275,41.53934762114691,110.23367901650045
1034.3844531277937,275.34333568985573,41.92783088710786,112.21039057428398
1034.2618756938293,247.96496172537462,39.25350240118462,117.85143788204287
1032.2207937972587,239.29112449872554,39.706501509165065,119.36645153797954
1026.070775860368,220.87359647903597,42.21510336793888,118.78056612841118
1025.2622976066991,212.95642174816996,43.689441222808526,118.04450044534775
1026.3616345033636,209.87282589018042,45.24726313230934,119.14767368721894
1029.9856359302428,219.5206265306389,45.70486186472388,120.09904525477812
1026.5246567423071,186.14594595881982,44.83353011770538,125.02065117092039
1027.9407653470594,195.4096538268185,48.08690440164469,121.8942447683493
1024.855841417233,197.7471185906107,49.95204707220033,117.81346089645291
1026.391755372987,190.28179903407246,50.36712352980779,118.83923962933567
1026.4491266199377,191.47431032945332,50.191851754468566,119.096605623086
1026.0291053385004,193.5140866659476,49.92182524307441,116.89918459592423
1026.8562887127232,183.86633360957742,51.80454615346429,114.82675637158434
1022.5998163186076,163.12043106721313,50.22766835748577,120.47057414552896
1018.4936016406449,153.24146123598453,50.638608684577484,124.17358915056508
1024.2439307371806,185.5247317381257,52.70503924983635,122.45264086235451
1021.395680297588,173.8422410134123,51.91097320974019,122.30214762604402
1016.1281565784534,156.79370430244114,50.64282863655588,125.01012078952854
1018.2802207348258,170.1169367704,50.921728108762906,126.00161567756541
1018.7628426817781,158.22833864282205,53.60860922139564,123.6403747277391
1014.7476919511222,156.22355069792053,55.720084075622054,120.12005517973054
1015.7652107063292,159.34002803088697,55.38217613756365,121.3303280658402
1011.9222769112102,162.3228366527467,56.66014822917495,117.9356446391239
1015.4789058717664,152.37763738185686,56.464256044335016,119.19994318326347
1010.9096587695201,153.43912504121337,56.43369935757302,116.71553772555558
1014.8727834989822,155.80048278900796,56.41491737075384,117.63593131353983
1011.7406899506491,130.30100099429586,53.5177921111936,122.82772969754298
1015.177842480125,143.4437083560622,54.91110173374449,121.69577379253408
1012.209618357689,140.095883892713,54.4033528455913,120.50776119401827
1013.020007905602,131.50901008471988,54.598888120867,121.31427503746232
1011.881188492789,149.97526485603038,53.36166874891411,118.7289521129211
1006.215361015741,120.22616887592122,56.044272730736196,121.17212354542983
1009.5122927557385,131.9783130690858,55.09215451210068,124.53943512070376
1009.8897904757158,117.56289912159117,54.84304219427146,126.3061803568963
1009.9562112235029,120.77181648243655,53.972673055059346,128.29766077103852
1004.2879581973425,106.91554442130389,54.75541299985348,128.1224898546831
1005.7401073585437,114.75818704398745,55.299255032244076,126.52772642640592
1007.3277421922362,117.84953676789087,55.17909524440837,127.72128063844566
1002.8180278123715,95.96727744465178,56.469145094452244,128.66964312571298
997.9706013938725,98.09907716829227,57.64999084230277,129.23279876828803
1017.9449226667646,123.01259518568504,59.02100407370922,128.27562208631466
1009.794436880051,79.15554295210939,62.864291078471716,130.40842351011196
1059.9013106277162,23.93967140230997,67.7938236455326,129.59404615619147
1077.6637911183484,23.65933902806988,74.07959093697414,128.7179576931036
1058.5923511155895,41.69465892976804,81.21150468971926,129.8226612540724
