621	294	17	37
618	293	19	33
619	294	17	32
618	293	17	32
618	293	17	35
618	292	18	35
617	293	18	35
616	294	19	31
616	296	18	31
616	294	19	33
615	293	18	37
616	292	15	38
616	291	16	43
615	291	16	44
615	292	16	41
614	294	18	36
613	300	17	38
612	297	19	33
613	301	18	28
612	303	18	27
614	308	15	28
614	308	14	26
612	307	16	30
612	307	17	30
611	307	18	29
611	307	16	32
611	307	18	31
611	308	18	35
610	307	17	39
610	304	18	42
610	302	18	45
608	305	18	43
609	306	18	40
609	308	16	39
612	305	13	41
608	304	16	43
608	309	17	39
607	310	16	35
609	311	15	35
609	310	15	37
607	307	16	39
605	307	18	35
607	311	16	36
608	312	14	39
607	312	15	37
608	309	15	40
606	309	16	41
607	312	16	40
606	312	15	37
606	312	17	36
607	314	15	37
606	312	17	36
608	317	14	39
608	318	14	35
609	318	13	37
608	319	13	38
607	319	13	39
607	317	14	39
607	315	16	40
608	318	13	40
608	318	12	41
608	320	12	41
607	311	12	41
605	318	14	37
607	327	13	36
601	320	17	39
605	321	14	43
606	324	13	42
606	318	13	48
604	320	15	46
604	323	13	44
604	325	13	41
605	327	13	39
604	328	14	39
605	326	14	42
605	329	13	41
604	322	14	47
603	327	14	43
605	331	12	40
606	333	10	40
604	332	12	39
605	336	11	36
602	332	13	35
603	333	13	38
600	327	14	42
601	327	14	42
601	327	13	45
601	328	13	47
601	328	12	42
600	323	13	41
599	326	12	39
598	332	13	32
599	333	11	34
598	335	11	35
597	337	12	32
596	336	12	33
592	334	14	36
594	327	13	43
588	327	17	45
592	329	13	43
591	336	13	38
590	336	13	34
589	341	13	31
589	341	13	28
589	343	12	30
587	343	14	28
587	343	12	27
584	342	14	28
585	345	13	28
584	344	13	29
584	344	13	32
584	344	13	35
580	338	14	35
580	344	13	33
579	345	13	33
579	344	13	32
576	347	15	28
575	346	15	31
574	348	15	30
574	349	16	29
574	349	15	30
574	347	15	32
575	347	14	33
575	346	14	36
576	344	17	36
578	341	15	38
581	346	16	38
584	352	16	35
588	354	14	31
591	353	16	31
595	353	15	31
598	351	16	36
603	352	17	35
606	353	17	34
612	354	16	36
614	354	18	38
618	353	19	36
623	353	18	40
629	355	18	37
635	357	16	38
640	360	16	34
646	360	17	38
649	360	18	36
656	360	18	42
661	362	19	41
667	353	20	46
671	363	20	42
679	359	19	42
684	359	18	44
687	362	21	40
693	367	20	43
696	366	18	53
701	367	18	54
700	368	18	48
700	369	20	45
699	371	21	44
701	373	19	43
700	373	19	45
697	377	21	41
694	380	20	40
691	381	24	38
690	384	23	46
690	381	22	48
686	383	23	55
686	384	24	49
685	385	23	53
684	387	23	63
680	374	28	71
676	379	28	75
674	374	28	85
673	369	26	91
671	383	28	85
669	389	27	79
671	393	25	73
673	401	24	66
670	392	27	70
671	390	27	76
670	387	25	75
669	386	24	75
666	397	25	72
660	402	28	63
660	404	28	64
659	406	29	61
661	418	27	52
661	423	29	50
658	423	29	51
657	427	30	50
660	427	28	54
658	430	31	55
657	434	31	49
657	436	30	52
655	436	31	56
657	437	31	61
654	443	35	56
654	444	34	56
656	443	34	50
654	455	37	46
654	450	37	48
653	462	40	39
652	465	40	35
654	480	38	38
655	479	34	44
658	484	37	41
664	488	31	46
660	490	33	40
661	494	33	44
671	491	35	42
663	497	41	40
661	506	46	36
655	509	50	35
654	518	52	34
653	517	51	40
650	526	56	38
649	533	56	34
644	538	60	31
646	548	59	26
657	571	50	30
662	576	42	27
663	583	38	33
640	634	32	43
640	634	32	43
640	634	32	43
640	634	32	43
631	593	31	49
606	646	36	64
629	594	27	62
592	664	31	64
633	599	33	73
614	588	41	78
602	605	54	79
555	603	58	82
549	610	61	83
578	599	59	91
554	649	69	80
521	649	80	75
506	657	90	63
496	671	91	56
488	686	93	55
509	661	84	77
469	685	105	88
466	702	111	83
432	697	101	84
424	707	97	87
411	726	97	83
426	750	113	82
389	741	99	91
370	770	100	87
355	782	110	88
376	790	122	106
325	797	120	115
304	816	129	109
286	837	136	107
273	863	135	106
258	884	135	107
239	897	137	124
300	919	125	116
295	874	127	130
265	861	114	136
210	876	143	151
199	880	148	185
204	874	126	198
191	857	115	216
166	875	123	208
166	875	123	208
107	915	130	168
107	915	130	168
107	915	130	168
107	915	130	168
107	915	130	168
