724	336	30	21
721	336	31	20
722	336	30	20
724	336	29	18
724	335	28	21
723	334	29	21
723	335	30	19
722	336	31	18
723	336	30	19
724	335	28	20
724	335	29	19
723	334	31	20
724	334	30	20
725	334	29	21
725	333	29	21
725	334	28	19
725	334	28	20
725	334	29	18
726	335	28	19
725	334	29	20
725	333	29	21
725	334	31	19
725	334	30	18
723	334	31	19
725	334	31	20
725	333	31	20
726	334	31	20
726	334	29	19
726	333	30	20
726	334	30	19
726	333	29	20
726	331	29	21
726	332	31	20
725	333	31	20
723	332	33	21
723	333	36	19
725	333	33	19
725	334	32	18
726	333	30	19
725	333	31	20
726	332	30	20
726	331	30	20
726	331	30	20
725	331	30	21
727	331	28	21
726	330	31	22
725	331	32	21
725	330	30	21
725	330	30	22
725	328	29	23
723	330	32	22
724	330	31	21
727	331	30	21
729	330	29	21
732	331	29	20
737	331	29	19
742	331	29	19
749	331	29	20
756	331	29	19
761	330	27	20
767	330	28	20
771	331	29	19
774	330	28	20
778	330	28	19
780	331	27	19
780	331	30	18
783	332	29	18
783	330	28	20
785	329	27	22
784	329	29	22
784	329	29	21
785	330	29	21
785	329	28	21
785	329	28	21
784	329	30	21
785	331	28	19
784	332	28	19
784	329	29	20
785	331	28	20
784	330	29	21
784	330	29	20
784	331	29	19
785	330	28	21
784	329	29	23
784	331	30	19
784	331	30	19
783	330	30	21
784	331	29	19
784	331	30	21
784	330	29	20
784	331	30	19
784	331	28	19
783	331	30	21
784	331	29	20
783	331	29	20
783	330	28	20
783	331	30	20
783	331	30	20
783	331	30	20
783	330	29	21
784	330	29	21
784	332	30	20
785	332	28	20
785	331	27	20
785	331	30	20
785	331	29	20
785	332	29	19
784	331	30	20
784	330	30	21
784	330	30	22
783	330	31	22
783	331	32	22
784	330	30	22
785	331	30	21
784	332	30	21
784	331	29	21
784	330	30	22
784	331	30	20
783	332	30	21
783	332	30	20
783	331	31	20
784	332	30	21
784	331	29	20
784	332	29	20
785	332	27	19
784	332	31	19
784	331	31	20
784	332	30	19
784	332	28	18
785	332	29	20
787	331	28	20
788	332	28	20
790	333	29	19
794	331	30	21
798	333	31	18
800	332	31	19
804	331	30	20
808	331	30	19
810	332	30	18
813	331	30	20
815	331	28	20
817	331	27	20
817	332	30	19
818	331	28	20
819	332	28	20
819	330	29	22
819	332	29	19
820	332	27	21
819	331	28	20
820	330	27	21
820	330	28	21
820	331	28	20
820	330	28	20
820	331	27	20
819	331	29	21
819	331	28	19
820	331	27	19
819	331	28	20
819	330	28	21
818	331	29	20
819	329	29	22
819	330	28	21
819	330	28	21
819	330	28	22
820	331	27	20
820	331	26	20
820	330	28	20
819	330	28	22
817	331	29	20
818	330	29	21
819	330	27	21
819	330	28	21
818	330	29	20
819	330	28	21
818	329	29	21
817	330	31	20
818	331	28	20
818	330	28	21
819	331	28	19
818	331	29	21
819	330	28	20
819	331	28	21
818	330	28	21
818	330	27	22
819	330	27	21
818	331	28	21
818	330	29	22
819	330	27	21
818	329	29	22
817	331	30	20
817	331	30	20
817	330	30	21
818	330	29	21
818	329	30	22
818	329	27	21
817	329	29	21
818	330	29	21
817	332	30	18
817	331	30	19
818	331	28	19
818	331	29	19
818	332	28	18
817	332	31	18
818	332	29	20
818	331	29	20
818	331	30	20
819	329	29	21
818	331	28	19
818	332	28	19
818	330	29	21
818	331	29	21
817	330	30	21
817	332	31	20
818	330	28	21
816	331	30	21
817	331	29	20
817	331	31	21
817	332	31	19
818	331	29	19
818	332	28	19
819	332	28	19
819	332	28	19
819	332	28	19
819	332	28	19
818	332	29	20
818	333	30	19
819	332	29	21
817	332	30	20
819	332	29	19
818	333	30	18
819	333	28	19
819	334	28	18
819	334	28	20
819	333	28	19
819	334	28	18
819	334	28	17
819	334	28	18
820	334	27	19
820	335	27	18
820	335	28	18
821	334	28	19
820	334	29	18
821	334	27	19
820	333	28	19
821	336	27	18
822	336	27	18
821	336	27	18
822	336	27	19
822	335	27	20
821	335	27	19
822	336	28	19
821	336	27	19
821	336	28	20
821	336	29	19
821	335	29	21
822	337	28	19
822	338	29	18
823	337	28	20
823	335	27	24
822	336	29	22
822	336	30	23
821	337	32	22
822	338	29	21
823	337	30	22
822	336	31	21
822	338	30	19
823	339	29	20
823	339	29	20
822	336	32	24
823	337	31	23
823	337	31	23
823	339	30	20
823	339	30	22
822	339	31	22
822	339	32	23
824	339	31	22
825	339	29	21
824	341	28	20
824	341	31	21
824	341	30	21
824	342	31	21
823	342	30	22
823	342	30	20
824	342	30	21
824	343	29	20
824	343	31	21
824	343	32	22
824	344	32	22
824	344	32	22
824	343	31	21
824	344	31	23
824	345	31	23
823	344	32	23
824	345	32	23
823	346	32	23
823	346	33	22
824	347	33	20
824	348	33	20
825	349	32	18
823	348	34	20
824	349	32	21
825	349	33	20
824	348	33	21
825	349	33	20
825	350	32	19
824	350	33	20
824	350	33	22
823	350	34	22
824	350	34	23
825	351	34	23
824	350	34	22
825	350	33	24
824	351	33	24
824	351	35	25
825	350	33	26
824	351	34	25
825	352	35	25
823	353	36	25
823	353	38	23
824	353	37	24
823	354	37	24
824	354	36	24
825	354	37	24
823	355	38	24
825	357	35	20
825	357	36	22
823	357	38	22
825	357	37	24
825	357	37	25
824	357	37	24
823	358	38	24
824	358	35	23
825	358	36	24
823	358	38	26
822	358	39	25
822	358	40	26
823	358	40	24
823	357	39	27
821	358	40	27
822	358	40	25
822	358	39	27
822	359	39	28
823	359	39	26
823	359	39	27
822	359	42	27
822	362	40	24
821	361	41	26
821	361	41	28
821	360	41	28
822	362	41	28
821	362	42	28
822	362	42	25
822	363	43	26
822	364	42	25
821	365	42	25
820	365	44	27
821	365	43	29
821	365	43	28
822	365	42	27
822	365	42	27
823	366	42	26
824	367	41	26
822	368	43	27
820	368	46	27
821	368	45	29
821	369	46	30
822	369	45	29
823	369	44	31
823	370	43	30
823	372	44	29
824	373	44	30
824	374	46	29
824	374	47	29
824	375	45	26
825	376	45	26
826	376	45	28
826	378	46	28
825	378	47	29
825	380	46	27
825	381	47	28
823	381	49	29
825	381	48	29
826	383	48	28
825	383	49	29
827	383	46	28
828	384	45	28
828	386	43	28
827	387	48	29
827	386	49	31
826	387	49	32
827	388	48	31
827	389	49	31
828	391	48	29
828	391	48	31
828	392	50	30
828	394	51	28
826	394	53	31
828	395	51	30
825	395	53	32
827	397	51	32
826	398	51	30
829	399	50	31
828	400	50	32
828	400	52	35
825	399	56	35
825	403	56	31
829	401	52	33
828	401	51	37
829	404	53	34
829	407	52	31
829	406	52	33
829	407	53	32
830	407	51	33
830	411	52	28
830	412	52	28
830	414	52	27
829	416	54	27
830	414	53	29
828	414	54	31
829	416	54	30
830	416	52	32
832	416	51	33
830	416	53	34
832	414	53	38
831	414	53	39
832	412	53	41
832	415	53	41
832	413	52	44
833	415	54	43
832	414	54	44
832	416	55	43
834	415	54	46
833	415	55	46
835	416	53	49
834	415	54	48
833	415	59	51
833	417	57	50
836	418	55	50
835	421	56	51
835	421	58	49
834	424	60	49
836	423	58	50
835	424	59	51
836	426	61	54
836	425	58	51
837	428	60	54
835	427	61	53
837	428	59	52
836	430	62	55
837	429	61	55
838	430	60	56
838	431	62	55
837	432	63	55
838	433	63	56
839	433	63	57
839	435	63	56
839	434	63	58
839	436	66	59
839	436	66	58
840	435	67	61
841	435	67	64
841	438	65	63
842	438	66	62
842	440	67	62
844	439	63	65
844	439	64	67
845	442	65	65
845	443	66	65
844	443	67	65
846	446	68	68
846	445	66	70
846	445	71	70
847	447	71	70
847	450	72	68
849	452	72	67
847	453	74	66
847	454	77	72
846	453	77	73
848	456	75	73
848	457	75	72
849	459	76	71
848	459	79	73
851	461	77	72
849	459	81	78
850	464	79	70
852	464	76	73
853	466	77	71
854	470	75	74
851	469	81	75
854	469	80	73
853	473	82	69
853	475	83	70
855	475	80	70
853	477	82	67
857	478	81	70
855	481	84	65
856	481	82	67
856	483	86	68
858	485	83	67
856	485	90	70
856	486	90	70
857	488	91	69
860	488	85	72
860	491	85	73
860	493	89	71
860	496	92	72
862	493	91	76
861	497	92	74
862	496	93	78
860	499	97	77
863	497	93	78
864	503	94	77
862	500	98	78
860	506	102	77
859	499	105	85
859	503	104	83
859	506	106	85
859	506	109	85
858	507	111	88
858	510	112	87
858	509	111	92
852	514	119	91
855	510	116	90
852	515	122	92
849	514	127	93
857	512	121	93
866	516	120	93
864	518	123	92
873	520	110	94
875	522	111	95
876	519	108	96
877	522	110	96
872	525	117	98
873	529	121	97
873	530	123	99
870	528	124	104
875	534	122	99
872	533	123	98
871	531	127	104
872	532	124	104
872	535	126	106
875	533	120	106
873	530	126	114
871	529	130	118
873	532	134	120
870	533	136	123
874	534	136	122
875	534	134	124
872	534	139	127
879	532	128	129
873	535	137	132
875	525	144	145
869	535	152	138
875	530	141	144
876	535	140	146
875	534	147	145
877	535	146	150
877	536	142	152
878	534	144	159
878	536	145	159
878	532	149	165
876	540	155	164
876	542	152	161
878	538	156	167
872	541	162	170
876	546	159	162
871	542	172	173
873	544	169	174
874	546	173	175
879	544	166	180
880	542	166	185
872	552	174	181
879	548	169	188
881	547	171	190
881	558	173	187
875	552	180	188
881	555	173	194
881	556	173	196
872	552	195	197
875	552	191	204
876	556	192	206
883	555	184	201
881	554	189	209
874	556	203	213
880	556	197	216
884	556	196	215
886	555	197	225
883	552	203	231
881	556	214	231
881	552	215	235
886	553	208	238
883	553	217	243
888	553	213	243
880	557	229	248
883	557	228	244
883	556	225	252
886	551	219	257
891	551	218	258
899	563	212	251
892	558	228	257
889	548	230	271
894	552	230	272
892	555	235	273
888	548	251	280
891	552	251	286
894	549	248	287
890	554	258	290
892	553	253	292
895	543	258	307
894	555	264	305
897	553	262	298
894	555	269	311
898	553	270	310
898	559	272	312
899	551	273	315
900	558	279	313
898	552	281	325
898	549	275	328
907	555	278	333
902	546	289	348
901	561	291	340
905	555	298	352
899	554	316	358
907	549	312	361
905	551	309	374
908	543	326	383
908	551	333	382
912	548	342	387
914	553	338	385
919	554	325	389
916	546	359	417
926	553	334	394
920	537	377	423
920	546	387	407
920	550	411	410
916	541	419	418
929	549	382	406
930	542	411	427
929	534	408	415
923	533	419	422
934	536	413	430
931	531	434	427
920	525	460	443
937	535	452	441
935	545	451	423
935	530	456	439
950	535	446	437
940	537	468	398
950	548	471	437
934	528	492	439
944	537	492	485
932	537	536	459
943	544	529	454
940	542	548	449
925	556	586	457
936	559	590	448
940	551	588	471
942	555	613	471
942	561	626	474
945	549	635	501
938	543	687	511
953	560	690	481
954	565	712	482
964	555	724	490
955	581	739	485
970	553	740	510
970	554	790	503
976	564	780	482
962	571	829	491
975	566	754	466
979	580	778	445
983	608	674	324
997	607	695	327
1010	595	697	354
1009	616	678	336
998	614	726	349
997	606	741	366
983	611	763	385
989	605	734	397
980	601	773	414
973	593	779	433
969	616	788	397
958	613	785	408
941	624	835	395
912	632	888	393
911	628	902	398
913	639	898	381
894	635	918	397
894	633	919	414
878	636	948	406
827	646	1023	391
854	643	968	403
862	635	948	409
853	629	954	401
845	641	970	385
833	645	1017	392
827	647	1019	386
799	635	1063	412
789	615	1083	420
807	618	1079	432
803	591	1100	435
793	589	1095	434
797	609	1085	402
778	608	1134	407
806	618	1092	402
821	608	1039	402
801	618	1041	394
800	606	1073	401
810	600	1037	387
806	628	1074	341
817	615	1072	331
803	621	1059	354
821	615	1044	335
831	600	992	336
850	605	926	304
836	603	985	312
845	603	945	287
845	609	969	262
844	614	940	246
805	677	975	354
790	603	1065	462
794	611	1071	447
787	610	1086	435
783	619	1071	429
768	622	1019	418
784	612	981	421
759	617	1025	404
762	627	1046	400
760	630	1030	395
753	603	933	395
760	606	977	405
738	600	980	398
736	606	1006	387
716	594	1005	408
724	582	1009	423
708	567	950	436
714	558	958	446
692	569	994	414
697	571	942	398
681	575	933	389
673	553	879	405
679	568	894	382
649	554	909	393
656	565	846	376
635	557	821	364
639	564	776	355
630	553	746	356
618	557	708	357
608	546	625	336
595	554	618	337
588	555	624	332
565	554	608	322
563	537	590	336
547	530	553	329
542	549	536	314
523	519	517	326
499	535	548	318
490	531	539	319
483	525	479	317
455	507	504	320
439	536	505	303
454	521	463	305
459	502	440	305
451	544	418	271
452	515	409	290
444	509	416	287
441	529	406	271
455	514	386	272
448	511	402	279
450	507	399	277
474	499	371	284
461	498	382	271
477	495	359	272
480	504	358	269
493	494	342	261
486	493	355	273
493	490	337	263
491	492	343	260
510	488	330	262
497	485	330	258
505	484	324	254
507	476	330	259
507	481	321	255
520	481	300	256
520	480	307	252
523	484	301	245
514	482	308	243
518	480	313	235
520	477	300	236
524	478	293	240
528	477	291	240
526	475	296	234
528	473	293	232
521	475	294	232
533	474	282	227
530	476	285	228
530	475	285	218
532	473	281	225
529	473	292	225
528	472	286	224
528	471	282	225
532	468	278	226
529	474	278	218
532	467	277	225
531	469	278	216
534	471	266	216
530	467	276	220
528	467	281	227
525	472	281	217
528	474	272	219
530	466	271	227
529	469	270	230
523	473	280	238
523	474	274	247
530	479	266	247
521	480	285	244
518	480	275	260
522	483	275	257
525	487	268	261
520	490	279	263
523	492	285	262
521	494	278	256
524	502	276	251
518	495	281	257
521	492	282	262
518	494	283	266
516	501	287	257
517	501	286	263
520	495	284	269
519	493	276	272
521	494	281	275
518	504	282	255
515	506	281	248
520	503	272	264
522	493	276	272
518	496	280	265
519	493	277	278
516	491	280	277
516	497	277	265
517	499	270	264
520	494	270	275
519	500	270	268
511	497	279	269
517	496	274	266
513	499	277	265
516	501	265	258
521	495	266	270
511	498	282	267
516	497	275	270
512	505	278	258
511	501	277	264
513	504	272	255
506	493	285	278
513	498	275	274
509	501	281	269
510	500	280	265
506	502	284	270
511	500	277	277
511	497	273	283
505	502	277	273
509	507	277	267
506	508	283	273
509	514	285	267
498	506	294	275
509	505	279	274
505	509	278	276
505	508	285	272
507	508	282	280
500	513	290	273
507	508	281	281
493	518	298	265
503	510	282	274
499	505	286	287
496	518	290	270
498	522	302	260
491	519	300	269
493	518	307	270
493	518	326	286
492	519	313	285
493	519	310	287
497	521	299	282
485	522	323	282
484	524	328	279
485	519	323	289
492	521	313	278
482	521	321	297
492	524	312	284
485	520	312	303
486	521	314	297
484	523	311	292
480	528	315	286
483	524	317	296
481	530	325	287
472	532	327	285
475	530	324	290
476	531	329	291
464	537	341	291
468	531	332	297
462	527	340	306
471	530	335	307
458	529	349	305
467	531	335	307
455	529	351	308
462	529	344	313
455	538	353	310
465	539	347	308
452	549	355	297
453	550	365	299
455	555	360	298
446	543	375	317
437	548	382	311
440	549	389	312
429	556	401	308
435	561	394	304
438	554	391	310
425	564	402	298
432	560	414	309
431	561	426	318
426	563	427	305
425	565	427	309
435	563	421	301
417	562	455	310
421	569	447	307
427	573	439	294
423	556	456	315
427	555	443	322
426	573	453	301
426	568	454	300
417	573	462	291
425	572	454	290
420	566	471	300
415	564	487	304
414	567	483	298
423	570	485	294
417	568	488	299
421	560	492	303
422	573	492	289
428	572	488	291
427	573	498	292
429	569	497	297
428	575	514	288
436	573	511	288
429	582	528	282
435	581	523	289
434	578	525	286
448	579	529	293
449	585	518	283
458	586	529	276
456	589	531	277
466	597	523	268
473	589	525	274
467	599	536	258
475	599	538	263
474	598	540	270
488	606	532	258
490	605	533	261
503	600	532	266
515	615	512	255
505	603	536	273
510	613	538	257
526	603	526	268
529	615	522	246
524	619	537	248
534	613	545	251
526	628	557	243
543	625	543	233
544	629	534	241
552	625	544	242
557	630	540	245
559	636	542	235
553	636	564	247
570	641	545	244
572	653	541	238
576	648	548	247
580	655	550	243
591	662	552	245
591	658	549	249
585	676	565	243
597	672	550	252
604	681	549	252
601	681	554	263
604	687	554	255
597	687	571	258
601	697	575	265
606	707	577	253
621	703	569	256
617	712	563	259
623	716	554	254
630	716	550	254
626	723	562	254
636	722	570	269
636	731	561	261
640	730	564	267
639	733	566	264
637	739	574	270
648	736	576	265
639	738	576	262
656	736	571	269
650	746	582	262
657	737	571	289
668	737	579	278
669	735	574	287
667	742	586	283
671	746	582	276
677	740	586	285
677	747	592	286
688	763	583	269
692	755	587	271
695	753	593	280
691	754	593	274
694	755	594	275
705	765	593	255
704	757	588	274
704	757	597	276
719	765	593	270
714	770	605	263
713	769	612	268
715	769	606	261
718	769	612	256
707	759	609	264
706	768	609	273
702	760	613	282
687	767	617	273
682	768	615	274
657	773	635	267
647	771	630	267
630	770	634	266
621	775	642	266
593	779	660	268
587	780	636	265
561	786	661	258
550	786	659	267
529	792	666	263
504	792	686	261
502	783	673	279
484	792	663	268
453	798	692	262
440	803	687	258
422	806	702	259
396	806	701	257
380	811	714	256
369	816	715	256
356	816	716	210
353	823	711	197
354	827	695	181
331	823	684	192
336	838	683	175
360	839	644	173
347	836	637	181
357	836	608	186
323	845	641	178
294	843	662	188
304	845	644	192
310	839	649	202
300	841	651	198
306	848	646	194
307	846	637	198
306	852	656	199
306	855	658	192
295	851	669	195
317	856	664	200
325	849	660	201
329	855	662	201
337	859	663	187
349	850	650	200
358	851	654	196
387	854	620	192
392	854	630	192
382	862	655	196
386	842	645	206
412	846	630	200
406	843	656	200
411	848	651	194
417	842	644	205
431	842	648	200
440	838	633	192
460	837	627	200
452	834	640	203
469	839	630	183
478	835	627	195
491	827	619	191
497	829	627	203
518	828	605	178
530	823	595	198
534	824	600	175
539	825	614	178
550	815	600	174
559	816	612	180
563	816	604	170
569	811	611	186
572	807	609	172
606	804	595	194
606	805	591	170
620	803	593	177
626	794	583	169
636	790	584	179
651	792	576	170
665	786	562	178
673	787	563	164
683	780	568	190
688	778	575	221
700	777	575	285
688	781	596	268
728	772	565	267
719	767	577	262
727	767	576	252
734	750	574	268
697	753	610	265
645	759	664	254
619	750	706	262
631	742	694	271
641	742	690	270
650	738	673	270
668	737	672	258
676	732	663	265
684	736	654	260
687	734	661	254
700	739	657	254
711	732	650	253
703	736	679	255
716	734	646	249
730	729	644	256
720	730	676	251
729	732	666	255
738	733	660	251
742	737	663	256
738	734	665	254
742	741	681	251
752	733	656	247
766	730	658	254
768	733	653	257
785	742	648	246
785	730	643	259
789	735	665	245
789	735	666	253
792	739	654	251
803	745	658	239
802	737	670	259
815	734	656	248
815	738	674	254
820	736	670	255
836	741	660	251
837	744	653	238
830	743	665	245
840	740	671	257
855	741	661	260
861	729	645	271
868	732	644	262
867	737	657	264
870	740	655	263
885	738	642	265
883	730	642	278
894	733	638	272
891	732	638	283
894	741	639	250
892	747	657	253
905	735	644	274
914	740	644	266
912	744	657	259
915	739	655	267
930	736	627	262
939	742	624	264
945	743	645	254
946	742	638	263
951	739	624	262
955	749	640	258
953	750	639	253
963	749	638	258
961	751	643	253
973	750	635	257
971	745	636	261
976	742	629	263
984	741	647	273
982	745	645	269
997	745	628	260
1002	742	626	263
1006	741	626	277
1006	747	633	272
1010	742	627	276
1017	749	634	257
1024	747	633	264
1032	738	619	272
1032	737	624	276
1039	745	626	268
1050	741	588	267
1052	737	623	267
1061	749	612	264
1053	742	619	267
1064	737	619	256
1065	737	613	279
1067	739	615	271
1077	739	613	265
1078	741	609	277
1078	741	627	259
1087	736	607	277
1095	739	614	273
1104	738	610	281
1101	737	622	273
1107	728	624	283
1106	729	614	297
1103	738	609	277
1108	744	597	266
1103	736	598	275
1096	728	597	279
1095	721	587	283
1083	716	565	284
1068	716	570	284
1059	714	551	289
1045	711	531	283
1043	705	512	294
1028	712	523	285
1002	705	539	281
985	700	529	284
979	697	523	281
964	703	503	270
941	696	509	274
941	696	493	277
916	694	504	292
906	684	494	298
894	684	492	299
882	686	479	299
876	683	468	284
863	689	469	291
843	679	490	297
845	677	465	287
843	682	466	293
846	683	460	293
850	681	459	295
831	685	465	289
840	689	469	281
847	686	454	294
847	675	448	285
842	684	476	285
846	672	458	297
851	683	447	288
853	676	445	299
844	682	457	300
843	683	454	286
852	681	465	292
847	676	464	303
853	680	464	303
849	673	458	299
853	686	451	303
844	674	457	300
844	683	471	303
850	695	460	288
840	676	474	298
853	687	456	300
856	682	459	309
848	693	469	284
847	688	461	299
856	688	463	297
851	697	469	293
847	683	459	302
854	696	463	293
859	684	448	303
852	694	452	297
845	686	465	299
852	690	466	304
846	693	463	301
852	688	468	307
851	692	468	313
850	697	467	297
845	689	461	293
851	704	458	290
850	692	457	292
846	683	463	310
846	696	464	295
850	688	453	299
847	699	458	307
851	700	468	297
843	693	458	302
851	691	453	303
839	689	472	302
849	699	472	304
846	688	447	305
846	699	454	295
841	693	449	304
847	689	453	309
843	690	455	309
842	698	469	305
838	686	474	309
845	697	467	303
832	695	478	304
842	694	467	309
841	698	458	292
835	704	484	303
840	687	460	310
839	695	468	303
834	693	461	297
840	699	465	301
837	689	463	309
841	688	451	298
838	692	453	302
842	693	454	300
836	689	460	299
830	691	472	302
837	689	463	296
842	694	453	300
838	682	453	316
831	675	466	309
834	694	475	303
831	696	477	300
830	684	469	293
838	685	465	302
830	678	480	313
837	694	468	290
