1230	624	38	120
1229	622	39	118
1231	621	37	118
1232	623	37	117
1231	619	37	118
1230	616	39	121
1230	620	39	115
1230	617	37	117
1232	615	34	116
1227	614	40	117
1229	609	38	118
1229	610	38	115
1230	608	38	116
1230	606	36	115
1231	606	37	113
1233	605	34	117
1232	606	36	114
1230	605	38	114
1232	605	37	115
1231	607	38	112
1233	607	36	112
1234	606	35	113
1232	605	37	110
1232	603	37	113
1233	598	37	120
1232	599	38	117
1231	597	40	116
1235	601	37	112
1234	596	38	116
1235	595	35	112
1237	595	35	110
1236	596	38	110
1238	592	34	115
1238	593	37	114
1240	604	33	105
1239	596	36	114
1240	597	36	112
1239	593	37	115
1239	593	36	117
1236	592	35	114
1236	592	37	111
1237	590	33	113
1239	589	33	114
1238	589	36	113
1240	589	33	110
1238	589	34	109
1238	589	35	110
1240	589	32	110
1239	589	35	108
1241	587	33	112
1239	588	36	109
1241	589	32	112
1238	589	38	110
1238	593	36	108
1239	588	35	108
1237	589	38	109
1237	590	38	105
1237	584	38	112
1240	583	35	113
1236	581	38	110
1240	583	36	111
1240	582	39	109
1239	580	39	110
1236	582	40	106
1236	578	40	106
1236	579	40	109
1236	578	39	106
1236	575	37	112
1233	576	40	111
1234	574	40	111
1233	578	39	107
1234	574	38	111
1231	573	39	108
1229	578	40	103
1229	572	41	106
1229	571	39	108
1228	574	39	105
1228	572	39	103
1230	574	36	107
1228	573	38	109
1229	568	36	111
1226	567	36	109
1224	567	37	108
1221	568	40	106
1223	567	37	110
1221	567	38	107
1217	568	41	102
1220	563	34	114
1219	566	33	112
1217	566	35	107
1218	567	33	110
1216	564	35	112
1214	564	37	116
1212	565	38	112
1212	565	36	110
1211	564	37	112
1212	565	34	111
1211	563	34	114
1209	565	38	110
1207	569	36	108
1207	567	37	110
1205	571	35	109
1204	572	34	108
1205	571	34	110
1200	572	37	107
1198	573	39	107
1197	572	38	110
1196	574	38	108
1193	573	37	107
1193	572	34	109
1192	574	35	107
1187	575	38	105
1188	573	35	111
1186	572	35	112
1185	571	35	116
1183	573	36	114
1181	574	35	112
1179	577	39	107
1176	580	41	106
1175	578	41	111
1175	581	37	113
1173	581	37	111
1170	582	39	110
1170	580	37	115
1168	581	35	114
1165	578	41	120
1165	582	36	118
1162	582	37	116
1158	582	44	116
1156	584	47	110
1150	584	49	115
1143	584	56	115
1137	582	61	116
1144	588	49	114
1146	590	47	114
1136	588	57	117
1132	588	63	120
1130	591	59	119
1128	588	60	125
1128	586	57	130
1130	587	49	128
1127	589	48	126
1125	585	45	131
1124	588	45	125
1125	587	40	129
1123	589	41	127
1122	594	42	125
1113	585	51	134
1107	587	55	136
1115	588	41	129
1113	588	44	136
1102	588	54	140
1087	592	63	142
1082	591	71	145
1095	588	65	147
1086	595	71	141
1077	597	91	144
1073	597	112	141
1071	599	111	145
1069	606	109	138
1069	602	105	135
1068	602	93	140
1067	599	82	144
1071	604	61	140
1084	595	74	146
1070	602	97	137
1068	597	99	147
1066	594	101	147
1066	591	93	151
1062	603	102	138
1063	598	100	141
1064	593	97	146
1062	588	95	154
1061	591	92	146
1061	593	95	149
1058	594	100	145
1062	591	101	147
1062	590	94	147
1062	582	94	153
1059	581	97	152
1057	589	99	141
1055	595	98	134
1056	586	98	142
1056	582	99	144
1054	588	95	140
1058	583	88	148
1056	577	89	152
1057	584	89	146
1056	590	91	136
1054	584	88	143
1054	583	85	144
1049	582	94	149
1046	582	95	150
1051	582	80	147
1054	585	52	143
1065	589	65	140
1051	591	76	137
1050	596	53	130
1054	595	65	133
1047	607	60	120
1056	611	67	116
1051	614	68	112
1050	623	59	102
1058	620	48	107
1059	622	46	105
1059	626	46	102
1062	626	42	105
1062	625	44	106
1063	627	42	104
1062	624	43	108
1063	627	43	106
1066	628	42	105
1068	627	41	107
1075	625	35	108
1075	629	36	104
1074	630	40	104
1077	630	35	101
1080	627	36	103
1081	629	35	104
1083	627	34	107
1087	632	33	104
1087	631	33	106
1088	635	33	102
1092	628	30	110
1091	624	34	115
1091	631	36	111
1093	633	33	109
1096	630	30	113
1096	632	31	110
1099	634	33	107
1098	634	35	109
1101	633	35	110
1103	636	35	107
1106	633	32	111
1106	630	33	113
1107	634	34	110
1107	633	35	112
1106	635	38	108
1106	632	41	114
1107	636	37	112
1107	639	38	110
1108	640	41	108
1107	642	42	110
1110	644	40	106
1111	644	43	106
1116	650	38	99
1116	657	39	94
1118	664	39	87
1122	666	40	87
1123	661	41	88
1128	662	36	90
1131	656	36	94
1136	658	31	98
1138	647	29	108
1139	648	31	109
1140	644	31	113
1140	642	29	120
1145	643	27	116
1144	646	30	114
1146	643	33	115
1146	647	34	114
1147	644	33	116
1150	645	32	121
1151	643	36	121
1153	644	32	117
1155	647	32	112
1157	646	32	117
1156	645	34	118
1158	644	33	113
1157	645	35	113
1159	647	34	114
1159	646	36	116
1159	647	36	117
1160	647	36	117
1160	647	40	116
1160	649	40	119
1164	651	38	112
1162	652	42	115
1167	653	37	115
1169	651	36	114
1169	654	38	110
1171	657	36	110
1174	652	35	115
1175	655	34	112
1177	653	31	114
1180	650	32	120
1178	653	34	119
1178	654	35	116
1181	656	33	118
1181	655	31	116
1182	659	33	113
1182	655	32	118
1184	654	30	123
1184	654	31	121
1185	651	31	125
1186	653	32	122
1186	654	32	116
1187	653	34	119
1187	656	33	112
1188	657	35	111
1190	655	30	119
1189	656	33	118
1190	652	31	120
1189	652	35	123
1190	657	33	117
1192	659	33	115
1191	655	36	119
1194	654	33	119
1193	657	35	118
1194	658	37	119
1193	658	39	119
1196	659	36	118
1196	660	38	117
1198	659	37	119
1202	657	32	125
1203	663	32	125
1202	662	34	131
1203	658	34	134
1203	666	35	126
1205	669	32	123
1208	672	32	122
1210	668	31	125
1210	666	33	128
1210	668	34	124
1213	666	32	127
1214	664	30	131
1213	664	33	130
1216	655	30	128
1217	655	32	124
1215	654	36	121
1217	654	33	124
1218	655	34	119
1220	650	32	121
1218	648	35	122
1221	651	33	119
1220	649	36	120
1221	650	35	118
1222	651	36	116
1222	646	38	122
1223	644	39	123
1224	646	38	121
1226	648	37	116
1227	646	37	117
1229	642	36	120
1230	644	37	117
1230	644	37	113
1232	642	35	113
1232	641	37	120
1234	642	38	118
1234	638	38	122
1235	638	37	119
1236	639	37	120
1238	638	37	118
1238	637	36	121
1237	638	38	119
1240	638	34	118
1242	633	33	125
1242	636	35	122
1245	635	33	121
1246	636	34	116
1245	637	34	113
1244	635	37	114
1246	633	35	116
1245	632	35	121
1247	632	33	118
1248	631	34	118
1249	631	34	117
1250	631	36	116
1251	631	35	115
1250	632	38	112
1251	629	36	115
1253	628	36	115
1252	629	37	120
1256	629	37	115
1256	626	36	117
1256	627	39	116
1258	626	37	114
1259	626	38	114
1260	624	39	115
1260	622	36	120
1261	624	39	116
1262	622	36	122
1263	621	36	119
1263	622	37	115
1266	619	35	122
1264	621	36	119
1265	619	37	123
1266	621	37	121
1268	619	35	121
1269	617	37	123
1270	616	36	123
1270	617	37	122
1271	616	38	117
1273	615	35	117
1273	612	35	116
1272	614	39	113
1272	614	40	116
1274	610	37	115
1274	611	40	116
1274	610	40	117
1278	607	36	119
1277	607	38	120
1279	609	38	120
1279	610	39	118
1280	607	41	114
1280	612	40	113
1281	608	40	116
1284	607	37	116
1284	606	40	120
1283	610	41	115
1283	610	41	112
1285	608	38	114
1284	608	43	115
1284	606	43	117
1286	605	42	116
1287	604	41	121
1288	604	41	118
1288	606	39	121
1290	605	36	121
1291	606	35	122
1292	603	35	127
1291	606	40	119
1292	607	38	119
1293	609	38	118
1292	610	37	118
1292	606	38	122
1291	607	41	120
1291	607	42	118
1293	605	40	120
1293	604	40	118
1293	603	39	119
1295	606	40	119
1295	606	36	119
1295	609	39	114
1292	610	41	116
1294	610	40	112
1298	611	35	114
1297	610	38	115
1296	610	36	115
1296	613	34	120
1292	610	38	118
1290	610	34	120
1287	610	38	112
1283	610	38	116
1280	612	38	112
1280	611	40	114
1279	614	37	111
1278	612	39	116
1277	611	38	117
1276	610	38	122
1276	612	38	122
1275	612	38	121
1276	613	38	121
1275	616	40	126
1275	616	42	120
1275	617	42	120
1275	616	43	122
1274	616	40	124
1272	619	43	123
1275	618	39	123
1274	620	40	124
1274	619	37	121
1275	622	37	124
1272	624	37	120
1274	623	38	120
1274	625	41	121
1273	626	41	123
1272	628	38	122
1273	629	37	121
1275	630	36	123
1274	633	38	120
1274	634	38	118
1273	632	41	121
1274	636	38	121
1273	636	40	120
1274	637	39	123
1273	637	40	120
1274	641	37	121
1272	642	40	119
1273	640	42	122
1273	643	41	116
1271	639	44	120
1271	644	42	121
1273	643	40	127
1273	644	39	129
1272	648	38	124
1270	647	43	135
1273	649	38	127
1272	649	40	130
1273	651	38	126
1272	652	36	124
1271	655	39	123
1271	655	40	123
1270	654	41	125
1270	652	42	134
1270	653	40	127
1269	655	43	131
1270	652	40	131
1270	654	39	134
1269	654	41	133
1270	653	39	139
1270	655	39	134
1270	659	39	129
1269	658	42	138
1270	655	42	142
1273	656	40	142
1273	660	40	138
1274	664	39	128
1274	665	40	127
1275	664	42	123
1276	662	40	128
1278	662	41	124
1280	662	39	131
1281	658	40	130
1279	662	42	129
1282	662	41	125
1280	660	44	132
1281	659	44	137
1284	660	43	136
1283	662	43	130
1285	662	41	133
1285	662	41	139
1287	665	41	129
1287	664	41	133
1289	665	41	139
1290	667	38	130
1291	668	39	127
1293	665	37	137
1292	667	39	136
1294	668	39	134
1293	669	40	134
1292	670	41	135
1291	667	42	140
1291	669	40	139
1290	670	38	139
1286	672	43	142
1285	672	40	140
1284	674	40	139
1282	674	39	139
1281	676	41	144
1279	678	44	142
1279	677	42	146
1280	677	43	140
1278	678	43	140
1282	680	40	139
1281	682	41	132
1283	679	39	138
1285	684	39	139
1284	686	42	144
1283	685	44	145
1285	688	43	147
1285	693	41	143
1286	694	39	143
1286	698	41	146
1282	700	44	148
1285	701	41	142
1282	704	43	136
1284	701	42	139
1286	698	40	150
1281	699	43	149
1281	699	43	144
1285	699	39	145
1283	694	39	147
1281	696	41	149
1284	698	39	139
1280	696	43	144
1278	696	45	146
1279	697	42	144
1277	695	45	141
1273	693	41	147
1268	693	41	146
1257	694	47	137
1244	693	48	138
1239	688	43	147
1225	688	43	140
1215	688	46	139
1210	686	44	134
1203	683	43	136
1199	684	43	134
1195	683	41	130
1189	682	46	129
1189	684	43	122
1187	681	43	131
1187	677	40	135
1188	677	39	134
1186	676	39	134
1185	675	41	133
1184	675	39	129
1182	674	38	134
1175	673	39	128
1165	671	37	130
1153	671	37	125
1139	665	37	131
1123	667	36	128
1111	663	38	124
1098	656	39	132
1086	657	40	128
1078	654	41	132
1073	655	38	127
1070	655	36	125
1066	653	35	128
1062	654	36	124
1060	652	37	131
1058	650	36	130
1056	648	37	130
1055	649	40	127
1056	648	37	130
1056	648	37	132
1056	648	38	134
1056	644	40	138
1057	643	36	138
1058	645	38	128
1058	644	38	123
1058	645	38	115
1057	643	41	121
1059	643	38	120
1057	640	39	120
1058	640	37	116
1057	638	37	120
1055	639	40	119
1056	638	40	118
1057	637	38	119
1058	638	37	116
1059	637	36	120
1060	638	34	116
1058	639	37	115
1059	640	36	110
1060	637	37	113
1060	636	37	118
1060	635	36	119
1060	633	36	119
1060	635	37	117
1061	635	36	115
1062	632	36	120
1064	631	34	118
1063	630	37	123
1066	628	35	125
1066	627	35	124
1067	628	36	123
1068	631	36	121
1069	629	37	121
1070	628	36	121
1071	630	34	120
1074	630	31	115
1073	628	33	121
1075	626	34	121
1075	628	35	117
1073	627	39	120
1077	627	35	116
1076	627	36	117
1077	627	37	113
1079	627	36	112
1080	627	34	110
1079	626	37	118
1081	626	34	120
1083	625	32	120
1086	626	29	116
1086	626	31	123
1086	626	30	125
1085	625	33	127
1084	625	31	124
1080	626	33	124
1076	627	35	122
1070	627	36	119
1065	626	37	121
1062	625	36	121
1056	625	39	120
1057	624	36	121
1052	626	39	119
1050	625	39	121
1048	629	42	120
1048	627	41	125
1047	627	43	126
1048	629	41	125
1048	629	42	126
1049	629	40	128
1049	630	40	125
1052	630	37	127
1052	629	38	128
1053	630	38	126
1054	630	37	127
1057	629	35	128
1055	631	38	129
1056	631	38	127
1058	633	35	121
1056	634	36	118
1057	634	38	119
1058	634	37	123
1056	637	37	119
1057	639	38	119
1054	640	39	119
1056	637	38	127
1053	640	40	125
1048	642	40	121
1045	642	40	121
1038	642	41	115
1036	642	37	119
1031	642	37	124
1025	644	40	118
1022	643	41	123
1019	643	40	124
1018	643	39	123
1014	645	42	121
1013	642	42	125
1013	643	41	127
1012	644	42	126
1011	645	43	125
1011	646	42	126
1011	646	41	127
1010	647	45	127
1013	647	42	128
1013	647	44	128
1014	646	40	131
1014	646	42	133
1013	645	41	133
1014	649	43	126
1014	646	42	130
1015	647	42	126
1013	647	45	125
1012	649	44	118
1013	647	43	122
1011	649	45	125
1012	652	44	125
1015	650	42	124
1012	654	43	122
1014	655	42	131
1014	657	43	130
1015	659	43	130
1013	656	45	131
1013	656	42	133
1013	656	44	135
1014	659	43	126
1013	658	40	128
1011	654	43	124
1012	653	42	124
1011	651	41	126
1010	651	40	126
1012	653	39	124
1011	651	38	127
1008	648	46	127
1007	648	45	130
1007	648	44	133
1008	648	45	128
1010	647	40	131
1011	649	39	127
1009	645	42	129
1012	647	38	132
1013	643	37	132
1011	644	38	127
1013	644	37	129
1010	643	42	124
1012	642	36	126
1011	644	37	120
1010	645	38	121
1012	646	39	120
1012	644	40	122
1011	646	39	122
1014	650	38	119
1012	649	38	121
1013	651	37	121
1014	652	35	118
1013	650	35	119
1012	651	37	120
1013	647	35	123
1015	648	34	120
1013	649	35	117
1013	653	37	113
1011	651	40	113
1014	649	37	116
1011	651	39	114
1013	649	37	118
1012	649	36	119
1013	648	36	120
1012	650	37	118
1013	646	35	123
1012	647	36	123
1014	647	32	123
1013	645	36	124
1012	646	36	122
1013	646	35	122
1010	643	39	121
1010	644	39	119
1010	645	39	117
1008	644	38	117
1009	643	36	117
1007	644	38	116
1009	639	36	123
1009	643	35	117
1005	646	37	115
1005	646	36	115
1003	645	37	122
1003	646	36	120
1002	647	34	119
1000	648	34	117
998	649	36	119
997	649	35	118
996	649	35	117
995	651	36	116
992	651	37	116
989	650	37	118
990	646	36	121
987	649	38	123
985	651	38	123
981	655	41	121
981	651	40	128
981	654	40	126
980	656	39	128
977	658	38	127
972	663	42	124
973	659	40	129
974	660	39	131
971	663	38	126
970	660	39	127
966	660	42	127
964	660	43	123
959	666	45	119
966	672	37	111
964	672	35	113
961	671	38	116
958	672	40	119
960	670	34	129
959	671	35	131
962	676	32	128
963	675	34	131
970	674	33	132
973	675	39	131
988	679	38	128
998	682	42	124
1014	684	47	128
1036	680	45	133
1045	684	54	135
1068	690	55	132
1087	688	50	137
1095	689	54	143
1104	699	55	136
1114	693	50	145
1120	700	53	140
1126	708	50	134
1130	705	49	142
1131	705	50	141
1126	717	59	135
1128	721	53	135
1132	720	49	135
1136	717	47	140
1135	721	45	135
1138	725	43	128
1140	719	40	134
1144	723	40	130
1146	730	43	122
1147	726	45	130
1154	724	41	131
1158	721	39	136
1161	726	39	133
1164	722	40	142
1167	723	40	138
1169	718	40	141
1168	722	43	141
1170	721	41	136
1173	715	41	140
1173	711	39	148
1175	714	37	138
1176	715	35	137
1175	716	36	131
1174	718	39	126
1174	713	42	135
1173	712	42	135
1173	715	42	131
1172	720	44	125
1174	714	45	131
1173	719	41	129
1175	721	42	125
1175	715	45	133
1175	716	48	132
1177	717	47	131
1179	715	45	131
1178	713	45	132
1179	713	46	130
1179	711	45	132
1177	717	47	121
1179	716	46	119
1180	713	43	120
1181	717	45	114
1181	715	49	114
1183	710	45	121
1187	707	43	128
1186	711	43	125
1185	716	44	120
1186	718	45	121
1185	719	46	123
1188	718	44	127
1188	720	45	122
1191	717	40	129
1189	723	45	121
1191	723	44	118
1193	726	40	121
1194	727	42	115
1194	725	40	116
1195	731	44	110
1194	731	45	106
1199	730	43	110
1199	730	42	111
1200	731	44	109
1201	733	46	107
1203	732	44	114
1202	734	46	107
1205	735	46	106
1208	733	50	106
1209	730	49	107
1211	730	48	108
1213	724	42	113
1216	728	41	106
1215	722	46	111
1219	728	42	104
1221	723	40	104
1223	722	39	104
1225	720	38	110
1227	718	41	112
1228	719	40	109
1230	721	39	106
1230	719	41	109
1231	720	39	109
1231	714	41	113
1233	715	41	112
1235	716	41	109
1237	714	41	113
1237	712	48	111
1239	708	46	117
1234	716	54	104
1246	708	46	106
1251	712	42	99
1256	712	32	102
1256	712	32	102
1256	712	32	102
1256	712	32	102
1256	712	32	102
1256	712	32	102
1256	712	32	102
1256	712	32	102
1256	712	32	102
1256	712	32	102
1256	712	32	102
1256	712	32	102
1256	712	32	102
1256	712	32	102
1163	692	37	114
1163	692	37	114
1163	692	37	114
1163	692	37	114
1175	684	46	118
1175	684	46	118
1175	684	46	118
1160	685	43	105
1165	683	46	110
1165	683	46	110
1165	683	46	110
1166	687	40	108
1166	687	40	108
1166	687	40	108
1172	683	55	109
1172	684	45	105
1172	684	31	105
1104	673	37	112
1178	683	27	104
1173	681	31	102
1176	681	36	104
1176	684	38	98
1177	680	30	101
1207	695	41	98
1179	683	42	97
1176	680	42	102
1186	679	58	106
1173	678	76	104
1172	677	88	108
1174	676	88	109
1172	669	89	118
1173	671	92	115
1175	670	91	116
1174	672	91	115
1179	675	87	109
1176	671	88	113
1176	669	90	114
1178	672	86	115
1179	670	87	108
1176	668	88	101
1175	676	95	94
1176	669	93	104
1174	667	92	106
1177	661	90	108
1184	668	81	109
1183	671	83	98
1180	680	89	91
1179	674	88	101
1183	675	80	93
1176	667	89	101
1180	669	86	99
1181	665	83	104
1181	664	83	103
1181	668	85	96
1181	665	84	99
1182	666	82	98
1182	659	83	103
1181	664	87	95
1181	657	84	104
1185	659	79	99
1183	653	79	109
1184	662	77	104
1181	665	80	100
1183	662	74	101
1184	666	75	98
1183	664	78	106
1181	661	79	105
1181	666	76	101
1181	664	78	102
1179	669	80	98
1184	666	74	95
1179	669	82	88
1180	663	83	99
1182	668	82	89
1181	666	83	85
1179	662	83	92
1179	663	85	93
1179	665	85	94
1174	665	90	94
1174	664	90	101
1176	660	84	105
1183	667	78	100
1179	671	83	95
1176	669	83	93
1178	673	82	92
1179	666	82	96
1173	662	85	94
1172	658	88	98
1173	662	88	94
1178	666	82	96
1178	662	79	106
1179	663	81	101
1179	664	82	106
1180	667	81	107
1181	664	79	114
1183	668	81	120
1186	670	78	113
1180	661	81	107
1190	670	62	114
1186	675	60	114
1182	664	63	101
1232	685	59	94
1173	668	68	84
1231	692	56	89
1235	706	48	79
1230	711	53	71
