806	516	28	68
808	515	26	75
808	514	26	79
808	515	27	86
805	515	29	87
808	514	26	85
807	514	27	77
805	512	28	78
807	511	25	73
805	510	27	72
807	510	25	74
807	509	25	75
808	509	24	74
808	510	24	76
807	510	25	76
807	510	25	68
808	510	23	64
808	511	24	59
810	511	22	63
808	510	24	63
810	508	23	61
810	509	22	59
809	506	24	67
810	505	23	67
811	506	24	64
810	503	25	68
809	505	25	63
811	505	24	64
811	506	24	58
811	507	25	65
812	505	22	61
814	503	23	65
814	502	23	70
813	500	24	71
816	502	22	72
816	502	23	78
742	502	25	84
743	499	23	83
743	499	24	77
819	497	21	69
820	498	22	66
819	496	22	66
821	495	22	70
823	495	21	69
822	494	22	68
823	494	23	64
823	496	21	60
825	494	22	63
824	494	22	61
826	492	22	65
826	492	23	66
829	492	20	60
828	493	21	64
828	487	22	62
829	491	22	60
831	493	21	60
831	488	22	62
830	487	23	60
832	486	21	61
833	486	21	56
835	484	20	57
836	486	20	60
835	484	21	58
836	485	22	59
838	486	21	61
837	487	24	60
839	482	22	65
840	482	23	67
843	482	21	64
845	482	20	62
849	550	26	62
851	550	27	61
854	553	27	66
855	549	26	66
860	558	26	65
859	554	28	74
861	556	29	78
864	554	28	84
864	554	28	81
865	553	29	85
865	551	30	89
864	551	32	79
865	550	30	80
866	550	31	78
866	550	30	77
866	549	30	83
865	546	29	80
867	547	31	76
865	546	30	78
865	539	30	82
866	536	30	81
866	538	27	77
867	534	29	81
865	534	29	89
866	534	27	78
867	532	26	66
866	533	26	65
866	538	26	66
865	534	26	66
865	533	26	69
865	533	26	68
863	533	26	69
864	532	26	70
862	532	26	69
861	533	28	66
861	533	28	67
860	532	27	68
861	532	26	71
860	532	28	73
860	532	28	72
859	533	29	69
858	534	29	72
860	534	27	72
858	536	28	71
858	536	28	74
860	536	28	72
858	535	27	72
857	537	28	73
857	538	27	70
856	535	29	74
856	537	28	70
856	537	27	72
855	536	28	73
854	536	27	74
854	538	27	75
854	539	25	70
855	539	25	68
854	540	25	70
853	540	25	74
851	543	27	72
850	543	27	73
850	542	26	74
848	542	29	74
848	543	27	70
848	545	25	66
846	543	26	66
844	543	27	71
843	542	28	72
843	544	27	70
843	544	27	72
842	544	24	68
842	545	26	66
840	545	26	70
840	544	26	74
839	545	27	70
839	547	28	70
838	546	28	69
839	547	27	67
838	547	27	66
838	546	26	71
838	545	25	70
838	544	26	73
838	543	27	75
836	545	29	73
836	545	28	74
836	545	27	73
837	543	27	76
837	545	26	72
837	546	26	73
837	548	26	70
837	546	26	76
837	547	26	76
837	548	26	76
836	548	25	74
836	545	26	76
837	545	25	78
836	546	26	77
836	544	27	76
837	544	25	77
837	547	26	75
838	545	26	78
836	549	29	71
838	549	28	73
839	550	28	73
841	552	26	72
841	551	26	74
841	550	27	79
842	550	27	77
843	548	27	81
843	554	27	74
845	553	27	73
844	551	28	74
845	552	27	71
847	551	27	74
847	551	27	74
848	553	26	70
848	556	28	68
851	553	25	76
851	554	25	72
853	555	24	74
852	556	27	70
852	556	27	74
853	555	27	78
854	555	25	77
854	554	28	77
854	557	27	73
855	556	28	73
857	556	27	73
858	554	26	76
858	554	26	78
858	556	28	76
860	559	28	73
858	555	29	76
862	557	27	75
860	558	30	76
863	559	27	73
865	559	25	74
863	557	28	78
866	558	26	77
868	564	25	74
868	558	27	77
869	561	30	71
869	556	29	76
871	558	27	74
871	559	29	70
871	559	29	71
872	556	27	72
874	557	27	72
875	557	28	76
876	558	27	73
877	557	28	75
879	562	27	72
878	559	28	76
879	556	27	80
879	559	27	77
881	557	28	78
882	558	28	77
882	558	28	73
883	566	28	65
883	563	30	66
885	563	28	67
886	562	28	71
887	558	28	76
887	563	29	72
887	564	28	69
889	558	27	77
890	559	25	77
891	559	25	76
893	557	26	77
892	559	23	80
892	561	26	78
894	558	25	79
893	562	30	76
894	559	30	76
895	562	30	72
895	557	29	74
893	555	30	78
892	558	29	77
892	561	29	74
893	556	27	75
892	560	32	73
889	561	29	77
891	566	28	73
893	571	23	63
892	583	21	55
891	586	22	49
890	583	22	46
890	588	20	41
888	588	22	42
889	585	21	45
888	583	21	48
887	579	22	51
885	580	22	49
883	577	24	47
883	577	23	46
885	578	20	44
884	575	20	38
882	577	22	34
883	578	20	32
881	571	23	30
882	571	21	31
882	566	20	35
882	561	21	33
882	562	22	34
882	560	21	41
882	558	21	37
881	559	21	33
889	548	24	39
883	558	20	34
884	558	17	33
882	556	19	33
882	553	20	33
880	553	19	32
881	551	20	36
879	550	21	35
880	548	21	38
879	548	20	39
879	548	19	35
879	550	20	32
879	550	18	29
877	548	21	32
878	546	21	31
876	544	23	34
876	541	21	38
876	540	20	36
878	541	18	31
878	541	18	31
875	542	18	28
873	542	22	28
875	545	22	25
875	544	19	29
875	543	19	28
876	543	17	25
874	541	18	26
875	539	19	31
873	537	18	34
872	536	18	34
872	537	20	30
870	535	21	33
871	536	20	32
871	537	20	32
867	538	21	26
873	537	19	25
870	537	19	24
869	536	17	25
869	533	19	25
868	532	21	23
869	532	17	24
868	530	19	28
869	530	21	29
868	531	19	28
866	534	22	28
867	535	21	25
867	536	19	27
867	536	16	23
867	535	13	26
868	531	14	25
868	531	14	25
865	535	18	26
863	532	22	28
863	531	21	30
862	531	20	32
862	531	20	32
860	535	21	30
860	535	22	28
862	534	18	26
864	533	15	27
861	532	19	25
861	534	16	20
864	536	14	17
865	544	14	17
862	532	17	21
862	533	20	17
862	535	20	21
864	537	17	22
863	537	16	20
860	537	18	22
860	537	18	22
861	534	20	26
860	534	20	26
862	535	15	24
864	535	12	21
864	535	12	21
862	534	13	25
861	533	15	25
861	533	15	25
860	539	12	22
862	538	10	22
862	538	10	22
867	535	9	24
867	535	9	24
867	535	9	24
867	538	13	23
862	537	17	25
862	536	18	27
861	538	21	27
855	536	27	31
855	537	28	29
859	537	29	30
848	536	35	30
848	536	35	30
848	536	32	27
836	484	22	35
838	483	17	39
840	485	16	41
838	483	19	47
834	486	23	54
835	483	23	57
836	484	17	48
833	486	21	47
834	487	20	44
833	489	24	50
834	481	17	52
832	489	22	61
835	488	20	56
833	484	18	54
829	487	22	54
831	487	20	55
833	486	16	54
829	488	22	53
829	488	21	56
829	489	23	55
829	487	22	57
828	488	20	52
827	487	20	54
828	486	20	55
829	486	16	53
826	486	21	53
826	488	22	53
827	489	20	53
840	524	26	50
825	488	24	54
827	489	20	53
826	487	22	56
826	486	21	58
825	487	21	54
825	487	22	51
825	486	22	58
824	484	23	62
824	484	24	65
821	487	24	60
822	484	21	64
823	484	18	64
821	488	22	61
820	487	22	61
822	486	22	63
818	487	26	60
819	487	24	57
820	486	21	59
818	488	24	56
818	488	22	52
818	485	22	58
818	486	21	61
816	486	24	56
816	485	22	52
815	483	22	57
814	481	20	59
816	483	20	61
814	483	22	55
817	483	19	52
818	485	19	51
816	484	21	49
816	483	19	50
816	482	20	45
816	484	19	44
817	485	19	42
819	484	17	43
819	483	19	43
820	484	19	46
818	484	21	51
821	481	17	48
822	480	17	46
823	483	17	50
822	482	21	55
823	481	20	57
822	478	22	56
824	482	22	58
825	480	20	63
825	482	21	61
824	482	23	61
824	483	24	70
827	482	22	77
826	480	22	81
826	481	25	84
826	480	25	80
827	480	26	80
826	476	25	77
828	478	23	84
827	476	23	81
830	477	22	79
830	475	22	79
830	476	25	84
830	476	26	78
831	477	25	79
831	477	25	74
830	475	24	74
831	477	24	67
832	476	23	66
833	477	22	63
834	476	24	65
834	476	25	68
835	473	24	70
835	474	25	70
834	475	29	75
835	475	30	74
836	475	30	76
836	474	29	72
837	475	26	73
839	475	24	75
838	475	31	80
841	474	22	71
840	475	21	69
842	475	21	61
840	475	20	62
842	476	18	61
841	477	20	63
843	476	18	58
843	475	19	58
844	473	17	58
843	474	19	55
844	473	18	59
844	472	18	60
842	473	19	59
843	472	17	60
841	472	20	55
842	472	20	60
841	472	19	59
842	472	19	54
842	473	17	55
842	473	18	61
842	472	19	57
841	472	20	53
841	472	19	54
841	471	17	54
839	471	19	57
840	470	17	56
838	470	17	57
838	470	17	62
836	470	19	67
835	469	18	66
835	468	18	72
832	467	20	73
831	469	21	75
831	470	21	69
831	470	18	64
831	470	17	60
829	471	17	59
828	471	18	62
827	471	17	61
825	470	18	58
824	470	18	54
822	470	18	52
821	470	18	53
820	471	19	52
818	469	19	55
818	471	18	59
817	470	18	57
815	470	19	59
814	471	19	56
812	472	19	52
810	473	19	55
809	472	18	51
807	473	18	51
806	472	18	55
803	472	19	55
802	471	18	51
800	472	18	54
798	472	18	53
795	472	20	60
795	472	18	59
792	471	19	57
790	472	19	59
788	472	18	60
788	470	16	59
786	471	17	56
783	472	17	53
782	475	17	54
780	474	17	54
778	474	19	59
776	476	19	58
772	476	20	60
771	476	21	57
769	477	21	55
767	477	23	59
766	478	23	61
763	476	25	58
764	476	22	60
761	476	23	60
761	478	23	60
759	478	23	64
759	476	23	66
757	476	21	64
757	480	21	59
755	478	21	64
754	479	22	63
752	477	22	61
752	479	21	60
751	478	21	63
747	480	25	62
747	478	24	66
747	479	23	68
748	477	22	71
746	479	20	67
746	480	20	62
744	481	21	58
743	481	21	62
741	480	20	64
742	480	20	63
740	480	20	67
740	479	19	64
739	481	19	59
738	483	20	58
736	482	21	61
736	481	22	64
735	480	21	63
734	479	22	67
734	483	24	65
734	481	23	70
735	480	23	72
735	480	21	66
735	480	22	67
734	482	22	67
735	481	22	71
734	482	23	70
737	482	21	74
739	483	22	66
744	482	21	66
751	482	22	65
764	481	20	67
781	483	22	64
796	480	21	67
815	481	21	66
831	481	20	68
844	482	24	69
859	482	23	69
870	480	21	70
879	480	23	71
886	482	23	71
891	482	22	74
894	481	22	67
899	483	22	65
903	481	21	65
906	482	20	62
908	481	20	62
909	482	20	64
911	482	20	63
912	482	21	64
912	486	23	63
915	483	21	65
917	485	21	60
917	484	22	62
919	484	22	66
921	487	21	63
922	486	21	61
923	487	22	60
926	486	20	62
927	486	21	67
930	487	21	69
931	487	22	65
933	487	22	67
935	484	22	65
936	487	21	61
939	487	20	59
939	486	21	59
942	487	20	56
943	489	20	57
944	489	21	62
946	488	21	60
947	487	20	59
949	487	19	60
951	486	20	63
951	488	21	59
952	491	21	55
951	489	21	59
949	492	20	54
943	492	19	51
933	492	19	55
922	494	20	53
904	494	22	56
881	495	19	52
859	494	21	56
830	495	20	55
801	497	19	53
764	495	18	57
726	497	18	56
726	497	18	56
698	519	23	60
698	519	23	60
698	519	23	60
698	519	23	60
698	519	23	60
698	519	23	60
698	519	23	60
698	519	23	60
698	519	23	60
698	519	23	60
698	519	23	60
698	519	23	60
698	519	23	60
