949	607	28	81
948	606	29	79
949	606	29	80
951	606	28	78
950	607	30	76
953	608	28	74
953	608	27	75
952	608	34	75
955	607	31	76
957	608	31	73
958	607	30	73
961	608	27	73
964	604	24	75
963	606	28	72
964	606	29	73
965	605	30	75
968	604	30	72
968	603	33	76
971	603	29	76
969	605	36	73
968	603	43	75
972	606	37	73
972	604	41	75
974	604	36	74
974	605	41	75
975	602	44	75
979	603	39	74
980	606	37	73
978	603	47	73
979	603	50	75
983	604	47	71
985	606	35	69
986	604	35	72
988	603	34	74
986	603	41	74
988	602	44	76
989	605	37	72
989	600	42	75
989	601	47	76
991	605	42	70
994	600	41	78
999	598	35	77
998	600	36	78
1001	596	36	82
997	595	44	81
1001	591	40	86
1003	599	40	80
1008	598	36	81
1012	596	30	79
1014	594	32	82
1014	591	36	86
1016	591	35	86
1018	591	34	86
1018	593	38	85
1019	596	42	81
1019	592	45	82
1019	595	52	81
1020	597	52	76
1022	596	52	78
1024	593	51	82
1032	596	44	79
1041	599	37	77
1048	602	31	73
1033	588	34	82
1049	597	37	78
1052	600	36	72
1035	586	46	83
1037	591	58	81
1044	593	55	81
1051	592	53	81
1057	590	51	83
1062	596	50	77
1068	585	48	87
1074	588	42	87
1076	594	48	80
1079	589	48	85
1065	578	57	91
1073	578	63	93
1079	581	62	89
1090	579	52	94
1090	578	54	94
1099	574	43	99
1102	571	42	101
1084	577	59	92
1098	577	52	93
1101	572	46	98
1105	581	46	91
1111	582	40	89
1113	589	40	82
1114	581	38	86
1116	586	35	82
1118	588	37	78
1115	586	39	71
1114	585	41	77
1119	588	35	74
1119	584	36	74
1118	581	35	76
1117	585	38	74
1120	580	36	76
1118	582	39	75
1116	581	42	76
1117	578	40	78
1121	582	38	75
1120	580	40	75
1119	583	42	77
1119	583	42	74
1118	579	43	75
1122	580	40	75
1120	579	43	73
1122	577	41	76
1124	579	38	73
1123	580	40	69
1122	578	40	73
1122	574	42	75
1117	571	49	80
1121	575	43	75
1123	573	44	76
1123	576	42	75
1123	573	42	75
1125	576	41	72
1127	577	39	70
1129	571	37	78
1127	574	40	78
1128	575	39	72
1130	576	38	72
1127	580	39	67
1127	578	42	68
1126	575	44	73
1126	575	46	74
1127	579	47	70
1127	577	47	72
1130	576	44	73
1130	576	46	77
1129	577	46	74
1129	581	47	72
1129	582	48	71
1129	580	50	74
1132	586	47	69
1130	580	49	71
1131	576	48	76
1133	576	47	73
1135	576	46	74
1136	580	44	70
1134	579	45	70
1133	582	48	69
1137	581	42	73
1134	583	46	69
1134	582	48	70
1134	586	49	67
1135	588	47	67
1139	585	44	69
1134	590	46	66
1137	600	48	63
1140	605	45	54
1138	606	49	55
1141	599	46	65
1146	591	40	72
1145	595	43	74
1144	595	43	73
1149	594	36	73
1150	594	33	74
1148	593	36	73
1149	593	37	76
1151	590	33	77
1152	591	32	77
1150	591	34	77
1148	590	37	75
1140	589	43	77
1138	586	46	76
1134	577	49	83
1129	568	54	87
1130	568	51	88
1129	561	48	95
1124	557	49	95
1123	573	47	76
1107	569	51	78
1094	570	52	77
1084	574	48	73
1064	574	55	70
1038	573	50	69
1015	571	45	69
984	577	46	61
954	584	51	56
915	588	50	52
873	571	53	62
841	571	47	66
804	567	38	73
771	568	41	71
741	569	36	73
705	566	44	74
679	561	50	82
666	564	42	81
649	562	45	85
637	576	47	71
628	566	47	82
631	565	36	83
626	565	36	85
622	568	38	85
620	569	36	80
617	571	38	78
612	568	43	83
611	563	44	85
608	561	46	91
609	568	46	81
611	567	43	79
607	567	48	79
606	566	50	79
610	568	44	75
611	568	42	74
611	573	41	73
613	574	39	70
612	572	38	73
607	565	43	80
613	568	37	81
613	560	35	86
610	554	37	93
607	559	42	89
599	552	51	92
593	550	61	98
598	549	54	98
605	560	44	86
607	556	40	91
606	558	41	89
605	558	42	88
604	552	41	96
599	546	46	106
602	547	45	110
599	546	46	103
597	552	50	102
599	549	42	98
602	555	41	97
596	550	49	97
599	545	48	101
615	552	41	99
634	554	32	102
644	549	34	98
662	554	34	102
678	547	31	99
687	550	41	96
696	546	48	94
699	541	55	85
722	546	43	88
722	541	49	92
730	544	48	86
735	535	46	92
747	551	41	94
757	545	31	94
691	536	33	85
696	525	30	88
759	551	31	95
688	528	38	91
745	536	45	97
747	543	44	93
746	537	50	96
747	545	48	86
757	537	51	88
761	536	54	92
778	539	50	98
770	541	47	90
770	541	52	81
778	546	43	77
783	543	44	86
780	538	57	92
786	537	53	98
784	538	54	98
787	539	51	90
774	539	63	91
778	537	60	88
780	542	57	77
779	540	50	82
779	539	43	74
782	539	41	76
783	540	43	77
788	544	47	80
790	534	42	86
802	535	43	84
820	543	27	79
830	542	29	81
841	539	36	80
848	549	42	80
852	543	47	82
862	543	45	74
864	547	42	73
870	544	48	67
868	544	53	63
868	543	48	64
874	544	47	70
878	540	39	73
872	532	44	79
879	538	45	80
877	536	43	74
876	532	44	83
874	533	42	77
875	529	42	80
873	533	43	81
874	532	40	76
875	531	43	72
878	531	39	73
874	530	40	70
873	530	44	75
874	529	57	78
872	527	47	77
874	527	42	77
875	530	43	71
876	524	37	77
878	525	35	77
878	529	35	74
879	530	36	73
878	526	32	71
878	531	33	66
879	528	31	77
878	531	32	75
879	530	33	78
884	530	30	69
833	538	26	67
892	533	29	66
902	535	29	62
914	535	27	64
923	537	34	62
938	536	32	63
963	525	27	64
971	539	38	63
1001	535	29	64
1020	534	28	66
977	534	26	70
993	538	25	65
1003	539	25	61
1012	541	23	60
1055	546	25	55
1023	541	25	57
1025	541	26	59
1084	536	31	66
1084	531	37	75
1085	531	36	76
1080	534	41	78
1076	532	45	75
1074	526	49	81
1068	525	60	87
1065	525	65	89
1071	533	57	83
1067	524	58	93
1065	522	62	92
1069	522	58	97
1072	529	52	90
1074	526	54	97
1077	534	52	87
1084	532	54	86
1087	525	51	97
1088	539	54	105
1101	524	49	99
1101	525	48	90
1105	528	46	93
1108	533	46	80
1109	529	49	89
1111	529	43	94
1114	526	44	90
1115	530	42	91
1116	531	42	76
1115	533	41	82
1118	540	37	89
1118	530	36	87
1115	530	37	89
1116	537	36	94
1115	527	34	100
1115	527	36	92
1115	534	36	95
1115	536	36	100
1114	528	36	97
1113	534	35	97
1114	529	35	94
1111	530	41	92
1113	532	37	101
1113	535	44	104
1119	531	43	99
1121	538	51	99
1130	537	61	98
1123	530	70	104
1134	536	64	104
1138	534	70	102
1131	534	83	97
1130	539	91	99
1130	539	96	96
1130	544	90	89
1133	539	96	94
1132	527	106	97
1133	549	102	89
1138	537	98	107
1147	540	88	102
1146	540	87	107
1141	545	97	100
1141	546	93	100
1142	549	92	100
1139	544	92	99
1139	542	91	99
1141	544	91	105
1139	544	92	105
1142	545	87	109
1139	542	90	111
1138	544	92	107
1139	546	94	101
1136	548	93	107
1143	545	87	111
1141	551	91	103
1137	551	93	103
1140	551	96	106
1135	549	81	108
1140	546	66	119
1139	546	53	127
1145	539	39	121
1143	541	39	121
1145	545	39	117
1143	536	38	120
1144	544	40	111
1144	527	35	102
1143	534	36	92
1142	541	40	85
1146	547	34	75
1145	544	32	78
1145	546	36	81
1145	543	35	85
1145	545	37	81
1146	544	39	83
1143	546	42	78
1146	544	40	81
1146	548	38	77
1149	549	37	77
1146	542	40	83
1144	542	43	84
1144	544	43	79
1144	547	45	78
1141	547	50	69
1143	546	47	72
1142	547	48	67
1144	550	49	69
1141	549	46	76
1143	558	49	72
1142	551	50	79
1145	556	49	75
1146	556	47	74
1147	553	47	77
1141	550	55	69
1141	553	57	78
1149	556	49	75
1149	554	46	77
1141	546	53	80
1152	563	47	65
1154	557	43	77
1145	546	50	83
1138	545	50	76
1142	549	41	72
1143	548	35	73
1156	561	40	71
1149	561	47	67
1144	551	53	76
1142	552	63	84
1142	550	51	74
1143	554	64	85
1146	551	59	95
1144	553	60	86
1139	636	62	74
1142	557	54	77
1145	556	37	75
1148	561	33	77
1149	562	32	75
1151	563	27	77
1149	564	32	79
1153	569	30	78
1152	572	33	74
1153	575	31	77
1153	574	31	82
1152	578	33	77
1152	580	33	78
1154	581	33	77
1153	582	33	79
1156	587	32	73
1157	588	33	79
1159	592	30	76
1159	593	29	73
1161	596	28	71
1162	596	26	76
1164	602	26	75
1164	604	24	68
1165	607	27	74
1165	608	26	70
1167	606	27	79
1166	610	29	78
1168	611	28	76
1169	619	27	76
1169	622	28	81
1173	627	27	83
1175	625	26	78
1175	629	27	75
1173	631	30	72
1178	634	26	67
1178	637	25	68
1180	637	24	65
1180	641	27	67
1181	643	27	62
1180	647	30	69
1183	647	26	69
1181	651	30	75
1185	651	29	75
1184	652	30	72
1184	654	34	73
1188	656	34	68
