64	401	330	246
88	396	325	243
103	401	329	239
111	402	337	232
121	406	359	223
151	400	333	226
174	409	331	212
204	399	315	228
210	410	333	200
246	404	317	209
269	405	305	201
296	402	294	204
313	408	303	196
338	410	312	188
361	411	300	191
377	400	286	199
398	402	287	192
424	401	279	199
449	399	277	200
470	397	275	197
483	406	285	192
510	399	282	196
522	410	287	180
538	401	320	223
543	406	374	268
564	395	358	286
542	391	373	290
557	387	328	270
563	390	343	282
563	383	333	300
570	390	345	291
557	388	370	285
553	399	386	263
581	393	361	266
634	394	316	263
622	387	334	281
574	386	394	281
633	389	353	236
602	383	388	258
667	387	337	216
691	389	317	198
709	390	319	187
729	377	306	199
752	380	294	197
783	369	266	224
786	375	274	203
772	372	293	212
807	380	270	208
822	370	266	183
852	361	242	202
858	366	246	200
899	364	212	195
901	363	213	191
911	365	214	184
916	368	212	146
932	362	206	159
938	364	207	148
947	364	200	132
969	363	185	125
970	361	192	117
980	363	191	109
987	364	193	111
990	360	197	115
1001	357	192	118
1006	361	192	117
1015	360	190	113
1027	352	180	119
1034	353	177	120
1042	350	178	118
1049	350	169	118
1056	351	169	111
1064	352	166	109
1071	348	164	116
1080	350	162	115
1083	348	164	118
1090	347	158	113
1097	348	153	111
1101	347	159	114
1106	344	164	116
1106	342	167	117
1118	339	157	126
1124	341	155	113
1129	341	153	106
1134	340	153	111
1143	341	141	106
1150	342	143	99
1156	340	137	100
1161	338	131	103
1167	342	132	93
1170	338	132	99
1174	337	131	97
1178	336	128	107
1180	337	130	102
1184	335	126	96
1188	332	120	103
1192	333	113	93
1199	335	118	93
1202	335	115	90
1206	332	114	98
1210	331	110	91
1210	332	117	90
1213	332	116	88
1217	330	113	87
1220	330	111	86
1224	330	105	87
1225	330	109	82
1230	324	100	90
1230	323	104	86
1234	331	100	79
1233	326	98	84
1235	328	92	77
1238	327	85	80
1238	327	79	72
1238	325	73	82
1246	322	58	86
1255	309	67	89
1255	309	67	89
1245	313	72	90
1236	308	82	93
1233	310	85	93
1239	309	80	84
1236	309	87	85
1221	311	99	88
1218	308	96	87
1210	311	104	85
1208	307	108	85
1203	314	108	79
1215	311	93	76
1204	313	102	69
1218	313	95	74
1205	311	99	73
1211	316	91	67
1210	313	92	73
1201	309	95	80
1199	314	100	72
1199	311	95	78
1208	316	82	69
1204	316	82	69
1206	315	80	66
1199	311	81	67
1198	314	80	68
1198	310	78	72
1190	314	80	71
1199	304	71	78
1195	313	69	66
1200	307	59	76
1190	312	67	66
1182	312	71	70
1185	300	69	79
1179	301	70	78
1179	298	67	82
1178	296	67	81
1179	295	61	82
1178	292	58	86
1176	291	56	89
1171	299	56	76
1165	296	65	85
1166	303	61	72
1165	309	59	67
1163	308	64	66
1164	312	62	68
1162	310	65	66
1161	311	68	61
1161	309	72	67
1167	311	70	66
1172	314	68	63
1174	312	65	59
1176	310	67	61
1180	307	65	68
1180	307	73	67
1179	308	73	61
1192	310	66	60
1192	308	65	59
1193	310	71	57
1200	305	63	61
1202	300	69	66
1204	306	62	56
1220	312	56	53
1213	299	61	62
1215	300	64	61
1219	296	58	62
1229	289	48	69
1232	291	46	67
1232	290	47	68
1238	290	47	66
1237	285	50	69
1246	284	45	67
1248	285	44	67
1247	282	48	68
1254	278	42	71
1254	274	45	74
1261	274	39	76
1263	279	38	69
1266	270	40	73
1271	280	37	65
1274	279	39	63
1278	278	39	64
1283	277	36	63
1288	278	39	62
1299	276	36	59
1303	276	40	62
1309	272	39	64
1322	274	36	60
1331	274	36	60
1341	275	36	59
1352	270	31	63
1360	272	36	59
1371	270	34	60
1385	269	30	62
1394	271	33	58
1403	265	36	63
1418	265	31	61
1433	267	29	59
1447	267	25	55
1458	268	28	54
1474	266	29	55
1485	265	28	56
1497	264	36	55
1507	264	36	57
1519	262	35	63
1539	239	39	74
1552	251	51	76
1553	240	63	88
1571	238	64	96
1572	222	70	109
1592	218	69	119
1597	220	79	126
1603	217	89	121
1620	215	79	137
1636	213	78	134
1645	214	79	128
1656	215	80	133
1669	215	79	131
1679	215	82	133
1687	214	90	139
1700	214	91	132
1717	216	84	133
1726	217	88	134
1735	215	94	135
1758	215	83	129
1779	213	76	137
1780	212	92	136
1792	216	98	130
1799	214	110	138
