755	284	201	637
760	289	183	647
771	308	171	631
754	303	193	603
753	303	191	625
761	313	187	590
750	317	195	597
759	318	189	585
765	301	192	629
759	294	179	655
770	284	180	639
757	308	182	674
754	244	191	676
763	286	172	640
756	293	182	639
768	300	184	595
757	313	185	578
755	317	186	566
755	302	193	576
760	313	180	565
755	321	193	528
755	311	184	558
761	322	183	559
743	305	201	595
763	318	180	560
754	297	188	608
756	312	187	593
752	305	190	573
747	313	200	567
766	302	183	609
746	296	187	651
764	299	185	637
750	311	185	610
767	301	172	632
751	277	196	643
766	304	192	616
758	309	184	605
752	288	195	618
755	293	197	621
749	296	181	632
753	293	198	627
751	296	180	654
771	307	181	596
751	315	190	587
757	291	192	614
761	304	191	604
755	320	188	566
750	305	194	556
754	303	188	570
751	316	195	553
772	311	179	587
758	301	188	581
766	307	193	548
765	315	188	558
765	313	195	533
754	315	200	566
761	306	196	569
757	307	194	556
768	313	198	555
772	320	203	542
762	318	202	561
769	313	198	570
759	308	215	556
757	304	200	561
752	286	222	594
755	282	230	604
746	302	263	594
748	302	263	596
733	320	287	592
715	329	351	545
742	324	292	553
762	305	242	545
774	299	213	548
768	302	227	533
782	290	204	520
777	299	224	482
780	303	213	524
775	297	224	521
776	299	226	486
777	296	221	540
778	296	227	552
780	297	228	537
764	285	236	591
765	256	245	663
768	258	230	658
769	239	238	688
764	203	235	731
764	193	234	765
762	205	232	758
770	214	224	781
766	208	226	814
770	179	216	866
778	177	211	886
770	136	220	923
770	155	206	903
777	176	203	873
757	171	217	843
760	175	225	890
764	181	209	898
763	129	218	923
759	159	218	900
776	125	204	933
756	170	217	882
767	171	218	855
765	220	213	812
757	200	218	860
760	220	222	862
776	223	203	839
754	216	238	848
757	211	222	869
750	225	228	858
752	250	235	805
749	260	233	823
763	298	230	739
758	305	228	767
758	310	235	748
753	320	226	734
766	333	216	702
757	339	219	722
765	345	217	718
746	345	236	717
755	333	211	736
762	352	209	696
758	364	207	679
766	374	205	674
757	380	203	627
758	375	214	696
772	379	203	688
762	387	197	664
778	391	182	654
763	403	201	659
759	409	213	660
761	408	203	652
760	416	197	640
768	418	203	626
760	421	206	649
764	425	205	619
762	439	211	598
751	443	231	543
757	456	230	515
752	452	233	531
757	455	229	505
759	447	234	576
750	440	245	598
763	442	233	602
764	444	228	559
763	441	234	581
755	371	257	584
773	426	216	571
767	413	229	535
770	373	219	571
774	345	215	593
783	412	209	636
785	331	202	629
811	352	199	629
799	354	179	631
795	380	201	657
809	381	188	667
806	386	183	684
823	397	178	672
819	413	175	631
830	404	176	628
828	415	169	618
836	415	157	642
842	406	166	658
834	409	178	657
833	403	170	658
845	414	169	649
846	398	177	675
839	422	202	641
841	424	216	632
844	442	208	621
853	488	181	582
863	516	167	548
859	535	179	546
871	541	158	498
871	549	162	528
884	541	148	552
868	544	178	537
885	561	152	520
878	554	166	540
896	567	162	520
892	570	153	504
893	581	160	493
902	595	140	481
901	594	163	484
909	599	148	475
893	597	175	462
918	599	133	476
923	581	119	448
920	605	144	470
933	600	113	461
921	611	133	445
928	594	130	469
935	613	114	453
933	612	111	439
939	614	109	427
935	614	118	421
932	621	124	401
939	618	126	374
940	624	117	358
934	622	113	385
939	620	112	383
943	619	106	392
955	605	89	376
952	612	93	364
956	586	87	365
958	591	79	370
961	600	77	354
966	604	70	342
965	598	75	349
969	594	70	336
971	605	70	334
972	599	73	315
976	602	71	331
979	605	64	309
982	600	60	300
983	596	58	298
983	593	59	293
985	606	60	290
987	608	58	282
992	598	56	290
993	596	54	282
996	602	53	277
998	602	55	264
997	603	53	248
996	604	56	251
1001	611	53	238
1004	605	49	235
1007	610	49	228
1003	613	55	223
1009	626	55	210
1009	630	63	226
1015	639	59	236
1017	633	57	228
1018	627	52	216
1022	641	51	206
1025	646	55	220
1030	654	50	201
1022	659	65	214
1028	650	53	209
1037	655	48	193
1037	674	50	193
1038	656	53	179
1038	661	60	190
1043	680	57	185
1044	663	49	184
1051	674	43	174
1055	675	46	165
1053	683	51	164
1055	681	47	164
1057	680	62	173
1058	681	69	167
1063	686	46	158
1059	688	58	141
1063	693	52	129
1068	703	42	140
1064	684	55	144
1054	683	64	126
1062	700	57	117
1073	694	48	129
1076	720	31	128
1076	668	46	131
1074	677	46	134
1080	671	45	141
1082	678	38	142
1082	672	44	148
1080	671	44	144
1085	660	40	145
1075	669	51	154
1079	662	49	150
1085	660	47	147
1083	652	48	144
1077	648	56	160
1082	650	52	152
1087	655	46	146
1093	656	43	151
1092	657	44	152
1093	660	49	143
1092	663	48	142
1090	662	56	130
1096	666	54	144
1104	661	43	135
1101	664	56	125
1108	669	43	122
1104	671	49	116
1097	674	61	111
1112	678	48	100
1114	679	48	113
1114	682	47	128
1116	678	55	115
1121	676	50	116
1121	678	50	116
1125	679	50	119
1125	680	46	127
1129	687	40	132
1132	688	40	135
1134	679	42	143
1132	686	43	152
1134	686	48	153
1133	685	45	150
1136	681	45	151
1136	684	44	155
1139	693	40	150
1136	685	54	146
1142	684	38	162
1142	681	43	154
1141	688	40	155
1142	695	38	150
1139	697	42	136
1141	696	40	133
1139	688	49	131
1142	699	40	132
1140	704	43	126
1141	703	39	123
1140	710	44	118
1141	713	43	125
1139	710	43	130
1134	711	54	120
1138	701	59	124
1141	713	45	119
1143	718	47	114
1143	721	46	112
1141	716	48	116
1141	710	54	134
1139	714	59	143
1143	709	53	155
1143	716	53	151
1145	718	52	139
1146	714	52	145
1147	721	51	139
1143	720	53	133
1145	722	51	136
1147	724	53	139
1145	727	50	132
1146	727	51	129
1145	739	52	117
1149	733	50	125
1146	734	55	127
1148	731	50	134
1148	732	52	144
1149	730	53	156
1151	728	49	164
1151	734	50	158
1150	733	54	166
1151	733	53	162
1149	734	55	157
1149	736	54	160
1147	736	58	164
1145	741	62	151
1146	752	59	138
1145	744	62	143
