1088.5,973.5,80,103
1085.3065813851413,963.7831293313496,80.3988363599663,102.5394847455038
1082.414319677962,957.8784717421104,80.8685032450891,101.32175944241499
1079.967503188582,948.8291274536455,81.23325515085112,100.4981896422696
1079.2340921792359,942.972023302149,79.5903574162781,99.7936471823233
1077.7600159117555,936.9232391812229,78.07511054099109,99.3728314443778
1076.4746815709248,930.4950308745148,76.93500360886743,98.51762581963501
1074.9927251989977,924.5646606906319,75.66114674899245,97.38130159694683
1073.3154500298006,917.8961685437855,74.74030121717786,95.79849848371813
1070.2917364874236,912.9799536466603,74.07659005348837,94.68847107887177
1069.2448056690891,908.1603274029804,73.15091948648279,92.86740213983988
1067.3513286985483,902.8654998236891,72.24834830015367,92.2304051530369
1066.4469330499032,898.3783685459814,71.26564999630844,91.3480879278737
1065.2727765842453,893.373010088498,70.15291813926393,90.8050118893494
1063.7816904192457,887.4781057559203,68.97517883672506,90.130514676819
1062.0118328383985,883.1328926471656,68.25688313416194,89.34922115250717
1060.0825717784219,879.0543795045378,67.55482166265391,88.49448100404686
1059.566493759168,875.0384426415806,66.62186501500446,87.52212613804241
1057.876132565004,871.4901984344394,65.95572766212189,86.72050177842956
1057.1789638528612,867.3737626460914,65.21250090412562,86.22633306429302
1054.4109743931256,861.9292322595147,64.62181137038039,85.99887009477064
1054.89752210872,858.9574138693745,63.58767222967475,84.97477444554661
1052.0465406889064,855.373737817609,63.28537739031661,84.25260590393607
1051.4666039145595,850.0241755770611,62.557685326217126,83.09909690877444
1050.9871070142194,847.0242150450305,61.84161849705298,81.81356656063491
1049.4742511292845,843.328095179488,61.73205013462899,80.76496938528689
1048.7112295313318,839.1083802784117,61.62358269420483,79.90537365185591
1046.022082484819,834.045216555697,61.36834950832999,79.13013745287604
1044.8883182676152,831.6747389719342,60.893989181217556,77.9229944377235
1044.8048737535337,827.6953890275374,60.14576231649356,77.16349841129485
1043.7187526585858,824.2204181722819,59.82885207490089,76.2732063190104
1041.8333890319495,820.8689971273993,59.5552701889218,75.40424340847034
1041.8191115630677,817.3182911630504,59.12584866622856,75.09838967402135
1040.3400983589752,813.4085398937382,58.4653755569731,74.0462100455926
1038.1945382446595,811.4787606296585,58.11603577126111,72.75191277312322
1038.2780139022798,807.1338856416397,57.37528073316207,71.91887946974181
1037.0754425063478,802.9887316379939,57.15928995912323,71.64553448478497
1033.4828753730499,800.7784201721738,58.98366782847194,68.71576078327699
1033.5311202212354,799.1354957651663,59.6178137751061,67.33697012433042
1032.0028108365243,795.4508051434685,59.651883153735504,65.9482928197524
1029.2451856141427,793.6471452651703,60.495012550525175,64.37244225774535
1028.7392858160158,792.9518324475889,60.71041320907651,63.35639756095304
1025.8372073412293,789.6751996404133,61.17469064586274,61.698831533153474
1025.6149976043816,787.4909221605297,61.08272517941069,60.474408969116965
1025.1358278203606,784.4282760300284,61.14576871025573,59.893811051439044
1024.8689364904428,781.8297509285959,61.4459853392315,59.51179211673089
1022.6184888100511,778.6204044461517,62.289091946505295,58.66435606474313
1021.131545497858,776.7601523532967,62.43383170886139,58.182136270503186
1020.6143277277099,774.4410234741493,62.10347645192397,58.03210162080846
1019.779985506283,772.4552357858262,62.12109566440845,57.77551041725441
1018.1932359819072,768.6883749086066,62.056625076242945,57.319077428499085
1017.9415640646046,766.9330025655174,61.86179383817803,56.70394616481771
1016.1589175993563,763.3589709093736,60.671448646115905,56.34467333742641
1017.0185767100818,762.2054817849875,59.41102947561613,56.78482874741553
1014.1863024263844,758.7292090403425,58.39316827967464,56.006546428325194
1015.5986597106569,756.8142826393392,57.53164092884214,55.564567717880564
1014.1272213369313,755.4038961362261,57.33074173635186,54.86354616653562
1013.8057477160045,753.4963705493628,57.06470598603323,54.096116432821894
1012.0300087613374,749.8534695396338,57.02558197428587,53.37693931867386
1011.8487462800421,748.3968613434532,56.893460208837794,53.15489894376229
1012.0080481421322,747.14884707597,56.37423833680738,52.89394252961655
1011.0639650462722,744.5144916315497,55.89025839891927,52.23324391452048
1009.6043616763376,744.2572167264517,56.09565374123598,51.62008219021645
1008.0465605832158,741.4834080074418,56.00856151143344,50.79128914392231
1009.1230225689468,739.5246754295382,55.46111213122657,50.53469014033621
1007.3566991095437,737.6384057424306,54.61585940327372,50.51012849373843
1008.2342150710715,737.8201971027297,54.384816084763685,50.36658013402572
1007.1665089183913,734.5324644514772,53.845243458178295,50.19836305203991
1006.2723455331266,732.548683043003,53.39895061124576,49.55976618194585
1006.5145164288564,731.5169876951588,52.52799106985666,49.34827193844053
1004.8133181532668,729.0457616926534,52.1415149022247,49.25647177670339
1003.4183761899175,726.3802219575906,52.26109834521973,48.43021644229412
1002.9941963842027,725.4664689405588,51.7549074758066,48.33917997204708
1003.5126592955835,723.9766682909653,51.618736522029344,47.9348877813963
1004.2060952456634,720.9478419774201,51.03633671068343,47.636013556832744
1002.0582306621786,719.2001302297455,50.53679448101583,47.123422373227044
1002.4223176059453,717.8026120007942,50.090295753413805,47.23594201785147
1000.89326091796,715.402889029633,49.770667792561824,47.05711504528731
1000.1125523377793,713.8086386236104,49.870489417644876,46.43961753198454
1000.0924601550392,711.2426433039304,50.42104457408349,45.854849920154216
999.2854035896974,709.8588912264037,50.93790450137514,44.98953847576635
999.341603435797,710.1340591062558,50.683473795210396,44.398178843269314
998.289808508478,709.542489264886,51.25413315649349,43.957205919960494
997.605575285876,707.0492951134421,51.557569861364094,44.112014060799844
997.1444952246188,705.3823999074189,51.67404744393837,44.40307724086679
996.6360975756897,704.5289582684386,51.642771476576,44.783375464429895
995.0794684613985,704.1536564647894,51.83650408183692,44.635531975380395
995.0873453391902,700.8244815010547,52.00083591077479,44.24806118980655
994.3581299701449,700.2107741318505,51.75970266876298,44.38396920862574
993.9276074783756,699.2533457049266,51.676528957137556,44.37662597874109
992.3170952129232,697.4243729035561,51.9739866698054,44.22330134451297
990.1049676385184,695.8815323400887,51.538039506145346,44.14694629095141
990.7455418234442,695.4204866650133,50.765900259142256,44.632262046152604
989.259116891712,693.1413941224212,50.098203800737785,44.753536978901565
989.3681494930318,691.8259167775116,49.38117765606828,45.050538049717375
988.6927018659369,690.3317809971584,48.84241708178198,45.2197774181937
989.4494779145963,690.1788084481261,48.07932376141417,45.29964381225873
988.5149382141841,689.2992694600073,47.614146036384085,45.55923188504639
987.9707343651044,687.9901724620476,47.11136792636163,45.68544318252519
987.0298475199413,686.835991715716,46.57448026071559,45.6979782400993
987.4803279468618,685.2451291505928,46.33982560451776,45.39303621412621
985.2481917478063,683.8317991663998,46.21548210831118,45.13389982631095
985.215720049784,682.5155846781805,45.97748567214537,44.694740763351355
984.8074282213803,680.5646499166768,45.77091232841099,44.20725701105965
984.2405468501192,679.5550126498919,45.586094443491774,43.971947947446225
983.1853556893908,678.7566188929377,45.50565440204872,43.65673349392455
983.0716047873345,677.2342403593112,45.16284412339374,43.64078680675254
982.3544431385144,677.0659401017377,45.19735424583263,43.47828991503526
982.2829342650045,675.492356559353,44.96562337544178,43.45884175207832
981.9703106530625,673.818685537145,44.47341368633141,43.7969562822272
981.230307753296,672.35295951536,44.026797571954646,43.844253290778454
981.3355877175851,671.3657708908806,43.658977195635714,44.06539543803737
980.0124026109686,669.838429753488,43.51886650524325,44.25123773365095
979.9696568785158,668.986272476632,43.70604042449652,43.68284840133068
978.8747396544063,667.242711397097,43.68265856793647,43.83163933786665
978.7069226314649,664.960240344639,43.46510566075162,43.930886061617905
978.5237853538378,664.5505764190912,43.72171810043179,43.39430504201658
978.4584909494346,663.6248967967593,44.050731874381384,43.04047839648257
978.1217448909056,664.208839812904,43.84852441172379,43.29615703666329
977.1544901535033,663.0291271235452,43.93153599796332,43.32123540572214
977.4659530304322,662.6485084903394,44.16534946710888,43.51075839009796
976.4891215558465,662.3870767343177,44.41939264623004,43.37917845931982
976.6705448255417,661.5666537171917,44.58430530121377,43.40502817952296
976.3845038265879,662.0692277952162,45.20831194874744,43.67773088979165
975.7137677737846,660.7470413377222,45.43549775083377,43.83021742744524
975.4473847881882,659.9964912014611,45.77104403730665,43.50456634861083
974.8930017182201,659.2698098893635,46.05600663319814,43.96898295220278
973.6278356533508,658.1819077314276,46.027728085217746,44.22976942482813
973.4323928272158,657.184604224929,45.670857077503015,45.127375242871466
973.4588762719118,656.1184996106422,45.27880645693688,45.94532494233138
971.1376484153,654.7020855226481,44.82530632146657,46.87353688163276
969.8482312771172,654.1704232298748,44.49615538741338,46.926275443848645
970.3759321239115,653.4318812224134,44.48106431508643,46.837548301545
969.4740860372732,652.6488586130486,44.31127864793941,46.539411524882844
968.8296776709082,651.786340177985,44.003708948021874,46.09808420204714
969.2829454446196,651.3219232369389,43.96432483978877,45.529896289820314
967.1623313929208,649.0737581533541,44.290807850794366,44.74215739571065
967.1896566380774,649.7596851499567,44.51273131649406,44.069672535024274
966.7554838758015,648.603853920982,44.75274446456572,43.722747537224
965.7271836242352,647.767977312112,44.76367278942975,43.21329405177817
965.1423363471581,648.6374520935188,45.0614389497431,42.55556237398182
965.7639057153889,648.0613035246927,44.97480985111423,42.310552354117576
965.5217452623965,646.7916360375818,44.97349464202499,42.403986172867576
965.0667479441429,645.2507613595459,44.74492123482328,42.52126228141137
965.0588392987377,643.4628658766845,44.542474392895684,42.700360732714465
964.2629269636315,644.5674832891696,44.76373734416735,42.271178927267904
963.6152900254926,642.7003271884225,44.86158609341563,41.87993179877541
962.4594193156855,641.6292616076238,44.972958393385625,40.99254697869873
963.0901291712138,641.263632610614,45.362236986505465,40.45289757067988
963.5425167340736,641.5734583510741,45.326128509650445,40.313244648519316
962.2364067864937,640.8333997135846,45.237737290308466,40.05259408692744
961.4780751918361,640.4521461621149,44.91203259212678,39.88357417131991
961.744853332147,640.4653102511356,45.14398424798252,39.81241773854884
961.0024369765008,639.9212274116131,44.89924335183011,39.417840869604916
961.1734619356197,639.9305800455157,44.77492946917783,39.098011267464514
959.9740672166121,639.5496869835625,44.47555444414974,38.92017916150484
959.2016216895715,637.7451187467141,44.47958401084234,38.72788445615521
958.5377555909763,637.649291436721,44.4285758973638,38.79352776413341
958.0794629987986,636.5049891036343,44.247037173676276,38.71181187175867
957.8235384528051,636.2512686376402,43.94757293453615,38.6181760219973
957.9219399890974,636.0396202464444,43.57403501214105,38.56837506278505
957.4017295965334,635.3808884904987,43.405576803280816,38.44067282131177
956.9112217063275,634.7359369608441,43.113941149747916,38.37841018161588
957.3969287933522,634.8353117532391,42.79438697440151,38.0745519855402
956.9920853400474,632.9794081404741,42.62432217488766,38.06051959620207
957.0090698260618,632.7052101434887,42.479013633767195,37.78471478117104
956.4089947514444,631.8255742242998,42.357749550748,37.654187859134694
956.2262123912287,631.1534921061775,41.99732415458315,37.63225691009947
956.325977132074,631.3932067722629,41.60133774881187,37.925436096528884
955.4072401975798,630.4401878036291,41.25023468107838,38.17146798750148
955.6983980641843,629.5318086063227,40.89796134584518,38.29760750947175
956.2110738091814,629.9725983653946,40.52524507256416,38.268610565218665
954.9831188172154,629.1939455538479,40.332038063545404,37.82908703620467
955.2201216793667,628.5470679847176,40.035959356454995,37.82447109788165
953.8993637084875,627.9966790079924,39.86083086805266,37.83017260956707
954.9373253759238,627.5498967815063,39.490859700691004,37.8811278954404
954.4885869629605,627.3401043342215,38.99887298272585,37.806722666738146
954.1346149223311,626.691786928505,38.779729757008184,37.87874798396157
952.6127308563415,625.3266306417765,38.73652517551709,38.08957126908861
954.4271163979072,625.2884172757365,38.46174130933505,38.346236724923585
953.4905816020947,625.5139327779378,38.29933850792424,38.38034675941548
952.585961121944,624.8569299446684,38.11970753619575,38.61628130855317
951.2956123339425,624.5997956243785,38.442827216080694,38.68328557583048
952.2482162620713,624.09767156301,38.405184514852486,38.65545543242378
951.5319862945989,622.9901493232103,38.53049110564279,38.45075208258595
950.4769021339486,621.6976528565933,38.5887337677639,37.77141415186734
950.771560020243,620.353285531176,38.901719843109646,37.133005371992006
950.2114387342699,619.9398778803338,38.82000793106996,36.58774797699057
950.3857929064601,619.8254746984702,39.001351354515585,36.208418640492056
950.0494889956774,620.1118183595852,39.32812259628149,35.30330837633884
949.6732234672663,619.3283147943096,38.918266043621884,35.012009098961585
949.932033186189,619.3301638642065,38.998855331228924,34.461673424072664
949.5889298356166,620.4755622121558,38.93771855178663,34.13090799915497
949.3759655699979,620.3231351012005,38.639034548977776,34.3111273367677
948.843318855669,620.8321528069874,38.53694621417729,34.63046804290008
948.1970900757593,620.0041173539203,38.222260729525104,34.88766013624455
947.2231685867081,619.1930368107375,38.39268449814729,35.11270491916616
946.1581788289491,619.0390094485492,38.482680502694066,35.23279653035397
947.089261814104,618.0181141986058,38.24425067549635,35.573039049932376
946.3407581943462,617.7000002580503,38.16574026059321,36.06079556070373
945.3232407456466,617.4240395517764,38.57526673037256,36.04006570619985
944.5992196044808,616.3879225090171,38.52252306585803,35.96581970825284
945.27242381212,614.4453252018986,38.74030658802626,36.14584536001131
943.7936066953527,612.7855528374505,39.059977764996496,35.92760980402587
944.8292935458766,613.3483104172332,39.13277625556859,35.42009848967548
944.2439680697827,612.241170226478,39.3800256135944,35.41935988353021
944.8825676784066,613.0265660633892,39.52005616796047,34.94788635641342
944.3349501598337,613.7347575056083,39.65861442392879,34.55755535090439
943.1747608223243,613.5265601312248,39.84931890270437,34.20283449860861
942.4362542670093,613.3402647396393,39.593376557554386,34.142869457261256
942.0594232454139,612.7328012643827,39.64399919301502,33.85948631866313
941.808039355592,612.4838056874721,39.64336372625615,33.86261354511988
940.9208775404495,612.3542323145414,39.92562717206236,33.57920126330955
941.4053886727007,611.8769542493945,39.63270814185111,33.77028227353582
941.0602061889327,612.6133725152192,39.361318131683944,33.7961609041636
940.3401585678214,611.0087979593609,39.24238474841823,33.67229052086992
940.7853401520584,611.0550207720264,38.990970676147114,33.78327957147071
940.4772059333284,610.7679023855086,39.01713656023968,33.72263544412347
941.0952147104676,609.4541025955477,38.36937077550367,33.87380866105386
940.7573690392762,608.5531868262613,37.89265268356807,33.895983550990934
940.5124946778731,607.795734286466,37.604216932859785,33.9211139266019
940.0025461029023,606.5767637111089,37.133437679755595,34.32987526583831
939.9113105712927,606.746830174297,36.88060678346031,34.24980172595404
940.1671870370889,606.3892577731835,36.76396255166658,33.953856368764775
939.9658705875763,605.5080841012806,36.5310831583065,33.67104484950295
940.1600738790485,606.4944069409873,36.33244733351418,33.31091175859048
939.9938269390212,606.4350394813132,36.247316680392274,32.984640158382796
939.0264671128236,605.9563468225482,36.07213299721618,32.59781890433377
939.2847301714728,605.7226464863319,35.885766275851026,32.62426024239285
938.9288348621419,605.0833857572309,35.89927161285448,32.404711579783495
938.5736231388793,604.3054944323297,35.939708096107864,32.3617242071934
937.7562704233425,603.771618213133,36.23292993419431,32.274722483752136
937.0134254452213,603.5059997211665,36.435694999918596,32.45437148669959
937.0210770535795,603.2363339490915,36.276836618864884,32.85057615568727
936.0586107170062,602.8803735695398,36.29847758974104,32.756290390418826
936.3017584620154,602.2311990158526,35.86785694321259,33.39413646796996
935.9662970604527,601.4595076739937,35.75396002416264,33.792759019851744
935.4362768515123,600.6488206112443,35.667944624439265,34.056652738589264
936.4110007494008,599.5174188494915,35.18691435395371,34.47307102154004
936.1464928219093,598.6789350938164,35.10916392542458,34.70651536432637
935.8290599238685,597.6829739539694,35.09622128892711,34.61337180234557
935.6892716092407,597.7407952278471,35.26015340362218,34.40487764559858
935.8908847766254,596.7798071158527,35.08385367872638,34.338231084972996
935.7630780319247,596.1730339164125,35.179504633223466,34.025229098233204
935.2638045785244,595.8188043620675,35.32186008370606,33.872344584715584
934.9420626720637,596.3295771686358,35.30773395705231,33.734634883329754
934.4551606735109,596.0137409835917,35.27901250535875,33.572549874362984
933.3441702917754,595.4571605656457,35.586348193031746,33.242645662990796
933.1675337423308,595.6060731593067,35.41423030929298,33.120709565372515
933.7076693768486,595.8062201491134,35.39277296981534,33.19167494130387
934.1141572215006,595.7420839805307,35.33862907954161,33.14299908873414
933.8271238082432,595.5730334075896,35.141331872834144,33.03010121308603
933.1273622056688,594.1090388074459,35.33254959988693,32.58127175645198
932.8852843549419,594.6386388947844,35.30394257598745,32.26961163848045
932.1711305324443,593.2679325795831,35.114268906323574,32.470435889976834
932.4887316796747,592.8643123273978,34.969749362802915,32.391191115740995
933.4434123394856,592.2191845375996,34.846469714896145,32.39550747872369
933.3874950662208,591.8927689810733,34.69867206142298,32.074033617697
932.9698423760816,591.530969218159,34.615744404706504,31.877299102407044
932.6625113804984,590.4938507714174,34.515450291117475,31.619791086603836
933.4367408734965,590.3451018950325,34.459616422423174,31.057242989096665
933.3258093238483,590.6291789355988,34.57281626078283,30.523389533288288
932.4949512244584,590.8701320201837,34.747139199560586,30.11403846652627
933.2180880111227,590.4607476610506,34.65084347714583,30.04828850183594
932.6429762854941,590.1786352663319,34.692494206921836,30.111779140863796
932.5631260765797,588.6758883374619,34.93044084569699,29.810014392646735
931.714764666875,588.7361710884092,35.00098110895394,29.897554231352203
932.7611300709476,588.0488779984075,34.63957783453069,29.989015010812082
932.3337478026729,587.6873257121249,34.39227430448314,29.924219373950592
932.3712929350447,586.6972773012978,34.23152142891059,30.12405503666141
933.5087746682866,585.4062506934207,33.84076807213752,30.55700580299861
933.5552357128435,585.0444099669687,33.849433040137505,30.526765389485703
933.8923286291885,584.8324858268923,33.70155324058199,30.427588454966646
933.2177218505715,584.8168292522232,33.54185995653772,30.513326743284743
933.9464619375148,583.8573603170003,33.32304226395931,30.465855764968275
934.1096074861397,583.408996478201,33.47311262024251,30.47517631852423
934.5700730468169,583.4661235712987,33.512584941270916,30.312409524515875
933.7786730669512,583.3203194706042,33.71001536174137,30.11709295841063
934.0771361630572,582.7915542356886,33.66090455201022,29.7345576867028
934.0342269342026,582.1306730084439,33.67515326894713,29.474142382975444
934.4878854556873,582.3059642493463,33.53543574904511,29.362534576706867
935.2421448612448,582.3362306979469,33.297622757059976,29.387905152703926
935.776270382948,581.5124431501345,33.12484710122687,29.037811982032473
936.01683819463,580.431192571914,32.94380855594784,28.90842442463677
936.7533166552113,581.2541755045672,32.72718009833972,28.807510014828132
936.9399867354447,579.9961375896464,32.55948682529445,28.522786474857696
936.993491394413,579.77999467588,32.44767956442133,28.54240782933374
937.6160123118566,579.2937183560153,32.24364822853481,28.440804065521423
938.8085549811557,579.0157182203545,32.033114138487065,28.393306235608733
939.4797947734818,579.1744451054584,32.042057936593956,28.275425475607193
939.7885628983723,578.8077723244713,31.97746861197598,28.376755213263294
940.4156334461234,578.5239867423433,31.706964134134473,28.476124740251514
940.7832459709252,577.5477989323127,31.279833615828494,28.500568455519755
942.0936350180294,576.5988602965311,30.95839910758817,28.721309186670013
941.992793199463,576.695069725547,30.864700930479657,28.416361125342533
942.581440506746,575.6855481774928,30.606364979853907,28.508692185318147
943.5209932813979,575.6777628112427,30.331104550026655,28.105245543302722
943.6215796653889,575.2158900298348,30.529632066048617,27.867714288796854
944.2018414316401,574.2793659727255,30.60651550261682,27.413109233383405
943.3292281796996,574.4721301989941,31.153091765599576,26.834455383879256
943.6208127286454,573.6620023590328,31.06644110080189,26.388745649754554
943.1992602337434,573.7371503058268,31.382543875220474,25.86055735137177
943.6898953462614,573.7820819237428,31.574372929588165,25.57984408118394
944.9160452566863,573.9079417184537,31.38672989088886,25.44266718466182
944.6252442728144,574.0124695289946,31.465557858464678,25.47063730134221
944.4350418256238,573.7051533365225,31.477113624361195,25.479130503242345
945.0674640207213,573.2841228250877,31.360848116383483,25.38282922571586
945.7341352235438,573.6264808286936,31.081636741774883,25.47164590712161
945.3876603249837,572.962202110862,31.08731589756837,25.493019719471047
946.0872153455122,572.308841822378,30.9952942316029,25.310991030768168
945.9279612577983,571.8838994226626,31.06762540424291,25.145532283331665
946.5652457034039,572.0432012434376,30.796634341439052,25.080057796225542
947.0962522507848,570.762375981763,30.509320457797866,25.15569395342472
946.6442636445022,571.0057022812643,30.57832642125966,24.785708356861434
947.1178974483657,570.957069873656,30.636680842837045,24.50029627264503
947.3861774173151,570.426871127587,30.753898623482264,24.183505678273264
948.3149302981304,570.05543768801,30.632172743329022,24.200741380002082
948.8477344059868,569.506419898033,30.641916481122678,24.115263199389332
949.0475754750214,569.2932604191994,30.528228902579954,24.16179652992968
949.0579430804512,569.972372274977,30.461755139954754,24.188253208732384
948.9971715504503,569.4692753177712,30.517594457750405,24.129655920598985
949.3800205340802,568.0017935342241,30.14857940856229,24.2381824912331
950.1054012490877,568.3582540662758,29.917382058785677,24.2404849183217
949.5897508109879,568.5238552595081,30.14886435960308,23.903181861888157
950.1687488576039,567.7231631234055,30.05917483165571,23.724983276007826
950.6692326893061,567.4440844922533,30.17521013227111,23.501315174676222
950.4174759368502,567.4841303183722,30.19138905795362,23.44402550467722
950.1743744735934,567.059288529017,30.124213223652585,23.502594991514584
950.8193354210799,566.3357420188046,29.785656024705364,23.674499446685065
951.4045962609346,565.6211563799804,29.67532287687162,23.718289860190012
950.8274668539233,565.2368164575213,29.817726446257772,23.554708118919113
951.2051795848765,563.72855928121,29.60895014235222,23.91076581413206
951.3262862212874,563.2985951910097,29.563671629147144,23.92584190465068
951.7939468681876,562.9496743998083,29.465227681385706,23.975393448944775
951.6936574141268,561.8715699515384,29.355529127501583,23.96757370092273
952.1631790032254,561.7879520451015,29.148410721567046,24.389847924221677
951.6917189950739,560.8510195498923,29.181566149990786,24.210182221585878
951.8299620368394,560.1914169493383,29.256564752595885,24.06532294381971
951.811076363565,559.8345239719763,29.141764689204173,24.09762878885213
951.8360919755235,560.0205366299984,28.83776966700261,24.14422605595868
951.8406898167368,559.5664132000637,28.732407828343753,24.133297767817833
952.1010914915671,558.4983534712297,28.609764131631547,23.830506025916048
951.9538731541179,557.780840899981,28.663396313102602,23.637307033968355
951.7214359640598,557.178456014527,28.521952636635465,23.637184050321505
952.129187335453,556.5021385525988,28.204969850914452,23.66882829252977
952.0277464335995,556.2694470269163,28.25949369701982,23.544542712341226
951.7287473630928,555.1701964353057,28.131803320939778,23.530188556512062
951.1435301487666,553.7566873641568,28.293855548397527,23.644056197558562
951.7195021421998,552.3368784183732,28.265163595718384,23.80503443878093
951.6302635499202,550.8919298102384,27.99140600544967,24.140175490499804
951.4921557344422,550.3882566638581,27.877175718560714,24.23700379267119
951.5006641507146,548.8558842318603,27.832346140594012,24.194604062474333
951.8118318649408,548.3439624584001,27.68207100510068,24.174586697071707
951.4172430267231,546.2801844158622,27.54485576867144,24.478080434735382
951.665568985578,544.9324163442723,27.42230128762803,24.476655175022124
952.1222821493569,545.029887392602,27.533255167131905,24.20461434368602
951.7393923119295,544.2970680213496,27.440228529902726,24.151537585359243
951.967850516084,543.9534380280188,27.584079376423055,23.793444517020415
951.9814877734652,543.1266981934236,27.458568524356355,23.635565019111816
951.850521214013,544.0134608283171,27.26966289862054,23.52049023360064
952.0570567624809,542.0663591362573,27.309912513535913,22.999195837873906
951.3101257242355,541.3676795544056,27.53669225646197,22.46166437371625
951.313785313658,540.4269317928052,27.709583161340177,22.08763049323047
950.7946438311383,538.8906190933433,27.581555219969154,21.957833988544206
950.8239242257321,538.4093571211487,27.62183211934699,21.68225203979851
950.507111637518,537.2666825429018,27.357337190508453,21.660613195422528
950.4340600090713,535.4114594291902,27.142701603722315,21.842976098413136
950.7404957875658,534.9886494679637,27.125052281459368,21.68001760118084
950.4743666704132,534.110137220804,27.287944644811777,21.456799843150417
949.9989914272608,533.3907392781516,27.33996437626463,21.30537873416972
950.2813273774109,531.719579808131,27.168143322016554,21.32749222415277
949.9929280806494,530.2797384197429,27.097972001102978,21.401655896925153
949.1533160123938,529.7562599010188,27.120443312831032,21.2857158243881
948.8868739320123,528.6895541987099,27.022261330081143,21.19213033035465
949.1215247068379,528.219155118552,26.927797864412373,20.883736014397947
949.0753224490016,527.9527046971082,26.910821009838536,20.67312470365998
949.119735730142,526.9142001276565,26.741180503218175,20.656172126865066
949.596090246293,526.3363921738988,26.918444763267026,20.280966472567115
948.8148468553233,525.3238459861903,26.999407077738113,20.033016169151104
948.604314390677,523.6703838740217,26.82863972687161,20.01202114872228
948.6411647702541,522.3716945182737,26.762411304009767,20.22130138190099
948.3715792891309,521.1311855089403,26.621341515943403,20.18073798920593
948.338600564801,519.6508463910704,26.419990431411442,20.127243670929587
947.3576989206152,518.7910265714274,26.498658162608333,20.01960278882272
947.1218986570199,517.4066546319156,26.400107003130564,20.17694773252867
946.9810066054654,516.5491850817847,26.684755947844145,20.053372027950225
947.2671574165455,514.5851756447856,26.61622634602397,19.96575684204229
947.3408568316748,512.1121622642555,26.09788042299376,20.236991790205813
947.2719724916981,510.63760948836534,26.296388746819048,20.339578110189862
946.6272207162261,509.06527194949797,26.46401581956771,20.068933983594235
946.5622296399936,506.94998623841786,26.016727702638995,20.14835041078979
946.556828075171,502.43951904524636,25.836307270520336,20.143885589064
946.8026996620472,500.5279300953323,25.83486332162155,19.790293755463164
946.7987687820926,498.88166710339135,25.75482863762722,19.525037327769684
946.991463078669,496.74612002952273,25.52526980192654,19.154363973675864
946.8329913733646,492.32171672356907,25.21130448488922,18.946989631603753
946.43605282837,487.42391633503524,25.065645778236224,18.778700332987754
946.6705379268788,483.5649296029106,25.043104982854967,18.731809352504502
946.95355673871,481.59041549076125,24.796569176418952,18.681161826070724
946.9387935280146,479.39415228180735,24.719330834216045,18.44786522304343
947.5136082780118,477.7720673073787,24.690055152161158,18.28488585702042
946.7060393079523,474.4553848866067,24.853345300608442,18.42186083268916
946.2685467977456,472.49334804544077,24.95085025519948,18.43851554872764
946.6566583018367,471.3516132864411,24.87150758759319,18.44006153424106
945.4675597320742,470.2609244739336,24.86521709818148,18.584472120147737
945.6899387605929,468.960105435122,24.646838376070797,18.70290726350589
944.7084068973732,467.2932648432897,24.325089175264168,19.079688088970315
944.5624781047865,465.6370205482625,24.145601127169193,19.100804618248926
944.0108909357075,464.1833318527312,23.914089662867305,19.135136326404485
944.1191931884017,462.85490902715145,23.731970147419993,19.09688333902945
944.4079770960291,462.44025093981827,23.585340576031342,18.944738346360307
944.0546879662272,461.14598919040975,23.41453500747178,18.909510920113256
944.2362642809439,460.7467778006658,23.27825313836,18.91123173188486
943.6207845187215,459.7545150932673,23.301342179406472,18.891036458815755
944.0705327329158,458.79555560305704,23.063491103858194,19.01363349786047
943.7426606500129,457.1454182294417,22.886232225535757,19.193557884220837
944.4190500233391,454.98014006060697,22.880058541367994,19.16487559731747
944.3517867213797,453.1393117202446,22.867230259351036,18.820643358211893
944.8740294191017,451.61324119848337,22.831493752876423,18.638178135712657
944.2702316538742,450.01039098763073,23.01251312194674,18.35247450086885
943.9560854266006,448.239962528338,23.305033181360262,17.935754190908114
943.8581056099018,446.8645256651105,23.34647866592618,17.77583294398982
943.6517618076747,445.34680769045866,23.511733919268217,17.578554717115473
944.1990323402898,442.91871150791275,23.275755561938816,17.97330032012237
943.8449607473585,440.9679450012308,23.147969175219227,17.96517943143243
943.9478961785003,439.37409783594046,22.911511861643675,17.990610368610934
943.3049898761193,438.32379731189025,22.655901384054058,18.002386906137115
943.4780868259902,436.9501749304369,22.306485232302766,17.921553160666665
942.7705604406927,433.68541991423484,22.165999467779503,17.82055953859087
943.0614936267506,431.7001934439939,21.805590279024923,17.801046801811403
943.0550898916933,430.1866250266557,21.628043312503372,17.603868708432962
943.0460412225515,428.74052881377423,21.130654410400233,17.795800256586624
943.1778287877115,425.10796848819626,20.996622629227033,17.871073438412736
943.502020201352,423.35142319972465,20.664732776704135,17.985979239049783
943.526860933285,422.2303355002693,20.66398439416706,17.892483213094852
943.2990185418128,418.0718638222297,20.576953568037794,17.955454515646156
943.3011080694595,416.07260169284535,20.57672697869593,17.738021132813333
943.4822267227631,414.5042366140057,20.58307826867094,17.596953829936567
944.011866044518,410.1419209987845,20.303477910283277,17.95770585658262
943.8462631683727,403.754988790022,20.38874801389398,17.782951385252588
943.6919010256498,399.90269052726364,20.604302103521732,17.412723577578447
944.3687145175186,396.6130199375458,20.548641600039417,17.365931791926208
944.463617576411,390.23718184077126,20.53706287707376,17.476678763368387
944.1093788236766,386.02362040982905,20.381885113396795,17.44806260395144
943.8091095204071,382.3286747651402,20.356387791209514,17.38932594456817
943.6116144465853,376.40527420901475,20.118427513704923,17.468460240107714
943.4856957933655,372.44973390773396,19.954133562133904,17.387965124743264
943.6260568041587,367.9452102035013,20.009012095490505,17.10059911157773
943.8543317305307,361.9062042643204,19.92481695880896,17.231701085459417
944.1452514601626,358.1645310415054,19.97542986828155,17.06844776149714
943.8712401870104,353.63172268712134,20.006544245793375,16.972562585804866
944.0325511251034,350.5780108517287,19.95708157552065,17.30941693209671
943.6310681061906,344.1146639313426,19.906625388824825,17.7711859605521
943.5496170392734,337.34260753020214,19.89888969156732,17.782767024551717
944.2192756205144,331.6880503351067,19.82889003682897,17.764753958077556
944.5115191063994,327.4943022159873,19.815324128482082,17.73821439919724
945.0751277847049,323.5199628415182,19.70935928480304,17.88486401529248
944.6723088440015,319.8110148977106,19.917875271850406,17.743510024977887
944.2023373809851,315.8428044181828,19.88658220735873,17.924368678583054
944.2162109072036,312.3175061846534,19.911993412078292,17.94300608878772
944.3199591473541,311.6963805621455,20.250025880084415,17.803219574976225
944.1794634807742,310.3662141814193,20.451131633598585,17.51039371940901
944.2697821205153,308.9981874354189,20.314842888313045,17.638596898223067
943.8558520035783,308.2828702520136,20.1976371469977,17.805711381877906
944.3378662289488,306.2359151363459,19.81614271143544,17.84723151464147
944.1439425817066,305.25804849057084,19.723493301341428,17.669945120446382
943.3176546887711,304.7373881348256,19.72617175025271,17.52682593439968
943.1211313589774,303.9355847596367,19.5595549948849,17.681617339013343
943.8411573387679,303.6748976640075,19.35451854681663,17.638455197187593
943.9115926936624,303.32362969489833,19.37545489726916,17.45950430231042
943.5113507669432,302.76152936381,19.424707080328172,17.230659858552976
943.8955911102207,302.3440054831518,19.39882033784574,16.987835105144594
943.6579691175983,301.4533046439029,19.304249104641926,16.89635358299692
943.9137703942816,300.668216046526,19.269037270689047,16.89235053235121
943.5427429250635,298.5614541898752,19.7638072901019,16.848348801622112
943.2949404615346,298.0014427363343,19.861839371939062,16.95922382624231
943.1180128381359,297.8721084052526,20.161827125911625,16.92983945266967
942.7720150579482,296.51939576214704,20.4585684319458,16.929045304142633
941.9004771985242,296.62886583138464,20.57907208639419,17.046518251128084
942.9437059902157,295.9710531054626,20.609192843541607,17.15656752156047
943.1901116640686,294.1340963800242,20.87545576656123,17.157892147211495
943.1425627585878,294.4315145519839,21.157883182744385,17.097228338234586
942.8665798366371,294.06362594061426,21.22791120096603,17.17474032793404
942.7334724208771,293.3164177273308,21.276568930044313,17.256701076514737
942.7648041122667,292.83069715473573,21.417328421477286,17.08184500528957
942.7469728092761,291.93429969377604,21.480107059775822,17.151021896660787
942.5257254157444,289.96922907144915,21.676563141728543,17.06279680449208
942.6371231956722,290.3554428697453,21.822729124717835,17.018577570955987
942.253214339113,289.7962632736502,21.675794890910097,17.100831011154884
941.882045808888,288.6312299697506,21.531070295838546,17.17591777009242
941.727694930537,288.3498447201619,21.490679747834037,17.158180633199578
942.2410541186831,287.82382332131084,21.541678437353045,17.052203649789035
941.9521559627156,287.617751780662,21.42816791983568,17.303112873812715
941.7477485951543,286.4257569237113,21.233012961774286,17.415873559012276
942.4539950370704,285.8047288929824,21.057137523887718,17.462364635194813
942.1499946297741,283.85703882233776,21.134128247175635,17.52816637682589
941.8862104341943,283.48873684052637,21.154354418982685,17.41847885800002
942.2701165486326,282.81201497656514,21.13878547051678,17.53683924432402
941.9318831846131,281.68223525275124,21.107617272713544,17.562941126644215
942.4951484290701,280.7682636976662,20.97550248423489,17.946826772214667
942.2035983622877,279.85494894090186,20.967586146413748,17.994038890151653
942.1504323236671,279.15025143255417,20.970984593307783,17.88720737677197
941.7385367268292,277.0765195263463,20.977281036960722,17.852040650247247
941.5047851662395,275.18588546994744,20.93129711714358,17.811175221937827
941.6070137980292,274.5460199844464,20.706950461605466,17.980428983848736
941.7001924344878,272.0434013141797,20.863258264943987,17.902934600596694
941.2332487763834,271.3019607170568,20.881500458624608,17.91743021764072
941.8183454058278,269.5860063118412,20.773945244093174,17.856215019893174
942.0286206103502,268.1849875582703,20.59057216232368,17.806651164806603
942.0710175976408,265.8881362210273,20.663868957987145,17.913304736509282
941.8481821278995,263.5603825461445,20.535381348161124,18.0318491002824
941.9703641365606,261.8626223842744,20.43034238333855,18.048460551418323
941.9326439679403,258.42908967499187,20.65481915785226,18.089745578290312
941.5060869360864,256.2205389651269,20.822764299612558,18.00649843005756
942.0904198122025,254.1893438951169,20.813533819597115,17.992327595956453
941.7290963469228,250.87641698606618,20.888586357856884,17.994408792903116
