798.5,42.5,14,20
798.3837177310146,42.4347617987505,13.890478759257507,20.397199558474334
799.2181429082593,44.17459390738196,13.706348277242757,20.45436695856676
799.1792355775495,46.03903137409468,13.70649866766523,20.56826975417576
799.109028580844,46.43719006034918,13.568406143666087,20.755485406454646
798.8587753405905,46.8255131516508,13.639134197287584,21.239403670300685
799.4944525566999,48.54144776344362,13.605711493431812,21.32275318145626
799.2746378555971,49.114694951261114,13.522695064529321,21.335109237263538
799.0603176233107,50.91806264383884,13.503375450385942,21.503555384014227
799.6038951733457,50.909626590395874,13.419963045170524,21.32165804071247
799.6079306744449,52.37309369776529,13.417376200213994,21.197447710556144
799.9126708616297,53.50484691676198,13.398272381764038,21.15365710622671
800.1668511966607,52.12389338355524,13.54603338290196,21.73428785122905
800.0706805047148,54.81739706247407,13.404826936212068,21.701773157728553
800.0708168889786,55.474546420891706,13.386020023297673,21.70770754750644
800.221887852108,56.99277188629091,13.370219257574616,21.660409763451817
800.3648353729388,55.3734563896058,13.404925798440207,22.139197884202407
799.8296397333169,56.19119808732361,13.529173927354616,22.479736493847945
800.3067767996112,58.143481302565085,13.43508792133007,22.429686092722914
800.4453551215265,58.325981892372,13.410926679120076,22.025267717043896
801.0952287275082,57.73420797149711,13.544493313744876,22.38269291723025
800.6671213727079,57.65523607017896,13.767814699447175,22.641006612881
800.9533823575787,59.6445966188282,13.686450529664853,22.480169245517196
800.9871684032076,59.51628032521969,13.71022532069061,22.145247548638466
801.4735707806961,60.01407953947292,13.659844405282612,22.064968860904262
801.165809698293,59.095503068546456,13.87893259081627,22.20754446644584
801.4149144359205,60.65718561971084,13.836177643892718,22.048575602444103
801.807967711308,60.83475941646977,13.762627574479254,21.571946426403844
801.3304378249412,60.7699553618968,13.783453204909401,21.244785307568222
801.9382421784592,60.78987674271367,13.806437122537746,21.154286838217534
801.499718469605,61.29970325821873,13.956137464306876,21.150308279062592
802.5658917829767,61.07138723976274,13.920725632943142,21.104226099265414
801.5580808619627,61.10332583096055,13.928047647395582,20.93620029054229
801.6812033656332,60.81305198801826,14.208395431135024,20.93480357039431
801.6762215105291,60.98093591792387,14.454445539706352,20.961492538938867
802.31214648322,60.96499417851115,14.456857903398854,20.94498561064909
802.2803026117896,60.782955670957406,14.378915697047642,20.835975225558595
802.4801469303762,60.58636718693983,14.32344340661502,20.70089619450546
801.9661263986827,59.77369133905523,14.310860089890495,21.021920998375556
802.2018456782558,60.48447159409494,14.383455832978875,21.199225639701467
802.0711618024446,59.02767387470371,14.579307686433122,21.39889762419926
802.024512845913,59.54005624150484,14.725688277963428,21.592465300455697
801.9085786076604,57.887593216265685,14.944339429146229,22.475929768750177
801.560460966832,55.415863540684256,15.068455594020037,23.02194868641083
801.7538290330112,58.47013810466436,14.861740658265376,22.6921685747165
801.942848818192,58.2287566183429,15.172175743054964,22.178014061168618
802.12519339069,56.27135887272697,15.482499663397114,21.687391156404384
802.1325369445182,62.47292877974658,15.720846998404213,21.651377807208917
802.7405271999523,60.809789761230405,15.819612390550873,21.4982978864013
802.438685819389,61.41219256011112,16.267824094977918,21.100413353493533
801.8747058679195,61.51496664136457,16.46789894237487,20.82459685057783
801.4471829945353,59.19333262244087,16.536124694693598,21.145013230557804
801.1571624598059,57.53429464531895,16.40397662621665,21.193271355669573
802.6759775456817,57.47926826131542,16.361281490170853,21.26960714330873
802.1949236835723,57.135499373856135,16.35466490399161,21.47594294168959
801.8574058507373,58.21114321833902,16.363488964589287,21.522190052299642
801.7103605522692,56.99587168296763,16.420577814632765,21.970208370425517
801.0297207761798,55.41461795669037,15.836044307004622,22.996230246350404
800.7154682489136,48.643420004740705,16.040114610264844,22.695605711101784
800.5186250529953,47.31952776562868,16.35910697211472,22.232449971354036
800.5289307648487,47.57666229252717,16.49851984862539,22.11162709480125
800.5167609330916,44.26008979061169,16.862152247000864,21.716616294951784
799.7349185731969,44.287232071668484,16.69488029316825,21.822896349160715
799.3405720153922,42.962805352957204,15.990853162462646,22.397025112358428
799.0335394396091,43.435171552505174,15.341096831370532,23.13350048933212
800.9359849031058,39.45684178192695,15.651295320881102,22.80159248745879
798.4354281265073,40.795270852076484,15.079084193749537,23.506411259467452
799.9179279464595,39.47695299707621,14.909652543194577,23.92990648179711
799.6059595340462,37.9333084346197,14.464613204157214,24.590110445501022
799.1674393945716,36.25626513235688,14.163698809339124,25.064194074562792
798.3576314585339,37.42232512630818,13.840750074747943,26.094914262288857
799.8565154410647,36.72195254209547,13.77268963684702,26.591060658188482
799.0138297327487,33.30747056303644,13.531096055233704,27.264060718601474
798.2855408626363,32.504298367831716,13.473139322039518,27.528848559938652
798.5412526406732,25.641763054963086,13.312941142094711,27.383710445441533
798.5807484608753,27.454353061113586,13.102526907500929,27.74028712030484
798.6931481916913,27.329981736785026,12.786272895244966,28.572795156497058
798.3049319247674,23.850872395450935,12.685945899979076,28.728392951408892
798.4135638581332,24.473101945389843,12.585261886245656,29.214961693099074
798.1064743453186,22.54752642289639,12.474949077234392,29.652701120806924
798.5577865464729,20.452732735702444,12.386997145018547,29.921541691911123
798.2957338446034,19.930302203908283,12.260773197332442,30.562955634117685
798.345534230289,19.210217777797745,12.29021837434754,30.961990248095656
798.3869201885179,16.44704984291817,12.301610665467196,31.508904979091387
809.3201495847309,7.698684284046385,13.459127245355807,30.054698825716788
811.5786487782385,6.599898623916941,13.752402028811774,29.42192833002719
810.7769119580294,5.8723024243478665,14.586688755262855,28.485461946206353
810.0981158096555,4.304170919147374,15.292763899224454,27.54750525293302
809.5650078546577,2.9546706286313356,15.85016452067633,26.80652437339381
808.9827692709391,1.9905197078889092,16.229198441748864,26.366557248203858
808.5432279336013,0.5719501243697689,16.576978902755517,25.879128382023755
808.8564218015646,-0.15507120389385065,16.860807200287752,25.474100022239348
808.5688342635442,-1.1457765419879316,17.108064879306276,25.132959447969746
808.6698875737543,-0.57291780161672,17.211905741472137,24.884789212252958
806.9423710238582,-2.2166688903060567,17.52732545129537,24.438534132170084
804.7956867353307,-3.0045483122332346,17.77902942797807,24.142885228755762
804.1910946147065,-4.715817333136959,17.965854298041123,23.991894265512553
803.3860491700428,-3.387534275642766,18.039962220945316,23.938459206356075
802.7366647822604,-4.648670472895542,18.207559770008928,23.81986198339947
802.0534863493041,-3.0873780676763207,18.735841653755223,23.45440946475485
801.8979159792233,-4.498817645718571,19.036741365064078,23.23407573021435
803.792435608387,-3.373407190643565,19.33916233470282,22.99010100956324
802.7909084206852,-4.608964336385666,19.661725501076305,22.71623401213753
802.5338719580798,-3.328912437529075,19.73435131730312,22.654235501976228
802.2055825657554,-1.9430712882279835,19.75163970955297,22.639040811329977
801.7587696578997,-1.603252406621234,19.779551034850822,22.620526502687248
803.5483983516027,0.5584030023281876,19.788579570448974,22.62024949445027
804.760017570511,2.0501780433863317,19.789019292346136,22.623027537333982
807.8997089018793,5.740380053210634,19.498416174439782,23.116403768234694
808.0031639463328,5.591508841954523,19.387144070106626,23.31101830886234
807.8469693627048,4.816426251686988,19.32591534986568,23.416395867899304
807.763988079197,4.817022643972699,19.236274126598065,23.528373081258408
809.2653557390094,4.690405390447944,19.132323682843214,23.651419033782542
808.4306363491575,4.965838278822414,18.905687690665992,23.892974955603854
807.9599415214424,3.8865226693521837,18.711367941150673,24.05520355327509
809.0836864408021,4.450999798759089,18.69398016465663,24.062843947590856
808.3946166485239,3.5111438595325524,18.61518446269116,24.168530743455733
808.2789786537182,3.0561319221351013,18.453923633321242,24.35117577303579
807.6503709308674,2.977267384864348,18.375665541577742,24.394047539010728
809.3756916919845,2.615681719936692,18.293721185786683,24.434511618747784
808.4989807926387,2.618859289462298,18.223542573063014,24.476800139496863
808.0363250401067,2.1150870806774478,18.15357315666772,24.518796697397832
808.1510414578735,2.022511864709765,17.96489640143392,24.659521403396308
808.0229087547795,1.9368803488459978,17.859429652537383,24.739917973727625
810.0633285849722,2.3023848488789422,17.36698964081832,25.277321086851433
809.400704438063,2.064981366558275,17.22778054194401,25.337444798919755
808.6470973397795,1.588304920554167,17.124389856270778,25.3607390924096
808.6522110544738,1.3395007975535194,16.93606601326966,25.446087551089803
809.772722571217,1.8041522228004574,16.87260164029074,25.490539166175914
809.3843203747767,3.378963796501381,16.81636716665119,25.58688436060146
810.6756200989028,4.057094279338033,16.70462271603396,25.740758211097894
810.1787822732731,4.300438603359622,16.632591995032282,25.934674199723876
809.7631332079703,4.714041803775649,16.567060699349227,26.067538230124274
809.098569652652,4.703712700863017,16.552400735896757,26.10191600677255
809.3862367481016,5.257077000440365,16.537933139312113,26.156823998575497
809.7665690954482,4.708032977800702,16.525401627144635,26.18629315023147
809.8136595030069,2.5424683824698597,16.489682947521143,26.256728790783292
810.0379865828235,2.4105926689128356,16.425544281996054,26.356398331486627
810.655897067217,4.3371419416843935,16.245407879706896,26.631219936700347
810.4142856938023,6.9915832119911485,16.463335210419526,26.45123983138957
810.5362531707741,12.472573149443287,16.809982806047756,26.240303276187444
810.4471702378875,17.872256071489176,16.947796811596014,26.178163918301717
812.2866619297495,25.749409172118316,17.010630663818617,26.107051877504865
811.477112952359,31.46284832572195,17.157966199852517,26.01846187748754
811.079995542806,33.676112431139956,17.44484485211891,25.929027019923005
813.1715860246426,41.755504232489415,17.579006169787274,25.81207348009031
812.3528195439333,49.35344767830032,17.699917303126725,25.73244616335863
814.3407406566162,53.84103420203813,17.34125423311071,26.002676405677928
813.4457304424625,55.632368176310884,17.45982225834947,25.845891511865705
813.4508253095154,57.717914555167056,17.682929589144127,25.708785799441447
812.4593342873414,60.34321636657241,17.876635748863762,25.670065244715445
811.7329433208321,62.59711518559827,18.07736573238129,25.457739274907148
813.5721417487657,64.29236031910241,18.130184115085303,25.36055249758391
813.6364446434782,65.5261163954639,18.052310088904026,25.065020725872888
813.2157189414845,64.87778832876724,18.087539828939533,25.07320837915605
813.7220448917766,65.91406046569932,18.147269782412756,24.678569307203805
813.8709869033157,65.03314391531363,18.098618260125917,24.68186034712315
813.9201794853927,65.80822080685995,17.95220434376406,24.405156819424487
813.4700549900978,65.32632861542899,17.963754458449955,24.45640279305331
813.4508629952192,65.93137280053097,17.889818948953096,24.194319264653856
813.848183937815,65.24010425091537,17.902316102801038,24.31080399858202
813.5990269354791,66.30421654895768,17.78110419804902,24.226863030961134
814.0045562747448,65.6349320640634,17.733337891744117,24.317972589128594
813.6421563169738,64.69551512264022,17.637256142533342,24.38091890159381
813.4501491373084,63.87670845668069,17.75191663528699,24.372001128471375
811.5820772077736,63.03376109246924,18.154770155840268,24.13961155990482
813.5772346517383,64.30397265440119,18.007220122342005,24.17894851065639
813.032441259345,63.558895700539324,17.842830085229146,24.409055936293946
813.1032436290878,62.38729499918493,17.844695364845702,24.354236356260422
812.921091510057,61.468702716005694,17.809529184215865,24.27372611556629
812.8758881797274,60.50499168288721,17.778496715760532,24.21890690887694
812.8325279913697,60.14525670728271,17.661367642722233,24.23771460479876
814.7513622189693,58.88320031049315,17.63510103154762,24.253518749314768
814.0680604298148,57.659220749557306,17.478659070000894,24.518333063370903
813.4322699111898,56.36485112507582,17.29030742235261,24.644228894212535
812.7685767696094,55.50359314529926,17.35321561808818,24.630032994062596
814.7316768375817,54.50464166852068,17.220920025066235,24.61220127507338
814.1237698304311,53.298935337729986,17.17909427362807,24.552619940988254
813.6247667461197,52.76415226254339,17.11666252454159,24.462477233825123
813.151095765255,51.920040262076355,17.262518828579093,24.28446800512205
812.905032280687,48.66980978837594,17.28526336263169,24.38899007923186
812.8291398966246,48.113744437346284,17.407745339995486,24.388036703456088
812.7652725805581,47.132491996845545,17.491696810339302,24.346697561706723
812.5418677082935,45.49710756764146,17.54766417672903,24.009908169687645
812.6975148640985,45.669461799726534,16.886738138377336,24.433095821297364
814.1251182123971,41.91167895273546,16.815492737861646,24.479231545491935
813.0930360003185,40.717912524448245,16.69764221984954,24.562548017178653
812.4740485539509,39.88924216911486,16.889604353376214,24.456878106774564
812.9398809257017,38.8346563934567,16.273340716947352,25.062574230463323
813.0510299759013,37.97578575863119,15.749877691449694,25.341305952880766
812.3131176000084,34.52255209686313,16.126983680837892,25.003644095508676
812.0507117538539,33.23499582595433,16.236930415814285,24.81035263036827
812.0183386558448,32.338982662562884,16.462058986953423,24.57703267800687
811.6666029297338,31.191635028506905,16.634426232136647,24.419663670377254
811.653219060768,29.64187050610729,16.693609401060893,24.21414043475046
811.8020694915542,29.225395846029247,16.02399856348303,24.910522415605435
813.1027175106743,26.029722598048053,16.15479299841784,24.735746379676954
811.8974755523234,24.739965952818363,16.144561344669835,24.57538769137657
811.2072889925464,23.773056355133242,16.283574038274686,24.383143063046862
811.943562132897,23.0292996601656,15.631698362279426,24.722729764787875
811.6413268108734,21.796985097129905,15.17281356046487,24.958494936315194
811.6701555590582,20.33780610033494,14.890653023781296,24.999197900608245
811.95126932006,17.31683497994092,14.524293993904404,25.332552494911905
812.2297242290786,17.202925403663347,14.161801384300382,25.751045803417604
812.278241472072,16.487920536219782,13.902508496800523,25.893865339406418
812.0841689165504,15.560182845469136,13.808456770179838,25.86732668472912
811.8652585223283,14.815013300055186,13.742602753459664,25.686456082602003
811.8308406535414,14.288235786524412,13.659022828029723,25.601980938269204
812.0663543333492,12.369930093241148,13.505823378598876,25.5874682766027
811.860590307083,12.102189197305659,13.419444209814056,25.514032355308395
811.4142686810864,11.60435612808,13.317221686698964,25.41857908515223
811.1409505539385,10.986334140093632,13.23606242355015,25.43094685644357
811.1259950879805,10.660687974474092,13.771314468079716,24.682152188743135
810.9171978574789,10.061033773907447,13.586562031957861,24.690776748171103
811.2985846590237,9.615072218379952,13.419157529438698,24.586803758228168
811.2773179624155,9.26317828980891,13.261640881575655,24.557809430292586
811.2812114553566,9.018876679506182,13.179766454725982,24.4061086815148
811.4831767598389,8.746263464540178,13.073811743550312,24.369539478607606
810.3013397797347,10.033339664406679,13.42939258509103,23.92890887414743
810.3329793368952,9.687691558694146,13.272190453387621,24.000475387868182
810.1581814242222,7.013637458662732,13.811741200336549,23.53112352781138
809.6286103216484,8.71826022763627,14.167901158608611,23.276875338649706
810.7366495239357,8.230778680161952,14.581870552190674,23.072566020344556
810.135033995341,9.549533852637794,14.70844157233935,22.900751294976004
809.8860090524144,10.85139588576169,14.76648001648512,22.775043366804994
809.140598729613,9.630142328606048,14.84977869896836,22.662600959097844
809.5121491305747,10.66358988333837,14.831332094737764,22.630482537255272
809.6590633723744,9.914069066332013,14.901829998782244,22.58936697236204
808.970461149558,9.157892617693156,14.956345745646276,22.725809468295456
808.9764389903721,8.671067366829684,15.126606350677237,22.610688984419067
808.7033154302086,10.037938702566272,15.099361420833548,22.562045676272916
808.0956873015521,9.38051798384047,15.319036408882253,22.407398016129306
808.0135675019342,8.802093099950744,15.474244283002042,22.260110315570746
808.1967818350631,9.409504177505717,15.472314828055554,22.198272541182845
809.5408174249603,8.821458307794769,15.46947867175962,22.28614463796558
809.2695276946299,10.222503395347152,15.422527962456591,22.251992838333837
808.850441720414,9.558744955145974,15.512706322440922,22.212403519471668
808.3854133380906,8.961107110774597,15.534010466867427,22.279685624535222
809.637852941103,10.345336234805401,15.522977438897456,22.319465405953594
809.4972978073233,9.270842678531782,15.134397335897086,22.76071912578538
809.2966908140758,9.837537621448984,14.781282296646866,22.900991687880357
807.5038155064522,10.60053523119216,15.071380999204845,22.503626272051537
804.5249054391234,2.5394404115336595,16.0925489503297,21.605260415152717
804.4418519830224,3.997534635769954,16.904969768247536,20.72205145505293
805.3906202575541,5.357641892580155,17.571541114081654,20.14712993879276
805.2451164768682,6.357651137293992,17.921460695629964,19.652622614030307
805.511932448981,4.787628698113021,17.998738451798083,19.376628740790075
800.0332164183648,7.699946830264693,19.25958390414393,18.322712004684973
803.753734270324,8.03441842756443,19.05094766387903,18.040403785757267
805.3860181804746,11.074934339228479,18.740357905253873,18.044066347957735
806.3357245785134,15.008587365545448,17.995925291823962,18.893113711766667
807.0987130362761,16.275539587843284,17.408334399343147,19.5737666764575
807.4448663873022,15.77244600455287,17.05629133221101,20.044795030038596
807.6893714661796,16.23858187331431,16.736925604735962,20.294938777897794
807.0531835477606,16.424728941836076,16.596720593833787,20.38975873177376
807.6059335538308,16.631684544215215,16.387208748025508,20.597333713996683
807.4617027519064,17.407125986111833,16.209393706213998,20.642916298610125
807.5245476452368,18.513089240444433,15.934044539236451,21.047994422894753
809.8466122866963,19.115058723193535,15.00244443875149,21.90556864289765
810.0641215568926,20.21376065715792,14.300317398355268,22.46799668033387
809.8104700144005,21.44186929206444,13.959511059225099,22.95452461926106
809.7792071354135,23.629320057064035,13.561536308652396,23.558111057706697
809.7353359958225,27.160533022564127,13.448154113427973,24.10503103963986
811.4715607951358,32.06496561064233,13.326605641662974,24.8298305668526
810.9760937473401,37.59122723373939,13.238122389346387,25.654195595804964
810.4941177785774,43.05123112764474,13.214156426786284,26.352945055919072
809.9662061492745,47.16737023798161,13.229554265584824,26.578167293009002
814.5692115634224,62.57435496992993,13.012445529268815,26.76419782911236
816.5664152194862,68.5491413828855,13.076683942391682,26.95170519576714
818.1818366691871,77.03130515300795,13.212802283758286,26.89654017688455
817.8343257999861,86.06912759265398,13.221093935356784,26.80942831761199
817.9352867559551,94.89669942128242,13.033763680044018,26.550206367508466
819.64420535357,100.1876358112591,13.11087630247178,26.81651245108049
819.2089527241891,106.95536343999873,13.07196023650363,27.10260374816665
818.5696429714167,114.77508277212263,13.136021140669069,26.70446566680458
818.4183446659899,119.61194519498073,13.17210750333844,26.77296551438672
820.2554383681825,126.57820984026851,13.229872050933782,26.500053647822394
820.0090137267105,133.12064823650928,12.923071797268191,26.31454609514801
821.7937574104602,135.283530179066,12.965204855946784,26.02172831980631
821.2594886941864,137.4889109683377,12.935321787739044,25.930889665304615
820.7135937974102,142.88683281515281,12.99880175920878,25.571045841974676
820.2711877303719,145.7874782453926,13.191768774285995,25.012888049579814
822.1971650782882,149.02096100908386,13.075228345039708,24.530197863231237
821.9153133543904,149.1880029304222,13.038198810676764,24.18665430521804
823.5743374288511,151.2208420671806,13.045992803860322,24.109962285439607
823.1220947047652,153.82995549599167,13.053009863951404,23.700327270468872
822.6643810082884,158.48677341209884,13.793390455338098,22.450319634970782
822.8137791243327,158.99639661923348,13.646022699225673,21.99917337510142
824.7040633460613,163.61556511627103,13.376817285248416,21.594647187300737
824.2083599125959,164.5304098308188,13.244686373324674,21.109331938045294
824.2674948152988,167.31739858588637,13.128600890721119,20.72855406246216
824.8936194266892,167.36647800262222,12.939674688875533,20.789492721685278
826.3471592509675,170.65244038328515,12.898995043752256,20.47924474868948
826.3138138066228,172.1687566433949,12.675908802553122,20.271063675003234
826.3763048371911,175.60197074421393,13.180711146647802,19.321876093024585
826.8988492103624,178.4259998752908,12.855324763319434,19.085792260955024
827.477156106348,180.97036265833486,12.670909755699435,18.757085043560792
828.2169237209807,183.80226920890559,12.450591669493,18.344946117681786
830.1251128157954,184.8582981475369,12.239968570576979,18.117941994271998
830.0016268843796,187.78019674132986,12.04016386451909,17.856583752456338
830.3810053907358,189.09886390763594,11.788234742679592,17.600752048170598
830.678123339877,192.12901101996312,11.4682655046108,17.353888132811882
831.7097740360031,194.64416802709846,11.197497390823788,17.119896464274866
832.0127771867719,197.58067361298572,10.978642330588732,16.78494548079381
832.4686032312767,200.50604771937796,10.844033166937034,16.522637209415553
833.2801950004084,202.81687367393874,10.742837424503165,16.28794532989605
833.6071200143034,205.07001215759658,10.642992542739897,16.043441948853577
834.3616733044416,207.2092596193452,10.534824711776707,15.85079535680774
834.5626397818899,209.61274311322222,10.486580265152607,15.775122047337417
835.103071628508,212.1087546630796,10.395428452599981,15.514737856008853
835.6190322012116,216.06966591482123,10.340065873286404,15.268482502641596
836.7005898926651,217.90174974234932,10.555897033119292,14.970741077062339
836.8116712616456,220.31143309884442,10.892273924140653,14.694818043881696
836.8202284097454,222.8541861177968,11.038638732579361,14.54159826848915
837.5457279608187,225.01449742088946,11.017232239838288,14.42300727470009
838.3364901855568,228.59762216459956,11.026480061518125,14.403300813250326
838.8877736776229,230.9558976651326,10.950531915696233,14.344920512257477
839.9588346556819,234.5794370259906,10.852521449827877,14.262906602248073
840.537566201282,236.38358413237674,10.886021984535798,14.307231512934631
840.3981930381989,238.80676577450055,10.931852283394347,14.251506675494824
840.6045624917988,241.1626168388684,11.046382978016595,14.167327969000388
841.3720652879797,244.83199908439306,10.99783544878022,14.182874467330905
842.0044427405359,247.13850427798872,10.975937999875155,14.179000184723328
842.9938525681296,250.7534640852544,10.955617418670155,14.092063053102148
843.3069135210585,254.36627628248667,10.849082671968953,14.08354023258167
844.5318365068533,256.59805804746975,10.805229923569687,14.109208765909015
844.9762708884989,258.8376100077972,10.816935367584392,14.064362829415469
845.0651503950218,262.8415953800088,10.77638201488191,13.977270018494398
846.3194206205995,266.4440672587988,10.632731423879536,14.051318913807506
846.772929552281,268.59637090001536,10.522369155819167,14.040507693843905
847.4160995605951,272.1793817331605,10.360294094711731,14.066013394191838
847.6894417559628,275.68320707919673,10.320437773663052,14.009905556428356
848.1756238744783,278.02749803869347,10.283726209876566,13.966704611250876
848.9127257788417,281.32955350149126,10.262058268840713,14.05235437062234
849.5296667060751,284.9321512580836,10.201130854490804,14.04570574388171
850.0816405716029,288.45135850189894,10.208527460898676,13.991422592463199
851.772141270911,292.124150595349,10.326465338023935,13.976293231917989
852.2797882836285,295.74759803803556,10.282932479638404,13.966686821581524
853.4740250602649,298.8138033824258,10.255031741307107,13.993117265918755
852.9348848770608,302.16236729531516,10.279894782695457,13.996681140121682
854.0386747821067,305.7733723700951,10.229799265587745,13.989159020041798
855.2239317301835,308.8279176509175,10.120660081424269,14.072058833915744
855.6254147965228,313.70598891207425,10,14.084800016741543
856.6842379051959,317.0403687995753,10,14.134124577066638
857.3866291720187,320.2784735680856,10,14.118405743628763
857.7218453962123,323.4436424337672,10,14.243903354672707
858.3349914032733,327.09908440455445,10,14.262956394299357
859.4612934071338,331.9029961663015,10,14.297013859880087
860.5278542715823,335.5925485037,10,14.219031850488271
860.4328031785969,339.03344936868666,10.085164446300382,14.224253092621852
862.3541248305125,344.03122867974633,10.016029452787329,14.253526242353155
862.8109753470635,347.24695511326667,10,14.512152587501166
863.1728771965718,351.13286677312203,10,14.650568964293196
864.0597996752476,356.11304812383474,10,14.779990885060055
864.660596136353,359.93227682251415,10,14.99958049621571
865.4918049018597,363.66320098641415,10,15.175923868397344
867.3583930175519,368.57735469060384,10,15.287039067439924
867.9645273726201,372.4002770037657,10,15.481876470840177
868.5391212742543,377.2860553665843,10,15.59554122652629
