132.5,316.5,47,21
137.6858594786464,315.95439606695913,47.25126402152801,21.41294953645179
142.29799136449884,315.9584381328874,46.5953395976625,22.035407682885126
150.63789135883115,316.1928805680761,47.73325048546272,21.94222513403711
157.48138653612105,316.1707371846058,48.90012480068271,21.848240047649902
163.86119036499034,316.10215922514834,49.2989510571287,21.926575514023735
176.71469657185906,316.48844947644153,49.25503602498301,21.919701371777485
191.30241258352729,319.82187621968063,49.653202863340944,21.819199775863286
200.4150302052787,321.0666974437891,49.832214903773654,21.869660763162692
210.38843308239746,320.948608518833,49.929922851928744,22.059810125690586
220.0673942993807,321.80216110318327,50.07651320482745,22.490606501560954
230.63403474118368,322.7598563447426,50.14180066533771,22.70192500281725
241.26614233590666,323.6028078016952,49.7336664848029,22.97571170606905
247.12805534677,324.13053439557655,49.68638179150638,23.124546285716626
256.47849996183464,324.9453195781798,49.84563050083021,23.119322295975522
265.7148209487495,325.6490966476594,50.860235994041545,22.940341360103204
273.7762657511751,326.1406669358548,52.09539959658777,22.81219412706557
280.6011019601386,326.1712483942598,52.51977903565543,22.856358935666044
293.1260678863854,326.44379500942017,52.96951721184836,23.13962316345998
303.6965812627495,329.81675393391083,53.41168900648342,23.126445716700385
314.22047055317597,329.9102116682171,54.57820867392145,23.213328654212
325.3745181437246,330.5145407382197,54.72153713784384,23.24079765234459
336.99826505781203,331.21423463956717,55.88383144138277,22.883227514749706
346.9385412124392,332.1165131234235,55.9878734772212,22.71355335476872
355.7964066249562,332.69279905698323,56.89737916341762,23.074534272568915
364.5115160275704,333.0155462875106,57.65701784109941,23.78929219188538
373.39544515565683,333.2236871702824,58.10634174435041,24.327096908866608
379.2711076219884,333.19756027194455,60.28901968796899,24.324825259395542
389.1474452734835,333.58723335675137,60.95315346700994,25.15314462856977
400.45804371998275,333.4114450000165,62.1333767858035,25.217476038647053
410.0225420443313,336.54515556124556,63.151022822042975,25.391634258077385
418.10050730920693,334.7566719645161,63.7790926890202,25.86174176754585
432.93834856608527,333.11513551458637,63.83080618661613,26.17132132977406
442.98232166675683,332.6500669538525,62.98114695731884,27.037342211694032
454.36471911352487,332.1408335860938,63.158082563050414,27.111969099169947
456.1806234384144,331.3008125576267,62.307708210832956,27.913171961329482
455.4932113490611,329.61249210050863,63.131412287133976,28.27861030178942
463.4520207394547,328.74405570405565,63.44845651599027,28.912085129264163
476.45103141541347,332.5778363871385,63.80282545337951,29.216091870703437
486.20467936314617,336.0298972716873,64.38079185649809,29.336853371869505
495.7996932457685,334.1690463702211,65.66377320075047,29.603320170376843
530.5238575375604,342.1213067835389,65.65054898728384,29.626088352835552
542.5549606306329,343.32315872402944,65.52501501183221,29.20679583068776
549.1271528603453,344.25874254721117,65.43137460910907,29.309409889226878
563.1146044853854,348.21503199289555,65.48272219826241,29.137080631647258
574.9993943735583,347.7913999437613,64.62442019291268,28.743292698398665
585.9188128835676,347.9769157929077,64.39749303922689,28.65405271692003
598.6267237010873,348.60149985456206,64.27939326698068,28.526165740614353
609.3691944401696,349.0968057715271,64.55689151659917,28.150770340686268
616.8004705337427,350.2001566922027,65.5083289687353,27.68378479076263
630.9842772480191,351.52283133527425,66.8308495886443,27.35133890885537
641.7104382446995,352.5523529024444,66.83364958930207,27.210100850160543
651.9672089165546,353.53410403081466,67.42983991978628,27.22621320886042
665.6060379590887,354.86404159745985,67.6582719989025,27.15115596192256
678.3537415897015,355.40818273702894,67.2664299537413,27.61687870960172
684.7846088811806,355.7059019264428,66.89059720336377,28.046957317620876
700.2640542857374,359.72651317533837,67.14851852803912,28.07239283984922
709.4774229347687,359.0378691490719,66.63735244274508,28.211444941912198
713.5101665710754,358.6175399921824,66.33191355956666,28.670337413253527
731.6054845290981,359.14616918189114,68.09481844552316,27.87392326448789
748.1242023875947,364.0049098446788,68.81120505519017,27.675634634530144
755.564147228344,364.4170256958141,67.59691615036368,27.82767658815105
766.2574731946734,368.95309797933106,67.80634690508312,27.49239515740865
774.0377013331879,367.9621881249738,68.29052067871326,27.43188007112493
784.357668115387,367.4091217104855,68.00847438238134,27.376678743111512
793.9576798584033,368.3325907245974,67.65368099888794,27.552790784696665
798.3573199039049,368.1585824130335,67.47813442839242,27.58273756238651
803.0336402682499,368.5658182605801,66.56371372381136,27.81677546507161
809.9139082947946,369.031202145015,67.70879729199874,27.206650823166292
815.1695070047888,372.997600142758,69.92868564929307,26.413658237256772
821.0297838805532,372.3301438049096,71.07896910937313,26.65016066419722
828.5899951547659,372.8444655735412,72.09076396817431,26.799623315708082
830.4486460089987,374.34775522978845,72.24314075702324,26.828967722619705
831.568346025525,375.3912772279546,72.28851073587246,26.83148638078264
833.3417217085795,376.53654653995704,72.3080552319614,26.834218344698943
834.7720886928979,377.94169592129475,72.33524021245171,26.838252544059678
836.7257706808873,378.7562279489727,72.34352183583825,26.838667658549312
837.9710601103942,379.8778730834768,72.35098818289421,26.840460006347136
839.0054502236442,381.0707963424836,72.35568069466036,26.840864699499917
839.957739691288,382.6075705480497,72.35998330443962,26.841702408210217
839.2201436053609,383.65089994410073,72.36697491190925,26.842604985050407
836.5647901941741,384.6471257463952,72.3732817670893,26.844517046042252
836.0808789728508,385.40255225577806,72.37804108889388,26.846920219483838
834.5333390578838,385.69575751098677,72.38245128686988,26.848148385233014
832.1136755659008,386.1085781906757,72.38607251369478,26.849208368914706
830.7155862268374,385.568882344451,72.39338824817209,26.847399938530742
827.9567393196968,384.85411237588414,72.3955877158349,26.848706132950632
825.3984621111063,382.7862409221564,72.39709324767045,26.849908482544766
821.532645724241,379.957784523904,72.40206243192353,26.852291707516294
823.1391303402172,377.8657848369914,72.4073248779801,26.857506234082066
825.7685624308702,377.52476605423783,72.40818674418979,26.866989664266555
828.8656974552885,378.3885286890326,72.40869561457346,26.872183458435916
835.0265336868093,377.576960515092,72.43616999448814,26.917076312283214
850.8124969173253,376.95273463384666,73.2111749909757,26.575937763723605
853.5743927731666,376.3440187775761,73.54339466997935,26.422492806381054
855.5384227724502,376.69001845938357,73.69365946618134,26.337167458288043
859.3997945555099,381.7614074709732,73.9837285145029,26.18497285490852
855.6534734615144,385.68306375695397,74.16460980008907,26.174554131366243
853.1837231588112,383.34534941924477,74.25566212897562,26.176032134634937
854.1116486610216,382.6342552986632,74.22204790090673,26.204700616619913
855.2897588978211,387.8253253344185,74.12998424569757,26.334240194462428
858.0328116423574,392.05261847611604,74.04265290365875,26.416797618342727
859.5982164174153,396.8680716569094,73.93405633572071,26.50660105747617
860.8776050573771,401.1149379010749,73.67359744187512,26.693718598136936
861.8029828656155,406.2964309822842,73.50113409987334,26.847400755420363
868.7216637797987,411.5389808790866,73.13317649208796,27.002670377098877
869.0221874671994,416.6386898467531,72.87141237500943,27.151469452263857
873.7128122887038,426.086059735027,72.65534293829926,27.38221986431474
873.229565712006,430.684150840429,72.43080237072498,27.5168224511791
874.1177123251593,435.971226981376,72.31447716295,27.5848801759991
875.2082213980408,441.4728756883903,72.1914586280879,27.67981979962912
880.7045734874764,447.41943142064423,72.0955153897686,27.75069950028242
880.6180506202685,453.2524764582145,72.0548553460623,27.786685383393806
888.434837557169,463.5380800380554,71.81813110452454,27.872153562457076
888.2222815322802,468.57181965131747,71.56558656336335,27.938515850520417
888.9398972970736,472.96745960525436,71.26264074792623,28.036467624470284
887.5127322090897,478.0240482083418,71.25220933293637,28.043149160055673
888.3079549455681,483.09112538400905,71.63843591331678,27.853434696721752
893.9777938154457,488.2425108750751,71.8867918497089,27.73205543059307
894.3917730506429,492.7823883972532,72.08644999937843,27.643598108099564
892.3173706627323,497.4234815141228,72.45101214519477,27.46218568570078
896.8375412554761,496.64529490117013,72.8096949694116,27.313940219208064
901.2214497789342,501.43832195368526,73.1631500095926,27.122012052593252
899.5240451702045,501.281451498709,73.2676910442974,27.077091996387896
910.514821666212,507.28509205254846,73.70894002371793,26.866766951025877
914.228324897546,507.24933723448464,74.16954590388451,26.63517507734399
919.1605446576662,513.6276009077945,74.47620032437906,26.497366831676324
853.4387273119356,548.4646190172698,74.29347698361352,27.107838364190737
852.04627342167,552.9298927588918,73.12036002392583,27.909294092921805
858.6718070627716,551.1911937639512,72.02272844881487,28.000826632897528
867.3306561591615,550.8877343690175,72.02859097075667,27.715782834931648
874.5972839093039,556.7605055323488,72.15915287617266,27.999552642057964
881.9374867523514,556.0279584434055,71.92254620893738,28.129415396566532
889.5395259566559,560.7084358235693,71.4392586633656,28.207751636605273
896.9658514250974,559.8545113096408,70.43433359470761,28.87069881662302
906.0578112909626,564.4767525975009,70.08584210089228,28.88552887060242
915.2594691052391,569.3643995233299,70.24598968339888,28.445227427696878
924.172793154172,567.3263419863836,70.98858978499587,28.27193044180558
932.7495103739183,567.4527903450819,70.36890397221232,28.456254923683055
942.6770997502177,566.9282248742735,70.10909646595125,29.14426906856792
948.4078016516054,566.8184731667048,70.90909765432602,29.102678807614918
