1176.5,694.5,44,81
1177.8198678993313,690.4920604486347,43.99919118421701,80.45655769922723
1178.9646228446152,690.1989038019851,43.876935503167715,80.36747389446185
1179.4369626027967,688.601545880422,43.7764951621243,79.81702987316248
1179.6696766183481,687.5094314116379,43.86605629012887,79.50060530540536
1180.5833762201519,686.6148191347615,43.697765129238206,79.5048903316466
1181.541808487955,686.0959649580975,43.7987300118142,79.4859827362975
1181.847994195062,685.2614405884134,43.745161559903345,79.1466565462377
1182.4985620045095,684.1200577644738,43.74656517040168,78.79267268812006
1183.109580266235,682.6908630040405,43.1787426714939,78.81987829861696
1183.8462360102524,681.8367349340687,43.156256993892015,79.11730048374933
1184.9428038501594,680.8278695635969,43.131648201971664,79.63337516924247
1185.648710438047,679.5087481988769,42.973072869709895,79.47846795056236
1185.9229479247444,677.6141019847531,42.813194580055374,79.74488483140088
1186.4651659392453,677.286252936649,42.404279805593426,79.76687617912356
1187.1213682400366,676.4958005040753,42.3245403851705,80.27832959296938
1187.6538351316879,675.0833389643157,42.07553601471017,80.41866400175806
1188.2509849244361,675.0631304824641,42.03964042186614,81.43174001687946
1189.4268062759704,673.2113045232932,42.229491611467346,81.77906177889506
1188.513572813184,672.275339358187,42.588380841193455,81.92598385982467
1190.3462079527808,671.0594916134773,42.46117289606093,82.3939313710335
1189.9490420812126,671.0505384305429,42.62079903607437,82.43281221093012
1191.6453164244977,670.255083127814,42.51581796501338,81.86430685607596
1192.9732214301516,669.7331230864858,42.33905024534664,81.36680635977591
1192.8695031469304,669.853621149785,42.02709646716968,81.1520672992336
1193.6478408609269,668.7568026011024,42.036988579345184,81.24201353394294
1193.7996163442292,666.8945594683678,42.00244490811073,81.89443301550722
1194.6962936212667,665.1942609793889,41.69927478034342,82.55879580538519
1194.4477204113823,664.2465557820443,41.71243142493115,83.28312143845488
1196.400220784827,661.9423610487333,41.04060595575191,83.47103971367054
1196.7246916610434,659.1060950288712,41.139912601622974,83.53479756821406
1197.2799463629535,657.9934742842561,40.73758976463273,82.98220488042728
1198.3534359732178,656.1889726737659,40.823783676046645,82.63565099348205
1198.9970011750845,653.6956086111954,40.95490407149241,82.67988091153074
1200.3012189492524,652.1858822291686,41.07765896619534,82.40036965199431
1200.2504121914583,650.1183964904995,41.22902221007602,82.00955616000266
1199.236159274068,647.4068608587489,41.38943538872082,81.79900096247478
1198.0098884651302,644.7067913615999,41.49802220503726,81.20398939067168
1196.076235397524,642.1044630619641,41.55154016466673,80.52404058222842
1192.8608920040149,639.3173926642437,41.66157875832538,79.47058881404021
1189.795531062585,636.8552168326792,41.31483024323577,77.50690327242688
1186.6307511448601,634.4308063876249,40.80370375742707,76.15863019891232
1183.5917232852332,631.8613372221772,40.43891699316043,75.31098672743946
1179.6807534407062,629.1541547547353,40.15618997231478,74.6994493910527
1176.7410860905552,626.413153277076,39.72535974418055,74.25137765459871
1173.9101014648743,622.6022533946566,39.50301159747097,74.49761236740511
1172.0556649697137,619.1772905774534,39.846839517144055,74.30060578135246
1170.4317348564375,615.670212477653,39.735474232145236,74.48064552206063
1169.804879218529,612.2853228594319,39.623540576169134,74.55759276539979
1168.5870660410994,609.1202011781753,39.51009776484478,74.68091836515642
1168.5556597015766,606.8276816952821,39.45580186044019,74.00944230485037
1168.19063399587,603.9783282968856,39.250498204600035,73.40689912071693
1167.8538346201135,602.3739841152664,39.08671189771018,73.21195317418659
1167.9787542446675,599.0364910809079,39.07208503425693,73.41098089558297
1167.0597368903739,595.1713853213072,39.066107482406935,73.61113498451714
1167.7721685985116,592.7147941096728,38.959017765892135,73.41848530787131
1168.445075028107,589.4623381783598,38.83289868664623,73.11568080086835
1168.5832460295446,585.7510750465393,38.879455339900986,73.12848282897461
1168.5312094486121,582.8404501214517,38.902444473879626,73.18962802293048
1169.3013743319511,579.7088373525924,38.91454044935111,73.10127151032559
1169.690426044398,576.1004105290116,38.909038628919056,72.91749611390809
1169.7871737629548,573.6783492984197,39.090249370709046,73.02694888972812
1170.111854095446,570.164408624859,39.111474695678815,73.28019158404805
1170.7650515252096,567.4691389137736,38.99541928221927,73.57095712239922
1171.4113578234198,564.3488835975165,39.06749031388123,73.94796477563479
1171.8307075554462,560.0647300621295,39.01902630963289,74.4367020298196
1172.1593128988548,557.5828134606679,39.032108357915675,74.3182545969089
1171.7382256027095,553.6412186815011,39.0540987194016,74.70508957531703
1172.3417556655097,551.3026412643571,38.95575532010414,74.53039771465873
1172.4903109568888,547.400310141109,39.23145252619476,75.23827107794565
1173.161047203369,544.7171116921933,39.27771921475325,74.77569945084427
1173.43071045792,541.5023096446257,39.13186549636935,74.28755175688649
1173.7667640260377,538.7022116278603,39.12253429387635,74.23406603535145
1174.382670495348,534.8891557984479,38.96679929333571,74.59060686669197
1174.9239837549928,532.7667139596396,38.96280620166576,74.35480960177323
1175.6712894031054,528.642685227134,38.71563595883129,73.78307527296093
1175.5634048521295,526.2135628276872,38.624135427966884,74.26483663145562
1176.3315101978228,522.098799538322,38.572233217796494,74.82634248493548
1176.3835835342288,518.5448612763478,38.54704527240415,75.41001141687357
1177.2505512231853,515.2313210314564,38.465301771856105,75.39527719794665
1177.9935451283923,511.9503478133327,38.29384326117836,75.19154904312961
1178.8480950139315,509.51079893614065,38.2370904587506,75.38029435763337
1178.972316588432,506.7588754929526,38.077662823407884,75.44475726039747
1179.7353106955736,505.04842651991066,37.9641177701356,74.78485610369802
1180.3136095139469,503.0426944250185,37.84098647250052,74.77976784520965
1181.4593357066103,500.33606617973726,37.70849109172042,74.51210802641546
1180.459800297376,497.3640186255717,37.77467900518276,74.16089692899703
1178.209557475284,495.48974349218713,39.0587127660506,72.70858955645352
1176.0689335191305,492.5724889837843,40.197609289426296,71.10879052119614
1172.0377070579802,489.19538005172467,41.50776814815906,69.08834350647022
1166.8637494125621,485.3660653945623,42.75280296108964,67.11554791692524
1158.1876225233862,482.76200933588,43.3408469921275,65.39201750194128
1149.1504425378148,479.4960861063964,43.98988729163911,63.61542184512484
1138.4744907431868,476.52203686490935,44.804544176793385,62.416163341099335
1128.0954551678462,471.849535314728,45.32071202242105,61.273979055903084
1117.7075601803558,468.94359918128566,46.01857917635681,60.4688383451876
1106.9200500931884,464.6420767849987,46.3181972816001,59.87238496118674
1096.2138912471623,460.887794061204,46.53530547047838,59.781641441185904
1085.4696863399402,457.99544755609634,46.492900160410784,59.56417247172591
1073.9579089714846,453.96770706257524,46.66922398606721,59.301756615811556
1061.6609008283133,451.78135016969594,47.54582541645287,58.50132463054357
1050.0987902410875,450.8118462377005,47.977206014732246,57.64188059405225
1036.4671627523594,451.0399158830482,49.07926142248669,56.40769189396739
1023.9387686275736,451.33937389429195,49.87396471112057,54.97031107493677
1013.3247343453486,452.04147415451655,49.758372920956425,54.40700179651476
1002.6655215705562,452.570101332744,49.648297341390816,54.38433005495855
991.3336348164513,453.88199278504936,49.44787788695398,54.47619913933105
984.0539590067874,454.8019691865777,48.887567221430906,54.52768529730342
971.7862576141696,456.0527874349911,48.83705539485011,54.27699794483994
965.6231800002771,458.05074450899497,48.51311849769599,53.79818651518548
959.3934416248883,459.685745376526,48.34509089971879,53.3176504459408
955.007045309955,460.7306191036976,48.09656414024232,53.334365947072364
952.8559655950122,461.80027558047715,47.88470837237373,53.655933511472846
952.0289943829184,460.46814332926124,47.782392308860025,53.705075695636836
951.6840986334266,460.4944773329678,47.59958980893448,53.567285996996844
952.7281230606488,459.5791822632395,47.334539120574334,53.220618121774464
954.0180510711368,457.6978919802138,46.70952292522855,53.050916716848086
955.1556746206193,455.9308908955596,45.98671527748133,52.6310519275382
956.290970108339,453.55408296975486,45.35381579984469,52.59510555380596
957.1877663398001,451.1006634971078,44.78300916742017,52.69655175694308
958.7740830438166,448.2035991800137,44.477217075610284,52.102492505846804
959.5494482994777,445.51069317957655,44.28577311099519,51.64788712161988
960.4465588742003,443.80569649759536,43.811146225580536,51.08701595120422
962.0862748599818,441.43478167411763,43.04514914094993,51.006962396560496
963.9000186971887,440.1482798863219,42.75866106980774,50.907143019881495
965.9730367655003,436.9052356577809,42.51063590234645,50.99748858374445
966.473750912609,435.2062859421873,42.41186487856039,50.94040096582888
967.5331655310031,431.88706531618243,42.459053174120896,50.84526687375295
968.63611616247,430.57300459623013,42.420990246224285,50.49215304792571
970.4504628753884,428.92097169813246,42.62603824685539,50.344831438725606
971.9204413116167,426.10448178749095,42.74439903568426,50.206799907469524
972.4662403027295,424.0287557661179,43.120807187491955,50.297192952107764
973.166006449805,422.48508942036244,43.46008567100516,50.055731641085664
974.0226966355757,420.2519905431431,43.89823413476039,49.71035589012272
975.2205892263341,418.26303298941673,43.94746962890262,49.7382797713792
976.4616555621257,416.04638728676673,44.113528886182976,49.678455274732165
977.662238914859,414.2689140467188,43.95611394501395,49.50963709685379
978.8699379374929,412.04326618620536,43.93718906907287,49.60367354435167
981.5678085386824,410.26674974278524,43.87648414446504,49.83551917342518
982.5429549112416,408.16246012040534,43.86338813091381,49.93278030676531
983.2687985930845,405.2917778200431,43.77679685945213,49.98656670619586
984.4837682585307,402.871246354857,43.70079539286334,50.443448137086804
987.5273482487984,402.1405749423301,43.29721008884157,50.30917807857278
987.9656065214888,399.9464839160647,43.431150463131075,50.27505931552125
988.9578531971589,396.81796860140093,43.463435342457856,50.29064440346699
990.6991343887748,395.8489955555342,43.61375102433531,50.207652814002365
990.2733175759652,392.974906122586,44.1115984794719,50.27196660955579
991.6003610110367,391.10688820107384,44.56976193739283,50.50758355113658
994.0166820086631,390.0053070060001,44.79156091732919,50.639905582549865
994.8304715222573,386.8111234057274,45.57734796947123,50.586075460249894
995.1449032242754,384.8510941707019,46.13680293720789,50.340152637576196
996.2384086531101,382.6593613098334,46.406522445291486,50.05306610559007
998.588342029544,381.4957207684532,46.61280174192319,49.96952002846887
999.9259560489895,379.7005123877165,47.138672860365716,49.67482545800256
1001.3498209268163,377.38193003008706,47.21121426293057,49.52619829932959
1001.8636209202325,376.1618841100912,47.40743746583347,49.043336533669525
1003.905015199707,375.0626196423011,47.26713566988492,48.7875591051902
1004.7012634392285,373.14975644195505,46.95203849237091,48.677162850013865
1006.227842717288,371.19127160923847,46.868684461627225,48.42410096790057
1008.0029785469901,369.82544436861997,46.76637818575274,48.2594100721692
1009.7942622192851,368.0809299366031,46.51412261637024,48.062619310348424
1011.0463596208477,366.44105885773257,46.634788338376296,47.73597599865288
1012.9678797548983,365.18774766026473,46.64326360181506,47.651142218738066
1014.0246649904716,363.70071695348594,46.63959288996108,47.50706102746782
1015.7929485892471,362.0144551894287,46.51087524265718,47.434169535593284
1016.8313424090331,359.46338490341856,46.46505841492895,46.987837703133565
1019.1013344921893,356.9887349016366,46.094878821675735,47.23391209405713
1021.0403256061122,354.56387902345807,45.73810702588246,47.094124758312084
1022.3796337286792,352.7193038189602,45.368367772020456,47.0882814329481
1024.0804880190713,352.0494646222293,44.983201387510036,47.20230713170771
1025.8718604537062,350.4166140388593,44.76694712073365,47.22821571307487
1026.6023076526778,347.8171624274318,44.95319096074338,47.2485233930221
1028.01585831838,346.0890076894081,44.96618514935878,46.853454666631116
1030.0749722011612,344.4363252346954,45.11859775702642,46.29372992113403
1031.3022829924737,343.0655405916144,44.961606007622564,46.22006478461235
1033.39493719194,341.0346404965884,44.89636186726576,45.965358112023935
1034.090039660764,339.6105759045025,44.837211021070985,45.733671670051265
1035.9013631439302,338.2261483922789,44.71235248399882,45.553815060816305
1037.2309615597194,336.2395496925204,44.50693344249005,45.45312654266965
1039.942125307824,335.31085496398543,44.27976824257602,45.86042749876316
1040.7181929729538,332.52954174195,44.1811377131131,46.09923096767524
1043.2637166626962,331.6998927770596,43.84400373618562,46.15914315908336
1044.6459505653772,328.6944027202487,43.90751358814149,45.811478310394214
1045.703363004156,326.9639526533895,43.8561752866646,45.41867160741215
1047.7634740219246,326.3608775570547,43.95813314080627,44.77175762066134
1048.7953878064711,324.9514588310973,43.926097258725,44.53127462274707
1050.8540982889056,324.8552304357345,44.23320966101307,44.01253880559307
1051.6941936802325,324.9772963196748,44.44857330169143,43.21728490874901
1053.5595020981273,326.30069507478197,44.66986529272991,42.48886634769991
1054.9979994301295,327.58032824350136,44.68579469908357,42.276740560874636
1055.6261132490763,329.711377404788,44.70141550136038,41.742426395100665
1056.4987278071512,331.97209615889307,44.32729074483707,41.88130201631557
1055.3484252544354,334.96375440836346,44.29865147503989,41.633819639078894
1054.2519810322078,337.12370583507897,43.94990392935242,41.57477627508881
1051.2745840166765,338.831622739051,44.04734427312876,41.4377296032226
1047.3584590998792,340.9607547544068,44.15573670392178,41.698024551545416
1043.4449592812846,343.82170167121564,44.00571893846207,41.78682636612105
1038.2522052523268,345.8251711462775,44.46900962729812,41.89896795951539
1032.8559705764421,348.16695572026606,44.62165983386461,42.25534012242083
1026.2712268602984,350.54126201368257,44.91683295798545,42.73547585712106
1019.7434095143124,353.2059885031459,45.38033412792393,43.02754768898549
1013.1729340633226,355.8418758154752,45.499976130977814,43.23777866048769
1003.3901662752135,359.91947729787387,45.77697372807002,43.01567210453433
998.0808729447207,362.6988830113286,46.31694806147985,42.849037305737724
993.156463949915,365.24230059133123,46.41439657477293,42.85391795841558
988.9457304779714,367.58783555458933,46.354541230146936,43.01280454435056
986.1759995059437,370.52462261301054,46.22346093405974,43.130212006335015
985.1975239284263,374.0516463279413,46.31293097661404,42.928768965664204
984.8152473475106,375.8734391410898,46.07230127616366,43.248211531887286
985.2572883517053,378.10775638222884,46.0428853220232,43.30957535206895
985.8708652433359,380.2239924568763,46.17841709994216,43.52911145014951
985.9829221118063,382.50427702313647,46.185951182281954,43.40626786160502
986.4170694007353,384.4471870348592,46.24894848264741,43.27414785608852
987.6887254544012,387.066407597983,46.809281938441345,42.80841657633759
988.3417338323226,388.2594110134953,46.87410132132376,42.808281155682806
988.3534290823185,388.5430540659676,47.04076043981436,42.98570704586305
989.8955118296908,389.61816948671594,47.21240162956381,42.94987373015377
990.6194630727391,388.8865536198758,47.38629396329899,43.02632675156127
991.5386448181622,389.6732845604625,47.6510603361919,42.819767579395275
991.9840813848523,388.6620313585334,47.70183157336768,43.109015616668685
993.0919488583123,389.208893356931,47.687910085843995,43.089437056160406
994.0597422038896,387.7909162357033,48.023782497319964,43.16647039064149
994.2163575354014,386.8901749402143,48.06070382018015,43.5696380287692
996.388633172474,385.0561521265199,48.25408732615579,43.84499347442585
995.8811678482224,384.633689055325,48.02445344142536,44.018954660532046
996.8324744709929,383.0614177045995,48.01320536636311,44.43241659149051
995.5563492047897,381.4936743401997,47.93269871187984,44.63143042752891
994.3733438983218,379.5941079059911,47.6646324910908,44.78120907650939
993.7414508458027,378.5708799280321,47.730042536596834,44.91585844902287
991.9180621439461,376.27991987795093,47.599172683458534,45.29088605879828
989.2721925410749,375.1525747041028,47.84244043839539,44.9502137432255
985.437881435899,373.55821207276387,48.40661385342863,44.70399032311831
982.3250026404585,372.6205758576759,48.849558372105044,44.45770003394921
977.5128639450706,370.8490064630787,49.523185547731885,44.37570268613493
972.617133729005,369.37242825053767,49.85828611658182,44.26099588528007
967.2614506694964,368.52288138455236,49.826910650821304,44.49534028100804
962.0449482557759,366.5252643532881,49.92055905583787,44.552279217575226
956.5659555485457,365.04332471837574,49.601005217063374,44.174593116840256
950.4992441788104,363.45999711959416,49.233427552176074,43.99529103519808
943.8247015282537,363.5739014210461,49.078129766131184,43.739856644291
937.4404800284588,362.6576304503409,49.03459728659523,43.77137176456496
931.9868659898433,361.90489250086125,49.10378119726134,43.94007569849735
925.3950802504145,361.32286459145786,48.75518238040358,44.13109367836827
918.9256118776091,360.5523523845818,48.25568166416126,44.69932200962378
912.5297804547453,360.2525700905404,48.01069957428109,45.14440909083061
906.0926696534265,359.66980138663166,47.95850668717248,45.40967752672809
899.7828000612583,359.59571260646965,47.518165343249656,46.02873198939397
893.4789806096569,358.509308839076,47.2067196975022,46.47295022784017
887.2408525603656,358.46209927561864,46.96293070636296,46.77627432146698
880.8751924137473,357.72301311461865,47.19360345473881,46.59692336904528
874.6834493065057,357.0788088665892,47.69852006625565,46.68545126512858
870.401045777593,356.4159589065046,48.0339293503384,46.60771202113608
865.22211530821,356.16312462633897,48.8021849576835,46.599446326821116
862.4785780831936,354.6821700143813,49.33521411200101,46.583167989701224
858.4794600953276,353.65954508847096,50.081987151331774,46.32275020274326
855.4460905841127,353.0651895828061,50.50588483465029,45.881723956115486
852.0265526703951,351.7220009193477,51.27034899826714,45.6759632787293
847.9341419271594,351.0105814020468,51.611091943936415,45.526158556464694
845.2851073761423,350.1595724241015,51.670961811961895,45.049617447490206
842.8693359982905,349.70033324996,51.78571865992022,44.638134376667566
842.0968372156601,348.26021388482604,51.431457969222215,44.506509636858084
839.403512530322,347.04870774883716,51.56878492550019,44.250336041526225
837.7190913662015,346.4060106594095,51.29860776445296,44.04551229626354
836.9863117851221,346.41172831513427,51.31418535636788,43.673658456495616
835.0128024159424,344.36156289668247,51.19149717791843,43.67158660632645
834.7804884937281,343.1151100562383,50.89773739712957,43.491053499754436
832.0462639021109,342.6699146394901,51.02242895096915,43.35349678819917
828.6741998566192,341.5242399232663,51.65935498888254,43.05436994615655
827.8988689057974,340.1892453187479,51.69701306438488,42.856013417736
824.0797227462922,339.2222181176151,52.488094976138115,42.892058281351105
823.4428649284357,338.77536393954705,52.405756305820894,42.627981937093494
819.8473420825803,336.7834426066987,52.85126471649518,42.55123385877165
819.5186345010156,336.526720667924,53.011524392087324,42.40737863496841
816.5539269892975,336.3980952289358,53.1428551564904,42.29524924747047
813.6317351416742,334.5258789733299,53.0536360418309,42.36663111666877
812.551113305227,335.1642333238841,53.33235856222912,41.85896162921771
809.4281127680919,333.7066914341598,53.727842840387154,41.55566376537107
807.052545414883,334.8061148003783,53.61191164028044,41.17570975029547
805.6474444031602,332.98312545617495,53.95782280641078,40.62129762296729
802.2027417731287,332.738960457219,53.603963868170766,40.65390105694867
799.3123092735004,331.5138207676493,53.386308493129,40.40606651778365
796.3829973550676,331.7221026127847,53.31349531446121,39.92765629185995
794.1197313213893,331.7853390577334,52.95063071433745,39.68281660916458
792.0269093163655,330.2775959770385,53.23453536548303,39.17752864450144
789.6969334695366,330.11170710990933,53.11084667446667,38.81767768422545
787.3964112065426,329.40006410122913,53.17022850743108,38.560930971483344
784.9497353311398,329.0448910091306,52.70813153539731,38.53598209838371
781.7705893206166,328.25842071086004,52.35053505622999,38.5810663449797
779.470768532219,326.43314804013664,52.177174962187884,38.70320125170358
774.3252877212319,326.2994230280755,51.86707762420104,38.51499006838836
771.424611568033,325.7878941416422,51.72843797961016,38.025964072410375
768.3207245483112,325.9199275407827,51.027254537669506,37.96794914530996
765.7001637506422,324.56521513947234,50.98920752720306,37.632016005349385
763.28896566181,324.3922214900468,50.567141214785494,38.00152378504199
760.348489371119,323.4222019835784,49.95813741723101,38.10753848786668
757.7506999622242,322.6575814259893,49.58644500241561,38.4183806744027
751.4256515236973,320.1064241414121,49.38864625721597,38.333091293056505
748.2932693315605,318.32077854883636,49.34173843079614,38.458007346600944
748.4064562828595,318.6568962443435,48.94817801465494,38.531932403184165
746.0043958096325,317.7772609151158,48.639400134509955,38.812411228715746
746.4704980366964,316.9699225495305,48.05467755699371,39.159977492929215
746.2638073856597,316.0068076904709,47.35537186737564,39.43258625272022
746.2733595736727,315.5134243708945,46.93301399565636,39.44666135592331
745.3663565144215,314.9651674628976,46.460603583549656,39.68402136475375
745.5768130563295,313.78925399238045,46.08094784764536,40.049644635286406
745.3529541935686,312.82699084676983,45.99871084170263,40.374033811982855
746.3829637157475,312.1433499800128,45.81376880654601,40.685351075587256
746.7148801607666,311.78305530286156,45.631681010568606,41.03596343251424
746.248556546567,310.0600682629924,45.60886167049782,41.133311375472786
745.9876145971928,309.0812055360481,45.78747902252016,41.07927778662144
746.7664847535893,308.39837592133324,45.698256370821596,41.011630441229734
746.5426655926128,307.93931301768976,45.7456347509583,41.05662485413041
746.6390507413001,306.6853724707048,45.73048687615957,41.28874577430274
746.0278672481043,306.0692402339894,46.06761080434676,41.19990488674876
746.0529767076217,304.9005921631344,46.16294823089374,41.160678964249755
746.0307332580468,304.5358883597491,46.392158045335535,40.87308160428445
746.787526395065,303.43119057527593,46.38736047617118,40.48759277763143
747.0364060370177,303.0262081141692,46.44240357616532,40.19156967417963
746.3345179263827,301.34071256229754,46.59357054450582,39.92967985179081
746.5165248101152,301.2131226150601,46.69099602894035,39.39974235849405
748.1795160189882,300.62680757164253,46.83727980839895,39.055068620904365
747.7097851284503,298.71681975432756,47.04313519136917,38.96304455308071
747.3774135475347,298.81056715272575,47.227328302465,38.64012015044276
748.2605863019783,297.7994063130318,47.536756747969406,38.47701678672456
748.8107711616125,297.0593978436794,47.54800530911168,38.48510357921207
749.6137807493694,296.50052858455007,47.37318818762159,38.4599641611074
750.1978440587391,296.56085055405964,46.61489091720785,38.79611716622965
749.1212336532162,295.7944115508145,47.087180875363735,38.38040930483821
750.0036440268465,295.2411408479751,47.45515570038396,38.07132132361517
749.9415939431309,294.6111117852796,47.032466758108384,37.847083723183744
750.7213678582775,293.6091182647774,47.43616396203297,37.559324863080306
750.2382954458368,294.2681544172444,47.26193257670166,37.18325580826842
750.7408398466869,294.8615605126805,47.18120506354903,36.83202944999203
750.0270025787516,293.21128069401834,47.30619386180961,36.64714644891913
748.711562089721,292.2433250817544,47.45094984750007,36.32993057536356
748.8574564598731,290.84970363385435,47.927590744151225,36.017174997042446
746.6477754983429,289.18238661160115,48.39538549420765,35.976974265624236
745.4352012664334,288.9869974099654,48.61551758343853,35.84818899396896
741.0527855105177,289.21711232360474,50.37714331905554,34.89723275534763
738.4032645400918,289.4214277150708,51.96665776738398,34.16759725387337
735.3317474227728,289.1668455812311,52.951079750740334,33.699980034087986
731.9888095260595,289.3894832230796,53.625021263771316,33.498739904972034
729.5220875927148,285.51211871715634,54.346291191709405,33.31166975300012
728.0592846945929,286.22781412521965,54.516284853019904,33.39312802935701
725.3702037860753,286.602399116799,53.731500922679444,34.463761164904085
721.4505253150153,285.2446765761544,52.68260751384731,35.87136077290381
722.5015969728076,285.2986231271602,51.94260378089661,36.97272634646743
716.7844343114299,282.31453501151435,51.11530762843249,38.45493112695355
717.0256067682408,284.04620713038145,50.21304972090265,39.55391332049374
717.4013720921312,287.0416386461178,49.04044363962933,41.02765943513914
714.8607631648385,280.23096959760863,48.113707850415814,42.472147213248874
708.1005840034027,273.1063693078584,47.69133431598758,43.254936202173106
702.1004078030086,274.2922464058329,47.31474026749602,44.06261606727452
700.5430868436181,266.139850236203,47.0962949803901,44.603581082620735
699.0396817596118,269.12944748277545,47.02896316918537,44.79125575298903
685.94838614584,255.82833294252302,44.82645689306676,48.073534729734135
684.9892190680182,253.97054180895367,43.362741488163486,49.6561817113046
683.9204563302028,257.88165058669466,41.70632546599146,51.68827895989975
675.2764992701727,254.11155602658434,39.947414177116194,53.46799578245197
669.8632300322746,262.55805666941757,40.439840485553994,52.74149840303546
662.6724002305442,252.6763652502105,39.72949340566524,54.326349594721165
654.0828856935635,248.71657189516333,38.34454237708752,57.09059420276468
649.668195455707,248.99820115999188,37.85885270051784,57.86318972660487
649.7451108117206,258.28224163799104,38.32741547737466,57.50202176499137
661.7532568770124,267.3897796483375,37.95409438560935,58.07835046841957
662.6398969779206,270.4452940121621,37.71015385492787,58.505114423418085
684.599050630346,272.9936931825803,38.32401589211797,57.98242277584956
688.3238066554753,275.3028686392058,38.71884511993557,57.83894778956982
691.6271820543855,277.6371831943098,39.175281921297376,57.60638769105012
694.4137306961252,281.077528110304,40.05002008322198,57.11258159471842
703.1314441545634,286.6522637952866,40.41945423507136,57.34845473006333
705.1705437451945,287.42248467792353,40.9117988198306,56.93617260700895
702.1993259570902,274.3959266931275,41.13989132505537,57.27778077935991
707.3193791549885,274.45368105576983,40.49510753820653,58.6731223644008
710.8457157630601,275.5698703756242,40.95786906403743,58.52214721857331
715.9240850459303,262.0608982309202,40.4208452352355,59.90495204264929
700.4179619964544,244.25714163868633,41.26589696773214,60.15075563239042
704.2986587721776,241.11633602517236,42.109451460108886,59.63761235426092
708.338197232012,249.47004216165402,43.13791562472975,59.46998165173213
713.2628645979809,245.50140460553615,43.61578941177392,59.216964405569435
718.5415667050148,254.78863846374702,43.80466109950033,59.36095295745827
723.6579932740347,251.10945396425075,44.20620832919759,59.035629977996194
734.1348376965361,254.41876917502353,44.454206343325396,58.76019880953292
738.3087242905226,257.4339757674841,44.98245644789408,58.45660180197987
741.681268675842,264.19510324388847,45.41861920313403,58.497457200733706
752.6530696709908,264.2602576028296,45.546922348944996,58.534728565864086
756.1915355568791,266.3151907700041,45.93501314110271,58.244199122689295
761.1514006753649,268.96632246752444,46.243619238359436,58.122658917956315
767.1414159930991,271.51968811690875,46.51305168425089,57.98894006654482
772.9164099327493,274.4022581145246,46.66459330781944,57.75122297628141
783.6685767728242,276.85364392414743,46.78245582517939,57.905720453410304
787.1579232435142,284.64787059820696,47.09781262363684,58.20404212207581
792.3497235349017,285.12211915220956,47.20286808486828,58.227803105043556
799.2143940781291,296.29819111447523,46.11416916455119,59.846167755951704
809.6698699675095,290.1376827315789,46.542340158007164,59.878854443619424
814.978021606686,297.87488219349143,46.83651642524747,60.3486131201971
820.5236768237316,292.90614806864386,47.2548485921692,60.12553125239961
826.6524778684608,300.3819439773882,47.47888159640003,60.02138110818975
832.3195611973348,302.60115808392436,47.525379764091454,59.995982565832776
842.86933383882,304.6777565683362,47.99343663871372,60.00657820717756
854.2433765349384,307.85631624275203,48.260125568986716,60.156317207192224
854.4257813328494,315.978856526443,48.340721694829135,60.58281790812093
866.1341329352709,312.03902978185414,48.882548916011444,60.512881667989554
871.3266686901853,315.10033430202265,49.4951800047544,60.45324040490468
876.7713395126892,322.4833967836073,49.61835628882393,60.4540193189937
883.4745253216379,323.86061373277914,50.04467300253054,60.43971870617245
895.3874895275717,327.0308283940978,50.61315567769916,60.50854202712037
902.2903703682954,330.22327709770514,50.864701239598915,60.48114421936252
915.971988221745,333.4701012184107,51.12369415513608,60.5213151765597
921.7778984035467,337.06527802980133,51.41082341464054,60.46828207227209
927.1004394284607,339.7674520190135,51.54084207282043,60.440673118963765
934.8378366542047,341.55857639108496,51.76585478838574,60.3504321072122
942.5275719903617,344.092223339739,51.92206488694561,60.32871382864795
951.3222377547788,347.99214680386723,52.26936360713478,60.395436419434574
960.5114585191353,345.7627722004108,52.37493658953025,60.4635034058884
969.1243175469343,354.4956024285212,52.51324746459633,60.5229589164645
977.2944610445325,356.7527150574238,52.53229732242734,60.51512327657914
977.0914272629235,368.25464484927704,52.38341792662659,60.733094060914766
979.3384345600384,371.4426099709247,52.33587216250543,60.817356021141066
982.0667313037472,373.5234121036788,52.308131710061005,60.86211877147145
982.3752756144347,375.3196040578145,52.308953295003946,60.864186052241244
1045.0652110123972,394.7647205201468,52.34564744048531,61.32260119886577
1030.3883498909822,378.56174053114364,52.79397417550273,61.998533024406214
1035.526409632646,378.97489403071086,52.740605355932736,62.16176666181129
1057.2952514829599,397.1330597270057,52.820303704865395,62.63376534734663
1064.8922965297766,398.93743037578463,52.912042201624885,62.822309606581896
1073.3160900624284,398.01102747016586,53.12554179098446,62.59320385394617
1073.920085943182,390.0778629531176,52.84414732666892,62.70439067612866
1087.2427170052767,403.3774944762724,52.70000100142943,62.962854680600344
1093.4184856923598,400.12223431224686,52.207394215032025,63.49440495783957
1108.1045943623394,405.07444246408056,52.55838816352481,63.44500154784899
1119.7181112638496,411.0727137628769,52.94618056289692,63.49587372991938
1125.4582333960416,409.0224298544529,52.728070850514825,63.903222361891885
1131.5227852665034,410.55553467581495,52.71899942007696,64.28129453565035
1133.2567017374083,412.12556367337186,52.74343742477001,64.31488442109077
1133.9347345143412,413.1333411378419,52.76153275671507,64.33215162426117
1141.692754051802,417.38056808297773,52.797621519928256,64.47570299064242
1140.0092262993635,416.48206455585125,52.816774011576086,64.52426667979836
1141.5387489647926,411.50958285079093,52.8222716895219,64.52445450855913
1140.297589679073,405.9386261877201,52.829265153386686,64.52392703880234
1141.430381248453,404.01175309928414,52.82967131821576,64.52508742313277
1142.5352441010348,405.5597321631057,52.85233816256666,64.52900784506537
1143.0273592114786,405.2722898601854,52.90689494901114,64.5758619361888
1145.7461004303188,406.5197345047644,52.93700856540767,64.59136602814961
1151.577654785412,408.5250253095626,52.94911557635174,64.60604868170634
1155.0651884559659,410.34155029513636,52.97466621620119,64.61826858131691
1157.3126491534224,410.86589201473055,52.981808572508506,64.63686305045374
1157.890821029777,414.32187276362095,53.030710910688605,64.6866325097042
1160.8932048505305,414.4812465862328,53.044902791428534,64.70476712790237
1173.3073009489879,415.65530961875584,53.13927796206792,64.81982971108022
1175.3915372865877,411.05787799368517,53.141059040530465,64.82108181620208
1177.9089038815841,411.2704120890937,53.14433930878924,64.8213525493161
1178.1402642603932,411.8652747983374,53.14468775168686,64.82262294324477
1181.1193500438346,411.0861564257448,53.14547910213179,64.82331176152726
1185.6892361178745,410.25494270284156,53.15058248048031,64.8242224217121
1188.6080367027307,410.13102105744315,53.153878394050324,64.8242548122976
1192.194441485974,410.47918238020173,53.15552065556697,64.82481518956563
1195.3321940599458,410.83239267041324,53.15781606762065,64.82610356395372
1198.9410444871216,407.0796266237313,53.159777402752674,64.82852000332588
1201.2236880104565,408.4424079680507,53.15284091913257,64.84026057167557
1203.5582735590417,407.26765219161535,53.15373856280651,64.84389161612341
