996.5,674.5,10,32
995.7704710027328,672.2540192482837,10.643811874438956,31.59226443807918
995.8060082862927,672.5092726655025,10.887225897083065,32.580810247417475
996.2015172887988,673.1814769399697,11.265079771648445,32.25245954741356
996.153336313608,673.9313755957872,11.569225018734471,32.198710495513566
996.2528719935978,672.3581250555471,12.170536153681219,31.660187552937796
996.3382636806277,674.2918036170519,12.412801613229847,31.755479536907547
995.9750424951158,673.8230288627391,12.717203521759929,30.98063778824713
996.1928831440682,674.2089908057251,13.025670895482214,30.68449105147565
995.9342218319199,673.1743281854363,13.199259165997924,30.224167272811915
996.234978171641,674.9732827683429,13.138477678190778,30.17917868690893
996.3937270825771,674.4841229980003,13.329940222567748,30.223162876603638
997.0009680715164,674.0838182866166,13.520930284865642,30.00714880236194
997.8231292894915,674.6183354252374,13.416183068069738,29.703435779850523
998.6247782981559,674.147608150005,13.147871856656879,29.671886644840985
999.3572604544541,674.3158510719735,13.030093513412941,29.58797855277875
1001.5873751284075,674.2135213546175,12.818035971841734,29.62770360564842
1001.9159741285611,673.7910367220375,12.65545769866928,29.338536670857106
1001.9837296288482,675.7860074189388,12.72474788501417,29.291960850937592
1002.652032771973,675.1563336311557,12.490414705339562,29.236229214314925
1003.5358511346005,675.1708946792907,12.382028239483995,29.373369118844288
1003.5619717121298,674.9606967336653,12.403049984539605,29.463648201680662
1003.4475773242059,673.7271348151128,12.325128040325088,29.3437621320167
1003.7242436324312,674.3430997308138,12.191338898787036,29.390189567994472
1004.4369257602768,673.8461447649768,12.081282975539114,29.11921192833372
1004.8181434572907,675.922789165372,11.985764428740294,29.267826375376522
1005.1458428754023,673.8703374188019,11.959747487582405,29.333592028245747
1005.4058005082334,674.5124018194177,11.96776885932206,29.370150640229625
1005.9002074714288,676.4300961537301,12.071575901749794,29.16006571687467
1006.1561034991523,674.7172930552755,11.944056302471862,29.025259745281154
1006.451634576776,677.1788710864921,11.918540421409725,29.013512584062468
1008.2920297240514,675.3252977241677,12.079233481427343,28.638647132197647
1007.5842644701282,677.5021492206703,12.19990326863923,28.403848729799243
1007.9122921147617,676.9393384502641,12.197277845209342,27.901695316769384
1008.4721989525755,677.0212997816946,12.328140920718566,28.054908047527906
1008.9968492432214,676.4626756245767,12.928281581644846,27.466350821678763
1009.2777397076692,677.4789980425146,12.944965876061692,27.83021801735824
1009.3379666018375,677.5046515134325,13.178484969757394,27.486580512454037
1011.0781161420872,677.6555488030626,13.35106417371221,27.045446083840904
1011.0681937460669,676.9425952714803,13.438750264631185,26.8840423559899
1011.467240889533,678.247138243434,13.470412237617104,27.06866354442197
1012.0319135100262,678.0302632655157,13.074860434111526,27.26394242436619
1013.0447046820244,678.5721249796616,12.532029340382152,27.571925820377146
1013.3848388524165,677.5229460871874,12.31254847470719,27.243944217431867
1013.8986433323395,677.8695544474406,12.175615834460341,27.14739007789231
1014.1698045090287,679.0256733320382,11.959404231518748,27.058905760998243
1014.5600387283332,677.1133770081218,11.827882554994574,26.71479866746743
1015.1442228201386,679.8014723845713,11.9284530320056,26.85661566984796
1015.2303782586004,677.6076729299301,11.943990529329573,26.725484415556064
1015.3256819490693,679.982038447483,12.067333448608162,26.713093426379384
1015.9673874649417,677.9132545743965,11.993863327202845,26.530429258032058
1016.4109437289877,679.2100063478467,12.002104891231914,26.546249212718575
1016.4750983018397,678.6489296439289,12.057915908849479,26.38640899300605
1016.7903835888035,678.7272240339987,12.12792670670618,26.405417165304723
1017.8573593380644,679.7904583867982,12.274596975228468,26.33847847946593
1018.5047870609147,679.9342224186861,12.276835636201987,26.34070856149914
1018.7554154040762,678.8170743866278,12.292385611961597,26.168546009358995
1019.0175576903094,679.4586136897592,12.340810599889359,26.195091955823102
1019.473009554482,679.719278248077,12.442103531586001,26.28773431097407
1020.4630507900632,680.2008822128682,12.495422549681455,26.165691387552158
1020.8871198200615,679.1561816391838,12.68356130700689,25.91768542279946
1021.4128747880939,678.8112735124405,12.436011634671102,26.03745149632785
1022.3202267879086,680.4666899303712,12.209638261529266,26.467753542439613
1023.0214117199525,679.2119350067348,11.947954909434944,26.454962431079004
1023.5518766585927,679.189180678406,11.765602085701358,26.817224087757467
1024.0515172805501,678.4324904322546,11.693417983529253,26.562286165372484
1024.0132329336486,678.572111805977,11.609090346260295,26.72571587919868
1024.6416321327315,678.914948084077,11.73276377369437,26.95490327354124
1025.2884818467521,678.4719806599668,11.605809293086422,27.1735287779468
1025.4656938165429,677.944296044198,11.695842050015683,27.141076764290837
1025.667364770941,678.543995201621,11.781047943190503,27.226057216458393
1026.2394090630385,677.7454583557336,11.894151732271371,26.983740987998644
1026.4979837873877,678.5151747238234,11.948906704425521,27.244856328448634
1027.6787623384666,678.9630165651855,11.981842466876415,27.246887856638878
1027.5871541957122,678.2426460313361,12.132389033076835,26.88901573368676
1028.0353599864081,679.3263669040177,12.183048169496333,27.219247738247258
1028.6291523591958,679.3737446451823,12.29488795299668,27.21528280334871
1029.4731561950507,679.3753339255841,12.443667743521623,27.483419787388733
1029.4284889789703,679.4809367226266,12.487954844080768,27.50308555777813
1030.0809184051152,679.0611886999266,12.530587494553023,27.674013945707394
1032.162330270469,678.9343121413598,12.519345528066507,27.949466534240074
1032.2370527935334,679.8233193132827,12.568548085330425,27.92363932322975
1032.8936018376228,679.3811433951685,12.736274110043663,27.9249901895714
1033.4130941916476,677.671872305664,12.595733041272588,27.78376774493846
1034.034566084575,679.7308711886068,12.733319016731716,27.913425370745824
1034.314446970824,679.2673322178233,12.836958728723529,28.124957956039157
1034.9768763527843,680.0714660440166,12.746217949574483,28.60445790466597
1034.7350824601967,678.542242060465,12.833213236923948,28.40134876956564
1034.655554249527,679.5203314543517,12.930618368800246,28.43257850058351
1034.8086393140097,679.9764173789504,12.80227394405205,28.269753920921122
1035.4592161929536,680.8352485174511,12.734838104560396,28.426395223250307
1034.711890739647,681.2318976551969,12.555804890995406,28.318836166947143
1033.844138643045,681.3331119852423,12.423700179360718,28.113850959799542
1032.7872456472371,681.6527068591615,12.720856284349471,28.017696421140084
1031.5369061282665,683.6119859222774,12.775476333719114,28.27229884788679
1030.2854905587526,682.408567951232,12.993370806258383,28.024787847075938
1028.7420715591352,684.9878874573214,13.263588217190987,28.332378273678927
1027.3689213846255,684.1717225104818,13.476577199175031,28.148030000968696
1026.40517118916,686.7879037979692,13.627803981898454,28.61157311141868
1025.1983862258726,685.3412924540856,13.656794249964973,28.579491147925445
1024.304394947322,685.9357637375485,13.581361565824672,28.61029946219471
1023.0816232972605,686.704872925629,13.49917010947804,28.580289122456453
1021.940327524232,688.5064896596134,13.622009763445254,28.32425771709461
1019.2810126545336,687.3929107127469,13.52200651868067,28.098172355212185
1016.514916962974,689.707083569082,13.660899275853716,28.565562669305937
1013.8427626855577,689.1205590952015,13.31486540438638,28.614618816354294
1010.0616691019882,690.1953535083632,13.51287200664498,29.07577279741931
1007.5013949039,690.0394556228568,13.350519115742703,29.212419187271266
1004.466646101891,691.8638659231116,13.616935207309407,29.351036264145336
1003.6117029383732,690.6883101391446,13.388027517506746,29.244524827165804
1002.3102809574511,693.7049446935586,13.423144152004276,29.322597194778414
1000.1764659982454,693.6598533154771,13.270164596233649,29.146023654783487
1000.1579766666554,694.3958560442292,13.125600222118152,28.89931493304291
997.8826619416733,696.1815805247727,13.030964569695993,28.76347412053064
997.5501580253435,695.7743693597174,13.164042670986362,28.414385055186926
995.9968636628058,698.4329765025564,13.246815287358316,28.504295765694188
995.475886226798,697.5814108527164,13.271137794147059,28.345821421148052
994.6985572596024,700.4561056258751,13.472945649002062,28.571162843305906
994.6614854662557,699.1276860913981,13.623800629588029,28.65661485972405
993.9349871192684,701.0216243228217,13.476831870414777,28.774357302897794
993.7680284407121,701.6929404693554,13.488531107429164,28.956844552906066
993.3136413254877,701.4191987059716,13.408073036166154,28.70062918231212
992.6991449522657,703.6024803767097,13.462880864206369,28.94230120002767
992.7975830169026,702.4750262784553,13.425342300235318,29.151186742956796
992.3475642184045,704.6692852210945,13.339889575118539,29.014721641644414
991.7523887933932,704.523227032147,13.260816463501794,28.97702495639475
992.0387269501231,705.7625679997905,13.400159355135418,28.95199611826036
991.5991816768762,708.0114358628475,13.64599382386264,29.26411060805829
991.054456702538,707.207961558945,13.077862443193489,29.40356365521707
989.6060735345106,708.4947336227567,12.99185976679704,29.91601281754136
989.0886896476305,709.0271047749973,12.997188329665416,30.333922461989005
988.1764297613353,709.9452944304163,13.055132765799623,30.17158644891865
987.3121694117599,709.4773613220243,12.923431363738924,30.35297176732238
986.2939359800226,712.1390481300774,13.031253927706215,30.575868521699466
984.6323043746137,712.6906730908488,13.013333714528251,30.54142775180615
981.9275581657756,714.7528702875701,13.005368074800703,30.715842886714412
980.517592056732,715.0941659831944,13.251013116755747,30.726175279721634
977.1312548514506,716.5628631733566,13.408127472539526,30.62135645901354
974.3284245485759,718.368917566027,13.432707641582406,30.825886858624504
971.965461088342,718.4592263132452,13.34401549771927,30.930212855408556
970.8916400996977,720.8146208185011,13.517198661340435,30.633526876055186
969.7612388350099,720.7377762348523,13.449607254558922,29.913552856325772
968.5739674801367,723.8429180596886,13.406857130976908,29.67875357783842
967.3951744403048,724.232495102961,13.447334817925292,29.284195809300122
966.7479573132224,725.9441722424041,13.449027534995972,29.14261128291654
966.5876298003155,726.4845431517343,13.288812254318012,28.837143204547658
965.050515416433,728.6241175993492,13.420635082980803,28.840640488517018
964.9479481636483,727.7592570575371,13.261294129689771,28.69223673903436
963.6959974558175,729.8756892037268,13.156063017046343,28.667152330993332
963.6045388347205,731.1607816301404,13.051184834778864,28.978035469422814
963.0830319801556,731.0019154390369,13.333140094163506,29.04769022063315
962.4580047697528,733.6991020237582,13.408288499573121,29.53598030115989
961.1489343777705,734.0872947445382,13.534147846617604,29.280649961948164
960.5259272472828,735.1389858982899,13.366353046542558,29.527982099558955
959.5391376845258,736.7858432616556,13.268472401853932,30.051690716486068
958.0795762492056,738.2335654136814,13.160358810854863,30.467875946202213
957.0094745042345,739.8826720493462,13.147927203293364,30.952086171118843
956.1007122997987,740.3252546693168,13.51883055179362,31.02034383519224
955.4390267507124,741.61983909723,13.382349908175566,31.133360133327027
954.696842137059,742.9056451777628,13.305488833625336,31.355539027940694
953.7703268518668,743.9003332590162,13.251103179530006,31.42928108480968
952.8688440542339,745.1906982139014,13.200098247146801,31.419747015874623
950.1776464240271,747.5796255932183,13.450464927848438,32.020892444160964
947.2967984371097,747.628082913581,13.8383453651843,31.949393771585548
944.9729522256896,750.6972961064637,14.103305396667153,32.39058202510251
943.8816261715406,751.9166991981341,14.251231838919097,32.290832095195
941.3582144904499,754.3869269426303,14.6893225007525,32.26489067099121
941.3510644769239,754.9121855337792,14.501063876237962,31.802292843132264
940.0715146923396,756.5654138917283,14.483995146685189,31.66161094946921
939.4858780605157,758.8987701319323,14.544715264924392,31.62814393720079
938.4638749733133,758.9743198482697,14.609698817220758,31.35532290900034
938.2626509794858,761.0983607521615,14.713090632504965,32.308312840413436
937.6211179860233,762.07308176215,14.89101617181336,32.35157831135753
937.243156664774,763.3216187459902,14.900578691154378,32.75253367106965
936.9573957174871,765.7382519705029,14.72844794395493,32.7911253420089
936.829659009455,766.256887234558,14.501360785010771,32.989991131151776
935.9951129889472,767.7645775635744,14.560345046523436,33.33909311433907
935.2267739251754,768.387478580442,14.502322599192144,32.9684928423265
935.1886038970529,770.6551842490608,14.665819711172789,32.82405745723738
934.1473559841783,772.5938707293324,14.716490948146475,32.222785609059784
934.0949293058787,774.0154645433943,14.753827955489406,32.51913698430824
934.5384780095603,775.6260827714029,14.61739698765944,32.83735331950483
933.804511366142,775.9436672947222,14.583267238531104,32.343244878511484
934.1992216554314,777.6914040638819,14.392369740301243,32.45796101647683
933.5687063364322,780.759099763895,14.576980071140223,32.64715505422524
933.5862043229862,781.2939307767674,14.42710004188151,32.747672872383106
933.7950740324571,781.386992279899,14.501086544570356,32.46846985958014
933.6710886321898,784.6575643889504,14.956653125596965,32.82471982177534
933.9988468138158,784.6338161855741,15.042698950016582,32.49807447580783
934.6911193997652,788.0136459813469,15.150451904338421,32.801689744644264
935.3149288637751,788.7632265149542,15.093949428535804,32.93647044702962
935.415745885097,790.4306081344805,15.174298016383371,32.88492249232479
935.8371681513403,791.3836158718892,15.215693276720373,32.68632677058197
935.5661715578,793.7271688127752,15.042679337469828,32.95219759245374
935.600118669165,795.869902587695,14.820410202358623,33.12701904407894
934.9215293591997,796.7086541973605,14.924651147766667,32.948477034998945
934.1425180155419,798.7586706131652,14.917090248389439,33.69306490804014
933.514424833607,800.2245130206165,14.669383713699693,33.838380234281466
932.7591754689671,802.3674984800019,14.499451911477689,33.95871415178392
931.7296780516734,802.9268935697244,14.493184666826215,34.45841967508253
931.928760543796,804.336578527875,14.485700859958877,34.74209617601754
931.2091590724064,806.1477571126522,14.637578301296195,34.49090738147832
930.3737579728555,807.9599265811606,14.87584425600543,34.56638014146775
930.2568279137001,809.7498809479439,15.012223615291592,35.276241057406885
930.198630466506,811.4230211999138,15.173886736094865,35.30644518595916
930.4863661249757,811.8679113145799,15.049451991611765,35.303333161888126
929.9608649650554,813.7665845887298,15.209084074578582,35.148650569276825
929.5857097909767,815.697585632815,15.261462000575063,35.309551446652065
928.8972578913546,817.1681964487705,15.336760098372746,35.64522509939393
928.2271423502879,818.9049815341222,15.382926897135185,35.73338149881992
928.3877065022652,819.6552345733149,15.365317782538138,34.96788962064482
928.0563177021506,822.5664551126561,15.20934041173998,35.10733876260463
927.9260608652598,823.3132227293986,15.292325629667996,35.09380605158818
928.1942456624255,825.4717061727686,15.502872627457815,35.0566057244492
928.3445873589097,824.8691497078019,15.63131603359593,34.84277393792905
927.4239657651326,828.0268672436944,15.597571022869896,34.786413077264534
927.6554544297737,827.9864620402437,15.457478968474815,34.69746047044538
927.7996716704915,830.1402489158017,15.538169942657023,35.607221466643736
927.1763246184677,830.6333658272159,15.545316317212716,35.67942558727399
926.9979782834758,831.7861660204769,15.477263427503978,36.24327290888191
926.340378292177,832.7870545514744,15.308667409620867,36.321319102425804
926.5867796987629,834.1808575095629,15.21838426955803,36.95665034101871
925.8087014101211,834.6176535023416,15.23655361463355,37.044973490844896
924.9616392626612,836.2158617207915,15.259589452445859,36.92385679378271
924.3812153299416,837.6762826517553,15.204978567160305,36.95183003920072
924.152701295929,839.3197133214964,15.251587796922895,36.97703000953319
923.8591851208329,840.8444794977842,15.328347226983412,36.97114351572209
923.2884787012966,843.6237992721182,15.514189368271431,36.74483371711519
922.8321947585997,845.8146746559879,15.611201263923007,36.817768637394494
922.7208476444123,847.4447067188448,15.744232120854054,36.436909261741775
922.2600170140112,849.474702745606,15.842841809810432,36.185574377561295
921.9398177962014,850.4938530290287,16.153490810243476,35.77879026731988
921.6450899967341,853.5289626683946,16.109155856562047,36.24167874615663
921.6095162740895,855.3097279811013,16.389594894091456,36.25034045777921
921.7191113398926,856.8292941708788,16.239203051188376,36.270101043541004
922.1716421800853,858.6999298289246,16.239800331145318,36.750793133058465
921.2701469848571,859.7989379066696,16.218393872923215,36.85959403231699
920.8866243445614,861.8690235417811,16.49531144102641,36.854302351175015
920.593564269084,863.4273521808007,16.441783392899556,37.58834688206523
920.8756231323415,863.6291436019974,16.16168942813391,38.43744815603529
920.899635231155,865.6280780617278,16.140332469651348,38.741259801454746
919.9307668964976,867.0384970564664,16.486106920681607,38.723680469432935
919.2372908774939,868.6279758352385,16.654734893480505,39.04410111623453
919.1263353825423,870.642290839961,16.517858227553525,39.306036597512346
919.5525544030153,872.4947724717988,16.596665752021792,39.76639229974844
918.8663336741396,874.099060925513,16.680405317874197,39.526156266038356
918.3553974549548,876.3922835570382,17.060153639823113,39.36287346331516
918.4609641359801,878.2303163910086,17.40058121613064,39.703137083857044
918.5625767302398,880.6121409737921,17.576106083639587,39.980843051346646
917.7683424202726,883.5464023029715,17.47520156800727,41.22722622718587
916.5824189005538,883.5979103091719,16.817559567070305,42.75896379964679
916.7861974862344,890.641499846726,16.416711939696995,43.897153224294385
916.560903742509,890.540061979047,16.60407568966958,45.753929344555544
915.6861233163186,889.8340563694853,16.67581621715277,46.33513734817511
915.2159879681067,891.5083269874722,16.577181889047946,47.06743383879439
915.5209967144532,891.2380631754609,17.212390541145698,46.81918548234445
916.6076871512835,893.5607427975058,17.21252427205347,45.97355105553054
917.1012979445062,894.8084733990675,17.207785357345852,45.06138281352788
916.8551524853748,899.0905790387172,17.07614051654112,44.90478528850087
917.337776878327,900.6090527285335,16.923023314327274,44.68774009049376
917.7133551464544,902.803051765092,16.892495278057083,44.109184775936626
917.7359355559126,906.4117791450951,16.921510360851766,43.48841208761638
918.3795929484733,906.7849462720047,16.56147421361658,43.20385972299729
918.4142401278231,910.5808959273701,16.73374365191404,43.199561120274396
918.5200230263762,912.0083841168073,16.501924833537668,43.40820435504745
918.5613035194672,916.4633313728316,16.618206566552917,43.02194189255934
918.6488091553294,917.5090037543052,16.56127949455498,42.02966314867041
919.1477731743582,921.1043858795299,16.432717506263963,41.819138766385
919.2098509134751,923.2371472119327,16.585581916192876,42.02404933674801
919.4515752819642,927.5712141320867,16.751750612762542,42.03816456565387
920.4526858032075,929.3908617705467,16.80382582538774,41.67293049173667
920.3712754279654,933.5660692778554,17.030250409189623,41.778160084663234
920.8636158495189,935.1884282787183,17.359744933438193,41.43681127124621
920.9461525171541,939.5655472215249,17.409858283491204,41.46748835603102
921.3686632642718,941.534499866724,17.936461020594347,40.595755188588015
922.0782399013661,945.1761526893961,17.765953767294985,40.68974932885794
923.5462565816075,946.9182515949622,17.48846447038052,40.44983137917606
923.7557205754251,950.4561458272093,17.46210265701386,40.236888335519055
924.5026348548603,952.3543635182876,17.66586492608549,40.241618057274685
925.1832077350193,956.6616838287418,17.661717847789546,40.0738272593644
925.7055055053803,958.2799377148735,17.58800281549039,40.22313439226772
926.7405495476889,960.7070504739123,17.545728880729698,40.60722636381401
926.7972681528707,963.7393820930193,17.46103203542432,40.99753968428543
927.1163222506024,965.7943667867023,17.37236028996567,41.57168856779346
928.2021756555091,969.9206382156881,17.103047178844406,41.82109406645034
928.7556716939373,972.1353324846028,16.768149590132104,42.37050391805564
928.7892560647913,972.5278288352853,16.458349189512255,42.03713152723574
929.3529805575085,976.3561617774897,16.27870864857787,42.2644373339585
929.8316882476145,980.1131471357371,16.25513145701418,42.58599213015897
930.1815131086355,981.0803322306255,16.10224825451865,42.48570215965101
930.5375501314998,985.1536411792318,15.945491253048141,42.606969470568174
930.4654429569644,986.7293070139528,16.19378995973824,42.67999683661817
931.523547204848,989.5255992594192,16.36009245983591,42.65946387080133
931.6475841303286,992.3277693783242,16.51462831479974,42.77371579989196
932.347143222069,993.4150741604079,16.66679802079934,42.42179553053951
932.7977241912555,997.9095151544892,16.887887831465136,42.462085486041616
933.2325704774184,1000.190920856116,17.086998450324135,42.322836132653606
933.3933328525351,1003.4476166498739,17.29440347008371,42.27817022644279
934.3148183991831,1005.5225335208635,17.25707963077808,41.60376077416706
935.668020379438,1008.0264385165799,17.265849630000226,41.61104267879145
936.0899778116511,1011.5861699759547,17.11697481274275,42.04046319815217
936.8008591953944,1013.3652902968561,17.068203368727147,41.52631997990287
937.8564632420104,1016.0700430940474,17.18991830634845,41.04124523268824
938.9298280844957,1017.8888433013805,17.055930187082133,41.29282595510689
940.1898624744131,1020.77501921203,16.873213444677276,41.20445269139454
941.0393679212949,1022.6014250052455,16.461831082369603,41.34088170364236
941.2150230071214,1025.3693405071738,16.408781003451775,41.59275993593081
