191	374	83	42
196	369	83	43
190	367	90	45
201	362	83	51
208	363	76	45
210	363	79	44
212	359	80	50
214	360	78	48
209	358	92	47
219	359	81	47
215	356	95	46
225	350	84	54
216	354	89	48
219	353	85	50
217	352	97	49
214	353	102	47
219	352	93	47
213	346	104	55
218	348	109	48
223	344	106	55
227	345	103	50
230	344	102	49
234	343	95	49
239	345	86	44
244	343	80	44
247	346	79	38
248	346	81	37
253	346	83	34
254	346	82	35
257	339	88	43
257	342	83	37
262	343	90	33
264	345	87	32
264	345	87	32
264	345	87	32
264	345	87	32
248	341	96	33
248	341	96	33
248	341	96	33
248	341	96	33
248	341	96	33
248	341	96	33
248	341	96	33
294	331	85	31
294	331	85	31
303	326	85	40
303	326	85	40
303	326	85	40
303	326	85	40
303	326	85	40
303	326	85	40
303	326	85	40
303	326	85	40
303	326	85	40
303	326	85	40
303	326	85	40
303	326	85	40
303	326	85	40
303	326	85	40
303	326	85	40
303	326	85	40
303	326	85	40
303	326	85	40
303	326	85	40
303	326	85	40
303	326	85	40
366	375	71	49
366	375	71	49
366	375	71	49
366	375	71	49
377	377	69	43
375	379	74	35
375	379	74	35
375	379	74	35
375	379	74	35
386	374	76	36
390	376	69	34
390	376	69	34
390	376	69	34
400	368	68	37
401	369	65	35
413	367	79	32
401	366	77	35
402	367	82	33
406	366	78	31
413	365	73	33
413	360	78	38
410	355	83	44
413	354	82	46
423	354	74	45
422	351	75	47
427	353	71	44
429	351	72	42
430	351	72	44
429	350	77	43
432	350	79	42
429	349	84	44
434	348	79	43
433	349	83	40
438	350	80	39
439	348	83	40
443	347	84	40
443	347	82	39
448	345	79	41
448	346	77	39
448	346	80	38
451	344	82	39
449	345	84	37
451	347	83	36
457	344	80	38
461	343	85	39
466	343	82	39
470	341	90	42
480	336	88	41
500	333	80	41
518	332	82	39
534	329	89	36
553	326	94	33
578	323	99	31
611	318	99	27
639	315	105	26
639	315	105	26
639	315	105	26
740	300	108	30
779	301	111	27
779	301	111	27
779	301	111	27
660	381	111	29
660	381	111	29
660	381	111	29
660	381	111	29
660	381	111	29
660	381	111	29
660	381	111	29
660	381	111	29
660	381	111	29
660	381	111	29
660	381	111	29
660	381	111	29
660	381	111	29
660	381	111	29
660	381	111	29
660	381	111	29
660	381	111	29
660	381	111	29
660	381	111	29
660	381	111	29
660	381	111	29
660	381	111	29
660	381	111	29
660	381	111	29
660	381	111	29
660	381	111	29
660	381	111	29
660	381	111	29
660	381	111	29
660	381	111	29
660	381	111	29
660	381	111	29
660	381	111	29
660	381	111	29
660	381	111	29
660	381	111	29
660	381	111	29
660	381	111	29
660	381	111	29
660	381	111	29
660	381	111	29
660	381	111	29
660	381	111	29
660	381	111	29
660	381	111	29
660	381	111	29
660	381	111	29
660	381	111	29
660	381	111	29
660	381	111	29
660	381	111	29
660	381	111	29
660	381	111	29
660	381	111	29
660	381	111	29
660	381	111	29
660	381	111	29
660	381	111	29
660	381	111	29
660	381	111	29
660	381	111	29
660	381	111	29
660	381	111	29
660	381	111	29
660	381	111	29
660	381	111	29
660	381	111	29
660	381	111	29
660	381	111	29
660	381	111	29
660	381	111	29
660	381	111	29
660	381	111	29
660	381	111	29
660	381	111	29
660	381	111	29
660	381	111	29
660	381	111	29
660	381	111	29
660	381	111	29
660	381	111	29
660	381	111	29
660	381	111	29
660	381	111	29
660	381	111	29
660	381	111	29
660	381	111	29
660	381	111	29
660	381	111	29
660	381	111	29
660	381	111	29
660	381	111	29
660	381	111	29
660	381	111	29
660	381	111	29
660	381	111	29
660	381	111	29
660	381	111	29
660	381	111	29
660	381	111	29
660	381	111	29
660	381	111	29
660	381	111	29
660	381	111	29
660	381	111	29
660	381	111	29
660	381	111	29
660	381	111	29
761	365	120	32
761	365	120	32
761	365	120	32
761	365	120	32
761	365	120	32
695	376	123	40
695	376	123	40
695	376	123	40
695	376	123	40
639	393	119	40
629	401	115	26
610	402	117	28
610	402	117	28
610	402	117	28
561	417	116	30
561	417	116	30
523	426	96	35
546	429	85	30
546	429	85	30
514	440	88	30
482	336	81	27
482	336	81	27
482	336	81	27
482	336	81	27
482	336	81	27
482	336	81	27
482	336	81	27
482	336	81	27
482	336	81	27
482	336	81	27
482	336	81	27
482	336	81	27
482	336	81	27
482	336	81	27
482	336	81	27
482	336	81	27
482	336	81	27
482	336	81	27
482	336	81	27
482	336	81	27
482	336	81	27
482	336	81	27
482	336	81	27
482	336	81	27
482	336	81	27
482	336	81	27
482	336	81	27
482	336	81	27
482	336	81	27
482	336	81	27
482	336	81	27
482	336	81	27
482	336	81	27
482	336	81	27
482	336	81	27
482	336	81	27
482	336	81	27
482	336	81	27
482	336	81	27
482	336	81	27
482	336	81	27
482	336	81	27
482	336	81	27
482	336	81	27
482	336	81	27
482	336	81	27
482	336	81	27
482	336	81	27
482	336	81	27
482	336	81	27
482	336	81	27
482	336	81	27
482	336	81	27
482	336	81	27
482	336	81	27
482	336	81	27
482	336	81	27
482	336	81	27
482	336	81	27
