2006	206	57	95
2003	221	59	95
2004	227	60	103
2002	238	59	104
2001	255	60	102
2000	270	58	99
1999	284	61	99
1997	295	61	102
1997	304	59	108
1996	320	61	106
1995	332	61	107
1996	347	59	105
1994	358	61	106
1993	372	62	105
1993	385	60	109
1991	397	61	110
1990	414	62	107
1989	428	61	111
1989	440	60	110
1986	454	63	111
1985	467	64	117
1984	485	65	113
1982	496	66	117
1984	512	63	115
1982	524	63	119
1983	539	63	114
1982	555	61	119
1979	569	64	120
1979	585	63	117
1982	603	59	115
1979	615	58	118
1976	632	65	118
1974	645	64	125
1974	661	64	124
1976	678	59	122
1975	691	58	123
1974	710	58	120
1973	721	59	123
1972	738	57	127
1970	752	59	129
1968	773	60	127
1965	793	62	121
1963	813	64	118
1966	827	59	125
1964	843	61	125
1962	863	60	123
1961	880	59	124
1962	900	57	127
1959	921	64	128
1953	940	67	138
1955	959	62	140
1953	992	66	140
1953	1026	63	139
1948	1059	69	143
1946	1096	68	141
1945	1126	68	154
1939	1170	75	149
1943	1207	70	157
1943	1238	75	161
1940	1282	73	152
1940	1321	67	149
1939	1348	72	153
1938	1375	72	156
1939	1399	70	162
1939	1424	69	166
1935	1450	71	164
1934	1472	77	171
1934	1499	72	160
1931	1521	74	165
1929	1538	76	168
1928	1562	75	165
1927	1592	72	160
1926	1606	76	166
1922	1643	74	154
1920	1660	77	162
1918	1687	74	156
1920	1704	72	152
1916	1734	77	158
1917	1756	73	160
1914	1787	73	156
1914	1803	75	165
1910	1835	76	162
1909	1870	75	147
1910	1892	70	153
1906	1914	75	156
1906	1942	71	151
1900	1962	78	162
1899	1992	75	156
1899	2008	73	152
1901	2024	66	131
1895	2054	76	108
1895	2088	70	95
