979	261	24	33
977	260	27	33
976	261	29	33
977	261	27	33
976	260	27	33
978	261	26	33
977	261	28	34
976	260	32	35
975	260	31	34
976	260	29	34
975	260	30	34
976	260	29	32
979	260	23	32
978	260	25	33
978	259	27	34
976	259	29	35
977	259	29	35
976	257	29	36
978	256	27	37
976	255	28	38
978	256	25	35
979	255	24	34
979	255	22	33
979	255	23	32
977	254	26	34
976	254	28	34
976	253	29	35
977	252	27	34
977	252	28	35
977	250	28	34
978	248	26	37
979	247	24	36
978	245	26	37
978	245	26	36
979	245	24	35
978	245	25	35
979	245	25	34
980	244	24	34
978	243	26	35
979	240	26	34
979	238	26	33
979	235	25	34
979	230	24	36
980	225	23	36
979	222	25	34
980	214	24	38
980	209	25	38
979	201	26	38
979	193	27	38
977	183	28	41
977	177	29	40
978	167	27	40
978	159	29	40
977	149	30	40
978	138	29	40
979	126	28	41
977	113	32	44
976	102	34	42
980	89	27	46
980	77	27	45
981	64	26	45
981	51	27	43
981	37	28	42
981	22	28	45
981	6	29	46
982	-1	28	40
982	-8	26	33
982	-8	26	33
982	-8	26	33
982	-8	26	33
982	-8	26	33
982	-8	26	33
982	-8	26	33
982	-8	26	33
982	-8	26	33
982	-8	26	33
982	-8	26	33
982	-8	26	33
982	-8	26	33
982	-8	26	33
982	-8	26	33
982	-8	26	33
982	-8	26	33
982	-8	26	33
982	-8	26	33
982	-8	26	33
982	-8	26	33
982	-8	26	33
982	-8	26	33
982	-8	26	33
982	-8	26	33
982	-8	26	33
982	-8	26	33
982	-8	26	33
982	-8	26	33
982	-8	26	33
982	-8	26	33
982	-8	26	33
982	-8	26	33
982	-8	26	33
982	-8	26	33
982	-8	26	33
982	-8	26	33
982	-8	26	33
982	-8	26	33
982	-8	26	33
982	-8	26	33
982	-8	26	33
982	-8	26	33
982	-8	26	33
982	-8	26	33
982	-8	26	33
982	-8	26	33
982	-8	26	33
982	-8	26	33
982	-8	26	33
982	-8	26	33
982	-8	26	33
982	-8	26	33
982	-8	26	33
982	-8	26	33
982	-8	26	33
982	-8	26	33
982	-8	26	33
982	-8	26	33
982	-8	26	33
982	-8	26	33
982	-8	26	33
982	-8	26	33
982	-8	26	33
982	-8	26	33
982	-8	26	33
982	-8	26	33
982	-8	26	33
982	-8	26	33
982	-8	26	33
982	-8	26	33
982	-8	26	33
982	-8	26	33
982	-8	26	33
982	-8	26	33
982	-8	26	33
982	-8	26	33
982	-8	26	33
982	-8	26	33
982	-8	26	33
982	-8	26	33
982	-8	26	33
982	-8	26	33
982	-8	26	33
982	-8	26	33
982	-8	26	33
982	-8	26	33
982	-8	26	33
982	-8	26	33
982	-8	26	33
982	-8	26	33
982	-8	26	33
982	-8	26	33
982	-8	26	33
982	-8	26	33
982	-8	26	33
982	-8	26	33
982	-8	26	33
982	-8	26	33
982	-8	26	33
982	-8	26	33
982	-8	26	33
982	-8	26	33
982	-8	26	33
982	-8	26	33
982	-8	26	33
982	-8	26	33
982	-8	26	33
982	-8	26	33
982	-8	26	33
982	-8	26	33
982	-8	26	33
982	-8	26	33
982	-8	26	33
982	-8	26	33
982	-8	26	33
982	-8	26	33
982	-8	26	33
982	-8	26	33
982	-8	26	33
982	-8	26	33
982	-8	26	33
982	-8	26	33
982	-8	26	33
982	-8	26	33
982	-8	26	33
982	-8	26	33
982	-8	26	33
982	-8	26	33
982	-8	26	33
982	-8	26	33
982	-8	26	33
982	-8	26	33
982	-8	26	33
982	-8	26	33
982	-8	26	33
982	-8	26	33
982	-8	26	33
982	-8	26	33
982	-8	26	33
982	-8	26	33
982	-8	26	33
982	-8	26	33
982	-8	26	33
982	-8	26	33
982	-8	26	33
982	-8	26	33
982	-8	26	33
982	-8	26	33
982	-8	26	33
982	-8	26	33
982	-8	26	33
982	-8	26	33
982	-8	26	33
982	-8	26	33
982	-8	26	33
982	-8	26	33
982	-8	26	33
982	-8	26	33
982	-8	26	33
982	-8	26	33
982	-8	26	33
982	-8	26	33
982	-8	26	33
982	-8	26	33
982	-8	26	33
982	-8	26	33
982	-8	26	33
982	-8	26	33
982	-8	26	33
982	-8	26	33
953	55	19	37
953	41	21	31
953	41	21	31
955	28	15	25
955	22	14	22
956	14	12	17
957	7	11	16
957	0	11	16
958	-5	10	14
958	-5	10	14
966	23	11	13
966	16	11	13
966	8	12	14
966	0	12	14
967	-2	15	12
967	-2	15	12
965	23	11	12
967	14	9	13
966	6	9	12
966	6	9	12
976	7	7	10
976	7	7	10
976	7	7	10
976	7	7	10
976	7	7	10
976	7	7	10
976	7	7	10
976	7	7	10
976	7	7	10
976	7	7	10
976	7	7	10
976	7	7	10
976	7	7	10
976	7	7	10
976	7	7	10
976	7	7	10
976	7	7	10
976	7	7	10
976	7	7	10
976	7	7	10
976	7	7	10
976	7	7	10
976	7	7	10
976	7	7	10
976	7	7	10
976	7	7	10
976	7	7	10
976	7	7	10
976	7	7	10
976	7	7	10
976	7	7	10
976	7	7	10
976	7	7	10
976	7	7	10
976	7	7	10
976	7	7	10
976	7	7	10
976	7	7	10
976	7	7	10
976	7	7	10
976	7	7	10
976	7	7	10
976	7	7	10
976	7	7	10
976	7	7	10
976	7	7	10
976	7	7	10
976	7	7	10
976	7	7	10
976	7	7	10
976	7	7	10
976	7	7	10
976	7	7	10
976	7	7	10
976	7	7	10
976	7	7	10
976	7	7	10
976	7	7	10
976	7	7	10
976	7	7	10
976	7	7	10
976	7	7	10
976	7	7	10
976	7	7	10
976	7	7	10
976	7	7	10
976	7	7	10
976	7	7	10
976	7	7	10
976	7	7	10
976	7	7	10
976	7	7	10
976	7	7	10
976	7	7	10
976	7	7	10
976	7	7	10
976	7	7	10
976	7	7	10
960	19	8	12
959	23	9	9
959	23	9	9
959	28	8	10
959	31	9	10
959	31	9	10
960	38	8	9
960	39	9	8
960	43	7	10
959	46	8	9
960	48	7	9
959	52	9	10
959	52	9	10
959	52	9	10
958	61	9	10
958	61	9	10
958	61	9	10
958	61	9	10
958	61	9	10
958	61	9	10
958	61	9	10
958	61	9	10
958	61	9	10
958	61	9	10
958	61	9	10
958	61	9	10
958	61	9	10
958	61	9	10
958	61	9	10
958	61	9	10
958	61	9	10
958	61	9	10
958	61	9	10
958	61	9	10
958	61	9	10
958	61	9	10
958	61	9	10
958	61	9	10
958	61	9	10
958	61	9	10
958	61	9	10
958	61	9	10
958	61	9	10
958	61	9	10
958	61	9	10
944	39	10	11
944	39	10	11
944	39	10	11
944	39	10	11
944	39	10	11
944	39	10	11
944	39	10	11
944	39	10	11
944	39	10	11
944	39	10	11
944	39	10	11
944	39	10	11
944	39	10	11
944	39	10	11
944	39	10	11
944	39	10	11
944	39	10	11
944	39	10	11
944	39	10	11
944	39	10	11
949	13	14	11
949	13	14	11
949	13	14	11
955	41	17	11
953	71	18	14
951	103	21	18
949	133	24	21
947	175	27	19
946	194	28	23
946	218	30	25
945	241	31	32
945	255	32	38
943	283	34	41
944	301	32	50
942	322	34	58
944	348	34	57
943	371	34	58
942	396	38	58
943	421	35	53
946	436	29	43
944	439	33	41
944	441	32	40
943	439	33	40
944	439	32	40
942	440	36	40
942	440	36	39
944	440	31	39
945	440	28	40
943	438	31	42
944	440	31	39
945	440	28	40
946	441	29	39
945	440	30	39
944	441	31	40
944	439	32	41
943	439	35	41
943	440	34	39
944	441	31	39
944	439	32	40
943	438	34	42
943	439	35	41
943	440	34	40
944	440	32	39
943	440	33	40
943	439	34	40
942	439	35	41
943	440	34	40
944	441	30	38
943	439	32	40
945	440	32	39
943	439	34	41
945	441	31	39
945	440	29	40
946	442	29	40
944	446	32	40
943	446	34	41
943	447	34	40
944	447	32	41
945	446	31	41
943	446	35	41
944	446	32	40
943	446	33	41
944	447	34	40
944	446	35	42
943	446	35	41
944	445	32	42
944	446	33	42
943	446	35	41
943	447	35	40
944	447	33	41
945	446	30	40
945	446	31	40
943	446	34	41
943	446	36	41
944	446	32	39
944	446	31	41
945	446	31	40
944	446	32	41
942	446	34	41
944	446	31	41
943	445	32	42
943	446	34	41
942	446	35	41
942	446	34	41
941	446	37	42
943	446	35	42
943	446	33	42
942	445	36	43
942	447	35	41
942	445	36	42
943	447	33	40
944	446	31	42
942	445	35	43
943	446	33	41
944	446	32	41
943	446	32	41
943	444	34	44
942	445	35	44
943	445	36	43
944	446	33	43
943	445	34	43
943	445	33	40
942	445	35	41
943	446	35	41
942	446	35	42
941	446	37	41
942	446	35	42
943	446	36	41
943	446	37	43
942	445	34	42
943	445	35	42
944	446	32	41
943	445	34	42
943	446	35	41
942	446	35	41
943	446	34	42
943	445	32	41
944	446	31	39
943	446	32	41
943	446	32	40
943	445	34	42
943	446	33	40
944	446	31	41
942	446	36	43
942	445	37	43
942	446	34	41
943	447	33	40
943	446	33	41
943	445	34	43
942	445	36	42
943	446	33	42
942	446	34	42
943	446	34	42
941	446	35	42
941	446	35	42
942	446	36	42
942	445	34	42
942	446	35	41
942	445	33	42
942	446	34	41
943	446	34	42
942	445	35	42
941	445	38	44
942	445	38	43
940	446	39	43
941	446	35	42
942	445	33	42
941	445	36	43
942	446	35	42
942	445	36	42
942	446	36	42
