996	674	10	32
995	671	10	32
995	672	10	31
995	674	11	30
995	672	11	31
995	674	11	30
994	673	13	30
994	673	13	28
994	676	13	25
994	676	13	25
994	676	15	27
993	677	15	24
994	677	16	24
994	675	16	27
994	675	17	28
994	673	18	29
993	674	20	28
993	673	20	29
992	678	20	22
1000	677	15	23
1002	674	12	27
1000	674	14	28
1000	672	14	29
1002	674	12	28
1003	674	11	27
1003	675	12	27
1004	675	10	26
1005	678	11	26
1006	677	10	25
1006	677	10	23
1007	678	11	24
1007	678	13	23
1006	678	12	23
1008	679	11	21
1008	678	12	23
1009	679	11	23
1009	678	11	24
1010	678	11	23
1011	679	11	23
1011	678	11	25
1012	679	11	24
1013	678	10	24
1013	678	10	24
1013	678	10	24
1014	678	10	24
1014	678	9	25
1015	678	9	25
1015	679	10	25
1015	679	10	25
1016	679	9	25
1015	678	13	26
1016	679	12	25
1016	680	14	23
1016	679	13	24
1017	678	12	24
1018	679	12	23
1018	679	12	23
1018	680	12	22
1020	680	11	23
1020	679	11	23
1021	679	11	23
1022	679	9	23
1023	679	9	25
1023	679	9	25
1023	679	10	25
1024	678	10	25
1024	679	10	25
1025	678	10	26
1025	677	10	26
1025	678	11	25
1025	678	12	26
1025	678	12	24
1026	678	12	24
1027	678	10	25
1027	679	11	24
1028	679	11	24
1029	679	11	24
1029	679	11	23
1030	681	10	22
1031	680	10	23
1032	679	9	24
1033	679	9	24
1033	680	9	23
1034	680	9	22
1034	680	10	22
1035	680	9	23
1036	680	9	24
1035	681	10	23
1036	681	9	22
1036	681	9	24
1035	682	10	25
1034	682	10	24
1033	682	10	23
1033	684	10	24
1032	684	10	27
1030	683	10	26
1028	683	11	26
1027	684	11	26
1026	685	11	26
1025	685	12	26
1023	684	12	27
1023	688	11	25
1021	689	11	23
1020	690	11	21
1017	691	12	22
1013	691	12	21
1009	691	13	24
1007	692	12	23
1004	693	11	26
1003	692	11	26
1002	693	10	26
1001	694	10	25
1000	696	10	23
999	698	10	22
997	698	11	22
996	698	10	24
995	698	12	26
994	699	13	27
994	700	12	28
994	701	12	26
993	702	11	26
992	702	13	24
993	703	12	25
992	703	13	26
993	704	11	25
992	706	11	23
992	707	11	23
991	709	12	23
991	709	11	23
990	708	10	26
989	708	10	26
988	712	11	23
987	711	10	24
986	714	11	25
984	713	12	26
982	715	11	24
980	715	11	25
976	717	14	26
972	718	15	27
971	719	15	27
969	720	14	24
969	722	13	26
967	724	13	24
967	725	12	25
966	726	14	26
964	727	17	27
965	726	13	28
965	728	12	27
964	728	11	30
963	728	12	29
961	730	13	30
962	730	12	31
961	732	12	28
960	735	12	27
958	736	15	30
958	736	12	30
956	737	14	32
956	738	12	30
955	740	12	30
954	742	14	31
953	744	13	29
951	744	13	32
949	746	13	29
947	748	13	27
945	750	14	27
943	752	13	27
942	754	12	27
941	755	13	28
940	753	13	32
939	757	14	32
939	758	13	28
938	762	12	27
937	761	14	30
936	763	13	28
937	765	13	31
937	765	12	30
935	767	14	31
936	767	11	31
935	770	12	29
935	773	11	28
935	775	12	30
934	774	12	30
934	776	14	29
934	779	15	29
932	780	16	29
933	781	14	31
933	782	15	30
933	783	14	30
933	785	15	30
934	785	16	32
934	787	16	31
936	790	13	28
936	792	12	27
935	793	14	28
935	796	13	29
934	796	14	29
933	798	16	31
933	798	14	33
932	801	15	31
930	801	19	35
931	803	14	35
931	805	13	30
931	808	12	31
931	808	12	31
930	812	12	30
930	812	13	31
930	814	13	33
929	815	14	32
929	816	15	33
928	820	15	29
929	822	14	26
929	823	13	28
929	823	13	30
928	824	14	30
928	825	14	30
928	828	14	31
928	827	13	32
927	827	13	35
927	829	14	33
927	829	13	35
926	832	13	33
926	832	12	33
925	834	14	35
925	835	13	34
924	837	16	36
923	838	16	34
923	842	16	36
922	841	15	37
923	843	14	35
923	848	14	33
922	848	15	34
922	849	14	33
923	852	13	35
922	852	14	35
922	855	14	34
922	858	15	36
921	859	14	36
921	861	15	35
921	862	15	36
921	862	16	37
921	864	15	38
920	867	15	34
920	869	15	35
920	870	13	40
918	872	18	40
917	874	23	45
917	875	23	50
916	874	23	56
915	875	22	53
914	877	21	51
914	879	20	53
914	884	21	55
914	884	21	55
912	888	23	52
913	892	21	50
912	893	22	53
911	894	23	50
907	896	26	52
913	898	22	48
917	899	18	44
915	902	18	42
918	904	15	38
918	909	15	36
919	910	14	34
919	914	13	37
919	916	14	38
919	918	15	34
919	922	16	36
919	924	15	36
920	928	16	35
920	931	15	33
921	933	14	34
920	937	17	38
921	938	16	37
922	942	15	35
922	945	18	35
924	947	17	35
924	950	15	38
925	952	15	35
926	955	15	34
927	959	14	33
927	961	15	33
928	961	15	36
928	966	14	34
929	969	14	35
928	972	15	35
929	974	15	33
929	979	15	33
930	980	14	35
931	982	13	38
931	984	14	38
932	986	13	36
932	990	13	34
931	992	16	35
932	995	16	34
932	997	16	35
933	999	15	36
934	1002	14	34
935	1006	16	34
936	1008	16	37
937	1008	15	38
938	1013	14	36
939	1015	13	33
940	1018	14	34
940	1022	14	33
941	1023	13	32
942	1025	13	34
