1510	436	24	54
1514	435	23	56
1516	433	24	58
1517	434	25	58
1518	435	23	56
1518	434	24	56
1517	434	24	58
1517	435	24	54
1517	433	24	57
1516	434	24	55
1515	433	26	53
1515	434	25	53
1515	432	24	55
1514	432	25	55
1513	431	25	57
1512	432	26	56
1513	432	25	55
1512	431	25	58
1511	431	26	61
1511	432	26	57
1511	432	25	59
1512	431	24	62
1512	428	25	63
1511	429	24	66
1512	427	24	68
1511	428	25	70
1511	426	24	70
1511	426	25	70
1511	426	23	71
1510	427	24	69
1509	428	24	69
1509	426	25	66
1509	425	24	71
1507	421	25	67
1507	427	25	68
1507	421	24	67
1508	424	23	71
1507	423	24	70
1507	425	24	70
1507	419	24	73
1506	423	24	70
1506	421	24	74
1505	422	25	71
1504	419	26	75
1505	422	25	76
1506	423	23	72
1505	418	25	75
1505	423	25	72
1505	423	26	68
1506	422	25	65
1506	423	25	58
1507	423	26	59
1506	426	25	59
1508	425	26	64
1508	424	26	64
1509	422	26	68
1508	422	27	72
1510	423	25	73
1510	426	26	66
1511	426	26	68
1513	424	26	71
1513	424	25	68
1515	426	25	70
1516	426	25	68
1517	425	25	71
1519	425	24	72
1519	428	25	67
1520	430	25	67
1520	427	28	70
1521	430	27	67
1522	431	27	70
1524	432	26	66
1525	432	25	65
1527	430	23	71
1528	430	24	71
1528	433	25	70
1530	431	24	74
1531	432	25	75
1531	434	26	74
1532	435	26	72
1532	436	27	72
1533	436	26	72
1534	438	28	70
1535	439	27	72
1536	438	29	72
1535	437	27	79
1535	441	27	73
1533	442	28	70
1533	443	28	72
1533	443	26	70
1531	445	26	69
1532	446	27	66
1531	447	25	66
1530	450	25	62
1528	449	27	65
1528	451	27	61
1527	452	27	64
1527	453	26	69
1526	453	27	72
1525	456	28	70
1526	457	25	71
1524	456	27	73
1523	458	27	74
1522	459	27	74
1521	459	27	76
1520	460	28	76
1519	465	27	74
1520	462	26	76
1519	464	28	76
1519	464	27	77
1518	469	28	74
1518	470	27	76
1517	472	28	74
1517	472	28	77
1518	471	31	81
1518	473	28	79
1520	477	27	76
1519	478	29	75
1520	480	32	80
1521	484	31	75
1522	486	30	77
1524	486	30	82
1524	490	28	80
1526	493	30	78
1527	497	29	75
1528	498	29	76
1529	502	31	76
1531	503	29	75
1532	505	30	73
1533	507	30	75
1535	510	30	74
1536	512	31	81
1539	516	29	80
1539	519	31	80
1541	520	29	78
1542	525	31	82
1545	524	28	84
1548	525	28	90
1550	528	28	88
1552	529	28	89
1555	529	27	95
1555	535	30	93
1549	540	38	88
1544	543	46	92
1549	548	47	83
1552	547	45	89
1556	554	46	84
1559	559	44	83
1565	556	42	91
1567	570	41	85
1572	575	40	82
1575	570	40	88
1580	572	38	93
1584	571	38	95
1588	574	39	96
1589	577	40	96
1593	580	41	99
1595	584	44	95
1600	584	46	97
1602	586	48	95
1607	590	46	94
1610	590	45	95
1615	604	48	95
1617	597	39	91
1623	602	33	87
1625	609	35	80
1629	613	37	81
1634	610	36	83
1640	613	35	85
1646	616	35	90
1648	622	40	88
1652	627	41	93
1657	628	42	94
1660	631	44	99
1669	634	41	99
1672	638	43	96
1680	637	40	99
1686	641	39	97
1691	644	40	95
1698	649	38	90
1702	645	39	99
1707	651	39	98
1709	654	42	94
1713	655	44	96
1717	659	41	91
1719	659	44	94
1719	661	45	94
1723	660	44	96
1723	664	44	99
1722	665	47	101
1724	666	46	99
1725	665	46	103
1726	666	46	102
1728	667	45	102
1730	665	42	104
1731	669	44	98
1735	668	41	101
1736	668	42	102
1738	670	39	97
1738	672	39	98
1738	669	37	99
1737	667	40	99
1736	670	38	91
1734	669	39	93
1733	668	39	93
1733	669	38	91
1734	667	37	93
1732	668	40	91
1734	666	39	94
1737	665	39	97
1740	668	37	93
1743	665	39	93
1747	665	38	95
1752	667	37	95
1756	666	35	91
1760	667	36	89
1763	667	37	89
1766	667	41	88
1772	664	41	90
1777	664	39	91
1779	662	43	93
1779	661	47	96
1781	661	52	96
1779	660	57	97
1776	658	64	104
1782	658	65	105
1789	654	59	111
1797	661	53	99
1801	658	55	101
1807	661	53	105
1809	641	56	121
1820	667	46	111
1830	657	38	122
1835	659	38	124
1840	653	40	127
1846	653	43	130
1853	652	41	130
1856	656	44	127
1859	656	48	131
1866	660	52	130
1856	662	63	125
1860	657	62	125
1860	629	60	119
1870	654	53	95
1870	654	53	95
1870	654	53	95
