993	708	34	104
994	704	36	108
996	703	35	114
994	703	38	111
997	702	39	118
996	709	38	107
996	705	40	112
997	708	39	110
996	705	44	106
999	704	37	113
997	708	43	105
1005	704	37	101
1005	698	39	113
1006	699	35	112
1008	696	33	94
1008	704	38	104
1009	690	34	105
1011	700	32	105
1013	690	33	99
1012	691	35	95
1010	689	40	89
1014	695	37	98
1016	687	36	108
1017	691	34	101
1018	692	35	102
1019	685	34	93
1021	692	33	88
1020	690	37	102
1022	688	34	90
1021	688	36	93
1023	686	38	93
1024	682	35	103
1024	682	35	103
1030	676	33	87
1032	680	33	102
1031	683	35	100
1032	683	33	103
1032	682	35	94
1038	685	32	97
1037	680	31	105
1035	680	34	101
1037	679	30	97
1038	680	37	105
1043	689	29	95
1044	676	25	110
1039	680	31	106
1042	677	34	95
1044	683	29	105
1043	683	37	89
1043	672	30	93
1045	671	28	78
1044	672	30	99
1048	675	29	86
1047	673	33	85
1046	670	32	80
1047	671	32	88
1047	673	34	78
1051	675	32	86
1052	674	33	94
1053	676	31	85
1046	666	40	81
1052	674	32	89
1051	675	36	79
1051	673	35	90
1051	668	38	90
1051	668	38	90
1063	670	30	65
1061	663	29	69
1063	664	29	62
1062	666	29	68
1064	661	30	75
1062	662	31	85
1062	667	34	75
1058	665	37	88
1068	672	30	85
1062	660	35	99
1064	659	30	102
1062	656	37	100
1069	659	33	100
1065	654	40	105
1069	658	33	100
1069	658	33	100
1069	658	33	96
1063	655	36	95
1070	659	33	95
1070	659	33	95
1072	657	29	96
1072	652	29	85
1068	655	35	85
1072	653	33	95
1072	659	31	90
1070	654	35	93
1073	656	33	97
1075	656	32	98
1076	656	32	97
1076	658	29	95
1077	659	32	87
1076	655	36	91
1081	658	32	73
1086	663	30	79
1084	661	31	87
1080	659	35	83
1085	657	30	87
1085	661	34	85
1090	656	28	85
1090	662	30	85
1088	665	31	83
1087	664	33	85
1085	657	33	89
1096	658	29	74
1094	655	28	68
1098	672	25	58
1099	671	26	57
1097	662	28	63
1100	665	24	62
1100	666	26	57
1101	670	22	60
1103	664	20	59
1103	664	20	59
1103	664	20	59
1102	665	24	61
1102	654	23	56
1099	658	26	48
1096	652	29	51
1096	652	29	51
1096	652	29	51
1101	660	24	50
1102	662	27	60
1097	659	33	58
1103	661	28	65
1103	661	28	65
1105	657	27	61
1105	657	27	61
1105	657	27	61
1105	657	27	61
1105	657	27	61
1105	657	27	61
1105	657	27	61
1141	553	26	55
1141	553	26	55
1141	553	26	55
1141	553	26	55
1141	553	26	55
1141	553	26	55
1141	553	26	55
1141	553	26	55
1141	553	26	55
1141	553	26	55
1141	553	26	55
1141	553	26	55
1141	553	26	55
1141	553	26	55
1141	553	26	55
1141	553	26	55
1141	553	26	55
1141	553	26	55
1141	553	26	55
1141	553	26	55
1141	553	26	55
1141	553	26	55
1141	553	26	55
1141	553	26	55
1141	553	26	55
1141	553	26	55
1141	553	26	55
1141	553	26	55
1141	553	26	55
1141	553	26	55
1141	553	26	55
1105	496	23	41
1105	496	23	41
1105	496	23	41
1105	496	23	41
1105	496	23	41
1105	496	23	41
1105	496	23	41
1105	496	23	41
1105	496	23	41
1105	496	23	41
1105	496	23	41
1105	496	23	41
1105	496	23	41
1105	496	23	41
1105	496	23	41
1105	496	23	41
1105	496	23	41
1105	496	23	41
1105	496	23	41
1105	496	23	41
1105	496	23	41
1105	496	23	41
1105	496	23	41
1105	496	23	41
1105	496	23	41
1105	496	23	41
1105	496	23	41
1105	496	23	41
1105	496	23	41
1173	431	27	46
1173	431	27	46
1173	431	27	46
1173	431	27	46
1173	431	27	46
1173	431	27	46
1173	431	27	46
1173	431	27	46
1173	431	27	46
1173	431	27	46
1173	431	27	46
1173	431	27	46
1173	431	27	46
1173	431	27	46
1173	431	27	46
1173	431	27	46
1173	431	27	46
1173	431	27	46
1173	431	27	46
1173	431	27	46
1173	431	27	46
1173	431	27	46
1173	431	27	46
1173	431	27	46
1173	431	27	46
1173	431	27	46
1173	431	27	46
1173	431	27	46
1173	431	27	46
1173	431	27	46
1173	431	27	46
1173	431	27	46
1173	431	27	46
1173	431	27	46
1173	431	27	46
1173	431	27	46
1173	431	27	46
1173	431	27	46
1173	431	27	46
1173	431	27	46
1173	431	27	46
1173	431	27	46
1173	431	27	46
1173	431	27	46
1173	431	27	46
1173	431	27	46
1173	431	27	46
1173	431	27	46
1173	431	27	46
1173	431	27	46
1173	431	27	46
1173	431	27	46
1173	431	27	46
1173	431	27	46
1173	431	27	46
1173	431	27	46
1173	431	27	46
1173	431	27	46
1173	431	27	46
1173	431	27	46
1173	431	27	46
1173	431	27	46
1173	431	27	46
1173	431	27	46
1173	431	27	46
1173	431	27	46
1173	431	27	46
1173	431	27	46
1173	431	27	46
1173	431	27	46
1173	431	27	46
1173	431	27	46
1173	431	27	46
1173	431	27	46
1173	431	27	46
1173	431	27	46
1173	431	27	46
1173	431	27	46
1173	431	27	46
1173	431	27	46
1173	431	27	46
1173	431	27	46
1173	431	27	46
1173	431	27	46
1173	431	27	46
1173	431	27	46
1173	431	27	46
1173	431	27	46
1173	431	27	46
1173	431	27	46
1173	431	27	46
1173	431	27	46
1173	431	27	46
1173	431	27	46
1173	431	27	46
1173	431	27	46
1173	431	27	46
1173	431	27	46
1173	431	27	46
1173	431	27	46
1173	431	27	46
1173	431	27	46
1173	431	27	46
1173	431	27	46
1173	431	27	46
1173	431	27	46
1173	431	27	46
1173	431	27	46
1173	431	27	46
1173	431	27	46
1173	431	27	46
1173	431	27	46
1173	431	27	46
1173	431	27	46
1173	431	27	46
1173	431	27	46
1173	431	27	46
1173	431	27	46
1268	349	27	43
1268	349	27	43
1268	349	27	43
1268	349	27	43
1268	349	27	43
1331	425	25	52
1331	425	25	52
1425	415	22	61
1464	424	15	60
1517	498	14	56
1517	499	13	56
1517	499	13	56
1517	499	13	56
1517	499	13	56
1517	499	13	56
1517	499	13	56
1517	499	13	56
1517	499	13	56
1573	489	13	50
1573	489	13	50
1573	489	13	50
1573	489	13	50
1566	492	18	45
1566	492	18	45
1566	492	18	45
1566	492	18	45
1566	492	18	45
1566	492	18	45
1566	492	18	45
1517	497	13	58
1517	497	13	58
1517	497	13	58
1517	497	13	58
1516	496	14	58
1516	496	14	58
1516	496	14	58
1516	496	14	58
1516	496	14	58
1516	496	14	58
1516	496	14	58
1516	496	14	58
1516	496	14	58
1516	496	14	58
1578	497	16	50
1541	527	18	58
1541	527	18	58
1541	527	18	58
1541	527	18	58
1541	527	18	58
1541	527	18	58
1541	527	18	58
1522	516	23	70
1461	428	22	64
1453	421	27	61
1457	426	24	57
1463	434	17	47
1462	429	17	57
1466	436	17	54
1467	435	16	56
1467	434	16	53
1466	434	18	55
1466	434	18	55
1468	434	13	50
1468	434	13	50
1468	434	13	50
1468	434	13	50
1468	434	13	50
1482	441	16	47
1482	441	16	47
1482	441	16	47
1482	441	16	47
1545	508	22	47
1550	533	16	55
1553	522	14	62
1553	522	14	62
1553	535	19	62
1553	535	19	62
1553	535	19	62
1553	535	19	62
1553	535	19	62
1553	535	19	62
1553	535	19	62
1554	526	19	71
1555	523	19	64
1555	523	19	64
1547	526	28	67
1544	529	36	77
1544	525	34	87
1563	528	33	108
1566	528	32	106
1569	523	32	116
1566	528	30	111
1569	531	31	112
1570	529	31	111
1570	536	32	100
1571	535	31	101
1574	538	28	98
1572	535	32	97
1574	535	30	107
1575	536	30	111
1515	432	19	81
1517	433	20	63
1514	437	19	56
1517	435	21	61
1500	431	24	59
1519	434	22	64
1521	440	20	65
1521	442	20	69
1521	440	21	65
1522	434	22	66
1523	435	24	63
1511	434	23	59
1524	441	23	57
1514	427	17	56
1529	447	19	46
1602	458	15	43
1536	445	16	50
1605	456	17	48
1605	463	20	42
1609	462	16	46
1611	459	14	44
1615	460	12	46
1616	463	17	53
1556	453	24	52
1553	446	20	59
1483	476	23	60
1547	442	21	56
1620	464	21	57
1621	465	20	62
1545	437	25	64
1585	467	25	65
1585	467	25	65
1609	486	36	69
1591	472	24	67
1628	487	23	77
1617	484	35	80
1622	482	36	85
1505	489	33	72
1510	484	31	59
1500	482	42	66
1506	481	37	70
1513	484	33	65
1518	489	27	58
1519	490	30	60
1517	487	33	69
1519	485	39	70
1520	485	31	71
1539	494	30	62
1544	506	26	49
1557	577	31	43
1538	505	24	42
1537	505	19	39
1538	511	14	35
1540	507	13	37
1540	507	13	38
1540	507	13	38
1538	504	14	37
1538	504	14	37
1561	484	16	53
1545	502	22	47
1539	500	24	42
1550	568	20	48
1547	574	16	39
1548	571	15	29
1549	575	14	26
1546	574	13	26
1546	576	14	29
1543	574	15	31
1542	576	16	27
1542	574	18	32
1544	571	17	31
1545	571	17	33
1537	575	17	35
1541	573	17	33
1531	507	17	36
1525	506	17	39
1526	509	13	38
1524	512	14	40
1524	510	15	38
1521	513	17	41
1521	513	17	41
1519	512	17	47
1521	519	16	42
1520	523	16	37
1520	520	18	40
1520	520	18	40
1513	493	23	53
1511	491	18	64
1516	491	26	59
1524	487	23	67
1531	488	19	64
1524	501	23	55
1532	504	16	54
1521	502	16	64
1533	507	17	53
1534	507	17	54
1534	507	17	54
1534	507	17	54
1538	517	18	53
1539	516	17	54
1538	524	17	59
1476	505	25	50
1559	510	27	67
1590	475	31	63
1591	469	33	70
1600	473	32	68
1697	476	33	86
1825	534	31	81
1831	535	35	84
1830	539	41	80
1837	544	34	85
1788	561	34	97
1814	563	28	91
1848	544	26	80
1848	544	26	80
1784	546	36	79
1804	565	35	91
1804	565	35	91
1791	558	35	81
1860	588	43	88
1623	506	38	103
1487	450	42	76
1474	459	32	65
1487	471	26	64
1491	471	27	63
1493	472	24	63
1494	470	18	61
1525	453	20	56
1527	453	21	55
1603	490	20	68
1656	526	24	87
1618	607	23	66
1659	524	26	85
1661	513	29	102
1661	513	29	102
1675	518	29	110
1758	572	45	102
1680	520	34	109
1685	518	31	104
1777	605	33	82
1778	619	37	67
1777	623	40	68
1787	616	31	74
1791	605	34	88
1706	531	27	102
1690	562	24	76
1711	643	33	67
1816	591	32	70
1815	570	37	89
1813	548	49	115
1720	519	70	127
1727	502	60	147
1738	506	46	140
1748	506	48	146
1733	513	52	177
1388	438	46	113
1401	446	31	101
1400	447	34	86
1411	440	26	80
1415	448	23	74
1416	449	19	76
1417	444	20	81
1410	435	29	91
1409	439	30	87
1408	438	31	90
1408	435	32	95
1417	433	24	95
1415	433	26	91
1410	434	31	94
1410	438	30	89
1426	433	20	94
1424	436	21	93
1420	436	24	94
1424	438	20	92
1423	439	21	93
1424	437	22	94
1421	438	24	93
1426	441	17	93
1428	440	16	92
1426	456	16	79
1425	444	18	93
1425	439	20	97
1424	442	23	95
1424	442	23	99
1424	440	26	98
1424	440	24	103
1424	442	24	103
1427	440	20	102
1425	440	23	101
1424	446	23	101
1424	441	23	101
1425	445	22	97
1425	444	23	98
1431	448	35	107
1417	443	30	105
1420	447	24	101
1514	504	33	73
1423	442	24	102
1429	440	19	103
1428	447	22	97
1430	448	25	101
1410	446	36	105
1424	443	23	101
1426	444	21	103
1409	442	34	103
1417	435	40	111
1409	434	48	126
1616	248	40	118
1616	248	40	118
1616	248	40	118
1732	257	35	115
1732	257	35	115
1835	149	44	140
1835	149	44	140
1835	149	44	140
1849	151	59	147
1448	445	38	140
1416	449	43	140
1400	451	58	139
1434	439	52	141
1446	439	40	139
1416	451	42	136
1447	433	40	146
1415	446	44	133
1410	445	48	130
1443	437	54	141
1419	441	46	139
1412	444	46	119
1401	449	53	134
1441	430	50	147
1404	441	54	129
1437	429	48	146
1412	440	33	125
1405	446	44	123
1395	442	54	137
1402	444	45	119
1400	442	46	114
1392	448	54	113
1402	452	40	98
1400	460	44	95
1401	458	37	94
1402	444	43	111
1389	453	57	107
1396	453	52	105
1415	433	41	128
1401	442	46	122
1398	445	48	118
1433	434	38	141
1405	437	40	125
1411	443	30	120
1401	451	42	112
1402	444	38	120
1394	449	47	128
1384	447	55	130
1380	443	62	126
1426	433	55	144
1417	441	38	137
1395	445	42	117
1391	448	45	110
1397	452	36	111
1400	448	36	117
1402	451	35	112
1399	445	36	117
1394	448	48	125
1390	447	48	127
1399	451	35	120
1398	451	34	116
1398	458	35	109
1401	457	35	113
1383	458	49	110
1386	457	52	118
1395	455	45	126
1399	458	34	126
1412	458	23	118
1396	464	30	107
1394	465	39	110
1391	462	44	115
1395	464	37	115
1399	462	34	118
1398	461	34	119
1407	460	25	119
1402	470	32	115
1400	466	32	114
1394	467	38	113
1388	472	43	105
1393	472	36	109
1388	467	42	114
1387	471	42	101
1386	482	49	111
1377	477	57	119
1381	475	55	114
1393	483	40	110
1387	493	47	96
1423	467	38	106
1396	472	37	118
1400	478	31	110
1393	480	40	103
1396	482	37	105
1389	486	46	99
1385	480	53	119
1387	476	54	145
1388	480	50	147
1422	469	40	152
1396	482	46	125
1392	485	46	108
1395	485	45	103
1404	483	61	107
1425	472	44	151
1391	466	50	157
1427	469	45	158
1432	461	37	166
1431	463	37	168
1430	462	44	165
1431	462	42	172
1431	457	38	172
1434	466	35	162
1437	467	33	160
1437	497	33	138
1440	475	32	153
1441	470	30	147
1441	470	30	147
1441	470	30	147
1441	470	30	147
1480	551	34	116
1480	551	34	116
1581	620	42	103
1488	542	33	116
1488	542	33	116
1596	634	31	95
1598	626	31	101
1597	620	38	110
1501	547	46	113
1606	618	38	122
1509	567	39	96
1513	568	34	96
1613	619	35	100
1613	619	35	100
1613	619	35	100
1524	573	39	104
1524	573	39	104
1524	573	39	104
1671	564	37	115
1671	564	37	115
1671	564	37	115
1671	564	37	115
1653	640	46	125
1653	640	46	125
1660	648	47	124
1663	649	50	124
1663	649	50	124
1665	653	59	123
1670	651	51	131
1671	653	49	132
1675	647	48	136
1674	646	54	143
1679	648	53	142
1586	562	51	170
1688	652	50	151
1688	652	50	151
1593	532	67	189
1594	520	76	220
1585	495	93	251
1585	489	96	255
1588	496	93	247
1583	500	101	243
1584	504	113	243
1586	507	107	243
1593	495	106	247
1593	490	105	250
1592	493	117	255
1603	495	110	257
1624	508	95	246
1664	511	100	255
1664	518	70	242
1724	651	63	174
1722	658	55	144
1723	660	57	138
1726	659	59	136
1728	662	59	135
1734	666	60	133
1741	664	56	138
1751	668	49	138
1746	662	57	136
1749	663	60	136
1751	666	64	134
1754	667	65	138
1765	667	59	140
1767	668	60	141
1769	670	60	144
1765	665	62	140
1767	671	56	135
1760	666	62	138
1750	662	61	138
1742	663	59	136
1728	662	58	135
1712	658	63	140
1687	654	58	140
1662	650	61	136
1640	648	55	133
1613	642	59	133
1581	638	60	136
1549	634	55	132
1516	631	61	128
1479	628	65	126
1442	623	62	124
1414	617	62	131
1389	614	54	127
1364	614	56	120
1356	610	53	124
1385	583	37	149
1367	584	42	153
1352	591	43	160
1354	587	41	149
1350	603	41	147
1348	615	47	143
1345	596	61	138
1356	576	72	159
1354	604	81	138
1355	586	80	147
1386	591	65	137
1396	593	52	126
1369	625	63	112
1364	621	66	111
1402	625	52	106
1372	600	58	129
1388	587	67	142
1386	585	64	139
1395	583	48	141
1392	585	52	139
1399	588	52	136
1394	591	54	136
1403	586	42	141
1400	591	53	133
1398	587	63	140
1400	581	68	143
1402	586	62	138
1404	581	65	141
1405	584	67	145
1407	584	73	141
1407	583	66	140
1408	587	71	138
1407	589	62	132
1412	581	59	112
1410	588	55	131
1408	583	65	139
1415	577	64	142
1409	582	65	140
1414	578	65	141
1417	579	65	138
1414	578	63	141
1419	583	65	140
1415	580	68	140
1411	586	62	133
1417	580	62	140
1421	582	65	136
1430	578	60	139
1415	580	61	137
1421	581	55	137
1413	583	49	129
1410	618	53	101
1413	625	52	96
1416	628	48	92
1417	625	46	95
1417	588	48	120
1411	585	60	128
1417	579	69	134
1423	588	50	123
1417	584	53	129
1415	585	57	131
1411	585	63	130
1416	582	68	133
1422	589	64	128
1412	586	67	133
1415	586	67	133
1412	585	61	132
1415	584	69	134
1413	586	60	128
1416	582	72	135
1417	581	78	131
1428	583	51	129
1425	584	53	120
1423	580	66	135
1428	587	58	130
1427	582	68	133
1419	586	67	136
1426	582	68	135
1439	588	50	130
1421	586	58	131
1424	584	64	135
1436	584	41	125
1436	586	46	127
1443	586	36	133
1434	592	34	117
1439	592	34	117
1444	591	26	113
1426	592	36	120
1429	588	42	124
1419	586	57	134
1417	587	64	132
1424	584	66	133
1436	588	55	129
1420	587	67	131
1427	585	64	138
1440	584	46	137
1418	589	59	130
1419	586	60	135
1421	587	63	136
1430	582	68	138
1444	587	49	134
1429	586	46	128
1424	579	53	134
1423	583	63	136
1419	584	59	130
1423	582	60	141
1428	586	61	134
1439	587	41	127
1450	596	38	125
1423	589	55	128
1448	598	37	126
1453	605	27	116
1443	597	33	126
1450	597	26	124
1453	599	33	126
1454	592	39	133
1452	593	46	130
1452	597	53	128
1455	629	45	104
1455	630	35	103
1456	625	25	97
1377	625	25	75
1458	625	24	70
1381	625	21	77
1460	624	22	79
1378	629	30	67
1460	629	22	73
1465	634	21	76
1467	632	21	75
1466	632	22	71
1468	637	20	72
1472	621	23	81
1471	644	20	77
1470	641	20	80
1479	624	26	80
1480	635	25	80
1480	635	28	89
1481	637	31	93
1485	630	27	104
1485	629	32	116
1485	645	39	112
1486	646	41	109
1486	649	45	110
1483	654	49	116
1486	665	50	118
1489	663	51	118
1496	653	46	103
1512	655	49	95
1543	638	42	79
1492	671	43	93
1518	682	37	91
1522	673	32	99
1522	673	32	99
1522	673	32	99
1522	673	32	99
1522	673	32	99
1427	539	27	80
1397	581	39	73
1406	586	39	76
1434	549	31	83
1419	593	36	71
1427	599	30	64
1431	599	30	66
1387	690	30	57
1387	690	30	57
1449	607	27	52
1449	607	27	52
1466	623	28	58
1468	636	33	72
1468	636	33	72
1468	636	33	72
1468	636	33	72
1503	640	35	80
1503	640	35	80
1503	640	35	80
1628	631	34	60
1628	631	34	60
1708	712	32	63
1708	712	32	63
1721	709	43	62
1734	719	52	91
1734	719	52	91
1734	719	52	91
1833	838	57	104
1860	656	50	113
1755	715	45	94
1617	682	33	90
1705	793	38	96
1705	793	38	96
1705	793	38	96
1705	793	38	96
1705	793	38	96
1710	755	46	133
1710	755	46	133
1733	825	57	116
1733	825	57	116
1764	838	51	114
1803	860	45	102
1803	863	39	94
1835	851	45	107
1814	893	43	110
1814	893	43	110
1778	980	41	96
1780	964	37	101
1738	961	42	107
1732	951	55	127
1687	938	67	102
1687	938	67	102
1687	938	67	102
1687	938	67	102
