849	704	128	371
856	716	122	376
855	707	121	368
852	701	123	369
851	700	121	368
852	691	122	382
847	678	123	375
847	681	122	381
843	678	126	390
845	675	126	392
843	682	125	389
842	674	126	392
843	675	125	391
843	681	125	389
845	678	123	387
844	681	118	381
845	684	122	378
845	688	120	382
845	686	121	377
846	677	119	357
846	679	118	366
845	679	117	363
847	673	117	381
847	678	119	386
846	683	119	387
844	680	118	395
844	683	117	389
845	693	119	393
842	685	120	394
842	704	119	387
842	694	118	387
837	709	119	377
835	700	118	378
835	698	120	382
830	699	123	380
830	702	122	373
824	709	125	371
824	711	125	373
824	721	128	376
820	715	129	377
818	712	131	377
813	713	134	372
811	705	134	378
808	710	135	376
809	704	137	371
806	705	137	372
805	711	134	373
806	726	131	363
806	723	132	366
803	718	131	370
803	724	131	366
804	722	131	366
801	707	134	373
803	716	135	374
803	707	134	377
801	707	135	379
800	707	135	381
800	698	136	385
799	697	135	386
800	704	134	389
800	703	133	390
799	703	132	393
801	700	130	393
798	686	130	401
799	691	128	397
794	671	128	411
799	671	127	410
793	669	129	413
793	658	128	411
790	654	128	412
793	646	126	425
791	640	127	418
785	648	130	423
791	647	128	416
788	638	129	399
792	633	129	388
788	626	127	384
791	627	125	388
790	637	125	382
796	624	123	386
794	624	121	378
797	625	120	368
800	622	118	362
804	622	116	351
805	619	115	350
807	607	111	353
809	619	111	352
813	610	108	356
810	616	109	345
811	605	109	333
812	606	107	338
813	603	106	339
814	605	105	337
811	598	110	346
812	598	108	348
814	601	106	344
816	608	106	347
812	602	105	352
815	597	104	344
817	601	101	333
813	595	103	334
813	592	102	323
812	585	102	318
813	584	101	320
812	575	101	315
813	571	100	313
814	577	99	314
812	579	100	317
815	575	99	316
812	582	99	314
815	585	101	318
815	584	98	315
816	592	99	314
817	591	95	306
820	585	93	306
822	584	95	293
823	589	95	307
824	584	94	308
824	575	93	303
827	577	90	311
827	579	91	299
827	573	92	293
831	569	90	295
831	566	90	296
834	562	88	305
834	567	88	299
836	570	86	301
834	560	88	299
838	561	87	299
835	561	87	298
840	559	84	300
840	548	84	305
840	558	85	298
841	549	82	290
843	535	84	289
841	532	85	295
842	533	85	282
843	527	86	281
842	522	88	286
843	528	85	281
843	526	87	279
847	528	85	275
846	524	86	272
849	526	85	275
849	523	84	275
851	522	84	273
850	523	84	269
855	519	84	271
857	521	83	265
862	521	81	274
860	521	81	272
861	522	83	270
863	519	81	271
864	527	80	269
865	521	79	265
866	517	78	259
867	519	79	257
869	521	78	262
871	520	78	262
871	520	76	265
873	533	77	268
872	533	76	266
873	529	77	272
872	535	78	266
873	534	78	264
874	534	77	266
872	540	80	261
872	534	79	262
872	531	78	258
872	530	79	254
871	529	81	251
873	527	80	244
871	525	81	253
870	525	79	257
875	524	78	254
871	511	79	252
873	515	79	251
872	512	79	253
874	512	79	247
874	513	79	250
876	512	78	243
876	512	77	237
878	506	77	238
882	503	76	243
881	503	78	241
882	502	77	241
881	497	79	242
884	500	76	240
884	500	76	234
887	499	77	231
888	503	75	231
888	498	76	232
888	502	77	235
891	503	75	237
891	502	76	241
891	502	76	242
892	503	76	244
892	504	75	245
892	505	74	244
892	505	75	243
893	506	76	247
896	508	73	253
892	511	78	252
894	506	76	245
898	514	74	255
898	512	75	250
897	518	75	243
900	525	75	248
896	528	79	247
896	524	81	250
897	528	82	251
899	532	80	245
900	532	80	244
899	537	83	245
899	534	82	248
902	534	81	241
902	535	80	241
902	532	82	242
904	529	81	246
906	523	80	254
907	525	79	249
908	523	76	243
910	518	76	240
911	515	76	236
912	515	76	233
910	512	76	234
911	512	75	241
913	506	73	247
911	506	75	239
914	506	74	240
913	504	74	238
914	502	76	237
913	501	75	236
915	499	74	233
912	501	76	226
913	500	75	231
914	494	75	237
911	497	75	227
915	497	73	226
913	493	74	223
914	495	73	222
914	490	75	225
913	493	74	219
914	491	75	222
914	491	76	228
915	493	74	221
914	495	73	219
915	490	72	219
915	487	72	220
916	488	72	217
917	487	71	218
917	493	71	221
921	486	68	219
922	488	65	218
923	481	66	214
922	481	65	209
924	477	64	206
924	473	64	209
925	476	65	207
925	475	64	209
926	476	63	203
924	472	64	212
925	471	65	213
924	468	64	211
923	471	64	208
923	473	63	206
922	468	64	204
922	473	64	199
921	474	65	197
923	472	63	195
919	472	63	196
919	464	64	195
916	462	67	196
917	461	65	197
918	465	64	196
918	460	64	200
917	464	64	197
917	461	63	202
917	467	64	198
917	467	64	204
918	473	61	196
919	475	63	199
921	471	60	196
919	478	62	199
919	480	61	199
920	490	61	196
921	486	63	198
920	485	61	201
922	486	61	196
921	480	59	192
920	472	61	198
921	483	61	194
921	478	62	199
922	476	61	195
920	489	62	191
921	481	62	194
920	475	61	197
920	472	60	201
919	488	59	188
921	473	58	194
918	479	61	192
918	480	59	186
917	479	58	186
916	475	57	180
916	467	57	185
915	470	59	184
915	467	59	189
914	466	59	188
914	464	59	191
913	476	57	183
912	467	61	186
913	474	61	184
912	474	60	187
912	481	57	181
911	474	58	184
912	476	57	179
912	482	56	181
910	478	57	185
910	481	58	184
911	484	57	183
910	482	58	177
910	486	54	170
910	482	56	175
909	479	57	178
909	481	57	185
907	478	57	184
907	478	57	185
908	488	57	176
907	485	57	184
907	488	57	180
903	492	59	180
902	491	61	181
900	494	61	184
898	495	58	183
898	490	59	182
895	494	59	180
893	495	59	180
890	489	61	187
889	489	62	186
888	489	63	194
888	489	62	187
884	494	62	192
883	494	62	193
882	500	58	194
880	499	61	194
880	504	56	197
881	501	56	208
876	511	58	194
875	508	57	206
871	507	60	200
869	511	60	199
867	522	63	195
864	513	66	205
861	526	67	198
858	519	71	207
855	525	70	204
852	523	70	208
850	525	72	210
847	529	78	213
842	526	79	222
837	529	77	217
836	534	77	221
832	543	80	218
831	549	74	217
829	550	77	226
825	562	75	226
823	554	76	231
819	569	77	230
815	575	75	222
811	560	82	236
806	569	82	238
802	567	85	244
797	569	85	247
791	576	89	244
789	579	89	245
786	581	85	250
781	585	89	250
777	585	87	258
773	592	89	251
769	587	93	262
766	592	89	261
763	587	94	271
759	594	92	263
756	595	97	266
755	593	96	272
752	592	93	264
752	590	97	265
751	588	89	261
749	584	89	258
747	587	88	247
747	584	89	257
749	577	86	260
746	578	83	261
743	582	85	258
744	574	83	262
742	570	79	262
740	569	82	262
739	566	84	263
743	561	81	264
750	561	75	254
759	557	72	252
771	551	78	250
781	545	81	249
799	544	78	236
811	536	86	240
822	526	88	240
836	530	83	229
842	525	83	237
847	519	90	240
853	525	90	237
856	520	92	234
862	516	88	239
866	504	87	246
866	508	90	246
866	517	88	231
866	499	90	248
866	507	90	239
869	504	89	235
871	504	91	235
873	495	87	240
876	504	87	221
882	494	83	226
888	488	82	225
901	481	86	228
915	483	74	224
929	485	70	225
945	481	74	225
956	475	74	227
967	476	76	231
979	483	70	224
987	477	69	231
991	479	70	224
997	476	71	222
999	482	66	213
1007	471	66	224
1006	473	74	216
1008	465	72	220
1010	467	75	216
1009	466	72	209
1011	466	76	212
1012	471	79	205
1019	463	71	216
1018	459	74	220
1019	467	73	216
1018	464	75	217
1023	466	74	213
1023	462	75	217
1024	462	79	218
1027	475	75	209
1030	467	74	215
1033	464	75	205
1035	472	75	203
1038	474	75	203
1042	471	72	195
1045	473	71	198
1047	462	71	202
1048	460	72	208
1052	459	73	204
1054	460	70	211
1056	461	72	219
1057	463	75	219
1061	462	71	222
1062	464	71	218
1066	467	72	214
1067	470	67	213
1067	471	73	211
1068	468	72	215
1073	470	73	208
1073	470	75	213
1075	472	73	216
1075	477	73	217
1080	483	73	208
1080	483	74	214
1081	489	77	208
1085	484	75	216
1086	488	77	215
1088	487	76	221
1091	486	77	225
1093	497	76	214
1097	486	78	234
1099	496	78	228
1103	496	77	231
1104	497	80	231
1109	499	80	229
1111	505	81	219
1114	513	81	217
1115	513	85	217
1119	512	83	214
1125	506	85	215
1125	506	80	230
1130	509	79	233
1134	512	77	226
1135	509	87	240
1139	518	85	233
1142	512	87	246
1145	513	88	247
1149	517	85	234
1152	525	80	234
1156	517	82	244
1156	531	84	237
1160	528	84	238
1159	532	86	241
1164	530	85	239
1165	525	90	255
1168	532	90	241
1169	538	98	240
1173	535	95	255
1177	534	95	248
1181	527	94	267
1185	532	89	270
1187	532	93	275
1191	537	94	283
1192	540	94	283
1196	537	94	284
1202	539	94	294
1205	549	99	283
1209	545	96	279
1213	550	96	281
1215	553	100	280
1222	547	102	287
1229	549	95	281
1232	549	99	272
1233	556	103	262
1239	548	102	300
1245	551	100	288
1244	555	97	289
1247	555	104	297
1251	563	104	303
1251	563	108	299
1256	566	107	306
1258	560	109	322
1263	563	104	320
1267	560	98	318
1264	560	99	314
1264	560	98	294
1261	562	105	298
1264	566	96	285
1266	563	104	292
1269	551	100	286
1268	562	103	276
1268	553	98	288
1266	549	99	286
1270	540	97	301
1268	545	95	291
1267	550	97	277
1267	540	99	299
1265	539	101	290
1264	537	99	283
1265	539	101	283
1266	539	95	276
1268	531	95	278
1266	532	96	279
1267	529	96	275
1267	532	96	263
1268	530	92	254
1269	527	92	255
1267	514	95	272
1270	517	90	269
1269	504	89	266
1269	515	87	260
1268	515	94	263
1265	513	91	264
1268	510	90	262
1266	513	89	265
1267	506	90	266
1266	508	90	266
1265	503	87	262
1266	507	87	235
1263	506	85	237
1265	497	84	252
1265	496	81	248
1266	493	81	252
1264	493	82	247
1264	490	82	248
1262	498	85	252
1262	498	82	247
1264	494	81	259
1264	495	82	253
1262	490	81	247
1262	496	80	244
1263	497	83	237
1266	494	81	246
1265	489	80	241
1265	491	80	233
1267	486	78	233
1268	491	79	240
1268	487	80	235
1272	485	76	228
1270	488	79	231
1271	480	80	229
1271	479	80	225
1270	475	79	224
1273	475	79	227
1274	484	79	240
1274	480	76	237
1274	483	76	231
1274	487	77	235
1274	485	74	225
1274	482	72	224
1273	479	77	226
1273	476	76	215
1273	475	78	207
1276	477	75	209
1274	473	76	208
1276	465	72	222
1275	468	71	211
1275	472	72	206
1276	469	73	215
1277	463	72	217
1274	467	73	212
1274	465	73	221
1275	466	72	210
1278	467	71	202
1278	469	69	202
1280	471	68	203
1280	467	70	203
1282	463	71	203
1282	463	67	204
1284	461	70	209
1284	458	76	192
1285	459	70	177
1284	460	71	197
1288	459	67	201
1288	457	66	194
1288	456	68	193
1289	458	66	190
1288	455	70	195
1291	454	66	203
1292	455	67	196
1294	453	65	190
1294	460	64	197
1294	458	64	188
1294	455	67	196
1295	453	65	193
1298	452	65	187
1296	463	65	170
1297	454	66	189
1295	451	64	182
1295	453	65	182
1295	452	67	185
1297	454	64	183
1297	454	64	186
1299	453	65	182
1299	453	63	184
1301	449	63	188
1302	450	63	185
1304	454	62	183
1303	453	65	178
1306	452	63	176
1307	451	64	172
1311	452	58	179
1310	456	63	178
1314	457	59	168
1315	452	60	159
1317	447	59	171
1319	447	57	170
1319	446	58	180
1320	450	59	167
1321	454	62	177
1322	450	59	177
1322	447	58	181
1323	447	58	179
1324	443	56	185
1326	447	58	176
1327	454	55	168
1328	446	57	180
1327	448	55	173
1327	445	58	185
1328	451	57	169
1328	449	57	163
1329	446	57	172
1329	448	57	167
1329	453	55	168
1329	451	58	168
1330	436	58	174
1333	452	54	160
1334	459	53	153
1336	450	53	161
1334	453	58	164
1334	451	57	161
1336	451	58	159
1339	454	57	155
1340	453	57	152
1342	449	58	161
1342	451	59	157
1344	452	59	160
1345	444	58	163
1346	444	56	163
1349	449	55	164
1352	437	54	155
1353	436	54	134
1356	436	53	128
1354	445	55	163
1354	442	57	169
1356	432	55	158
1358	430	55	141
1361	435	51	128
1362	429	52	143
1364	436	50	127
1364	433	52	127
1365	434	51	134
1365	431	53	134
1365	431	55	127
1366	427	55	133
1368	425	53	126
1369	425	52	142
1368	422	53	140
1368	421	56	139
1370	424	55	137
1370	422	54	135
1373	424	51	140
1373	425	54	141
1371	431	56	129
1373	425	53	133
1374	426	53	131
1376	428	52	130
1376	424	53	136
1377	427	53	129
1377	421	54	142
1380	423	54	132
1383	422	49	139
1381	418	52	145
1382	417	51	142
1382	415	50	146
1384	419	49	138
1383	414	53	149
1385	424	49	133
1384	417	51	147
1385	419	50	133
1386	417	49	122
1385	421	51	134
1383	414	51	138
1385	419	47	131
1384	412	49	139
1383	412	51	137
1384	411	49	143
1381	410	50	147
1382	410	49	147
1384	407	48	149
1383	407	50	152
1382	414	47	139
1380	404	52	149
1380	399	51	155
1379	402	55	150
1379	406	52	155
1380	402	48	149
1380	409	49	140
1381	402	50	151
1382	416	47	135
1380	417	52	129
1382	407	49	136
1382	404	50	144
1381	400	51	140
1382	401	49	150
1380	405	51	147
1382	409	48	140
1383	407	47	144
1383	406	49	145
1380	412	50	135
1382	413	46	139
1378	405	52	146
1377	404	55	147
1377	403	51	147
1377	412	47	137
1377	413	47	140
1377	413	49	134
1377	416	48	126
1376	416	47	126
1376	416	47	126
1373	416	46	140
1372	418	49	126
1374	415	44	132
1373	420	44	125
1372	415	45	135
1371	419	46	132
1371	416	44	137
1371	418	46	136
1370	421	44	140
1370	418	45	133
1368	422	46	133
1367	428	48	120
1368	429	45	125
1367	430	45	125
1369	434	42	120
1368	430	45	128
1369	426	44	126
1365	432	44	113
1367	428	42	123
1367	434	42	118
1367	424	41	132
1366	428	41	123
1364	427	42	126
1366	423	41	129
1366	425	42	123
1368	425	37	135
1366	418	40	131
1362	420	44	135
1361	422	45	133
1360	425	45	130
1363	415	43	141
1362	417	42	140
1358	422	46	132
1358	426	42	116
1356	425	47	123
1359	427	44	124
1359	427	42	124
1361	427	41	123
1355	436	42	116
1358	424	43	125
1358	420	43	120
1359	422	41	117
1359	431	40	125
1358	428	42	121
1357	433	44	113
1357	436	41	111
1359	433	42	121
1361	423	41	127
1362	431	42	114
1362	415	43	133
1363	414	45	137
1358	423	42	120
1361	421	40	118
1360	418	43	123
1360	422	43	125
1358	426	45	124
1358	428	45	124
1359	434	44	109
1358	443	43	114
1362	432	41	118
1354	428	46	126
1355	431	47	126
1357	439	45	112
1354	441	53	106
1352	429	49	115
1353	428	49	128
1354	430	47	117
1353	435	50	121
1351	427	44	113
1354	425	41	118
1353	427	45	127
1357	423	41	117
1357	424	32	120
1355	424	40	117
1357	418	38	121
1355	430	40	121
1353	422	42	128
1354	424	41	125
1355	430	42	116
1349	428	49	120
1346	438	48	112
1344	428	50	120
1346	430	48	119
1347	426	48	124
1346	425	48	125
1348	431	46	125
1352	430	42	124
1349	425	43	130
1350	424	44	131
1351	426	45	129
1348	422	44	132
1350	427	42	124
1346	424	47	128
1350	423	44	130
1348	422	42	138
1350	425	42	136
1349	424	44	138
1350	425	45	135
1342	424	49	129
1346	425	49	130
1339	428	54	131
1345	426	49	132
1348	430	49	131
1342	429	51	135
1344	428	47	133
1347	425	43	133
1348	423	43	136
1343	425	44	139
1345	423	44	139
1344	423	45	135
1345	424	47	135
1340	424	46	143
1341	425	43	144
1340	428	44	140
1335	429	53	143
1331	428	59	143
1335	427	55	142
1331	428	55	138
1335	431	54	138
1335	429	55	141
1336	432	53	140
1336	431	51	142
1339	429	52	146
1339	430	47	146
1341	432	44	144
1342	430	44	143
1341	430	46	144
1344	431	43	143
1343	432	46	147
1345	435	46	147
1347	435	44	148
1341	435	48	149
1348	436	43	146
1349	440	42	146
1351	441	43	143
1349	442	45	143
1348	442	47	146
1349	441	49	147
1338	443	57	146
1337	444	56	146
1338	443	55	145
1336	443	55	147
1337	444	51	150
1334	444	54	153
1332	447	53	154
1335	446	54	154
1328	443	60	157
1326	450	58	150
1321	449	60	158
1315	448	63	159
1311	451	67	157
1305	451	69	161
1304	450	67	164
1299	457	69	155
1294	455	65	163
1290	459	60	159
1288	456	53	158
1284	460	52	164
1278	457	51	164
1272	459	50	159
1271	462	56	157
1270	461	55	157
1268	460	57	162
1267	459	54	162
1263	454	52	163
1264	461	51	158
1267	467	47	154
1246	464	63	159
1255	459	59	164
1258	458	56	162
1248	458	59	162
1247	455	53	161
1245	450	51	158
1243	450	55	162
1240	446	52	158
1236	439	57	161
1235	436	58	161
1235	426	54	161
1231	422	57	160
1228	419	53	164
1225	414	53	164
1221	409	56	169
1221	408	54	165
1217	403	62	171
1213	398	64	169
1211	397	65	173
1210	395	59	177
1207	393	59	168
1208	393	57	161
1207	387	60	183
1206	388	59	181
1207	385	58	182
1208	387	57	156
1209	388	52	151
1205	426	41	152
1206	426	41	139
1207	422	41	116
1206	430	39	114
1207	429	40	115
1203	426	31	109
1204	426	41	115
1206	383	44	152
1204	383	50	154
1202	386	53	155
1202	385	47	149
1201	386	47	148
1199	383	52	155
1198	380	51	152
1195	385	51	147
1192	382	50	152
1191	384	50	147
1187	383	53	152
1183	384	54	148
1178	389	53	142
1173	384	56	148
1170	390	52	143
1165	392	52	141
1153	393	56	144
1149	388	56	148
1144	390	57	138
1137	392	57	138
1132	391	60	142
1121	394	56	137
1119	388	49	148
1110	395	51	139
1103	394	45	135
1098	388	48	139
1087	426	40	110
1082	423	42	110
1069	427	30	103
1065	425	33	107
1058	425	30	109
1044	430	30	105
1040	428	39	109
1033	390	38	144
1023	406	43	129
1015	394	48	138
1007	399	46	131
995	434	42	102
989	403	40	123
979	394	43	137
973	394	48	140
962	397	50	131
952	399	52	134
943	403	47	133
935	398	47	141
927	397	46	143
915	400	50	142
907	403	52	137
900	406	53	131
888	410	55	131
878	413	55	128
873	409	55	134
865	412	54	135
856	409	53	135
846	414	55	131
840	433	50	115
831	413	50	137
824	410	49	137
814	416	46	125
807	415	39	133
799	420	40	131
792	417	45	136
780	425	50	130
769	418	51	143
764	422	39	135
755	424	41	136
743	427	48	134
735	425	41	140
722	428	50	139
711	433	52	135
705	434	38	124
694	425	43	143
683	425	52	140
674	429	51	140
662	430	51	144
649	436	53	137
640	437	54	141
629	438	56	145
619	436	54	142
608	442	56	142
596	445	63	139
587	445	60	145
582	445	61	147
574	450	62	143
569	453	62	144
568	454	58	139
566	446	59	147
565	451	58	140
561	446	60	150
561	450	54	141
558	454	58	137
556	448	55	146
553	447	56	151
551	449	55	152
547	443	55	160
547	443	54	158
552	445	54	160
551	440	57	170
549	443	59	169
553	447	56	163
556	450	53	163
558	451	53	160
564	451	50	154
568	450	62	159
576	449	53	156
581	455	50	154
583	452	58	158
589	451	52	159
593	452	53	160
595	454	55	162
596	451	58	165
597	454	56	168
598	451	54	171
597	454	56	168
596	454	56	174
594	458	53	169
593	458	55	173
590	459	59	172
590	463	56	169
588	467	49	163
589	462	47	174
590	465	45	172
591	467	44	170
593	466	46	173
592	467	52	171
597	465	48	172
599	464	53	171
601	466	51	173
606	462	55	176
606	460	54	174
611	466	53	174
617	479	51	145
620	476	46	142
626	479	45	153
629	478	50	151
634	475	50	154
638	476	51	151
643	479	48	152
649	478	45	147
649	479	46	165
650	481	52	167
650	478	48	168
652	480	45	169
652	478	49	171
646	478	43	165
645	473	50	172
641	477	61	171
635	477	59	175
633	473	63	178
631	469	64	180
629	472	56	180
628	470	58	178
626	468	60	181
624	465	63	184
624	463	65	190
619	460	61	185
620	459	61	190
621	455	63	190
618	460	62	186
623	459	54	186
625	461	50	186
625	459	47	183
627	466	42	175
627	454	41	182
625	456	40	170
624	456	41	174
623	456	41	168
623	456	41	171
622	455	43	167
621	454	42	171
619	452	42	172
618	453	41	169
616	452	41	169
614	449	40	170
612	445	43	173
609	444	44	167
604	440	42	163
604	432	41	172
598	429	43	170
595	435	36	159
590	425	44	168
584	422	36	167
583	425	35	158
579	417	47	160
572	411	50	162
570	407	50	167
567	401	53	167
561	392	58	173
558	396	56	171
556	395	61	173
551	395	59	166
554	405	58	161
554	398	55	167
550	393	64	174
547	397	66	166
549	399	64	168
547	398	66	163
548	404	64	159
549	400	63	159
550	403	59	151
548	413	64	139
546	408	63	147
