1749	156	139	86
1753	159	137	84
1748	157	141	82
1755	159	148	82
1754	156	138	87
1755	159	140	84
1761	159	133	85
1764	156	133	89
1759	157	138	87
1762	158	133	86
1759	156	136	87
1757	156	141	88
1758	154	145	87
1760	159	136	83
1759	156	144	86
1764	158	140	84
1771	158	136	85
1766	154	141	89
1770	158	134	87
1770	156	137	88
1770	158	142	86
1770	156	142	88
1775	154	142	88
1768	153	150	89
1773	153	145	88
1772	153	148	86
1778	152	142	86
1768	156	152	87
1777	157	150	88
1778	154	145	90
1783	156	138	90
1787	154	145	87
1783	154	145	88
1789	155	137	85
1792	158	132	81
1788	156	138	85
1793	156	132	87
1790	154	145	90
1787	153	144	90
1791	152	147	88
1790	153	147	87
1791	152	146	86
1791	154	142	89
1793	151	142	91
1794	151	144	92
1788	153	151	90
1794	153	145	90
1793	154	143	90
1795	152	150	90
1799	150	144	93
1793	148	153	100
1795	148	145	105
1794	156	147	96
1797	153	134	94
1799	156	136	92
1797	157	142	89
1799	154	149	91
1798	158	141	89
1800	155	144	91
1803	153	152	89
1806	155	140	89
1809	149	143	94
1805	150	146	96
1807	147	131	101
1806	147	127	99
1798	146	141	95
1791	147	137	97
1779	148	139	92
1769	151	137	89
1752	148	133	87
1729	151	139	89
1718	151	128	89
1702	149	128	91
1687	151	132	88
1682	154	129	88
1675	154	122	88
1660	153	127	83
1656	153	130	86
1655	153	129	87
1651	153	125	88
1653	154	126	86
1649	152	127	87
1645	155	129	86
1641	153	132	85
1645	155	130	84
1647	154	125	84
1645	154	126	85
1651	155	125	82
1652	156	122	83
1643	154	126	85
1639	157	125	84
1631	158	125	86
1620	158	122	80
1609	159	124	78
1587	157	124	82
1568	156	120	85
1545	160	120	81
1517	159	117	81
1500	159	113	82
1470	163	109	81
1444	162	108	79
1429	163	106	80
1411	161	104	80
1395	162	106	79
1385	166	105	78
1380	165	106	77
1370	166	103	74
1369	167	99	77
1367	166	99	75
1361	168	100	75
1360	166	101	78
1358	164	103	79
1361	164	99	82
1359	164	100	79
1359	166	100	78
1358	166	105	81
1358	169	104	72
1357	165	103	78
1353	168	102	76
1353	166	102	78
1352	166	102	81
1341	168	106	77
1337	166	105	79
1325	166	102	76
1320	170	101	73
1312	170	101	74
1307	169	101	75
1302	170	99	74
1299	170	91	74
1293	169	95	74
1286	170	99	75
1278	170	108	77
1281	171	99	74
1282	170	97	78
1283	169	95	77
1282	168	95	79
1277	169	99	78
1278	167	101	79
1281	167	97	79
1281	167	98	81
1282	167	93	81
1281	171	95	76
1280	171	99	76
1281	173	94	75
1281	170	97	76
1281	173	96	75
1279	169	100	79
1280	171	94	77
1278	173	102	75
1279	170	100	76
1276	175	103	75
1276	173	104	78
1279	173	97	76
1281	172	96	78
1283	170	95	80
1281	172	99	77
1282	171	97	79
1281	170	96	79
1280	169	93	79
1271	170	97	78
1262	172	91	77
1246	172	94	78
1222	174	100	75
1193	176	98	72
1172	175	97	72
1149	175	91	70
1119	176	88	72
1097	176	92	74
1073	172	95	76
1063	178	94	71
1045	175	89	77
1040	174	82	74
1032	179	87	72
1031	178	82	75
1023	175	87	76
1012	177	96	73
1013	175	88	73
1012	176	89	73
1017	174	80	76
1014	176	87	76
1017	175	84	77
1013	175	89	77
1016	175	83	77
1015	177	85	72
1017	174	83	78
1016	173	84	77
1013	178	91	72
1018	177	83	75
1014	177	89	77
1016	176	87	74
1019	177	77	71
1021	175	82	79
1019	175	86	76
1016	175	91	75
1014	173	93	75
1019	175	85	73
1017	174	86	76
1014	173	90	77
1014	175	93	72
1022	174	80	77
1018	175	84	76
1020	173	87	75
1017	174	88	78
1018	175	87	71
1019	174	87	72
1017	175	90	72
1017	174	89	75
1019	174	87	74
1019	172	85	79
1016	173	94	75
1016	173	89	76
1019	171	88	74
1022	170	83	77
1022	172	84	75
1019	172	90	76
1018	171	92	75
1017	171	95	75
1019	172	91	75
1022	174	85	72
1018	172	93	72
1017	168	92	83
1013	170	94	76
1018	169	92	78
1023	169	85	77
1024	171	85	74
1022	170	88	80
1024	172	85	77
1027	172	80	77
1029	170	78	77
1021	171	85	74
1022	169	81	79
1019	168	89	79
1024	169	83	75
1020	169	84	76
1018	169	92	79
1025	171	83	73
1022	169	83	75
1028	168	77	75
1022	171	87	74
1021	171	86	73
1021	169	89	77
1022	171	86	75
1023	172	85	77
1020	172	88	73
1020	170	88	76
1021	169	86	76
1019	171	91	74
1023	170	86	75
1024	170	80	76
1024	170	84	73
1022	170	85	74
1021	170	90	75
1025	171	87	75
1025	171	87	74
1023	169	86	79
1020	172	89	74
1022	172	86	77
1020	171	88	75
1022	172	87	75
1020	172	93	74
1023	169	85	77
1021	172	90	75
1022	172	88	74
1022	171	87	78
1022	173	87	73
1024	170	88	76
1023	173	89	76
1026	171	80	77
1025	173	84	73
1024	175	87	74
1026	172	83	77
1022	172	89	76
1021	173	88	74
1020	171	89	79
1025	175	84	73
1022	174	90	74
1021	174	93	74
1022	172	88	75
1028	174	81	76
1030	174	81	75
1025	173	87	78
1025	176	86	76
1022	172	88	78
1023	174	86	75
1026	176	87	75
1025	174	88	75
1025	173	84	75
1026	174	81	74
1022	176	90	75
1025	176	88	74
1027	174	82	73
1025	176	84	74
1031	172	81	75
1025	174	88	74
1024	172	84	78
1022	173	87	77
1021	172	89	76
1024	172	85	75
1027	174	86	73
1024	172	87	75
1023	172	87	76
1019	172	92	76
1027	172	85	73
1023	171	88	74
1020	170	93	77
1019	171	91	76
1019	170	96	78
1019	169	92	77
1019	166	94	81
1022	166	89	78
1022	167	92	77
1025	166	86	74
1029	167	80	77
1025	165	84	78
1022	163	91	78
1026	164	85	77
1026	161	87	80
1026	162	84	81
1035	168	73	73
1027	166	87	75
1029	162	86	78
1023	164	92	77
1022	163	90	74
1022	166	92	75
1023	166	91	73
1023	163	90	75
1021	164	91	73
1024	163	87	76
1023	163	89	77
1021	162	90	76
1020	163	91	76
1020	163	92	75
1022	163	92	76
1024	161	88	79
1025	162	88	76
1022	161	91	75
1023	160	87	80
1027	161	86	76
1030	159	82	80
1025	163	86	76
1018	161	93	76
1023	161	91	76
1023	157	90	79
1023	160	88	79
1021	161	90	77
1020	159	91	78
1019	160	90	77
1021	160	92	75
1020	160	94	77
1020	156	94	82
1025	159	87	75
1021	160	90	75
1021	157	90	78
1019	156	93	77
1018	157	92	81
1018	160	91	75
1021	158	91	78
1021	156	90	79
1018	159	93	77
1017	158	96	78
1017	158	96	77
1019	158	92	79
1023	158	91	77
1021	156	87	79
1021	156	90	78
1021	156	88	79
1017	155	95	80
1019	155	90	79
1015	154	95	83
1021	155	92	80
1020	156	88	80
1018	155	96	80
1019	155	90	79
1019	157	90	78
1019	153	92	81
1020	155	89	78
1017	154	94	78
1016	157	92	77
1014	153	98	80
1016	152	94	80
1017	152	96	80
1020	155	87	79
1021	154	91	80
1028	155	80	77
1020	152	89	79
1017	151	90	83
1022	151	90	80
1020	152	88	76
1019	151	91	80
1019	151	91	79
1015	150	98	84
1015	149	94	83
1019	151	95	81
1015	150	96	82
1014	153	97	76
1011	150	99	81
1009	153	101	82
1013	148	96	81
1015	150	93	81
1019	148	91	80
1013	148	97	81
1018	148	92	81
1015	147	94	84
1012	146	96	85
1015	146	96	85
1014	147	94	85
1018	149	92	81
1014	151	97	80
1016	154	96	77
1014	150	96	81
1012	150	97	82
1017	152	94	80
1015	148	95	83
1016	152	94	82
1014	150	96	81
1012	152	99	83
1012	150	96	83
1015	152	97	82
1012	151	98	83
1020	152	90	81
1015	149	94	84
1013	149	96	84
1011	151	97	82
1010	151	101	83
1018	152	95	81
1014	151	98	83
1015	151	93	83
1014	149	96	82
1014	152	96	80
1012	150	94	83
1010	151	102	84
1009	151	101	81
1013	146	98	88
1013	152	97	83
1011	150	97	85
1009	151	100	84
1013	150	97	85
1013	152	97	86
1013	152	93	84
1011	151	97	83
1009	152	100	85
1007	150	100	86
1007	151	102	87
1014	152	96	89
1014	153	92	86
1018	155	88	87
1012	154	95	86
1007	152	100	86
1016	151	90	87
1014	149	92	90
1008	149	100	97
1013	149	93	93
1006	147	100	98
1008	156	101	85
1007	157	100	84
1009	158	100	81
1006	161	100	77
1006	158	102	81
1008	159	102	81
1001	160	102	80
1006	157	100	82
1007	156	99	83
1010	153	97	87
1011	156	95	88
1008	157	98	87
1018	152	89	86
1015	157	95	78
1004	156	104	81
1011	151	98	84
1010	152	101	89
1008	154	101	83
1007	147	103	92
1010	149	98	90
1008	153	99	85
1007	153	102	87
1011	151	98	86
1010	151	99	87
1009	154	99	84
1010	153	99	85
1008	155	103	87
1008	154	103	86
1007	152	102	88
1009	158	102	85
1006	159	99	83
1013	158	95	84
1010	159	101	84
1011	159	98	84
1011	158	97	89
1006	160	103	89
1003	160	103	87
1010	163	95	83
1010	164	98	83
1010	164	101	83
1011	161	100	83
1008	163	100	85
1014	165	94	84
1009	166	99	84
1009	164	99	84
1009	164	97	86
1007	162	99	86
1006	164	100	85
1016	166	93	84
1018	165	88	83
1006	163	104	89
1008	163	97	89
1010	166	96	83
1021	163	84	85
1016	164	89	85
1014	167	92	83
1018	168	87	84
1008	164	99	88
1004	165	102	85
1012	166	94	85
1009	165	98	84
1014	167	93	83
1012	169	92	81
1012	164	95	85
1008	165	99	89
1004	164	100	86
1009	167	97	83
1010	167	96	82
1008	167	99	85
1012	166	92	84
1009	168	95	80
1007	164	99	85
1005	165	99	86
1015	168	89	83
1008	168	97	87
1002	164	102	88
1007	164	101	87
1003	165	102	86
1008	167	98	86
1009	167	96	84
1009	166	96	87
1006	169	102	88
1012	168	94	85
1008	170	99	86
1005	168	102	88
1007	170	101	88
1006	171	101	88
1007	172	102	86
1004	174	101	88
1007	177	103	84
1005	175	101	84
1006	176	103	86
1006	178	104	89
1009	179	98	83
1007	180	98	89
1006	182	103	83
1010	186	96	82
1008	186	100	85
1008	186	99	87
1009	185	99	88
1012	189	94	84
1010	193	99	83
1009	192	98	84
1010	191	96	88
1008	192	97	84
1009	189	99	90
1006	190	100	89
1009	192	98	91
1007	193	100	87
1003	186	101	92
1007	194	100	85
1007	192	100	84
1010	192	96	86
1004	193	101	87
1008	192	100	84
1005	193	103	84
1006	195	99	82
1005	194	101	84
1006	197	100	80
1005	195	100	84
1002	196	103	82
1005	195	102	83
1002	193	104	85
1003	194	102	82
1007	193	96	82
1004	197	101	81
1007	198	99	80
1007	197	96	78
1007	199	96	79
1006	200	99	80
1003	196	101	83
1003	193	101	86
1006	197	102	82
1003	195	96	84
1002	195	103	85
1008	195	96	82
1008	195	93	85
1010	196	96	86
1006	196	95	84
1003	196	98	84
1010	196	92	84
1006	198	96	81
1007	198	94	80
1001	197	101	84
1005	198	99	84
1004	198	97	82
1001	197	103	85
1000	198	102	82
999	196	103	85
1005	194	97	86
1006	194	96	86
1006	196	93	86
1007	196	93	84
1004	197	98	84
1001	197	102	84
1002	197	98	84
1005	195	99	86
1005	198	96	83
1016	198	84	81
1004	198	97	82
1001	196	100	82
999	197	104	84
1002	195	99	86
999	195	102	84
998	193	103	87
998	195	103	85
994	196	105	84
997	194	100	86
999	196	103	84
996	196	102	83
1004	195	96	85
1001	194	103	84
1003	194	100	84
1000	197	100	85
1001	195	98	86
999	197	100	83
1001	196	99	87
1001	194	99	84
1003	196	96	82
1004	197	94	83
1000	195	96	84
1005	196	96	83
1000	196	98	84
1003	196	96	83
1000	196	99	87
1002	199	95	82
999	197	99	83
998	199	100	83
996	196	104	87
998	198	100	81
1001	196	98	87
998	195	102	88
1000	193	96	89
996	193	102	87
992	193	107	90
993	196	109	85
996	192	105	89
995	195	100	87
993	196	100	88
992	196	103	85
993	195	102	85
994	192	98	90
989	191	107	93
990	192	103	90
989	194	104	88
989	193	103	89
990	192	99	91
993	195	96	87
991	194	98	86
990	193	97	89
988	191	101	93
988	192	97	92
984	190	102	91
981	196	103	89
987	193	96	91
987	187	93	101
983	195	95	90
979	197	106	88
975	199	106	85
973	200	107	84
971	198	106	83
973	198	106	84
970	198	106	84
971	197	106	85
968	196	107	86
972	195	105	87
971	193	107	88
970	196	105	87
973	192	102	88
977	192	104	88
978	190	107	90
982	193	107	86
993	192	105	87
1004	193	102	87
1008	190	103	90
1015	187	103	92
1021	187	104	91
1022	186	107	91
1027	186	106	89
1027	182	107	94
1034	188	104	90
1037	190	99	87
1032	191	107	87
1036	192	106	88
1040	188	97	89
1038	188	102	90
1034	188	105	86
1035	187	106	90
1037	185	103	93
1031	187	108	92
1034	188	107	88
1035	187	107	89
1036	187	108	89
1042	189	102	88
1045	188	100	86
1045	189	104	86
1046	190	103	86
1047	188	102	87
1048	189	106	88
1057	187	94	87
1053	188	102	89
1048	189	105	86
1055	191	102	87
1052	189	105	87
1054	187	99	83
1055	189	99	86
1052	187	102	87
1052	186	101	87
1046	189	105	86
1052	187	103	88
1054	187	100	88
1044	188	108	87
1050	185	104	90
1044	184	107	90
1052	185	100	92
1045	183	104	87
1056	186	97	89
1048	185	105	85
1048	185	104	87
1047	186	106	88
1043	184	108	89
1046	188	106	88
1049	188	101	88
1048	190	103	86
1045	190	106	86
1045	189	108	87
1045	190	107	85
1044	191	106	83
1048	187	102	86
1049	187	96	85
1043	188	105	87
1050	190	98	85
1044	188	102	84
1044	190	102	84
1042	188	106	88
1040	186	109	90
1036	191	108	87
1039	188	106	90
1045	189	101	90
1037	190	109	90
1038	192	108	87
1036	186	105	90
1038	189	105	88
1037	188	107	91
1042	189	102	90
1040	190	103	88
1040	190	102	88
1038	188	104	90
1041	191	101	86
1037	191	108	87
1037	190	105	87
1040	191	103	89
1034	191	107	87
1045	193	99	85
1048	189	97	90
1050	190	102	87
1060	192	106	85
1069	195	112	85
1082	190	118	87
1115	192	112	87
1139	192	111	87
1163	187	115	92
1189	189	114	89
1210	193	115	84
1233	192	115	86
1245	190	119	88
1259	189	118	89
1268	187	114	92
1274	186	122	93
1282	187	117	91
1285	187	120	91
1292	188	118	92
1292	188	119	93
1290	189	121	89
1291	189	120	90
1301	187	111	90
1297	191	117	88
1299	187	116	92
1297	189	115	92
1297	190	114	89
1299	192	117	88
1297	191	113	86
1297	185	115	91
1295	190	119	89
1293	188	119	89
1295	189	117	90
1293	188	117	90
1292	189	119	88
1291	189	118	88
1294	191	117	89
1294	190	116	86
1292	186	118	95
1286	190	121	89
1293	190	115	89
1291	190	115	90
1290	191	119	87
1291	192	118	88
1289	191	115	87
1291	191	117	87
1289	191	117	91
1288	191	113	89
1280	190	116	88
1264	192	118	88
1243	192	115	86
1216	193	120	88
1185	194	114	85
1150	191	110	88
1109	188	117	91
1067	191	114	90
1030	191	105	92
1030	191	105	92
1030	191	105	92
890	191	109	88
854	193	100	88
814	191	110	87
792	191	106	87
767	193	106	87
748	195	110	90
739	190	107	92
723	195	110	85
718	199	110	81
709	196	111	83
711	200	111	82
708	201	108	79
710	195	108	89
706	199	110	83
709	198	106	87
707	197	107	86
709	195	106	86
708	196	109	87
708	195	107	86
709	197	108	85
708	201	110	82
708	194	110	87
710	199	109	84
712	198	108	84
712	199	108	82
710	192	109	89
709	196	108	86
710	199	110	84
713	198	108	85
714	204	107	80
713	197	107	86
717	199	102	85
715	199	104	85
715	193	106	85
715	200	105	80
711	201	111	81
714	200	107	83
715	196	107	86
714	198	110	85
713	200	108	86
715	195	110	86
715	199	109	84
716	199	107	83
715	197	108	83
717	199	105	81
717	200	109	83
716	200	107	79
713	200	112	83
712	200	111	83
715	198	110	82
716	197	108	81
713	198	111	81
712	195	113	86
715	199	106	82
714	199	109	80
716	198	108	82
716	195	111	86
716	198	108	84
714	199	107	81
717	196	106	83
717	194	108	86
716	197	111	85
715	203	108	79
719	199	106	85
722	199	104	84
723	196	105	86
723	198	103	81
725	196	105	85
722	195	106	84
722	192	107	89
720	197	111	86
722	195	111	87
723	196	110	84
724	198	110	83
727	195	105	86
728	196	105	86
725	198	108	84
727	195	105	85
728	194	105	87
728	198	105	84
728	192	105	87
728	196	107	84
731	196	105	85
727	195	109	85
727	196	112	86
727	198	111	81
728	194	112	86
729	197	109	82
731	190	108	91
732	193	108	88
735	196	105	88
736	193	105	91
739	194	104	85
739	195	107	85
740	192	106	89
738	190	107	91
740	193	107	86
739	192	107	89
742	193	102	87
742	191	107	87
741	194	111	87
742	193	106	88
745	195	103	87
743	193	112	87
742	194	109	86
751	194	104	87
749	193	103	87
750	192	103	85
751	193	106	83
752	192	104	85
752	197	105	80
750	194	108	87
752	195	108	86
752	194	108	86
755	193	106	84
749	197	115	81
757	194	105	83
752	192	104	84
740	194	110	85
733	195	110	84
718	195	104	84
703	192	111	85
681	190	105	90
654	195	112	81
619	194	118	84
581	194	123	83
558	193	110	86
516	192	121	88
487	194	115	87
458	192	123	87
431	191	123	87
419	190	125	88
403	191	123	89
387	189	127	90
383	191	126	91
379	192	125	89
379	191	128	91
368	189	128	90
371	190	126	90
376	193	126	87
375	192	124	87
375	189	125	93
372	192	126	88
371	192	119	90
378	191	123	91
379	191	127	92
377	192	122	89
380	190	128	91
382	192	122	90
377	190	124	92
374	191	121	91
382	192	123	89
381	189	125	91
382	190	128	90
380	191	128	89
379	190	129	90
373	189	124	93
381	192	126	89
383	190	125	90
377	191	125	91
385	189	129	92
382	191	126	90
382	191	125	89
372	189	126	90
379	190	127	90
371	188	127	89
382	189	127	90
374	190	130	91
378	187	127	92
383	189	127	89
375	188	129	91
382	188	129	91
384	189	126	92
382	190	131	91
379	188	128	92
383	187	130	90
380	190	126	89
376	190	128	88
378	187	125	91
379	187	125	93
373	188	125	90
376	189	130	88
371	190	124	89
382	189	126	88
382	189	128	89
377	190	128	90
369	188	126	90
378	189	129	92
374	187	129	92
383	188	127	91
394	191	127	87
408	192	128	89
427	192	126	87
460	191	124	87
486	190	129	86
528	193	116	88
573	188	112	88
600	189	121	89
600	189	121	89
664	192	116	86
688	196	117	86
710	208	111	68
727	188	108	92
739	188	109	92
745	204	112	75
751	195	108	85
757	197	109	83
766	200	105	79
759	195	115	86
762	194	108	86
764	193	109	86
766	195	107	84
763	205	111	74
763	196	111	84
765	200	109	81
762	198	109	81
765	198	105	81
764	198	110	81
768	198	104	82
765	195	108	83
761	201	109	80
759	199	112	81
759	207	113	72
760	201	112	78
760	200	109	83
759	200	112	79
761	200	108	81
761	205	107	76
760	202	109	78
763	197	106	87
761	202	106	80
765	195	103	90
758	200	108	84
761	197	107	83
761	199	106	85
760	200	107	81
759	204	106	82
757	205	109	79
759	207	108	79
752	206	114	78
757	202	109	79
758	199	108	84
754	201	113	81
759	198	105	85
756	199	109	85
760	202	106	81
756	198	109	87
757	204	108	80
754	201	112	83
757	202	108	83
758	202	107	81
755	201	114	82
758	200	108	81
759	198	106	86
764	198	97	86
760	203	102	76
760	198	103	85
754	200	114	84
756	196	110	89
756	193	107	93
757	195	108	88
754	193	111	91
765	200	96	83
757	197	105	88
754	201	111	82
760	200	107	83
754	194	109	90
755	196	106	88
754	198	107	86
752	198	112	86
754	195	108	90
754	194	106	87
752	194	110	89
750	195	113	90
753	197	108	86
757	199	104	84
761	195	97	89
751	194	113	90
754	193	102	92
752	194	109	93
749	194	109	89
750	194	112	89
755	195	100	87
747	197	114	90
754	194	101	90
753	199	108	86
754	195	105	87
751	195	107	85
749	194	110	90
754	192	100	89
757	193	99	90
755	189	102	98
760	186	95	99
752	190	103	97
752	194	103	93
748	194	108	97
751	197	106	88
751	200	106	85
747	199	109	86
746	197	112	89
747	199	108	86
743	196	108	89
745	197	112	88
748	200	112	86
745	200	108	84
739	197	110	88
746	198	108	83
746	198	105	83
750	195	111	87
750	195	109	84
745	194	109	87
744	199	110	84
746	194	109	87
748	195	110	86
747	196	108	83
748	193	108	86
744	195	108	87
751	195	112	85
752	195	111	85
749	193	109	86
743	193	111	84
744	190	110	86
750	193	107	82
744	192	110	85
754	190	111	84
760	192	109	84
757	192	111	84
751	192	108	84
753	192	113	84
760	191	107	85
753	192	108	86
750	192	107	85
756	193	110	84
754	191	109	85
752	191	108	85
756	190	109	86
759	191	110	86
756	190	112	84
757	191	107	85
760	192	108	86
763	193	108	87
766	185	107	93
763	188	107	94
773	186	95	96
767	182	107	96
766	183	105	95
772	183	103	97
776	189	97	86
772	183	103	92
771	185	110	91
774	185	107	89
772	187	108	90
772	193	109	84
776	190	105	87
776	193	108	85
773	189	108	90
775	197	104	84
779	191	102	86
777	199	106	79
775	193	109	86
789	193	90	87
772	193	108	87
778	197	104	85
780	198	103	83
781	197	100	82
780	200	105	83
780	196	104	89
780	194	98	92
777	190	102	96
778	199	100	87
777	198	102	88
777	197	102	87
775	201	105	84
775	206	107	79
774	207	105	78
774	204	107	79
772	205	109	78
773	202	108	81
775	200	107	85
771	204	107	80
771	203	106	83
773	199	108	86
769	204	108	81
769	202	111	81
771	204	109	80
769	204	109	84
771	204	105	80
769	206	104	80
770	207	106	79
768	206	107	77
766	207	108	77
767	204	104	83
769	204	102	81
768	204	103	83
765	206	103	81
765	206	104	81
765	207	108	81
757	208	111	80
761	208	109	82
762	211	103	79
759	208	107	82
758	208	108	83
758	206	107	85
758	209	107	81
760	208	102	82
755	209	106	83
754	209	104	83
754	210	109	82
759	211	106	81
761	215	106	77
779	226	97	65
779	214	106	80
791	215	103	78
796	209	105	83
808	211	100	80
807	208	104	84
811	210	108	85
821	210	102	83
822	215	101	80
822	211	101	79
827	208	99	84
830	211	93	83
829	209	95	85
825	208	98	85
828	209	99	88
824	209	104	83
826	209	99	81
821	207	106	87
818	207	111	86
825	209	105	84
827	220	106	71
832	210	106	80
848	208	103	79
860	210	99	80
873	209	99	81
884	207	109	81
898	207	104	85
918	206	85	85
925	204	103	85
938	205	100	83
940	206	106	83
953	209	100	81
957	207	103	83
961	205	102	85
970	204	93	83
966	201	104	83
968	205	99	81
971	203	98	84
972	204	100	83
972	202	98	85
972	203	96	86
978	200	92	89
969	205	105	86
970	205	101	85
980	200	87	91
975	201	95	85
975	205	98	82
972	205	98	82
973	204	101	84
969	204	102	80
969	205	104	84
965	205	105	81
967	204	103	83
964	206	104	82
968	206	102	83
967	206	101	82
967	206	104	84
967	205	104	87
975	204	88	86
972	200	98	87
975	206	92	83
973	203	96	87
977	204	88	86
976	206	89	77
965	202	101	82
967	200	101	84
971	201	94	83
966	203	101	81
971	204	95	81
963	203	103	79
964	201	105	85
970	204	95	79
967	204	101	82
972	206	95	77
969	204	101	82
972	205	104	79
988	203	98	82
1000	203	99	80
1014	207	101	79
1037	202	103	83
1062	207	105	76
1084	201	107	80
1109	203	112	81
1131	206	109	76
1154	202	108	79
1172	203	108	83
1180	201	111	81
1190	200	114	82
1197	199	112	82
1207	201	109	80
1211	199	111	84
1216	199	110	84
1223	201	106	83
1220	200	109	84
1220	200	113	83
1223	200	110	82
1224	198	108	82
1224	200	110	83
1226	199	107	82
1222	202	110	84
1223	202	107	81
1224	199	107	81
1223	199	108	86
1229	199	103	84
1225	202	103	81
1222	199	107	83
1219	199	110	80
1223	194	107	87
1223	201	105	82
1222	197	106	87
1220	196	112	86
1219	197	108	85
1223	195	105	84
1217	195	111	83
1219	197	109	83
1226	196	100	85
1214	199	111	83
1215	200	114	81
1218	198	106	82
1215	199	111	82
1220	198	107	84
1221	196	103	86
1221	197	105	84
1219	200	108	84
1217	198	107	84
1221	199	106	83
1217	197	107	86
1216	199	109	85
1216	200	111	84
1219	199	106	85
1218	198	104	84
1217	199	108	82
1216	201	106	78
1214	201	109	81
1212	199	111	81
1214	201	107	79
1211	200	112	81
1210	200	114	82
1211	202	114	79
1213	199	113	83
1215	200	111	83
1214	198	109	83
1213	198	109	84
1212	196	113	86
1217	197	108	86
1217	195	103	87
1212	201	111	81
1214	200	107	83
1214	200	105	82
1213	202	109	83
1213	199	108	81
1213	203	107	81
1212	203	109	82
1208	199	110	83
1208	202	108	82
1211	202	109	82
1216	200	108	82
1213	199	109	81
1207	200	109	82
1215	200	107	81
1210	201	106	82
1218	201	102	81
1213	199	105	80
1211	198	106	82
1207	199	106	82
1216	199	109	81
1215	198	108	84
1218	194	101	86
1217	198	106	87
1214	193	104	88
1220	192	92	90
1213	195	106	87
1212	193	98	88
1214	199	101	81
1221	201	92	76
1207	195	107	82
1207	197	106	82
1215	202	99	78
1210	204	104	74
1211	205	104	73
1211	204	102	73
1207	207	109	69
1209	203	105	73
1210	202	105	78
1213	203	104	77
1204	200	112	81
1204	208	113	72
1215	201	98	78
1205	199	111	83
1212	201	101	79
1213	201	102	82
1203	208	112	72
1206	199	107	82
1206	198	109	84
1208	200	106	82
1201	199	113	82
1208	197	108	84
1206	198	108	82
1207	198	104	82
1204	197	108	81
1205	193	109	84
1213	195	102	82
1205	193	106	83
1205	191	103	84
1206	191	106	83
1208	190	105	83
1206	190	103	82
1213	188	100	81
1206	185	105	86
1207	188	106	83
1210	188	104	85
1209	187	103	84
1213	185	101	85
1215	185	95	86
1212	188	101	85
1210	185	101	84
1212	185	103	85
1209	188	109	81
1207	190	102	79
1206	186	104	84
1203	188	105	80
1201	189	105	80
1210	188	104	79
1208	189	102	80
1200	187	106	81
1204	188	104	81
1203	188	106	79
1207	187	105	82
1208	188	104	81
1205	185	108	79
1202	187	105	80
