709	72	628	967
734	39	551	914
794	61	501	901
787	65	500	902
798	56	493	898
800	57	494	891
803	42	490	899
801	56	494	905
795	50	497	895
797	72	490	886
770	50	510	906
718	49	560	914
781	57	500	913
731	40	556	925
766	50	523	899
756	66	527	908
717	48	569	927
746	44	537	921
742	55	541	913
768	68	515	906
764	42	510	902
791	46	491	903
779	60	506	902
717	45	562	929
760	46	519	908
767	35	517	912
747	53	533	908
723	47	553	918
743	41	539	918
757	45	522	908
735	43	539	929
744	26	540	923
739	31	529	914
736	38	535	912
751	26	529	922
775	33	508	907
738	25	533	926
759	23	511	907
723	33	542	915
766	27	508	902
752	33	513	900
789	27	483	886
723	22	547	918
742	2	522	917
788	29	474	871
801	24	467	880
733	27	534	908
727	8	528	899
748	21	525	897
745	21	520	878
770	10	491	869
803	26	473	858
813	-4	461	876
778	-5	485	872
734	7	517	874
732	12	511	874
751	18	504	863
744	14	511	876
741	11	511	868
748	17	509	873
748	2	502	875
762	25	485	869
746	7	498	873
750	19	497	859
784	24	465	857
745	9	511	886
747	11	498	855
753	21	492	851
767	22	474	866
745	26	495	850
750	16	488	837
806	43	437	827
754	28	484	841
769	37	468	831
806	19	438	841
808	25	439	828
811	36	439	819
764	32	476	829
744	44	493	840
769	40	458	827
816	27	421	812
823	38	427	804
768	50	455	812
810	68	418	800
817	56	420	798
822	47	423	794
802	54	441	784
812	72	422	792
824	52	416	787
832	60	407	766
819	64	412	785
812	90	403	765
799	70	421	789
821	93	407	770
826	79	402	759
823	66	409	766
790	77	444	772
817	99	388	752
833	84	392	749
833	73	392	758
826	85	394	752
832	83	399	742
823	102	391	735
835	92	388	742
833	97	390	734
829	120	384	725
838	107	383	736
827	128	379	720
820	130	395	728
815	133	381	730
833	137	363	700
835	120	380	715
804	133	387	716
795	142	399	727
807	142	389	756
823	138	379	703
816	147	376	707
817	151	375	714
800	141	388	708
810	158	380	702
795	151	394	710
806	155	389	717
823	160	365	693
788	169	393	688
819	172	376	676
805	166	374	688
798	171	384	678
801	171	380	692
828	194	367	660
795	175	389	677
816	189	365	682
814	187	366	679
809	186	371	671
799	194	389	680
803	199	368	655
816	212	359	670
810	205	364	654
803	206	369	655
815	214	356	660
814	203	353	658
833	218	347	634
817	219	359	631
841	226	340	627
843	222	336	628
821	239	345	622
814	231	349	639
817	238	345	639
826	242	333	630
804	241	360	632
813	249	348	615
824	254	340	631
808	256	355	624
821	261	340	626
813	248	349	629
837	265	326	621
838	269	316	614
859	279	293	616
852	277	304	612
830	272	327	621
845	278	307	617
836	284	322	600
842	276	311	606
855	293	304	603
857	292	291	607
861	287	275	579
841	298	309	589
854	303	305	608
862	299	294	603
852	301	291	594
849	302	299	592
866	317	286	601
842	301	309	596
863	306	301	597
838	309	310	585
860	320	294	587
858	302	306	599
853	333	297	587
864	334	280	571
831	316	315	588
864	336	277	557
857	323	286	555
845	336	300	561
857	333	293	570
856	339	285	563
855	338	284	555
869	332	267	561
856	339	285	570
867	320	272	573
871	325	271	563
867	327	284	580
869	333	284	580
878	330	267	566
878	317	260	550
875	324	267	561
870	322	272	560
874	321	272	562
870	321	278	558
869	321	280	556
862	310	286	556
868	315	268	543
875	324	261	528
870	312	286	584
862	317	298	596
870	311	284	591
870	314	271	550
878	313	276	567
808	329	333	625
878	313	276	546
876	314	277	578
871	326	284	564
850	332	311	577
869	320	277	558
861	316	300	559
875	321	280	567
872	328	286	557
875	329	282	554
871	329	283	560
875	317	280	553
875	334	280	559
872	324	274	557
876	326	261	516
862	330	291	559
833	342	315	575
875	347	272	530
864	344	287	546
874	334	264	547
869	341	267	553
867	367	275	546
860	354	276	540
868	342	276	520
855	347	285	551
876	340	255	503
849	348	280	543
857	344	270	541
876	350	247	495
876	351	258	504
855	350	279	527
865	347	265	518
870	353	255	508
869	346	265	520
889	341	230	445
871	342	259	514
884	336	233	443
890	330	222	437
888	332	222	422
888	329	223	433
886	331	225	418
886	343	217	416
880	335	243	461
878	333	245	454
859	347	277	515
854	341	274	518
853	335	282	522
849	339	285	524
868	338	257	489
859	336	275	509
855	335	279	505
828	337	319	534
849	330	280	503
856	334	278	505
856	337	278	503
860	335	267	495
878	318	248	452
866	326	258	490
855	341	276	502
872	333	257	484
857	334	271	495
859	322	270	492
856	327	270	494
854	332	280	472
861	325	264	483
860	335	271	478
886	326	234	433
871	327	249	450
869	332	257	448
869	333	266	466
865	330	268	465
876	326	254	464
873	331	254	465
854	323	294	470
848	316	349	480
867	320	274	463
861	327	285	461
858	313	327	483
865	316	267	465
872	316	293	459
872	326	260	450
880	325	244	440
881	322	250	434
872	318	257	455
863	315	270	460
864	321	260	457
873	323	250	443
878	320	255	431
869	322	253	440
868	322	247	438
877	313	263	439
871	320	240	432
883	319	263	424
872	317	249	426
881	319	254	411
890	317	228	413
880	322	228	401
876	323	232	421
897	312	226	407
879	324	244	417
874	323	248	416
886	309	258	416
889	315	251	419
866	311	248	421
883	313	266	416
876	320	277	417
886	314	251	421
888	323	236	404
886	330	218	392
883	333	225	396
876	327	243	399
875	323	241	408
892	334	209	382
894	334	208	393
900	335	203	388
896	337	215	402
894	336	197	369
892	341	216	390
879	346	221	397
892	343	220	392
896	342	211	393
897	350	204	391
897	345	225	365
902	348	201	384
888	357	213	380
887	350	211	389
896	358	208	377
898	356	216	360
897	369	208	369
901	359	216	367
894	369	193	385
890	367	203	371
886	377	213	372
897	369	205	367
888	375	231	374
898	379	188	353
909	381	180	365
894	385	193	370
906	377	176	324
906	377	172	351
912	392	173	332
897	400	187	362
899	391	192	357
892	394	205	362
888	389	212	375
895	387	220	373
901	408	194	356
903	400	202	356
906	407	187	361
901	397	206	358
898	407	198	361
897	413	218	362
895	420	198	354
884	418	223	368
896	413	199	360
881	418	226	363
905	415	200	350
912	426	180	345
902	423	206	347
895	428	194	359
884	430	212	355
900	425	209	342
902	432	188	349
886	428	216	346
878	422	225	357
886	431	213	347
888	428	226	342
901	430	209	350
901	435	173	339
892	432	196	340
894	428	210	343
905	432	173	335
900	431	190	340
900	429	204	334
899	426	172	328
895	435	190	338
889	432	201	336
897	431	197	334
890	424	217	338
894	428	188	340
897	430	190	328
891	425	220	337
896	429	223	332
894	431	185	331
919	422	154	273
917	432	153	315
916	430	159	324
907	418	183	330
905	426	161	315
890	429	184	332
893	430	189	327
899	428	188	331
897	424	193	332
896	430	181	322
896	433	179	313
911	429	162	310
916	430	150	291
908	429	160	321
899	422	173	314
907	427	166	319
901	427	168	317
895	427	185	322
905	425	176	309
899	434	178	322
895	424	201	316
900	427	164	312
903	441	172	305
895	434	180	308
906	429	165	305
909	438	165	310
909	427	172	313
905	441	174	307
909	436	178	310
914	435	189	312
905	446	169	303
911	453	163	298
916	456	154	307
910	453	162	301
905	451	176	310
907	449	197	305
905	462	176	295
911	460	159	302
919	458	147	299
907	461	157	301
918	455	146	293
909	451	150	298
905	456	159	299
906	462	161	296
903	455	162	292
909	458	159	300
904	454	158	295
913	460	148	282
914	469	154	296
911	451	158	301
913	460	152	292
913	457	145	293
917	457	145	285
904	461	161	294
910	456	158	286
903	458	157	294
907	455	158	285
908	465	157	284
901	454	163	287
913	459	151	280
918	450	140	278
919	453	139	274
911	454	147	286
908	460	155	280
914	452	144	276
906	446	155	283
910	450	156	285
915	455	149	275
914	459	144	281
902	457	158	283
904	458	156	282
906	448	157	280
920	446	144	281
913	449	151	274
917	458	137	264
913	444	145	271
903	457	159	281
901	447	163	283
915	450	150	276
917	455	149	275
912	448	153	277
909	444	154	279
917	451	138	266
905	455	159	274
916	451	146	264
905	452	165	273
918	450	147	269
909	451	163	268
919	453	148	271
910	450	153	272
920	446	142	263
914	454	142	268
918	449	140	265
910	449	148	267
921	450	137	264
920	444	137	262
918	452	139	258
912	452	147	259
908	451	149	266
916	449	143	263
921	449	136	259
923	455	129	252
922	450	134	259
913	444	140	257
910	460	147	257
926	455	130	253
922	450	130	256
922	446	131	256
928	459	122	247
926	456	123	253
923	458	129	249
927	449	127	251
925	453	127	253
919	451	134	254
924	448	130	250
928	450	121	247
930	446	119	256
918	452	133	246
910	447	143	258
919	453	134	250
911	447	147	256
921	446	133	253
912	446	145	249
917	451	141	251
926	447	124	245
920	450	128	251
919	447	133	247
924	444	124	248
919	447	129	249
920	446	129	242
916	449	135	248
921	446	129	236
917	447	132	245
927	440	119	240
927	449	118	242
921	449	127	247
917	437	132	246
929	445	121	236
928	453	119	238
925	438	121	232
921	448	125	239
930	445	117	240
931	446	117	237
929	446	118	237
926	447	122	235
926	455	122	235
926	442	114	214
930	446	113	232
929	446	118	233
927	453	121	230
921	447	124	230
927	444	119	236
917	444	133	237
925	447	123	234
919	445	128	233
930	442	116	234
931	446	115	225
929	443	113	231
918	443	129	234
932	445	115	230
923	439	118	228
923	442	121	236
927	437	116	227
920	442	124	235
925	443	118	227
920	442	129	234
922	437	127	230
927	436	118	227
925	440	121	228
920	439	124	229
930	437	113	223
930	440	113	229
927	439	117	224
927	442	117	225
927	428	118	226
927	438	117	222
923	440	120	227
922	430	119	223
925	436	117	224
922	442	120	225
925	434	116	223
931	435	108	224
927	446	114	220
929	440	112	214
924	434	117	220
927	442	113	218
924	439	119	221
923	444	120	221
927	441	118	218
924	441	115	217
929	436	109	217
921	437	119	222
933	432	109	214
932	436	109	219
931	446	107	217
927	441	114	219
928	444	114	219
930	437	112	212
929	438	109	217
929	442	109	218
928	430	114	214
928	436	110	218
922	438	115	215
934	432	101	208
922	441	116	210
932	431	107	209
931	430	107	211
931	435	107	213
931	434	110	209
930	436	107	210
933	440	104	208
934	434	102	210
928	432	109	213
925	440	116	208
929	439	110	206
929	433	111	210
928	441	110	207
922	436	116	211
931	432	105	207
929	429	107	209
929	439	108	206
928	435	107	205
924	437	113	211
936	438	103	201
933	435	106	205
932	437	105	202
931	431	106	208
932	431	106	203
931	432	105	207
935	432	101	202
929	425	106	206
937	432	99	204
932	436	104	199
933	437	104	203
931	430	104	201
935	428	99	204
932	430	102	204
934	426	102	198
928	430	108	207
936	422	102	200
936	435	98	202
935	431	101	202
932	430	105	204
930	431	108	201
938	430	100	202
937	431	101	200
936	431	101	202
936	427	99	200
935	433	99	199
930	427	105	201
935	432	102	196
934	429	101	198
935	424	101	196
932	427	106	201
938	428	98	194
935	437	96	193
938	428	95	193
936	433	99	196
933	434	99	194
936	430	99	194
936	431	99	194
934	431	99	197
933	422	101	198
935	427	98	202
933	425	103	190
939	429	96	197
934	429	100	195
929	431	106	194
937	424	99	192
939	429	98	196
935	429	96	192
929	430	105	193
934	426	102	189
939	425	95	192
939	428	96	191
934	427	100	190
939	430	98	186
937	430	98	192
939	432	96	185
935	428	98	190
940	429	96	191
938	424	98	191
940	424	95	187
938	426	96	187
938	425	97	190
941	417	94	190
939	423	95	191
938	429	95	185
932	427	101	191
939	428	98	185
936	423	96	188
936	427	96	185
928	427	105	188
935	422	101	184
936	433	94	185
934	425	98	179
940	428	92	183
942	426	91	183
939	426	94	185
939	430	95	184
939	428	94	182
941	425	92	180
941	429	95	180
941	427	91	180
935	433	98	179
938	428	95	181
942	433	91	176
943	425	89	177
942	428	90	178
942	428	90	181
942	431	91	175
941	428	90	178
941	432	90	174
942	432	90	181
942	429	89	177
944	432	87	181
942	429	90	177
943	433	88	179
944	428	88	180
944	431	90	181
945	432	88	178
943	430	89	178
943	426	90	178
944	433	92	177
944	429	92	177
942	433	89	175
944	432	89	175
944	430	89	175
944	432	88	174
943	430	89	176
942	434	91	167
945	436	85	171
946	432	84	173
946	434	82	171
947	436	84	174
946	435	86	172
945	434	86	172
944	431	85	176
943	429	87	172
945	432	86	174
943	434	87	172
944	426	87	173
945	434	86	170
947	433	84	170
946	432	84	173
946	434	84	170
947	436	83	169
946	429	86	172
946	432	85	171
946	431	85	166
947	432	84	168
946	433	82	167
945	431	85	169
946	430	83	168
947	431	84	170
948	430	81	167
947	432	85	165
948	431	83	171
946	434	82	167
947	435	82	166
947	431	83	167
943	433	88	170
947	431	83	170
947	431	82	166
947	431	80	167
942	435	84	167
947	432	83	168
946	432	83	167
947	432	82	166
945	432	82	167
944	435	84	167
947	431	85	162
944	436	87	165
946	434	82	168
947	434	81	165
947	434	80	166
945	431	84	165
946	435	81	165
946	435	84	160
945	429	82	167
947	432	80	167
945	430	81	164
948	432	80	163
946	433	79	160
945	438	81	161
945	432	84	167
944	432	81	164
945	429	82	163
945	432	83	164
946	434	79	160
943	435	82	161
945	431	79	162
946	434	81	161
945	434	78	160
943	430	82	167
946	435	81	161
946	434	78	159
945	434	81	159
945	434	82	160
945	435	80	159
946	432	79	159
945	431	79	161
944	437	82	159
945	438	81	160
945	433	80	161
944	435	79	156
945	436	78	157
945	437	78	156
945	436	77	157
944	437	77	155
942	429	81	160
942	437	80	153
943	434	78	158
944	436	78	154
943	437	79	156
943	434	80	154
943	437	80	156
943	439	77	152
941	438	78	155
942	442	77	152
942	437	77	154
941	439	77	155
941	439	78	154
941	436	79	151
940	434	80	152
940	437	78	152
938	440	79	154
937	439	79	151
939	441	78	156
936	440	80	154
936	440	79	151
937	443	78	152
938	440	75	149
937	440	76	152
936	441	77	151
935	442	76	153
936	443	76	153
933	441	79	152
933	443	76	152
931	442	77	152
931	440	77	150
929	442	77	153
928	442	77	147
925	443	80	152
923	442	81	148
918	442	86	154
915	444	86	147
913	443	83	147
908	444	85	145
903	445	89	148
895	446	85	145
889	447	92	147
880	443	86	150
876	449	87	146
868	449	87	147
862	456	85	143
861	450	82	146
860	449	77	145
856	447	81	151
858	450	78	145
857	450	79	149
862	448	75	145
862	452	79	146
865	452	82	143
867	451	79	146
864	454	83	148
872	452	79	146
874	449	82	143
878	450	79	146
882	450	77	144
884	451	79	148
884	451	81	147
888	450	79	144
892	455	75	145
893	455	76	142
894	452	76	141
893	454	77	147
897	452	74	143
896	453	75	143
897	455	75	142
896	454	74	140
898	455	75	144
898	452	76	142
900	451	73	145
900	452	74	142
901	452	75	143
901	451	73	145
903	453	74	142
902	455	72	141
903	455	72	142
903	454	71	140
904	454	72	144
902	452	72	142
902	455	73	143
901	453	73	141
901	452	74	146
902	451	74	140
902	451	73	145
904	452	71	139
902	452	74	143
907	454	70	138
905	453	70	138
905	455	70	141
903	452	72	140
906	454	69	140
905	457	72	140
902	455	75	139
907	454	70	138
905	453	71	141
905	453	72	139
905	454	71	138
905	454	71	141
903	453	74	139
908	454	69	142
905	452	71	139
908	450	69	141
907	452	71	139
905	452	73	140
907	451	72	139
906	454	72	139
907	452	70	136
908	454	72	138
905	452	76	137
903	454	77	141
906	449	74	138
905	454	74	135
906	452	74	141
907	453	71	138
908	454	70	138
908	455	69	134
908	456	70	135
908	457	68	133
907	456	71	138
906	454	73	137
906	456	73	132
907	454	71	136
907	454	72	137
910	453	68	135
908	456	71	136
907	456	74	132
909	456	71	137
904	455	76	135
909	456	71	132
910	457	68	136
910	456	69	133
910	457	69	136
910	457	67	133
909	454	69	135
910	457	69	135
910	456	68	132
910	456	68	136
909	457	68	131
907	458	71	136
907	456	71	135
908	456	71	135
909	456	71	131
909	457	70	136
908	456	69	132
910	459	68	133
907	457	71	137
910	456	67	132
909	459	70	133
907	458	71	132
909	457	69	131
908	457	69	130
912	460	66	131
910	460	67	133
904	459	73	134
907	458	70	129
910	456	68	135
909	459	69	128
908	458	70	131
909	457	69	129
910	457	68	133
910	458	68	130
910	460	69	128
909	460	70	129
908	458	73	129
906	457	73	133
908	457	71	133
910	456	69	129
909	459	68	131
910	456	70	127
909	459	69	129
910	456	68	129
911	458	67	131
911	458	65	129
911	458	65	131
910	457	66	132
911	456	67	132
908	463	69	129
910	461	68	129
905	459	72	130
912	459	66	129
910	459	67	125
913	461	65	128
910	460	69	126
912	460	66	126
911	458	67	129
912	461	65	127
909	463	69	122
911	459	67	126
912	462	66	128
911	459	66	127
912	461	64	129
909	460	68	125
905	459	74	133
910	461	70	126
908	459	69	126
913	459	63	127
912	460	63	128
911	460	67	124
912	460	65	128
910	459	68	128
911	458	67	126
911	462	67	128
912	458	66	125
912	461	63	127
911	459	66	124
911	462	68	126
911	464	66	123
910	460	66	124
912	460	65	125
911	460	67	127
911	461	66	123
912	460	65	127
911	459	67	123
910	463	66	125
913	462	62	127
911	463	65	124
908	463	68	122
911	460	66	123
911	463	65	123
911	461	65	124
912	460	65	123
910	463	66	126
912	461	65	123
911	462	67	123
909	463	70	122
913	463	63	121
912	461	65	123
913	464	64	120
912	463	67	122
911	461	66	124
911	462	66	120
912	465	65	121
912	462	64	120
912	462	65	123
911	464	67	121
912	462	64	121
913	465	64	122
911	464	66	122
912	459	65	122
909	464	68	122
908	463	69	122
904	465	73	123
912	463	65	122
913	461	63	122
908	465	68	122
912	461	65	121
910	465	68	121
914	466	63	118
913	463	64	121
911	464	65	119
912	463	65	121
914	464	65	119
912	465	66	120
913	462	63	119
912	464	64	122
912	463	64	120
913	466	63	120
910	461	65	120
911	465	64	118
912	463	64	120
910	466	66	117
911	465	67	121
912	465	63	120
913	463	63	120
911	463	65	119
913	465	62	117
915	464	60	118
913	466	63	120
913	466	63	118
913	465	65	120
913	465	66	120
914	464	64	119
911	465	66	116
910	466	68	118
911	466	68	117
915	461	61	118
913	466	63	115
912	464	66	117
914	467	64	117
913	464	66	123
911	469	65	114
915	461	61	119
914	465	62	120
913	465	65	117
910	465	69	117
909	464	66	118
913	465	62	117
916	466	61	118
914	464	63	121
911	471	65	122
914	466	63	118
914	464	62	120
914	468	62	116
914	466	62	117
915	464	64	121
911	467	66	118
914	465	62	119
914	465	63	120
913	465	62	117
915	468	60	116
915	467	59	115
911	467	63	115
915	464	60	116
914	467	61	116
914	467	61	114
914	465	63	116
912	467	63	114
915	464	62	121
913	468	62	116
913	468	62	116
912	464	64	115
910	468	66	116
913	464	62	119
912	466	64	118
914	464	62	115
914	465	61	116
913	466	64	114
912	465	64	115
908	466	68	113
913	470	63	112
913	465	62	113
917	466	56	116
912	468	64	114
915	466	59	111
910	467	65	117
914	466	62	114
915	467	61	111
913	467	62	114
914	469	62	112
913	467	62	113
916	468	60	114
915	466	59	116
912	467	64	113
916	471	60	110
915	468	59	111
915	472	59	108
915	468	60	108
914	467	61	112
915	470	60	108
914	468	62	110
913	471	63	108
913	469	62	113
910	469	67	109
913	469	63	109
914	471	62	108
916	466	59	111
914	470	61	108
916	467	59	111
912	472	62	109
913	469	61	110
917	473	58	107
914	470	61	110
916	472	59	107
914	471	62	108
914	471	62	106
915	470	60	106
913	472	61	107
915	473	59	108
915	469	57	110
911	474	63	109
915	471	59	108
915	471	59	108
912	470	63	109
914	473	61	107
914	469	63	106
915	471	60	106
915	472	60	105
916	468	59	108
914	469	61	111
916	468	60	108
914	471	60	109
912	471	64	109
915	471	61	110
915	469	61	110
913	472	64	107
913	473	63	107
913	472	63	109
914	471	61	107
914	472	62	106
915	472	61	108
915	471	60	106
913	470	64	107
910	470	67	108
916	474	60	104
915	473	59	105
913	471	62	110
914	472	60	108
916	472	59	106
913	473	61	105
917	471	58	108
916	472	58	105
917	472	59	107
914	473	61	106
914	474	63	106
916	472	57	105
917	472	57	106
911	475	64	108
915	473	61	103
917	472	58	106
916	473	60	106
915	471	60	105
912	472	66	107
913	472	64	106
914	472	62	106
914	473	62	106
914	472	62	106
915	473	61	104
916	474	56	104
916	471	56	105
915	473	59	105
916	472	58	105
914	475	61	104
913	473	59	104
916	474	57	102
917	472	56	104
914	474	62	103
917	475	58	102
917	470	57	102
918	473	55	102
918	474	55	103
914	475	59	100
917	472	57	102
914	475	60	103
916	475	58	102
917	473	57	101
915	476	59	100
917	476	58	101
914	474	61	104
914	476	61	102
918	474	56	105
919	476	56	101
917	474	57	101
913	475	61	102
918	475	56	103
918	474	57	101
915	477	62	103
919	479	52	100
916	478	55	99
915	476	57	100
912	476	60	100
917	474	56	102
915	475	59	100
914	474	58	101
914	475	59	101
913	474	61	101
917	477	56	99
917	475	57	100
916	474	57	101
917	475	57	102
913	475	60	102
915	475	59	102
917	477	55	99
914	477	59	99
918	476	53	99
919	478	53	98
919	475	52	99
920	479	53	97
917	474	56	98
920	477	52	101
919	477	51	99
918	477	53	98
915	475	56	100
913	479	59	96
919	477	53	100
915	478	57	97
917	479	54	97
917	475	56	99
918	478	55	97
916	476	58	99
913	477	60	98
917	476	55	99
916	477	56	98
916	476	56	98
913	477	58	97
914	475	57	98
915	477	57	98
915	478	57	96
913	479	60	97
917	477	54	98
913	476	59	99
915	478	57	99
915	480	59	97
917	477	56	99
917	479	56	98
916	477	58	97
916	478	58	98
915	478	58	97
912	479	61	97
917	480	55	97
917	480	55	97
915	478	56	97
918	477	54	97
914	476	57	104
916	481	55	98
917	477	55	99
913	478	59	98
917	478	54	98
919	476	52	100
919	478	53	100
917	478	54	97
912	479	60	99
917	480	55	98
917	478	55	97
914	478	59	98
919	478	54	97
916	477	55	100
916	477	57	100
921	480	52	96
917	477	56	98
912	478	59	98
917	476	53	97
914	480	57	97
917	478	53	96
914	479	58	96
917	479	54	96
913	479	60	97
916	481	56	95
918	477	53	96
918	478	53	94
916	481	56	95
918	480	55	93
916	481	60	96
917	480	54	95
915	481	57	94
920	478	51	94
916	480	55	95
919	476	51	95
914	481	57	96
920	477	51	96
916	480	55	97
921	478	50	96
919	480	52	97
916	479	56	95
919	478	53	96
915	478	58	96
920	481	51	94
914	479	58	95
921	479	51	95
920	478	53	96
915	480	57	98
919	482	52	94
917	481	55	94
913	480	57	95
919	483	52	94
919	479	54	95
914	478	61	97
918	484	56	94
919	480	52	96
917	479	56	95
913	479	58	94
918	477	52	94
913	481	57	95
917	479	53	94
918	480	53	92
914	482	56	95
919	482	50	94
914	481	56	94
919	482	51	93
920	480	51	94
917	481	54	95
916	482	56	94
920	481	51	95
918	482	57	94
918	482	54	92
916	483	59	92
914	481	58	94
918	482	54	93
919	480	52	94
914	481	57	95
919	483	53	92
914	484	58	92
919	483	53	92
914	482	58	93
920	483	50	94
921	483	51	92
916	482	59	91
919	484	53	91
918	483	53	92
916	483	55	92
918	482	53	93
914	483	56	91
915	484	55	91
917	481	53	92
917	482	56	91
914	483	58	91
918	486	54	90
916	483	53	92
922	483	48	90
916	486	56	90
916	485	55	90
914	484	57	90
920	483	51	92
916	485	53	89
914	486	57	90
919	485	49	90
915	485	55	90
920	484	49	88
915	485	54	88
922	483	47	91
916	486	55	91
919	485	52	90
915	485	56	89
917	483	53	90
918	484	53	90
915	485	55	90
917	486	52	90
922	485	48	89
915	484	56	91
915	483	56	91
918	483	54	91
916	484	54	91
920	485	50	90
915	485	57	90
918	486	53	90
916	486	54	89
917	486	54	89
921	483	49	89
916	485	53	90
921	483	48	91
915	483	55	93
918	483	53	93
915	486	56	89
917	485	52	90
921	483	49	91
916	485	56	90
919	487	53	90
916	486	56	90
920	486	50	90
917	488	57	89
916	486	55	90
921	485	49	89
915	486	57	88
917	485	56	90
918	487	54	88
915	486	57	90
919	486	53	87
914	487	58	87
919	486	52	89
917	487	57	89
917	487	54	88
919	486	53	89
917	486	55	88
918	487	55	89
919	487	51	89
915	488	56	87
921	489	48	87
918	487	54	90
915	485	56	89
918	486	52	88
923	486	47	87
919	489	51	86
920	487	49	88
917	486	54	90
916	487	53	88
917	489	52	85
920	486	50	87
915	487	56	86
920	487	50	87
915	489	58	86
920	490	50	86
917	489	53	85
916	487	52	88
920	485	49	87
915	489	55	86
915	488	54	87
921	486	49	87
916	489	55	84
915	489	54	85
920	488	47	86
915	488	54	86
916	488	54	86
914	488	54	87
916	486	51	89
920	487	50	87
916	489	56	85
917	488	52	87
919	488	50	86
915	489	55	84
914	486	54	87
917	487	53	87
918	487	53	87
920	489	51	85
918	492	54	84
917	489	53	87
917	487	53	86
922	489	48	84
917	488	53	86
919	488	51	86
915	491	54	85
919	488	50	87
919	487	51	86
916	490	55	84
919	488	51	85
920	488	50	83
918	490	52	83
915	490	55	83
920	489	49	84
915	488	55	86
919	489	51	84
915	489	54	86
915	489	53	85
920	488	48	85
918	486	49	84
919	489	48	86
919	492	50	83
918	489	51	85
919	488	50	85
919	488	51	86
918	489	53	85
916	489	54	85
919	486	52	85
916	490	55	84
921	488	50	85
919	489	51	84
921	489	50	84
918	491	53	84
920	490	49	83
918	489	51	84
919	491	50	84
920	492	50	82
917	491	52	83
919	491	50	83
918	491	50	83
920	491	50	82
919	489	51	84
919	492	52	82
921	490	49	84
918	491	54	82
921	490	48	82
918	490	52	84
920	491	50	83
918	490	52	84
920	492	50	82
920	492	49	82
917	489	54	83
920	487	50	84
921	490	48	83
920	491	51	83
918	490	52	84
921	491	49	81
918	490	52	82
920	490	50	82
919	491	51	83
917	491	52	83
920	490	49	84
920	491	47	84
921	493	46	82
919	490	46	82
918	490	51	83
920	490	50	82
918	489	55	84
919	490	53	86
920	491	47	83
920	492	50	82
918	492	51	81
919	490	50	82
918	490	53	81
918	490	53	83
917	490	51	82
919	491	50	82
918	490	52	83
919	494	51	81
919	493	49	82
920	491	48	83
919	489	49	82
920	491	51	80
922	491	47	81
920	490	52	83
920	492	49	81
918	491	52	82
918	492	51	81
918	492	52	82
919	492	48	81
920	492	48	80
920	491	48	82
917	492	52	81
919	492	51	82
919	492	50	81
920	493	52	81
918	494	50	79
919	491	50	81
918	491	53	82
917	491	50	83
921	491	46	81
917	493	51	79
918	492	51	80
919	491	49	79
919	491	49	80
918	492	51	80
918	492	50	80
922	491	44	81
918	492	49	79
921	493	48	80
919	493	49	79
919	493	49	80
920	492	44	80
920	490	46	81
919	492	45	81
922	491	45	80
919	493	47	80
920	489	46	81
918	492	48	80
921	491	44	81
918	491	47	81
918	491	48	81
921	490	45	80
918	493	49	81
918	489	47	82
919	491	48	79
918	493	49	80
918	490	48	82
920	493	49	80
919	493	48	78
917	493	50	80
917	491	51	80
920	491	47	79
919	491	47	80
918	491	49	81
918	493	49	80
917	492	50	81
917	492	49	81
916	492	50	82
918	493	46	81
921	492	45	80
920	492	47	79
919	493	51	78
920	494	47	78
918	493	48	79
920	494	45	77
916	494	50	79
917	495	47	79
920	492	47	79
918	492	49	79
921	493	44	78
917	494	51	78
919	495	47	79
919	493	48	80
920	493	48	79
922	494	47	78
921	494	43	77
921	495	45	79
920	494	45	77
922	493	44	77
919	494	47	77
920	495	47	78
920	493	48	81
919	496	49	78
921	492	47	80
922	493	45	78
920	494	52	79
919	494	47	79
920	494	47	79
921	492	46	81
920	493	49	81
921	497	47	78
920	494	49	79
921	497	48	78
920	496	47	77
919	495	49	79
920	496	47	78
919	493	49	79
922	498	46	77
920	496	45	76
922	494	45	77
919	497	49	78
923	496	45	79
920	494	45	78
918	497	49	78
920	494	47	79
922	494	47	78
922	495	43	76
920	493	46	78
922	494	43	78
921	495	43	75
918	496	49	79
920	497	46	77
922	496	44	76
920	496	49	76
922	496	45	76
920	496	48	75
920	497	47	76
921	498	45	76
920	497	45	76
921	494	45	77
921	497	46	74
919	497	47	75
920	497	45	75
921	496	45	77
921	495	46	76
921	497	47	76
920	495	47	78
920	494	48	75
921	495	49	77
919	496	53	76
919	495	53	78
920	497	50	77
918	498	49	75
920	497	46	77
918	496	47	76
920	496	45	75
919	497	45	74
919	497	46	75
920	498	44	75
921	496	43	75
919	497	48	75
919	495	47	76
921	496	49	77
920	497	43	74
921	494	45	76
922	495	44	76
919	495	47	76
921	494	45	77
922	495	45	76
920	496	49	76
918	497	49	74
919	495	46	76
921	499	44	76
918	496	47	75
920	495	43	75
919	497	45	73
921	496	43	74
921	496	44	75
921	495	44	75
921	495	45	75
922	496	45	75
921	496	45	76
922	495	43	75
922	496	43	74
922	496	43	75
923	495	44	74
920	497	49	75
921	496	45	76
921	495	47	76
920	496	43	75
921	495	45	76
922	498	44	74
921	495	44	76
921	496	45	75
921	497	45	74
922	496	42	74
920	496	46	74
921	497	45	74
920	497	47	75
921	497	45	76
919	497	45	74
920	497	44	73
921	493	43	78
922	494	42	76
918	495	46	77
921	495	44	76
923	496	43	75
922	497	43	73
922	496	42	74
922	496	45	73
921	497	47	73
921	497	46	73
921	497	44	73
921	497	46	73
921	497	47	74
921	497	45	73
923	498	43	72
919	495	48	73
921	496	47	74
921	497	43	73
921	500	44	71
921	496	44	73
922	497	43	73
923	497	41	71
920	498	45	72
922	496	43	73
922	496	45	72
922	497	45	74
921	495	47	73
922	495	47	73
922	497	43	74
920	497	45	72
923	497	44	73
923	499	43	71
922	497	45	74
922	498	44	72
922	498	44	73
922	496	43	72
920	496	45	73
922	495	42	74
922	495	45	73
923	497	44	72
922	497	44	71
923	497	43	73
924	497	42	73
923	497	44	71
922	498	46	72
920	497	49	74
923	498	40	72
922	498	42	72
924	498	39	71
922	496	43	72
923	496	42	72
922	496	42	72
921	494	45	73
922	496	46	73
922	496	45	71
924	499	42	70
922	499	43	70
923	498	41	72
922	500	43	69
920	498	43	70
923	498	42	71
921	498	42	70
923	498	41	70
923	499	42	69
921	498	44	70
923	497	42	71
920	495	47	71
924	494	41	74
923	495	43	72
921	497	46	71
921	498	46	72
922	499	43	71
922	496	43	71
922	497	45	70
922	496	44	72
922	497	43	71
923	497	41	71
924	497	41	71
923	498	42	71
924	497	42	72
923	501	42	70
922	500	43	70
922	498	41	70
921	498	44	71
923	498	44	71
923	498	42	71
922	497	44	70
923	499	43	70
923	499	45	70
923	498	42	71
923	499	41	69
922	495	43	72
923	497	42	73
923	498	41	70
923	498	42	71
922	499	42	68
924	498	39	69
923	497	40	69
923	497	42	71
922	496	42	71
921	498	43	69
922	498	44	70
923	498	42	70
922	498	42	71
922	500	43	70
922	498	42	71
923	499	40	69
925	499	39	69
922	502	43	67
923	498	43	70
924	500	42	67
923	499	42	70
923	500	42	67
924	499	41	70
923	501	43	69
922	499	43	71
923	499	41	71
921	501	45	68
922	499	44	71
922	499	44	69
923	499	42	69
923	501	44	71
923	496	42	71
923	497	43	71
923	498	40	73
923	499	41	71
923	499	41	69
924	497	39	72
922	499	42	70
923	499	41	69
924	499	40	69
924	500	42	69
922	500	43	69
923	499	43	69
922	500	45	68
922	500	43	68
923	499	41	69
923	499	41	70
923	499	42	72
922	501	46	70
921	502	42	67
921	501	45	69
923	498	40	72
923	500	42	68
923	500	41	70
922	500	44	69
922	502	44	68
922	501	43	70
923	500	45	70
923	501	44	70
922	501	45	68
922	500	45	71
924	501	42	70
923	501	42	69
923	501	43	68
921	500	48	69
923	503	41	67
922	501	42	68
922	498	42	69
921	500	46	69
923	500	45	70
922	501	44	68
923	501	43	69
922	499	44	71
922	501	44	69
923	501	43	69
923	501	45	69
923	500	42	69
923	499	42	70
923	500	43	69
924	499	41	69
922	499	42	70
922	499	43	70
922	500	42	71
923	497	43	73
923	499	42	70
922	500	45	68
922	499	44	72
922	499	42	71
924	500	40	69
923	499	42	69
923	502	42	67
923	500	42	70
923	500	42	69
922	501	43	69
922	500	43	70
922	500	44	70
921	502	45	68
922	502	44	69
924	500	42	70
922	499	46	68
924	501	42	68
924	502	41	66
924	500	41	68
924	501	41	67
923	501	43	66
922	500	45	67
923	502	44	66
923	502	42	67
922	502	43	69
923	503	40	65
923	501	41	67
923	502	41	67
923	500	42	67
923	500	45	68
922	500	43	67
921	499	45	69
923	499	41	69
922	499	43	67
923	502	45	67
923	501	42	67
921	501	44	66
924	500	41	69
924	501	39	67
924	503	39	65
923	500	43	67
923	501	42	67
923	499	41	69
922	501	44	65
923	501	40	66
924	501	40	67
924	501	40	66
925	501	40	67
923	502	44	67
925	502	38	68
923	501	41	67
923	503	42	66
925	501	39	67
923	501	41	66
925	501	39	67
924	502	39	64
923	502	41	65
924	502	43	65
924	500	43	68
924	501	41	68
922	503	43	65
923	505	43	66
923	503	43	65
924	502	40	66
922	503	41	66
922	502	40	67
921	502	42	66
923	502	40	66
920	503	44	65
923	502	39	65
923	502	40	65
923	502	43	66
923	501	42	66
924	501	41	65
923	502	41	65
923	503	44	64
923	502	42	66
924	502	41	65
924	503	41	63
923	503	41	65
923	502	45	67
923	503	45	67
924	502	39	65
923	502	44	66
925	503	37	66
924	502	38	65
923	503	40	66
923	502	40	66
922	501	42	67
923	502	40	66
924	503	41	65
923	502	42	67
923	502	42	67
923	502	41	67
923	502	41	65
925	505	39	64
925	503	37	65
925	504	39	65
925	505	38	62
923	505	43	63
923	505	41	65
923	503	42	65
924	505	39	64
922	506	43	64
922	505	43	65
923	506	43	64
923	504	43	65
923	506	40	63
923	506	41	64
923	506	43	63
924	505	40	64
922	506	40	62
922	506	39	63
923	504	41	63
923	508	39	63
924	506	39	63
923	504	39	64
923	507	39	62
921	507	41	62
920	506	43	64
921	505	43	66
923	506	41	64
923	506	39	63
923	505	40	64
923	505	40	62
924	505	40	63
923	505	41	63
923	502	40	67
924	506	40	62
923	506	39	62
923	506	41	62
922	505	43	64
923	508	42	64
922	505	43	63
921	506	44	64
923	505	42	63
922	505	42	64
923	506	39	62
923	507	38	62
924	507	39	63
924	507	40	62
924	508	42	62
924	507	41	64
925	508	40	62
923	508	40	61
924	508	40	61
924	506	40	62
923	506	38	63
924	507	38	62
922	506	42	62
923	506	41	62
925	507	40	61
923	507	41	62
924	506	40	62
924	507	39	61
925	507	37	63
922	507	44	63
924	508	42	62
924	507	39	60
925	507	37	61
924	506	36	62
924	507	36	61
924	505	38	62
925	507	37	61
925	507	37	60
923	507	40	60
922	507	42	61
924	507	38	61
924	508	40	61
925	507	39	59
924	507	39	60
924	508	39	61
922	507	42	62
924	507	40	61
924	505	38	61
926	507	36	61
922	506	42	60
924	507	39	61
924	507	40	60
924	507	37	61
924	507	39	60
924	507	39	61
925	507	39	60
922	507	40	60
924	506	39	63
924	506	40	61
924	507	38	61
924	508	39	61
922	507	41	60
923	507	40	60
921	506	41	62
923	507	39	60
922	507	42	61
924	506	41	62
924	507	39	59
924	506	39	60
925	508	39	60
924	506	40	60
925	506	37	60
923	507	42	60
924	507	41	60
924	506	41	61
925	507	35	60
924	507	41	60
924	508	42	60
924	507	42	62
923	508	40	61
923	507	40	60
923	505	38	61
924	506	38	60
925	507	39	61
925	508	37	60
923	508	40	59
923	507	40	60
921	506	40	61
923	506	39	61
924	506	37	60
924	506	38	61
925	508	37	59
924	509	38	58
923	507	40	61
924	508	39	61
922	506	44	62
923	507	39	63
924	509	38	61
924	508	38	59
924	509	38	60
924	507	38	61
924	507	37	60
924	507	36	61
922	507	38	60
922	508	39	60
922	508	42	62
923	506	40	59
923	507	40	60
922	507	41	59
924	507	41	60
924	507	41	60
924	506	39	61
924	507	38	60
923	507	43	59
925	507	38	61
924	508	40	59
924	507	38	60
924	506	39	59
924	508	40	58
924	508	38	59
924	507	38	59
925	508	38	60
924	507	39	60
924	508	38	58
924	509	39	58
923	508	40	59
924	507	38	59
924	508	38	60
923	508	40	59
924	507	39	60
923	507	41	60
924	508	38	59
924	507	39	59
923	508	41	58
923	508	37	57
925	507	35	57
924	508	38	59
924	508	41	59
925	509	38	58
924	509	38	59
923	508	40	58
925	508	39	60
923	509	41	59
924	509	42	59
924	508	40	61
924	509	39	59
923	508	42	61
924	507	39	59
924	507	40	60
924	507	38	60
924	508	38	59
922	508	38	58
924	507	38	61
924	507	39	58
923	507	40	58
924	507	39	58
923	508	39	58
924	508	37	59
923	508	40	58
924	511	40	57
923	508	41	59
924	508	40	58
924	508	36	58
924	508	39	59
924	508	39	58
923	510	39	59
922	507	42	59
923	507	39	59
924	509	39	58
921	508	41	58
922	506	41	60
924	507	39	60
924	508	40	58
924	508	36	58
925	509	37	59
923	509	41	58
924	509	38	57
922	509	43	58
924	509	40	59
924	509	36	58
924	510	37	58
922	509	41	58
923	508	41	57
925	507	37	60
924	508	39	58
923	506	40	59
923	508	40	58
924	507	41	59
925	508	36	58
923	508	40	59
923	509	42	58
922	509	40	57
921	509	42	58
923	508	40	56
923	508	41	58
924	507	38	58
924	508	39	57
924	508	40	59
925	510	37	58
923	508	41	59
924	509	39	56
925	509	36	59
925	509	39	58
922	509	39	58
922	510	40	58
922	508	42	58
923	508	39	60
922	507	40	59
923	508	41	57
924	508	38	58
924	508	39	58
924	509	41	57
923	508	40	57
924	507	39	58
924	508	40	59
923	508	41	57
924	509	37	56
924	509	39	57
923	508	39	57
923	508	42	58
924	508	38	57
924	508	39	58
924	507	41	57
925	507	36	57
925	508	37	58
924	508	38	57
925	508	37	59
925	509	36	56
924	508	37	56
924	508	36	56
925	508	36	56
923	508	40	57
924	509	38	57
924	509	38	57
924	507	40	58
924	508	39	58
924	509	36	56
924	509	37	57
923	508	38	58
922	510	41	58
924	509	40	57
924	508	39	58
924	509	40	57
923	508	37	55
923	507	38	58
923	508	39	56
923	506	41	59
924	508	41	58
923	510	41	56
924	509	40	57
925	510	38	56
924	508	40	57
924	509	42	57
925	510	37	54
925	510	37	57
925	509	37	57
925	510	38	58
925	509	38	57
926	509	36	56
926	508	37	58
926	508	35	58
926	510	37	57
926	510	36	56
926	510	37	57
926	510	39	57
926	509	37	57
926	510	36	57
926	510	37	57
926	510	37	57
926	509	38	58
926	510	39	57
927	510	40	57
926	510	37	56
925	510	40	58
927	509	40	58
927	511	37	57
926	510	39	56
926	510	37	58
927	510	37	58
927	511	36	56
927	511	36	56
926	510	39	57
927	509	38	59
926	510	35	58
928	508	33	59
928	510	33	57
927	511	35	57
926	509	40	57
928	510	35	57
927	510	37	56
929	509	34	57
926	510	38	55
926	510	38	58
926	509	39	57
926	510	40	57
926	510	38	57
926	509	40	56
927	510	39	56
926	510	37	56
926	510	37	56
926	510	39	57
926	509	40	57
927	508	36	57
927	511	36	56
926	510	39	55
927	509	38	56
927	509	38	57
927	511	37	56
927	511	39	55
928	510	34	56
929	510	34	56
927	510	38	56
927	511	38	57
927	509	37	55
926	509	39	56
927	509	38	57
926	509	40	59
927	510	36	56
928	511	33	55
926	509	39	56
926	510	37	56
927	509	36	56
927	509	37	56
927	509	35	56
928	510	34	55
926	509	37	56
927	510	38	57
926	511	37	57
927	511	36	55
927	509	39	56
927	509	40	57
927	509	35	57
926	508	37	57
927	509	36	57
928	509	34	57
926	509	36	55
927	509	35	57
927	509	37	58
928	510	38	56
926	509	44	58
927	510	36	56
926	511	38	55
927	510	36	57
926	510	37	56
926	510	37	55
928	511	34	56
927	512	37	56
928	509	36	57
927	510	36	55
928	510	35	55
928	509	34	55
926	511	36	53
927	510	35	54
927	511	36	55
928	510	34	55
926	510	36	56
927	510	36	55
928	510	36	55
927	511	37	55
928	510	36	55
927	509	37	56
927	509	35	55
927	509	36	56
927	510	37	56
928	510	35	54
927	511	34	53
927	511	35	55
927	510	36	55
927	511	35	54
927	510	36	54
927	509	36	55
927	510	37	55
927	510	37	56
926	511	37	55
927	510	37	55
928	510	35	56
927	511	36	54
927	510	35	55
928	511	33	54
927	510	34	56
928	511	34	55
927	510	36	56
927	510	36	56
928	511	33	54
927	509	35	55
926	509	36	56
927	510	36	54
927	510	38	55
928	510	33	54
927	511	34	52
928	510	33	53
927	510	33	54
927	510	35	54
927	511	35	54
926	511	37	55
927	510	36	55
927	511	36	56
927	510	36	57
928	510	34	55
927	510	35	55
927	510	34	55
927	510	36	54
927	509	36	56
928	511	34	54
927	511	36	53
926	511	39	55
927	511	33	53
927	510	36	54
927	513	34	53
927	511	33	53
927	510	35	54
926	511	36	54
927	510	34	54
926	510	35	53
927	511	34	54
926	511	35	54
927	510	35	54
927	512	35	53
927	511	35	54
926	511	36	54
927	510	35	55
927	510	34	55
925	510	37	54
927	510	37	55
926	511	36	53
927	511	36	53
927	511	35	53
927	511	35	53
926	512	37	53
926	511	35	53
927	510	36	54
927	511	35	54
926	511	35	54
926	511	38	53
926	512	35	52
926	511	36	52
926	511	35	53
926	510	36	54
927	510	34	54
927	510	35	54
926	510	35	54
926	509	35	55
927	510	37	55
926	511	35	54
927	510	33	55
927	510	34	55
927	511	35	53
927	511	34	54
926	511	37	55
926	512	37	53
926	510	36	53
926	511	34	53
927	511	34	53
927	511	34	53
927	511	33	53
926	511	34	52
926	510	35	53
926	510	37	54
926	510	37	55
926	510	36	55
926	509	34	57
926	510	37	55
927	511	38	54
926	511	34	54
926	511	35	54
926	511	38	53
926	510	37	56
925	511	37	55
927	511	35	54
926	512	35	54
925	511	36	54
926	510	35	54
926	511	36	53
927	510	35	55
926	512	36	54
926	511	35	54
926	510	35	54
926	511	35	53
925	511	35	53
926	511	37	54
926	511	35	53
926	510	35	54
926	511	34	53
925	511	36	54
924	510	36	54
927	509	34	54
926	510	36	53
926	510	36	54
926	511	37	53
927	510	34	53
926	511	35	53
925	511	38	53
927	510	34	53
926	511	33	53
926	510	35	53
927	510	34	55
926	511	34	54
926	511	35	52
926	512	34	53
925	511	36	54
925	510	36	53
926	510	35	54
926	510	35	53
926	509	34	54
925	510	35	53
925	510	35	53
926	510	33	53
927	510	33	54
925	510	36	52
926	510	34	52
926	510	34	54
925	511	36	53
925	510	35	52
927	511	34	54
926	512	35	51
926	511	35	52
926	511	34	52
926	511	35	52
926	512	35	50
926	511	34	51
926	512	35	51
926	511	34	52
926	511	35	52
926	512	34	51
927	512	34	50
925	512	35	50
926	512	34	51
927	512	34	51
927	512	35	52
925	512	34	52
926	511	34	51
927	511	33	53
926	511	33	53
926	511	34	52
926	510	35	52
927	511	34	52
926	512	34	52
925	511	35	52
926	512	34	51
927	513	35	49
926	512	34	51
926	512	33	52
927	511	34	51
926	511	35	52
927	510	33	53
927	512	34	52
926	512	34	52
927	511	35	52
927	512	34	51
926	513	34	50
926	513	35	51
926	513	34	50
926	511	34	51
927	511	35	50
927	511	33	51
926	511	35	50
927	512	34	49
927	513	34	49
925	511	35	51
926	512	34	51
926	512	34	52
926	511	34	51
926	511	34	52
926	511	34	52
925	512	35	51
926	513	35	49
926	512	35	50
926	512	34	50
926	512	34	51
926	513	34	50
926	512	35	51
926	513	35	50
926	514	34	49
926	514	35	49
926	513	35	51
926	511	36	53
926	513	36	50
925	513	36	49
926	512	34	51
927	513	34	50
926	513	35	50
927	513	34	50
926	513	35	50
926	512	35	50
927	513	35	50
926	512	35	50
926	513	34	50
926	512	34	50
926	513	35	50
925	513	35	49
926	513	35	48
925	513	35	49
926	514	33	49
926	513	33	50
925	513	35	49
926	513	34	49
926	513	35	51
927	513	36	51
927	513	33	51
925	512	35	50
926	512	35	51
925	514	35	49
927	513	34	49
926	513	34	50
926	514	34	50
926	513	34	50
926	513	34	50
926	514	33	48
926	517	33	48
926	517	31	49
925	518	34	49
926	517	33	50
926	518	35	51
926	521	34	49
926	524	33	46
927	525	34	48
927	525	34	48
928	526	33	49
929	526	32	49
928	525	32	50
927	527	33	50
926	528	35	50
926	532	34	49
928	532	32	49
928	533	32	49
927	534	33	49
928	534	32	50
927	535	34	50
927	536	35	51
927	540	34	49
929	540	35	49
927	542	33	49
927	543	34	49
928	542	32	49
928	543	32	49
929	541	32	51
927	542	35	50
928	545	35	48
928	547	34	47
928	546	33	48
929	547	32	48
928	547	34	48
928	547	32	49
929	548	32	47
928	548	33	49
929	548	33	48
928	548	33	49
928	547	35	48
928	548	34	49
928	549	36	49
927	548	36	49
927	548	38	52
927	548	34	48
927	548	34	48
927	548	33	48
927	549	34	48
927	548	34	50
927	548	36	50
927	547	37	51
927	548	35	50
928	548	35	50
928	548	34	49
927	549	34	50
926	547	34	51
927	548	34	50
927	547	35	50
927	549	34	49
927	549	34	49
928	549	36	50
927	549	34	49
927	549	33	48
928	548	33	50
928	549	34	50
927	548	36	51
928	548	33	50
927	550	33	48
927	550	34	48
927	548	33	50
929	549	32	48
928	549	33	50
927	548	35	50
928	548	33	49
929	547	32	52
929	549	32	49
929	549	32	49
928	548	33	49
928	550	33	49
928	549	34	49
927	550	35	47
927	550	34	48
928	550	34	48
927	550	34	49
926	549	34	49
927	549	33	49
927	550	33	49
927	549	34	50
927	550	34	48
927	549	33	50
927	549	33	49
927	549	33	49
926	549	34	49
926	549	34	49
927	549	33	49
927	548	34	51
927	548	33	50
928	549	33	49
928	548	33	50
927	549	34	49
929	548	32	50
927	550	34	49
927	549	37	51
928	549	34	49
926	547	34	50
926	547	35	50
927	547	33	50
927	547	34	50
927	548	34	49
928	549	31	48
929	548	32	49
927	549	32	48
927	549	34	49
928	550	33	48
928	548	32	51
928	549	31	49
928	549	30	49
927	547	33	50
928	548	32	49
926	549	33	48
927	550	33	47
927	549	32	48
927	550	33	48
927	549	35	48
927	549	35	49
927	550	35	48
927	549	32	47
927	549	34	49
927	548	34	50
926	549	33	48
928	551	32	45
928	550	30	48
928	549	32	48
927	548	32	49
927	548	32	48
927	549	31	47
928	550	31	47
927	550	32	47
928	549	32	47
927	548	33	49
927	549	33	48
927	549	32	48
926	545	32	51
927	549	31	47
927	550	31	48
927	549	35	48
926	549	32	47
927	549	34	49
927	549	34	47
927	550	33	47
926	550	34	47
927	550	34	48
927	549	32	47
927	549	32	47
928	550	32	48
926	548	33	49
927	550	33	47
927	549	32	48
927	548	33	48
927	549	34	49
927	549	33	47
927	549	34	49
927	549	33	46
926	550	35	47
926	549	35	48
927	549	33	48
927	550	33	47
927	548	32	48
927	549	32	48
928	550	31	45
928	550	31	46
927	549	31	47
928	550	32	48
928	551	31	47
926	551	32	48
927	551	31	48
927	550	32	46
927	550	33	48
927	550	31	48
926	550	34	47
927	549	30	48
927	548	31	49
927	550	31	48
927	550	32	47
927	550	33	48
927	550	34	49
928	550	30	47
927	550	32	48
927	550	32	48
927	549	32	48
928	550	33	48
927	548	32	50
928	549	31	48
927	550	32	47
926	550	32	47
927	550	32	48
927	549	33	47
927	549	34	48
927	549	32	50
927	549	33	48
928	547	32	49
927	550	32	46
927	549	31	46
927	548	31	46
926	549	32	48
928	549	29	48
927	549	33	48
927	549	33	49
926	549	35	49
927	549	33	48
928	548	33	48
927	549	31	46
927	550	31	47
927	551	30	46
926	549	32	47
927	550	31	45
927	549	33	47
928	549	30	46
927	550	31	46
928	550	31	46
927	550	33	47
928	548	30	50
928	550	29	46
926	549	32	46
927	550	32	46
927	551	31	46
927	550	32	47
927	549	32	48
927	549	31	46
927	549	33	47
928	550	32	46
927	549	31	46
927	550	30	45
927	549	32	47
927	549	31	47
927	547	34	50
927	549	34	47
927	549	33	46
927	548	30	48
927	549	32	47
928	549	32	48
926	548	31	45
928	549	33	47
928	550	30	46
927	550	31	46
928	549	31	46
927	549	33	46
927	548	32	49
927	548	32	47
928	548	32	48
928	549	33	46
928	549	31	47
927	549	31	47
928	550	31	46
927	549	33	48
927	550	32	47
927	550	33	45
927	549	32	47
927	550	33	46
927	549	34	46
927	548	32	47
927	549	31	47
927	550	31	45
928	550	31	45
927	551	32	45
928	549	31	47
926	549	33	47
927	549	33	47
927	549	33	47
928	549	29	46
927	550	32	45
927	548	29	47
927	549	31	48
928	549	31	46
927	549	30	47
927	549	33	47
927	549	33	46
926	549	35	47
926	551	33	44
926	550	32	46
927	549	33	48
927	550	31	45
926	549	33	46
927	548	32	48
927	550	33	46
927	550	35	46
926	550	31	46
927	550	34	46
927	549	31	46
927	545	34	50
927	550	34	47
927	550	32	44
927	550	33	45
927	549	33	46
926	547	33	48
928	550	32	46
927	550	37	47
927	549	30	46
926	548	33	47
926	550	34	47
926	550	32	48
926	550	35	46
926	550	34	46
925	550	35	47
927	548	32	49
926	549	32	47
926	549	33	46
927	549	33	46
927	548	31	48
926	548	32	47
927	549	32	47
926	549	34	48
926	550	32	46
926	550	32	46
925	549	35	47
926	549	31	46
926	549	35	49
926	550	31	44
927	549	31	46
926	549	32	46
927	549	32	46
926	549	31	44
926	550	30	43
925	550	32	45
925	548	35	48
925	548	31	45
926	548	31	47
926	550	32	46
927	549	28	45
926	550	33	46
926	550	32	44
926	549	32	46
926	550	33	45
926	550	32	45
926	549	33	46
926	549	33	46
925	547	34	48
926	551	33	46
926	549	34	48
926	551	33	45
927	551	31	44
926	550	32	45
926	548	33	48
926	551	32	46
926	550	29	45
925	550	34	48
926	550	31	46
926	549	35	47
926	551	30	43
926	551	32	46
927	550	33	45
926	549	34	45
926	549	33	46
927	550	31	44
927	550	31	44
927	551	32	44
926	550	31	45
926	550	32	46
926	551	32	44
926	551	31	44
925	551	34	45
925	548	34	47
926	548	33	47
925	549	33	47
926	550	33	46
925	550	30	45
926	551	34	47
926	550	32	47
926	551	31	44
926	551	30	44
927	551	28	44
926	550	29	45
926	550	29	44
926	549	30	46
926	549	30	45
925	549	32	46
926	550	30	44
926	549	29	46
925	549	32	46
926	549	34	46
926	550	35	44
925	550	30	44
926	551	30	44
925	551	31	43
925	547	35	48
926	551	29	43
926	550	31	44
925	550	32	44
925	550	31	46
925	551	28	43
925	550	33	45
925	544	34	50
925	552	31	43
926	550	32	44
926	547	32	47
926	549	29	46
926	550	32	45
925	545	33	49
925	550	31	46
926	550	33	45
927	550	29	43
927	550	32	45
927	551	32	44
927	550	31	45
928	549	31	44
929	550	30	43
928	550	31	44
929	551	31	43
929	548	32	46
928	549	32	46
928	549	33	44
927	550	33	46
928	547	34	48
927	547	34	47
928	550	32	45
928	550	34	42
929	552	31	43
929	550	32	44
929	549	32	45
928	551	32	43
928	551	32	42
928	550	33	43
928	550	33	43
929	549	31	45
928	550	32	45
928	550	33	44
927	550	33	43
927	550	34	45
928	548	33	48
927	550	34	44
931	550	30	44
930	550	30	44
929	549	34	45
930	550	33	44
929	549	31	44
928	549	33	45
928	548	33	47
930	549	31	46
930	548	31	47
928	550	32	44
928	546	32	50
929	549	32	46
930	548	31	46
930	551	31	43
929	550	32	45
930	549	31	46
930	550	31	44
931	550	31	44
930	550	31	43
930	550	32	44
930	550	33	44
931	550	29	43
930	550	30	44
930	549	29	45
930	550	30	44
929	548	31	46
929	549	32	45
928	552	31	42
930	551	32	43
930	551	30	43
930	552	31	42
929	550	32	44
928	550	32	44
928	549	31	46
928	550	31	45
929	549	32	44
929	550	32	44
928	550	33	44
929	551	31	42
928	550	32	46
928	550	34	43
929	551	32	42
929	550	31	45
927	549	33	45
927	551	35	43
929	551	32	43
929	548	32	47
928	550	32	45
927	550	33	45
927	549	33	47
927	551	31	44
927	552	32	42
927	550	33	46
927	549	33	46
929	552	31	43
928	550	32	43
928	550	31	44
928	553	30	44
927	550	33	43
929	553	30	42
931	553	28	41
930	551	33	44
930	549	31	45
930	551	30	43
930	549	31	44
929	550	31	44
929	550	32	43
932	550	28	42
931	551	27	43
930	550	30	43
930	549	30	44
931	552	30	43
932	551	30	44
930	546	30	47
931	549	30	45
930	549	31	45
929	548	31	46
929	550	32	44
928	548	32	46
928	549	32	44
929	551	32	42
929	551	32	43
928	551	32	43
929	550	30	43
929	550	31	44
930	550	29	43
929	550	30	43
930	549	31	43
928	547	32	46
928	549	32	45
930	550	30	43
929	551	31	43
929	549	30	43
929	552	30	41
928	552	31	41
928	550	31	44
929	548	31	44
929	551	31	42
928	551	31	41
929	549	30	44
928	550	32	43
928	548	32	46
928	548	32	45
928	549	31	43
927	549	36	45
927	548	35	44
927	548	33	45
927	550	32	43
927	548	33	44
928	551	31	42
928	549	34	44
928	550	30	43
928	549	31	44
928	549	32	44
927	548	32	44
928	551	30	42
929	550	30	42
929	550	33	43
928	550	32	43
928	550	32	43
929	550	34	44
929	551	30	41
929	550	31	43
929	550	31	43
929	550	32	43
929	550	32	43
928	551	30	42
927	550	33	43
929	551	31	42
928	551	31	41
927	550	30	43
929	549	28	43
927	549	31	43
927	548	32	45
929	551	31	42
929	551	31	41
929	550	29	42
927	551	32	41
928	546	32	47
928	550	30	44
928	550	32	41
929	550	31	43
928	549	32	44
927	547	32	44
927	551	31	43
928	550	32	42
927	550	29	41
927	551	31	42
928	551	31	42
928	550	31	43
931	552	28	39
928	550	32	43
928	549	30	43
928	550	31	43
929	550	32	42
928	550	31	42
926	550	32	43
926	550	33	42
927	550	31	42
927	549	28	43
929	549	28	44
928	550	29	42
927	550	30	43
928	550	29	42
927	549	31	45
928	550	29	42
928	550	31	42
928	550	31	42
928	546	32	46
930	551	31	42
929	549	30	43
929	549	29	42
928	549	31	43
929	550	31	42
929	549	30	43
928	550	36	44
928	548	36	44
928	549	35	44
928	552	30	39
928	550	30	42
930	552	27	39
928	550	30	42
928	550	31	41
928	550	32	42
928	550	32	42
927	550	33	42
929	551	31	41
928	551	32	41
927	548	31	43
928	549	32	43
928	549	30	43
927	550	33	42
927	550	31	42
928	550	31	42
928	550	32	43
928	550	32	42
928	549	32	43
927	549	33	44
929	551	31	40
928	550	31	41
928	551	31	40
928	551	31	41
929	551	30	40
928	550	31	42
929	551	30	40
928	551	32	41
929	549	30	42
929	550	30	42
929	549	32	43
929	550	30	41
930	550	29	42
929	550	30	42
928	551	31	41
929	551	30	40
928	551	31	41
927	551	32	40
928	550	31	42
927	551	31	40
928	549	32	43
927	550	32	42
928	551	32	41
929	550	30	41
929	551	31	41
928	549	31	42
927	550	31	42
928	551	29	41
928	550	31	41
929	549	28	42
927	549	30	42
928	549	32	43
928	549	31	42
928	550	29	42
929	550	29	41
928	549	30	44
928	549	31	42
927	545	32	46
928	549	31	43
928	551	31	40
929	550	29	40
928	550	31	42
928	549	31	42
928	550	31	42
927	551	28	39
928	551	29	40
927	551	30	40
927	549	32	42
928	549	32	42
928	550	30	41
928	548	32	42
927	550	32	41
928	550	32	41
928	550	31	40
928	550	31	41
928	550	32	41
928	550	31	41
927	550	32	41
927	546	33	45
927	550	32	42
928	549	31	42
928	550	30	40
928	550	32	41
927	550	31	41
928	549	31	41
927	551	32	41
928	549	31	41
928	549	31	42
927	550	31	41
927	549	26	41
929	551	28	41
928	549	30	43
927	550	32	41
928	550	30	41
928	550	29	41
928	550	30	41
927	545	32	45
928	551	30	40
928	549	31	43
927	547	32	44
926	550	32	42
927	549	27	41
927	548	33	43
927	550	32	42
927	550	32	41
927	547	32	45
927	550	28	40
927	550	29	41
928	550	29	42
927	549	32	41
928	549	31	42
928	550	32	40
928	550	31	40
927	549	31	41
928	550	31	41
928	551	26	40
928	549	31	41
927	550	29	41
927	550	30	41
927	550	31	41
927	550	31	41
927	551	31	40
927	550	27	40
928	550	27	40
928	550	30	40
928	550	31	41
927	549	32	42
927	549	31	41
926	549	33	42
926	549	29	41
927	550	33	41
927	548	32	42
926	550	31	42
927	548	31	43
926	545	34	47
927	548	33	43
928	550	32	40
927	547	33	42
928	550	27	41
927	546	31	45
928	549	31	43
927	550	31	41
927	550	31	40
927	549	30	42
927	547	32	44
928	551	32	40
926	548	32	42
927	550	31	41
926	548	32	44
926	547	32	44
927	549	31	42
927	549	27	40
928	550	26	40
926	550	29	41
927	550	30	40
926	549	29	41
927	548	28	41
926	550	27	40
927	548	26	42
926	550	28	42
926	550	31	41
927	551	26	39
926	551	26	39
926	550	26	40
927	549	28	41
927	549	27	41
927	550	26	40
927	549	27	41
926	549	27	41
927	548	29	42
927	550	28	40
926	549	29	40
927	549	29	40
926	549	32	41
926	548	27	40
926	549	27	40
927	549	27	40
927	551	26	39
925	549	28	41
927	549	31	41
925	550	29	39
926	548	30	42
928	550	27	38
927	550	28	40
927	550	28	39
928	549	25	40
927	549	31	41
926	548	31	41
927	550	28	39
928	550	29	40
926	551	29	38
927	549	26	40
926	550	29	40
927	550	31	39
927	549	27	40
927	549	27	40
927	550	30	40
926	549	29	40
927	549	32	41
926	550	32	40
926	550	26	39
927	549	30	40
927	550	29	39
926	550	29	40
927	550	30	40
926	549	31	41
926	550	32	40
927	550	31	40
926	545	33	45
926	551	29	39
926	549	31	42
926	550	32	40
926	551	27	38
926	550	31	39
926	550	29	39
927	550	30	40
926	550	29	39
926	550	27	40
927	550	26	40
927	551	27	39
927	549	30	40
926	548	31	42
928	549	30	42
927	550	28	40
927	551	29	39
927	550	27	40
927	550	29	39
928	550	30	39
929	552	31	40
928	551	31	39
928	549	31	41
929	548	31	41
929	551	31	41
928	552	32	39
929	553	30	37
927	550	32	41
928	552	31	39
929	551	31	39
931	552	29	39
931	551	28	39
931	550	29	40
930	552	30	39
933	552	26	38
933	552	27	38
930	552	30	38
931	552	29	39
931	552	29	39
931	551	28	39
931	551	29	40
931	551	29	40
929	551	31	39
931	552	28	38
933	552	27	38
932	553	28	38
933	553	27	38
932	552	28	39
931	553	28	38
933	552	27	38
933	551	27	39
933	553	27	38
933	553	28	38
932	554	28	36
933	551	30	41
932	552	27	38
932	552	27	39
933	551	26	39
932	551	27	38
932	553	28	39
932	553	28	37
933	553	27	37
933	552	27	39
932	552	28	38
933	552	28	38
933	551	28	40
933	552	27	37
932	552	29	39
932	551	29	38
932	552	29	38
933	553	27	37
931	550	29	40
933	552	26	37
933	550	28	39
932	553	28	38
934	553	27	36
933	552	27	38
934	553	27	37
933	553	27	37
932	552	28	38
931	551	28	39
931	550	28	39
929	552	31	39
929	550	31	40
931	551	28	39
930	552	30	38
931	551	29	38
931	550	29	41
930	550	29	40
931	550	29	40
932	550	28	40
931	550	29	39
931	551	29	39
932	552	26	37
933	552	27	37
932	553	28	37
930	551	29	39
930	551	29	39
930	551	28	40
929	550	30	39
931	552	27	37
932	552	29	38
932	551	31	39
932	551	28	39
932	550	28	40
932	551	28	39
931	551	28	39
932	553	27	38
931	552	28	39
931	551	29	38
931	550	29	41
931	550	30	40
931	551	28	40
931	550	30	41
932	551	27	37
932	550	27	39
933	551	27	38
932	551	27	39
931	552	29	38
929	552	30	38
928	551	31	38
930	552	29	38
929	551	30	38
930	551	28	38
932	550	26	38
931	552	27	37
932	551	27	38
932	551	28	38
932	552	28	37
931	553	29	36
932	551	28	39
930	551	30	37
931	551	28	38
931	550	29	40
931	552	30	38
932	551	30	41
932	551	27	37
932	552	28	38
931	550	29	39
931	549	29	40
932	552	28	39
931	552	28	37
932	551	29	38
931	550	29	40
932	550	27	39
932	550	26	37
931	551	28	38
932	550	27	37
931	550	28	39
932	550	25	37
929	549	29	39
929	548	29	39
930	550	28	37
931	552	29	36
931	551	26	37
930	551	28	38
930	551	30	37
931	552	29	36
932	551	28	38
930	551	30	37
930	550	31	40
931	551	28	37
930	550	31	39
932	551	28	39
932	551	28	38
932	551	30	38
930	550	29	38
931	550	29	39
932	551	27	38
931	551	28	38
931	551	29	38
931	551	29	39
929	550	28	37
930	549	28	38
931	550	28	39
930	550	28	38
929	551	30	37
929	549	30	39
929	550	30	40
930	550	31	40
930	550	29	39
930	549	30	38
929	551	30	38
931	550	28	36
931	550	29	37
927	551	33	38
930	551	30	39
929	551	30	37
929	551	30	38
929	550	30	37
929	550	30	39
929	551	30	37
929	550	30	38
929	551	30	37
930	551	29	37
929	550	31	38
930	551	28	37
929	551	30	38
931	549	29	40
931	550	28	38
932	551	28	38
928	551	31	38
930	549	29	38
929	550	30	37
929	548	30	40
930	551	30	38
929	549	31	38
929	550	30	37
929	550	31	37
928	550	31	37
928	551	28	37
927	551	32	38
929	551	29	37
929	551	30	38
931	551	26	34
929	550	29	36
929	552	29	35
928	550	30	37
928	550	29	35
927	542	33	45
929	550	29	36
930	550	29	38
929	546	30	41
929	546	29	41
928	548	30	39
929	551	30	35
930	552	28	36
929	550	30	37
929	552	29	35
928	550	30	36
928	550	30	37
928	551	28	36
929	551	27	35
928	551	30	38
929	550	28	37
928	550	30	39
928	551	30	36
928	550	30	38
928	545	31	43
928	550	29	37
928	551	29	36
929	551	28	35
930	551	29	37
930	552	27	36
929	550	29	37
928	551	28	37
928	550	28	38
928	550	27	37
929	550	29	39
928	550	29	38
928	550	29	38
928	550	29	37
929	552	27	37
928	552	27	35
929	550	29	38
929	549	28	37
928	551	31	38
929	550	29	36
929	551	29	39
929	551	28	36
929	551	32	38
928	549	30	40
928	551	30	38
928	551	29	36
928	549	29	38
928	551	30	37
929	552	25	34
930	551	28	35
929	551	28	34
929	549	27	37
928	552	31	36
930	551	28	35
932	551	27	37
930	550	27	37
929	550	28	36
931	551	27	35
930	550	27	37
930	550	28	37
929	549	27	37
929	552	31	39
930	551	30	36
929	552	29	37
930	550	29	40
929	551	31	38
929	551	28	38
929	551	31	38
930	551	31	38
930	552	31	36
929	546	30	41
928	550	27	38
928	550	28	37
929	549	27	38
928	550	28	37
929	551	27	35
930	551	23	34
930	552	24	34
929	553	25	34
928	552	26	38
928	551	26	36
928	550	27	35
929	549	29	37
929	549	26	36
929	550	26	36
928	550	26	36
928	549	28	37
928	552	28	37
929	550	30	39
929	549	29	39
928	550	27	36
927	549	27	38
929	549	29	37
928	549	30	38
929	551	26	35
928	550	28	37
928	549	30	36
928	549	31	39
926	544	33	43
929	550	30	37
929	551	25	35
929	550	26	37
928	549	26	37
928	550	26	37
928	548	30	40
928	549	25	36
928	548	27	39
927	550	27	34
928	549	28	38
928	550	25	35
928	547	28	39
927	550	27	36
928	548	28	39
929	550	30	35
930	549	27	36
929	550	25	36
929	549	25	35
928	551	25	35
928	550	29	38
928	549	25	36
928	549	25	36
927	549	28	38
928	549	26	36
927	550	27	36
930	549	25	36
929	551	26	35
928	550	26	36
929	551	25	34
928	550	27	36
928	551	26	35
927	550	28	36
927	549	25	37
927	550	25	35
927	549	26	37
927	550	25	35
927	550	25	35
927	549	27	37
927	550	26	37
928	549	29	39
928	551	28	37
929	550	28	36
928	550	25	35
927	550	26	36
928	550	26	37
928	550	26	36
927	550	25	35
928	550	31	36
928	551	30	36
927	550	26	36
927	551	26	34
928	551	26	34
927	550	27	36
927	551	29	34
927	550	32	36
927	550	27	35
927	551	27	35
928	546	31	39
927	550	29	36
928	549	25	37
930	549	27	37
928	549	25	37
927	550	26	34
927	551	25	34
928	551	26	35
927	549	26	35
928	551	25	35
929	550	28	35
928	551	25	34
927	552	26	33
928	549	27	37
929	550	31	36
928	551	25	34
927	551	26	34
928	550	30	37
927	551	26	36
928	552	26	33
928	551	26	33
928	551	26	33
929	551	24	33
928	551	25	34
927	550	28	34
928	552	26	32
928	551	25	34
928	552	25	33
927	551	25	34
928	551	26	34
928	551	25	34
927	550	27	34
927	546	32	39
929	550	30	35
928	544	31	41
928	550	29	35
928	549	25	35
927	550	27	34
927	550	26	35
928	550	25	35
928	551	27	33
927	550	27	35
927	551	26	35
927	550	28	38
928	550	24	35
928	550	25	35
928	551	25	33
928	551	25	34
930	552	23	32
929	551	23	33
928	552	23	32
930	551	23	33
928	551	25	34
928	551	25	35
928	546	28	40
928	551	26	34
927	552	25	32
927	551	27	32
927	551	25	33
928	551	24	33
928	550	26	34
927	550	25	33
927	550	26	35
928	548	28	35
927	550	27	34
927	550	29	35
927	551	28	34
928	551	26	35
928	550	26	34
928	552	26	33
928	551	25	33
928	551	25	34
927	549	26	35
927	550	26	33
927	551	25	33
927	550	25	34
927	550	25	35
927	551	25	33
927	551	26	33
927	552	27	33
927	551	28	33
927	550	28	34
927	551	25	33
927	550	26	34
926	544	27	41
927	552	27	33
927	552	26	32
928	550	24	33
927	550	26	35
929	551	23	33
928	550	25	34
928	549	24	35
927	550	26	35
927	549	26	34
927	552	25	32
927	550	26	34
927	550	27	32
927	551	25	33
927	549	26	35
928	551	26	33
928	551	25	34
927	548	29	36
927	550	25	33
928	552	24	32
927	551	26	34
927	551	25	32
927	551	25	33
927	551	24	33
927	551	26	33
928	550	24	34
927	550	26	33
927	549	26	35
927	551	26	33
927	551	25	33
928	550	25	34
927	551	25	32
927	551	25	33
927	550	26	34
926	551	26	33
927	550	25	33
927	551	25	33
927	550	26	34
927	549	26	35
927	552	25	33
927	551	25	32
927	552	25	32
928	551	25	33
927	550	25	34
929	551	24	33
928	551	24	33
927	551	25	31
927	551	26	34
927	550	26	34
927	551	25	33
926	551	26	34
927	552	25	32
927	552	24	32
928	552	24	33
927	551	25	33
927	549	26	35
929	551	24	33
927	551	26	33
928	550	25	33
927	550	27	35
927	547	28	36
927	551	26	32
927	551	26	32
927	550	26	33
927	551	25	31
927	551	25	32
927	551	26	33
927	550	25	33
927	551	26	33
927	551	25	33
928	550	25	33
928	551	25	32
928	550	24	32
927	549	26	34
927	551	25	32
927	550	24	33
927	550	25	33
927	551	25	32
927	551	26	33
927	550	25	32
927	550	24	34
928	550	24	33
927	551	25	32
928	550	25	32
927	550	25	33
928	551	24	33
928	552	24	31
928	552	26	31
928	552	26	32
928	552	26	32
929	551	29	35
929	553	28	32
931	552	28	35
932	555	26	31
934	557	23	28
933	557	24	33
933	556	28	34
934	556	26	35
933	557	27	33
933	558	28	33
934	558	25	32
934	557	26	33
934	559	26	33
935	558	25	34
934	558	25	35
934	558	25	33
935	558	24	31
934	557	25	31
935	558	24	32
934	558	25	32
935	557	25	32
935	557	25	33
935	558	25	32
935	557	26	32
935	558	25	32
935	556	26	34
935	558	25	31
934	557	25	34
935	557	25	33
935	558	25	33
935	558	26	32
936	557	25	33
934	558	26	32
936	557	26	32
935	558	25	33
934	556	26	33
934	558	26	32
935	558	26	31
935	557	26	32
935	557	26	33
935	557	25	33
935	558	27	33
936	558	25	32
935	558	26	32
935	558	26	33
935	557	26	33
935	558	25	32
935	558	25	31
935	558	26	31
935	558	25	32
935	558	25	31
934	558	25	31
935	558	25	31
935	558	25	32
936	558	24	31
934	558	25	31
935	558	25	32
935	557	26	33
934	558	25	32
935	558	25	32
935	558	26	32
935	558	26	33
935	557	25	33
936	558	25	33
935	559	25	33
935	558	25	31
935	558	24	31
935	558	25	32
936	558	24	32
935	557	25	32
935	557	25	33
934	558	26	31
935	558	25	33
935	558	25	31
935	558	25	31
935	557	26	32
934	558	26	32
934	558	26	33
934	558	25	32
934	558	28	32
934	557	27	31
935	558	25	32
935	558	25	31
935	558	26	33
934	557	25	31
935	558	26	33
935	558	25	31
934	557	25	30
935	558	25	33
935	558	25	30
936	559	25	30
935	558	26	31
935	558	25	31
935	559	26	33
935	558	25	34
935	558	26	35
935	558	27	34
935	558	26	32
934	558	26	32
935	558	25	30
935	558	26	31
934	558	25	30
934	558	25	31
935	558	25	32
934	558	27	33
934	557	26	32
935	558	26	32
935	556	25	33
935	558	25	32
935	557	25	33
935	558	24	31
935	558	25	32
934	558	26	31
935	559	25	31
935	558	25	32
935	558	25	32
935	558	25	33
935	559	26	33
935	558	26	34
935	558	25	32
935	558	26	34
934	558	27	39
935	557	26	33
935	558	26	32
935	558	26	32
935	558	26	33
935	558	25	33
935	558	26	32
935	558	26	31
934	558	25	32
934	558	25	30
935	558	27	32
935	558	25	33
935	558	25	32
935	558	26	33
935	558	26	33
934	559	26	32
935	558	26	32
935	558	25	32
935	558	25	32
934	558	26	32
934	558	27	33
935	559	24	32
935	558	25	34
935	558	26	34
936	558	25	31
935	558	25	30
935	558	25	33
935	558	25	33
934	558	26	34
935	558	25	33
935	558	25	32
935	558	26	30
935	558	27	31
934	558	26	31
934	558	26	31
935	559	26	31
934	558	26	31
934	559	25	31
935	558	26	34
935	559	25	32
934	558	25	33
935	558	25	33
935	559	25	33
935	558	25	33
935	558	25	33
935	558	25	34
935	559	25	32
935	559	26	31
935	559	26	33
935	558	25	33
935	558	26	31
936	558	24	33
935	558	25	33
935	559	25	33
934	558	26	34
936	559	24	32
935	558	25	31
935	559	25	30
935	559	25	32
935	559	24	32
934	558	25	32
935	559	24	32
935	559	26	33
935	558	25	32
935	559	24	32
935	559	25	33
936	558	24	33
935	559	25	33
935	559	25	30
935	559	25	31
935	559	25	32
935	559	25	31
935	559	25	31
934	558	25	33
935	558	24	29
934	558	25	28
935	558	26	31
934	558	26	31
934	558	25	29
934	558	25	28
935	558	25	31
935	559	26	30
935	558	25	29
935	558	26	31
934	558	25	29
935	558	24	31
935	558	24	29
935	558	25	29
935	558	24	30
935	559	25	32
934	558	25	31
935	558	24	32
934	558	25	32
935	558	24	28
935	558	24	30
935	558	25	31
935	558	25	31
935	558	25	30
934	558	26	31
935	558	27	33
934	558	26	34
934	558	24	30
935	558	25	31
935	559	24	32
934	558	26	32
935	558	25	34
935	558	25	34
934	558	26	32
935	558	25	32
934	559	25	32
934	558	26	31
933	559	27	33
934	558	27	29
935	559	25	30
934	559	25	26
935	558	25	30
934	558	26	30
935	559	25	30
935	558	25	28
935	558	25	30
934	558	27	34
934	559	26	33
935	558	25	32
935	558	24	34
935	558	26	32
934	559	26	29
934	558	25	30
934	558	25	31
935	558	25	33
935	558	25	32
935	558	25	31
936	558	24	30
935	558	24	32
935	558	24	33
935	559	26	34
934	558	26	33
935	558	24	28
935	558	25	31
935	558	25	33
934	558	25	34
934	558	26	31
935	559	24	33
935	559	25	29
934	558	25	27
936	559	25	31
935	559	23	30
935	559	24	33
935	558	25	32
934	559	26	31
934	558	25	31
935	558	24	32
934	558	25	34
935	558	25	32
935	558	25	32
935	558	25	32
935	558	25	32
934	559	25	33
934	558	26	28
935	558	24	28
935	559	24	29
935	559	24	28
934	558	24	27
934	558	24	28
934	558	26	33
934	558	25	30
935	558	24	29
935	558	24	31
934	558	26	31
934	558	25	27
935	558	24	28
934	558	25	27
934	558	25	28
935	558	24	28
935	558	24	29
935	559	24	29
935	558	24	28
935	558	24	34
934	558	27	28
933	558	25	33
934	557	25	28
935	558	25	27
934	558	22	27
934	558	25	31
935	558	25	29
934	559	26	32
934	558	25	31
935	559	24	33
934	558	24	33
934	557	26	32
934	558	26	33
934	557	25	28
935	558	24	27
934	558	25	28
935	557	24	27
934	558	25	27
932	558	25	27
934	558	25	27
935	558	21	27
935	558	23	27
935	557	24	26
934	558	22	27
934	558	21	26
934	559	26	29
934	558	25	27
934	558	24	27
935	558	24	31
934	558	25	33
934	558	25	27
934	558	22	27
935	558	23	27
935	558	25	27
934	558	26	27
933	558	26	32
935	557	25	28
935	558	25	27
934	557	25	27
934	558	25	27
934	558	26	29
935	558	25	27
935	557	25	28
934	557	26	27
934	558	26	27
934	558	23	33
934	557	25	34
932	556	26	41
933	557	25	37
934	555	27	32
934	558	25	29
934	558	21	30
935	558	23	28
935	557	24	29
935	558	23	27
934	558	20	28
934	558	21	27
934	557	25	28
935	557	25	29
933	558	25	30
934	557	23	32
935	558	24	32
934	558	26	33
935	557	25	28
934	557	24	27
934	558	24	26
934	557	24	26
934	557	24	29
934	557	26	27
934	558	24	29
934	557	24	28
934	558	25	35
935	558	25	30
934	557	25	27
934	557	25	26
934	558	25	28
934	557	24	27
935	558	24	26
934	558	24	26
935	558	21	26
934	558	22	27
935	559	24	32
934	559	26	34
935	558	24	28
935	558	24	26
935	558	24	26
937	558	23	26
935	558	24	25
935	557	24	27
935	557	24	31
935	556	23	27
935	558	23	25
934	556	25	27
936	558	23	26
936	558	21	25
934	558	22	26
935	558	24	26
935	558	23	30
936	558	22	25
935	558	23	26
935	558	21	25
936	558	23	27
936	557	23	27
935	558	24	34
935	557	26	35
935	557	24	32
935	558	25	28
936	558	23	27
936	557	24	36
934	557	26	27
935	558	25	27
935	558	24	32
935	558	24	34
935	558	25	34
935	558	25	28
935	557	24	26
935	558	24	26
935	557	24	27
936	558	23	25
936	558	22	25
935	558	23	27
936	557	23	26
935	557	24	27
934	557	25	29
935	557	24	27
936	557	24	27
935	558	24	26
935	557	25	27
935	558	24	26
935	557	24	27
935	558	25	26
935	558	25	26
935	557	25	27
936	558	24	26
935	558	26	26
936	557	24	27
937	558	23	26
938	558	23	26
937	558	23	26
936	557	24	25
935	557	24	26
936	557	24	26
937	557	23	26
936	557	24	26
936	557	24	26
935	557	25	26
935	557	25	26
935	558	24	26
936	557	24	26
936	557	24	27
936	558	23	26
936	557	25	26
937	558	23	27
936	558	24	27
936	557	24	26
935	557	25	28
936	557	24	27
937	557	23	26
937	557	23	26
938	558	22	26
937	558	23	27
939	558	22	25
936	558	24	25
938	558	23	25
938	557	23	26
938	558	22	26
937	556	23	28
938	559	22	34
937	557	23	26
937	557	23	26
939	558	21	25
937	557	22	25
938	557	22	26
938	557	23	26
938	557	22	25
936	557	24	27
938	558	23	25
935	557	25	27
935	556	25	27
936	557	24	25
935	557	25	32
935	557	25	35
934	557	25	37
935	557	24	32
936	556	24	35
935	556	26	35
934	556	25	31
935	554	24	28
935	554	25	29
936	554	23	29
936	556	25	29
935	556	25	29
935	557	26	35
936	555	24	33
936	557	24	26
936	556	23	26
936	556	24	27
936	555	25	27
936	556	24	28
935	556	24	28
936	557	22	26
935	557	25	32
936	556	24	27
937	556	22	25
937	557	23	27
937	557	23	25
937	557	23	26
935	557	25	27
938	556	22	28
937	555	23	27
937	556	23	26
937	557	24	25
939	557	21	27
938	556	22	27
938	556	21	25
937	557	23	26
937	557	24	25
938	552	23	31
939	556	23	28
937	557	23	25
938	557	21	27
940	556	20	25
939	557	21	26
939	557	20	25
939	557	21	26
936	557	24	26
935	555	25	27
937	557	22	27
937	557	23	26
936	554	24	28
938	556	22	28
938	556	22	27
938	557	22	30
937	556	23	28
940	557	20	26
937	557	22	27
938	557	22	27
937	556	23	34
935	556	26	36
937	557	23	27
939	556	22	27
939	557	22	26
939	557	22	25
937	557	24	26
940	556	21	26
938	557	23	27
939	558	20	26
940	557	19	24
939	557	21	25
939	558	20	25
936	557	24	26
940	558	20	25
939	557	22	24
939	557	21	26
939	557	21	25
940	557	21	25
939	556	22	26
939	557	21	25
939	557	21	25
939	557	21	27
940	557	21	26
941	558	20	25
940	557	20	26
939	557	22	25
936	556	24	27
940	556	20	27
940	556	21	26
940	558	21	24
938	556	21	24
936	556	23	26
938	556	22	25
940	557	20	26
939	557	21	27
939	557	22	26
939	556	22	28
939	557	22	26
940	557	20	27
939	557	21	26
939	557	20	26
936	550	25	33
938	556	23	27
939	557	21	26
939	557	21	25
940	557	20	26
938	556	22	27
939	557	21	26
940	557	21	25
939	557	21	25
940	558	20	26
937	557	24	26
939	557	22	25
939	557	22	26
940	557	20	25
939	557	20	26
937	558	23	26
939	554	21	29
939	555	20	27
937	557	24	29
936	557	25	25
938	558	22	27
936	557	24	34
937	556	22	28
936	557	25	26
936	557	25	26
934	557	26	26
935	557	25	27
934	557	26	27
936	557	24	27
937	557	23	26
939	557	21	26
936	557	24	25
937	557	23	25
936	557	26	26
939	557	21	26
935	557	26	26
939	557	21	25
937	558	23	26
936	557	23	26
936	557	25	26
936	557	24	26
937	558	23	25
935	558	25	25
936	557	25	25
935	557	25	25
937	558	23	25
937	558	23	26
939	557	22	25
935	558	25	25
938	558	22	26
940	558	20	24
936	558	24	25
939	558	20	25
941	557	19	25
939	557	22	27
941	558	19	24
941	559	19	25
939	558	21	25
941	559	19	25
939	558	21	27
936	558	24	26
935	557	25	27
935	558	25	24
940	558	20	24
939	558	20	24
939	558	21	24
940	558	20	23
940	558	20	25
939	558	20	25
939	558	20	23
941	559	19	25
940	558	20	25
940	558	21	25
939	558	21	25
940	558	20	25
939	557	21	26
941	558	19	26
939	558	21	25
940	557	20	27
940	558	20	25
940	558	19	26
940	557	20	24
938	558	22	26
936	557	24	26
939	557	20	26
940	557	20	25
937	557	23	25
936	557	24	27
934	557	26	33
936	557	24	27
939	558	20	25
939	557	22	26
934	557	26	27
935	556	25	26
937	556	24	27
937	557	23	25
939	557	21	24
940	558	20	25
941	557	19	26
939	557	21	28
940	557	21	26
940	558	20	25
940	557	20	24
940	558	20	26
940	557	21	25
941	557	19	26
940	557	20	26
941	556	19	25
939	557	21	25
941	558	19	25
938	556	22	27
940	558	20	24
940	557	20	25
938	558	23	26
934	557	26	27
935	558	24	27
939	557	22	25
940	558	20	25
940	556	20	26
938	557	22	26
936	558	24	25
940	558	21	25
941	558	19	23
941	558	19	25
940	557	20	27
938	558	24	25
938	557	22	25
940	558	21	24
940	558	20	25
938	558	23	25
934	551	26	32
935	551	26	33
935	557	24	28
937	557	23	28
939	557	22	27
937	557	25	26
938	558	22	31
938	557	22	26
941	558	19	24
940	558	20	26
940	558	21	26
934	559	26	27
935	558	24	28
938	558	21	25
939	558	21	25
941	558	19	26
940	558	20	26
940	557	21	26
940	558	20	25
940	558	20	25
940	558	20	25
941	558	20	25
941	559	20	25
939	558	21	24
941	558	20	26
940	558	20	26
939	557	22	27
939	558	20	28
940	559	20	25
940	558	20	25
940	558	20	25
939	558	21	26
936	558	24	27
935	554	26	30
938	557	23	26
940	557	20	26
941	558	18	26
940	558	19	25
938	558	21	25
940	558	20	24
941	558	20	26
939	559	21	25
940	558	20	25
941	558	20	25
940	559	20	26
938	558	22	25
940	559	20	24
936	556	23	29
937	558	23	25
940	559	19	24
940	558	19	24
940	558	20	25
939	558	20	26
941	558	19	25
940	558	19	25
940	558	19	26
939	558	20	27
940	558	20	25
939	558	20	25
939	558	20	25
941	557	19	26
940	558	20	25
935	557	25	25
935	557	25	25
939	559	22	26
939	558	21	26
940	559	19	25
940	559	20	24
938	558	22	25
940	559	20	26
939	557	20	26
940	558	21	25
938	558	22	25
940	558	20	25
938	558	22	25
939	558	20	25
939	558	20	25
938	558	22	25
939	558	21	26
939	559	21	25
939	558	21	25
939	558	22	25
939	558	21	25
940	559	20	25
939	557	21	26
935	558	25	26
939	559	21	25
938	558	22	25
939	559	21	26
939	559	22	25
939	558	22	26
941	558	20	23
939	558	21	25
940	558	21	25
939	558	21	25
938	559	23	25
940	559	20	25
938	558	23	26
937	557	25	31
938	559	21	25
939	558	21	24
937	557	22	28
938	558	22	26
937	558	24	26
939	558	21	26
938	558	23	26
940	558	19	25
939	559	21	25
940	559	21	25
938	559	22	25
939	559	22	25
938	558	22	26
939	558	21	25
939	557	21	26
935	558	24	26
938	559	22	25
940	559	20	24
937	558	23	27
937	558	23	25
937	558	23	26
936	558	24	26
936	558	23	25
939	559	21	24
937	559	22	26
937	558	23	26
938	558	22	25
935	559	24	26
939	559	20	25
936	559	23	25
937	557	25	31
934	558	25	31
937	558	22	27
939	558	20	24
939	558	21	25
937	558	23	25
936	559	23	27
938	558	22	27
939	558	20	25
938	559	21	24
935	557	25	28
934	558	27	32
937	558	24	29
938	558	22	24
934	558	24	27
940	558	21	27
937	558	23	25
939	559	22	25
936	558	24	28
935	559	25	26
936	557	24	27
939	558	20	25
937	558	23	26
938	559	22	26
936	559	23	25
937	559	22	25
938	558	22	25
936	558	23	25
937	558	22	25
938	558	22	24
939	558	19	25
936	557	23	28
934	558	25	35
936	558	23	28
937	559	23	26
938	558	22	25
935	558	24	26
937	558	22	25
936	558	23	25
937	558	23	25
936	559	24	25
938	559	21	24
937	559	22	24
935	558	26	25
935	558	24	25
937	558	23	25
936	558	24	26
937	559	23	26
937	558	24	25
936	558	22	28
937	556	22	28
936	558	23	29
936	557	23	29
936	557	23	25
937	558	21	24
937	558	23	25
936	558	24	29
935	557	25	34
937	557	24	27
937	557	22	26
937	558	21	25
938	558	20	25
937	558	24	26
935	557	25	27
935	557	24	27
936	558	24	25
937	557	23	26
937	558	22	26
937	558	23	25
935	557	24	26
937	558	22	26
936	557	24	28
935	558	25	27
934	558	24	31
937	558	20	24
934	559	22	25
936	558	22	25
935	559	19	25
936	559	20	25
935	559	20	25
936	559	23	25
935	559	20	24
935	559	20	24
935	558	19	24
935	559	19	25
935	558	23	26
937	559	22	25
936	558	24	25
935	558	24	28
935	559	22	25
936	559	19	24
935	558	21	26
936	558	23	25
934	559	24	30
935	557	24	25
934	557	24	27
934	558	23	26
934	557	25	26
935	558	19	25
936	558	20	29
934	559	25	27
935	557	25	27
934	557	25	33
935	559	24	34
932	558	23	34
935	558	25	27
934	558	26	26
933	558	27	30
932	558	26	35
935	559	24	25
934	559	20	25
936	559	22	24
935	559	20	26
934	558	19	24
934	558	20	25
935	558	20	26
934	558	20	25
934	559	24	26
934	559	25	24
934	558	24	25
936	559	20	25
935	559	21	24
935	559	23	24
935	558	23	25
934	559	24	24
934	558	25	24
934	558	24	25
935	558	21	23
934	557	21	24
935	558	19	24
935	559	22	24
935	559	22	25
935	559	21	24
935	558	23	25
934	559	19	24
935	558	19	24
935	558	19	24
935	558	19	25
934	558	19	28
935	559	19	25
935	558	19	24
935	559	18	25
935	559	19	23
935	558	18	25
936	558	22	25
935	558	18	24
935	559	18	24
935	558	18	25
935	558	18	23
934	558	19	24
935	559	18	24
934	558	21	26
935	558	23	25
935	558	22	25
935	558	23	25
934	559	23	25
934	559	20	24
936	558	21	25
935	558	19	27
935	559	18	23
935	558	19	25
934	559	19	29
935	558	22	26
934	559	19	23
935	559	18	24
935	559	18	24
934	558	19	25
934	559	19	28
935	558	18	24
935	558	18	25
935	558	17	25
935	558	17	24
935	558	18	25
935	558	19	26
935	558	18	22
936	558	19	24
934	559	19	23
934	558	19	24
935	557	20	26
934	559	20	25
937	559	17	22
936	558	18	24
935	559	22	25
934	559	19	26
935	559	19	23
935	558	18	25
935	559	20	24
935	559	18	23
934	559	19	22
935	559	19	23
935	559	18	21
935	559	18	22
935	559	20	25
935	558	18	23
936	559	17	22
936	558	17	24
935	558	18	23
935	559	18	24
935	558	19	23
935	559	18	22
934	558	19	24
935	559	19	23
935	559	19	25
935	558	20	23
935	558	21	23
935	559	23	25
935	559	21	24
935	559	20	21
934	559	19	24
935	559	18	26
934	559	19	25
935	559	21	23
934	559	19	24
935	559	19	22
935	559	18	24
935	559	18	25
935	559	19	27
934	558	20	27
935	558	18	24
935	558	19	23
936	558	18	24
935	559	23	24
935	559	19	25
935	559	20	24
935	559	18	23
935	559	18	25
934	559	18	23
935	559	17	22
935	558	17	24
935	558	18	23
935	559	17	22
935	559	17	23
936	558	18	24
934	558	19	22
935	559	18	23
935	559	17	24
935	559	17	24
935	558	19	25
934	559	19	24
935	559	18	21
935	559	17	21
935	558	17	22
935	559	18	25
935	558	19	24
935	558	20	25
935	560	18	23
935	559	18	21
935	558	19	24
934	559	19	24
934	559	20	25
934	553	21	29
934	559	18	24
935	558	19	24
935	559	20	25
935	559	18	24
935	559	19	24
935	560	18	25
935	560	17	24
934	559	19	24
935	559	17	24
935	559	17	24
934	559	18	22
936	559	17	24
935	559	18	25
935	559	18	25
934	559	18	22
935	559	18	23
935	559	17	24
935	559	18	26
936	559	17	24
935	559	17	25
935	559	18	23
934	559	19	25
936	559	17	24
935	559	17	24
935	559	18	24
936	559	17	24
935	559	18	25
936	559	17	24
935	559	18	24
935	559	18	25
935	559	19	23
935	559	18	25
935	560	18	23
934	559	19	23
935	558	18	25
934	560	19	24
934	559	19	25
935	558	18	25
935	559	18	23
935	558	19	24
935	558	18	25
934	559	18	25
934	559	18	25
935	558	18	24
935	558	18	26
935	559	18	25
935	559	18	25
934	558	18	25
935	558	19	24
934	559	18	23
935	559	17	22
935	559	18	23
935	559	18	23
935	559	18	24
935	559	18	25
935	559	17	24
935	559	18	25
935	559	17	25
935	559	17	24
935	559	18	23
935	559	18	25
936	559	17	25
935	559	18	25
935	559	18	25
935	559	18	24
935	559	18	23
935	558	18	26
934	558	18	29
934	558	19	25
935	558	17	27
935	559	17	27
935	559	18	23
936	559	17	25
935	559	18	24
935	559	19	24
936	559	17	24
935	559	19	24
935	559	19	24
934	559	19	24
935	559	17	22
935	560	17	23
935	559	17	24
935	559	18	25
935	560	17	24
934	559	19	24
925	558	27	24
915	558	21	22
913	558	17	20
910	558	19	24
910	559	19	24
910	558	19	21
910	558	19	23
910	559	18	22
910	558	18	21
912	559	18	20
911	558	18	24
911	559	18	25
910	559	18	25
910	558	18	28
910	558	18	28
910	558	18	26
911	558	17	24
912	558	17	23
911	558	17	25
911	558	18	23
911	559	18	24
911	558	18	24
911	559	18	25
911	559	18	25
911	559	17	25
911	559	18	25
911	559	18	23
911	558	18	25
910	557	18	22
911	558	18	26
910	558	18	28
911	558	18	26
911	558	18	27
911	557	18	27
910	558	19	26
910	558	18	26
911	557	17	25
911	558	18	24
911	558	17	24
910	557	18	25
910	557	19	31
911	556	18	27
911	558	18	26
911	556	19	29
911	556	18	28
911	557	17	26
910	557	19	26
910	556	18	30
911	557	18	27
911	557	17	25
911	557	17	23
912	557	17	22
911	556	17	26
911	556	17	23
911	557	17	25
911	557	18	26
911	556	17	26
911	557	17	25
911	557	17	25
911	557	17	20
911	557	17	22
910	557	19	28
909	553	21	37
908	556	21	33
910	556	19	28
910	556	18	24
911	557	17	21
910	556	17	26
910	557	17	28
911	557	17	29
910	557	18	28
910	557	18	26
911	557	17	26
910	558	18	22
910	555	18	28
910	557	18	25
910	558	18	26
910	557	18	26
910	557	17	26
910	557	18	27
910	557	17	23
910	557	18	27
910	557	17	26
910	558	18	26
909	557	18	26
910	556	19	27
909	556	17	27
909	557	18	26
909	557	18	26
909	557	18	24
909	557	19	25
910	558	19	27
909	557	19	25
909	557	18	27
907	557	21	27
908	557	20	27
909	557	19	27
909	557	18	27
909	557	18	25
909	558	18	25
909	558	19	22
908	557	20	21
908	558	20	25
908	557	20	25
908	558	20	25
906	558	21	26
908	558	20	23
908	558	19	23
909	557	19	24
905	557	22	24
908	558	19	23
909	557	16	21
908	557	18	20
909	557	17	20
908	557	18	20
908	557	19	21
908	557	20	24
908	557	20	25
906	557	22	26
904	558	23	25
904	557	22	27
903	557	24	26
908	557	19	23
908	558	19	21
908	557	19	23
907	557	19	20
908	557	19	26
908	557	19	26
908	557	20	27
908	558	17	23
907	558	20	25
908	558	20	25
906	557	20	24
907	558	18	25
905	557	21	26
903	558	25	27
903	556	23	28
907	558	20	22
906	557	21	29
907	558	19	24
907	558	21	21
907	557	20	26
908	558	17	26
907	557	18	26
907	557	21	26
908	558	19	25
908	558	20	27
908	558	20	25
905	556	21	23
907	555	21	23
907	557	20	24
906	557	21	26
906	558	19	27
904	557	22	26
905	559	20	26
904	557	23	28
907	557	21	26
906	559	20	24
906	558	21	24
904	558	24	26
908	558	19	26
907	558	20	26
908	557	19	27
906	559	17	23
908	558	19	25
908	558	18	24
908	558	18	23
908	558	18	24
907	558	18	25
905	558	22	24
902	558	25	26
907	558	20	24
908	558	18	20
907	558	19	26
908	558	18	21
908	558	20	23
908	558	20	21
907	558	21	24
904	557	23	26
906	558	22	24
908	558	20	22
909	558	19	24
908	558	20	23
907	557	21	25
907	558	21	25
908	558	20	23
908	558	20	25
909	558	19	24
908	558	19	20
909	558	17	19
909	558	18	20
908	559	19	22
909	558	19	23
909	558	19	25
909	558	17	25
909	558	19	22
909	558	19	24
909	559	19	23
909	558	16	23
909	559	18	23
909	559	17	25
909	559	19	24
909	558	19	23
908	558	18	24
909	558	19	23
909	559	18	23
908	558	19	23
909	558	17	22
909	559	19	22
908	559	20	24
909	558	19	26
908	558	19	24
909	559	19	23
910	558	19	24
907	559	20	24
909	558	19	24
910	558	17	25
910	558	18	24
909	558	19	24
910	558	18	25
910	559	19	24
910	559	18	23
910	559	18	22
909	558	18	25
910	559	17	26
910	558	17	25
910	558	17	25
910	558	19	24
910	558	18	24
910	558	18	24
910	558	18	25
910	559	17	24
910	558	18	24
910	559	17	22
910	559	17	23
910	558	18	24
910	559	18	23
910	559	19	22
910	559	18	24
910	559	18	23
910	559	18	23
910	558	19	23
910	559	19	22
910	559	17	22
911	559	17	22
910	559	17	23
910	558	17	21
910	559	17	23
910	559	18	24
911	559	17	24
911	559	17	25
910	559	17	22
911	559	17	24
911	559	17	24
911	559	18	23
911	559	17	23
911	559	17	23
910	559	17	20
911	559	17	23
911	559	17	24
911	558	17	24
911	559	18	23
910	556	18	24
911	559	18	22
911	558	17	24
911	558	17	23
911	557	17	26
911	558	17	25
911	558	17	25
911	558	17	26
910	558	17	29
910	557	18	30
910	558	18	30
910	559	17	22
910	558	18	24
911	559	18	25
911	559	17	24
910	558	18	26
910	559	18	25
910	559	18	24
911	559	18	26
911	559	18	24
910	558	18	24
910	558	19	26
911	558	17	20
911	559	18	21
911	559	18	23
910	558	19	21
911	559	17	22
911	559	18	21
911	559	17	20
911	558	18	21
911	558	19	25
911	558	18	27
911	559	17	22
911	559	18	23
911	559	18	23
911	559	17	24
912	558	17	24
911	558	18	23
911	558	18	25
910	558	19	26
910	558	19	26
911	558	18	27
910	557	21	32
910	558	18	35
910	558	19	33
910	553	19	31
911	559	18	22
911	559	18	23
911	559	18	24
912	559	17	25
911	559	17	25
911	559	18	25
911	559	17	24
913	559	16	20
913	559	16	20
912	559	16	19
912	559	16	22
912	559	16	22
912	559	17	20
911	558	17	24
911	558	18	23
912	559	17	25
913	557	17	23
913	558	16	21
914	559	15	20
914	559	15	24
912	559	17	22
911	558	20	24
911	559	18	23
912	558	17	24
913	559	15	21
913	558	17	22
911	559	18	23
913	559	16	20
914	559	15	21
913	558	16	23
914	558	16	22
914	559	15	21
914	558	16	22
914	559	16	19
916	559	12	18
915	559	15	21
915	559	15	23
915	558	14	22
915	557	16	26
913	558	21	27
911	558	19	25
912	559	22	26
912	557	24	26
912	558	19	21
913	558	18	25
913	558	17	25
915	559	14	22
915	558	17	22
913	558	18	24
912	557	21	27
911	556	22	26
911	557	19	26
912	556	22	25
911	552	24	25
913	555	25	26
910	552	26	32
909	553	25	37
912	555	22	32
910	555	26	36
911	553	25	36
910	554	24	35
913	555	24	34
912	555	25	27
913	554	23	24
914	554	19	25
914	552	22	23
915	555	21	21
914	556	23	23
914	555	22	21
914	554	24	24
915	551	16	24
915	553	19	22
914	551	21	26
912	548	23	27
913	552	23	30
915	551	21	25
915	553	17	23
911	552	24	24
915	552	20	23
915	552	19	23
913	553	23	23
912	552	29	27
910	550	25	25
910	551	25	25
909	550	26	26
911	550	23	25
910	550	25	26
915	552	20	25
913	552	21	24
916	552	20	24
911	551	23	26
911	549	23	27
914	552	20	23
912	551	23	24
912	551	24	24
911	551	22	25
910	545	26	32
912	550	26	26
913	550	22	26
912	552	22	24
912	551	23	26
916	551	20	24
913	550	23	26
916	551	20	24
913	551	21	25
917	551	18	23
916	551	19	24
915	550	21	24
912	547	27	28
912	550	25	25
916	550	21	26
917	550	19	22
916	551	16	22
917	551	20	23
912	549	25	26
911	549	26	26
917	548	21	28
917	550	20	24
918	551	17	21
918	551	17	22
917	551	18	24
917	551	19	24
915	550	21	26
917	551	19	24
917	551	18	23
918	551	19	22
918	551	19	24
918	551	18	23
917	551	20	26
917	550	19	25
918	551	18	25
918	550	18	26
918	551	16	22
918	551	18	22
918	551	18	24
917	551	19	22
917	550	18	21
918	551	17	21
918	550	18	23
918	552	19	22
918	550	18	21
918	551	18	24
918	550	18	24
917	551	19	24
918	551	18	24
918	551	17	20
918	551	19	22
918	551	19	25
917	550	19	34
916	544	21	35
916	550	21	26
917	551	22	25
918	552	18	24
917	551	19	25
918	550	18	26
918	551	17	25
918	550	18	23
917	550	19	25
918	551	19	24
915	551	21	25
918	551	18	24
917	550	20	28
918	551	18	23
918	551	19	27
918	551	19	23
918	551	19	24
917	552	20	21
918	551	19	23
918	552	19	22
918	551	19	23
918	551	19	24
918	551	19	25
918	551	19	23
918	551	19	24
917	550	19	24
918	551	18	23
919	550	17	23
919	551	17	22
918	550	19	23
918	551	18	24
918	552	18	22
918	551	18	22
919	551	16	22
919	552	18	23
918	551	18	24
918	551	18	21
918	551	18	24
918	551	20	23
917	549	19	27
919	551	19	24
919	551	19	23
918	551	19	23
917	551	19	24
918	551	19	24
918	552	19	24
919	551	19	24
918	551	19	25
919	550	18	24
919	548	17	26
919	550	19	24
918	552	19	22
918	551	18	22
918	552	19	23
919	552	18	24
919	553	17	23
919	553	17	23
920	550	17	24
918	551	19	22
917	550	21	26
920	552	19	24
919	551	19	24
919	551	18	24
920	551	19	25
919	552	18	23
919	552	17	25
919	552	18	22
918	551	19	23
918	551	21	24
918	552	19	23
920	552	16	22
919	552	18	21
919	552	18	22
920	553	17	22
919	552	19	24
918	550	19	25
917	552	20	24
919	552	23	26
918	552	20	26
918	552	19	29
918	553	18	22
918	553	19	22
918	552	21	24
919	552	19	27
918	550	21	31
917	552	20	30
918	552	19	25
918	553	18	22
917	552	19	24
919	552	18	22
918	552	19	24
919	552	18	23
920	553	17	22
919	553	19	22
919	552	19	23
918	551	23	25
919	551	18	25
920	554	17	22
919	550	18	24
918	551	20	24
918	550	22	25
918	551	22	24
919	552	18	24
919	553	18	22
920	552	18	24
919	551	18	23
920	551	18	24
918	552	19	24
918	552	19	24
921	552	16	22
920	552	17	23
919	552	18	23
918	551	19	25
919	551	18	24
918	554	19	21
919	553	19	22
919	552	18	23
919	551	18	25
918	551	19	24
918	551	19	25
918	550	20	26
919	552	18	23
918	552	19	24
919	550	21	28
919	551	19	25
920	552	16	23
919	552	18	23
920	549	17	26
920	551	16	24
920	553	16	22
921	553	16	21
920	553	16	22
920	553	17	22
921	553	19	23
920	551	17	23
918	551	19	23
920	554	18	21
922	554	17	21
920	553	19	23
918	551	20	25
917	551	22	24
921	553	21	24
919	554	19	22
920	553	17	22
919	553	17	21
919	552	18	24
919	554	18	21
920	554	17	23
920	554	17	22
918	551	20	24
919	550	21	24
919	550	23	26
919	553	20	23
918	552	20	24
920	552	18	23
918	551	19	24
921	553	17	22
921	555	16	21
922	552	17	24
922	552	15	22
922	551	14	22
919	552	18	23
923	554	14	22
921	552	18	28
918	551	20	27
919	553	18	22
922	553	16	23
922	551	15	23
919	551	19	25
920	551	18	24
918	552	21	24
919	551	23	27
918	550	27	33
918	550	23	26
918	550	19	24
918	550	19	23
919	551	18	24
919	551	17	21
919	552	18	23
920	551	16	26
922	552	15	23
920	552	16	23
919	552	18	23
919	551	18	24
919	551	18	24
919	551	17	25
918	549	19	27
921	551	16	22
921	550	17	25
922	551	16	25
921	548	17	25
919	550	20	21
921	550	16	21
919	550	20	26
919	550	25	32
921	549	21	28
918	551	24	25
918	550	20	24
920	544	23	32
919	550	18	25
919	550	18	26
919	550	18	25
920	549	22	27
919	551	19	26
919	550	18	26
918	550	19	26
918	550	19	26
921	549	15	26
922	550	14	22
919	551	18	25
919	548	20	29
918	549	23	27
918	549	20	26
918	547	22	31
919	549	19	28
918	547	23	29
917	544	25	32
919	544	25	35
919	548	20	29
919	547	24	29
919	546	22	29
921	545	18	30
922	549	15	27
919	548	18	27
918	546	24	31
917	543	21	32
919	548	19	28
920	546	19	26
919	546	18	23
922	547	15	21
920	548	18	20
919	547	18	21
919	543	22	32
918	544	25	33
918	543	25	38
918	543	27	35
917	543	24	33
919	544	22	32
917	543	24	35
918	542	25	38
918	543	23	36
918	542	23	37
918	542	24	31
917	542	26	32
920	542	24	29
919	542	24	32
918	543	21	33
919	542	19	28
918	543	19	26
920	544	17	24
921	546	16	22
919	544	19	24
921	544	16	24
921	545	16	22
921	545	16	22
920	543	17	25
920	543	20	29
918	544	20	23
921	543	21	26
921	544	17	24
920	543	18	24
920	543	18	24
920	543	18	23
918	543	19	24
917	544	21	31
918	544	19	25
919	542	19	24
917	542	21	25
920	543	17	24
918	542	20	25
920	543	18	22
919	543	18	23
921	543	18	24
919	542	20	32
918	544	21	33
919	542	20	32
918	543	22	31
918	542	19	33
920	542	19	23
920	543	17	19
920	544	16	23
922	543	14	19
920	542	17	22
923	543	14	20
921	544	16	19
921	540	16	25
921	543	17	24
922	542	20	25
919	543	22	28
918	542	20	27
919	543	18	21
920	543	16	22
922	543	15	24
922	543	15	24
920	543	17	24
919	542	20	25
921	543	17	22
921	542	16	21
921	543	16	21
920	541	16	19
921	542	15	19
921	542	15	20
922	543	14	19
920	543	16	18
921	542	16	19
923	542	14	18
923	542	14	19
923	542	15	18
922	543	15	18
920	541	17	18
922	542	15	18
923	541	16	19
921	541	16	19
919	541	18	19
919	541	18	19
918	535	19	23
920	541	17	19
920	542	18	18
919	542	18	19
921	542	16	18
920	542	18	18
921	541	16	19
919	539	18	20
920	539	17	21
918	536	19	24
918	536	19	25
920	541	17	19
922	540	14	18
920	540	17	20
919	541	18	20
922	539	14	20
921	535	15	24
921	537	16	22
919	538	18	22
918	535	19	24
919	535	17	25
920	533	17	27
919	537	18	22
921	538	15	21
921	540	16	20
920	535	18	24
921	536	16	22
921	538	16	21
922	538	15	21
922	538	16	21
922	536	15	21
920	536	16	22
921	537	15	23
920	536	16	22
921	537	15	23
921	535	16	22
919	536	17	23
918	537	19	22
918	535	19	24
919	536	18	23
920	536	16	22
919	537	17	21
919	535	18	25
918	537	18	22
920	536	17	25
918	536	18	24
918	536	18	25
920	535	17	25
919	535	18	24
918	535	19	24
918	534	20	24
918	534	20	26
919	535	18	22
919	536	19	24
920	535	18	21
920	535	17	25
919	535	18	26
920	535	17	22
921	535	17	23
920	533	16	27
918	536	19	25
920	534	16	20
919	535	18	26
919	535	17	22
919	534	18	25
921	535	17	24
920	534	17	21
921	534	16	20
921	534	15	23
920	534	17	20
920	535	17	25
918	534	18	26
920	534	17	27
918	534	19	27
919	534	18	22
918	533	19	26
919	532	19	23
920	535	17	25
918	535	19	25
921	534	19	26
919	534	18	26
920	534	22	27
920	533	20	24
919	534	18	26
919	535	18	23
921	535	15	25
919	532	17	27
919	535	17	24
918	535	17	23
919	534	18	22
920	534	19	23
918	534	18	26
920	534	17	23
920	535	18	26
919	533	20	27
918	534	19	26
918	535	19	25
919	535	17	24
920	535	17	26
919	535	19	26
919	534	18	26
919	532	17	29
919	534	17	26
919	534	18	27
920	532	17	30
919	535	19	28
919	535	20	26
919	534	18	25
918	534	21	26
919	533	20	28
918	533	25	29
918	533	21	33
918	532	21	35
918	532	26	35
917	531	26	42
913	529	32	44
914	529	27	43
915	532	23	36
918	531	19	35
918	533	19	29
920	534	17	27
918	534	18	27
920	534	18	26
918	533	21	28
920	535	17	25
918	534	19	26
919	533	18	32
918	534	19	26
919	535	17	25
919	535	18	24
920	536	17	19
919	535	18	22
919	534	18	26
918	534	19	27
919	535	19	25
919	535	18	26
919	535	17	24
919	535	19	25
919	534	20	26
919	535	18	22
920	534	17	26
919	534	19	26
919	533	19	27
918	533	23	26
919	534	18	22
918	533	19	28
919	534	18	24
919	535	18	24
919	534	18	25
918	535	18	25
919	535	18	25
920	535	17	22
921	535	16	24
919	535	17	23
920	536	16	23
919	535	17	25
919	535	17	25
919	536	16	25
919	536	17	24
919	535	17	22
919	531	18	27
918	534	21	27
919	534	18	28
918	534	19	26
918	528	18	27
918	534	18	25
919	534	19	26
918	534	19	25
918	533	19	27
919	533	23	28
917	535	19	23
919	535	18	25
918	535	19	25
919	535	19	26
918	534	22	27
918	535	18	25
919	534	18	25
919	536	18	24
918	535	17	26
919	535	18	26
919	535	18	24
918	532	18	31
919	533	20	31
917	532	24	28
917	535	20	24
918	535	19	22
919	535	19	24
918	534	24	26
918	535	22	25
917	534	19	33
917	535	19	25
918	534	19	23
918	534	19	25
919	534	17	26
919	535	18	21
919	534	18	25
919	535	18	25
919	535	17	25
919	536	17	24
919	534	20	23
919	534	18	22
918	534	19	24
919	535	22	23
917	536	20	21
918	535	18	25
919	536	18	25
918	536	19	23
918	535	19	25
918	535	20	25
918	536	20	24
918	535	19	26
918	535	19	32
918	535	19	27
918	535	20	25
918	536	19	24
918	536	18	24
918	536	19	23
918	536	19	24
918	537	20	23
918	536	19	22
918	536	18	23
918	536	20	22
917	535	25	26
918	536	19	22
919	535	17	24
918	536	19	22
918	535	19	22
919	535	18	22
919	536	18	21
919	537	17	19
919	537	17	22
919	537	17	19
919	535	18	22
919	536	17	19
919	535	18	23
918	535	20	24
918	535	19	23
918	536	19	23
918	536	19	23
917	535	19	23
918	537	19	23
918	536	18	23
919	537	17	23
919	536	18	23
919	535	18	25
918	536	19	23
920	535	17	20
918	537	18	22
919	535	18	24
919	536	18	24
919	535	18	26
918	536	18	25
919	535	18	23
918	535	20	24
919	536	18	22
919	535	18	21
919	536	17	19
919	536	16	23
918	535	18	25
918	535	19	24
918	536	18	25
919	535	18	24
919	536	18	25
919	535	18	23
919	534	19	25
919	536	17	23
919	536	18	23
918	536	18	21
918	535	17	23
921	536	15	22
920	536	17	21
920	535	17	24
919	537	19	20
921	535	16	25
919	536	17	24
920	536	16	21
919	535	18	22
918	535	19	25
919	536	17	23
917	535	19	24
919	536	18	24
918	535	18	23
919	536	18	21
919	536	17	23
919	536	18	22
918	536	18	22
918	535	18	24
918	535	18	24
918	536	18	23
918	536	18	21
918	535	18	24
919	535	17	24
919	536	17	22
919	536	17	24
918	535	19	23
918	536	18	23
919	536	17	24
921	534	16	25
919	536	18	24
917	536	19	24
919	535	18	22
918	535	19	22
919	536	16	22
919	536	18	24
919	534	19	23
918	536	19	24
918	536	19	21
918	535	19	23
918	536	18	24
917	536	19	24
916	535	20	25
918	535	17	24
919	536	17	22
918	536	19	24
918	535	18	24
919	535	17	24
918	536	18	25
918	535	18	24
918	535	19	24
918	536	18	24
918	535	18	26
918	536	16	23
918	535	17	24
920	537	17	22
919	536	18	22
919	536	17	25
918	536	19	26
917	536	18	24
918	536	18	24
913	535	23	25
918	536	18	24
916	536	21	24
919	537	17	20
919	536	17	22
919	537	16	23
920	537	16	24
919	536	18	24
919	536	17	25
919	536	18	24
919	537	18	22
918	536	18	23
919	536	18	23
920	536	18	20
920	536	17	19
919	535	17	25
920	536	16	25
918	535	19	28
919	535	17	26
919	535	17	24
918	535	18	24
918	536	19	25
919	536	17	23
918	536	16	22
919	536	16	23
919	536	16	22
918	536	18	23
919	536	16	22
919	535	17	27
918	534	19	28
919	535	16	26
920	535	16	24
919	535	18	26
919	534	20	25
919	534	19	27
918	536	18	25
918	534	18	28
918	535	18	27
919	535	19	25
918	535	18	26
920	534	19	27
918	536	18	24
918	536	18	24
919	536	17	24
919	536	16	24
919	534	17	27
920	536	16	24
920	536	16	24
919	536	17	25
918	535	18	26
918	536	17	25
919	535	17	25
920	536	16	22
919	535	17	26
918	536	17	24
918	534	19	28
917	533	20	28
917	533	22	36
917	532	21	33
918	533	23	30
918	534	19	28
919	536	18	25
919	534	17	26
919	535	18	25
918	536	20	25
918	535	19	25
918	536	18	25
918	533	19	28
918	534	19	32
918	535	19	27
918	535	17	25
918	533	19	34
911	532	27	40
916	531	21	39
915	531	24	37
916	533	21	33
917	534	22	27
916	534	21	27
916	533	22	33
918	534	19	28
918	534	18	26
918	534	20	29
916	534	20	36
918	534	19	26
918	536	18	23
918	535	18	24
918	534	19	24
916	534	20	27
919	534	19	25
918	535	20	24
915	535	20	27
918	535	17	26
919	535	15	26
920	535	16	24
917	534	17	29
918	534	18	27
918	533	21	32
918	535	19	26
917	533	20	27
917	534	20	23
917	534	17	25
919	535	17	25
918	534	17	26
918	535	17	25
918	535	16	23
917	536	19	21
919	535	16	21
918	535	17	26
919	534	18	25
917	536	20	24
917	533	20	30
917	534	18	25
918	535	17	26
918	535	20	26
918	534	21	26
913	535	22	24
917	535	20	25
917	534	20	27
918	535	19	27
917	535	20	25
919	536	17	23
919	535	17	25
918	537	16	23
919	535	17	24
918	535	19	26
918	535	18	26
918	535	19	21
918	535	18	21
918	534	19	24
918	536	17	23
918	535	18	24
917	533	18	28
916	534	22	29
918	535	19	23
919	537	19	22
918	536	17	23
919	536	17	23
918	536	18	25
918	535	22	25
918	535	20	24
918	535	19	23
918	536	20	24
916	535	23	25
919	535	21	25
918	536	22	24
917	537	24	23
917	535	21	25
916	536	19	24
918	536	18	24
917	535	20	24
917	535	20	25
917	535	21	24
914	535	24	26
918	536	20	29
916	537	21	31
918	535	19	25
919	539	18	21
918	538	19	22
917	540	19	20
916	537	21	23
917	539	19	24
918	540	18	20
918	540	16	19
919	540	17	19
919	542	16	18
919	541	16	18
918	541	17	19
918	541	17	19
918	540	17	19
918	540	17	19
918	540	17	20
918	541	17	21
918	541	17	19
918	541	18	19
918	541	15	18
919	541	15	18
918	542	17	18
918	541	18	19
918	542	17	19
918	541	18	20
918	542	17	18
919	542	14	18
918	541	17	18
918	541	19	19
919	542	18	18
919	542	17	18
918	542	18	18
918	542	18	18
918	540	18	20
918	542	18	18
918	542	16	18
918	540	18	19
919	542	17	19
919	543	17	18
918	543	17	17
918	542	17	17
918	542	18	18
918	542	18	18
918	542	17	18
918	542	18	19
918	543	17	17
918	542	17	17
918	543	17	17
918	543	17	17
919	542	17	17
918	543	15	18
917	541	17	25
915	540	23	31
916	542	21	27
917	542	16	25
917	541	19	26
918	543	18	24
918	542	18	18
918	543	18	19
916	543	19	23
917	543	17	19
919	543	16	16
918	542	18	19
918	543	18	21
918	543	18	22
917	543	19	26
913	542	23	33
916	543	21	33
916	542	21	32
916	543	17	25
917	543	16	25
917	544	18	24
913	542	23	31
911	542	23	30
912	542	24	31
914	542	28	36
911	542	27	34
916	544	19	32
916	543	20	27
917	543	19	23
916	543	18	31
912	542	24	32
913	541	28	37
915	541	21	37
913	542	21	29
914	544	19	27
918	543	18	23
913	543	20	32
916	544	20	34
916	543	22	34
916	543	27	34
911	542	31	42
911	542	30	35
915	543	21	34
915	542	21	33
916	544	17	32
913	543	19	33
916	543	18	32
915	543	22	33
916	544	18	32
916	543	20	32
911	542	26	32
913	542	27	36
914	542	21	33
917	544	18	25
918	546	16	23
917	545	16	23
917	543	19	29
916	543	21	32
916	543	21	35
917	542	22	34
916	544	23	29
917	544	20	28
917	545	20	31
917	547	18	28
917	547	19	24
917	546	19	29
914	543	23	34
914	542	24	35
916	544	20	31
917	548	15	20
918	547	16	26
917	548	16	27
911	545	24	31
912	543	25	44
913	544	21	45
914	545	20	39
