16	775	237	68
19	779	249	68
24	779	243	65
11	776	256	68
41	774	247	71
41	778	250	63
57	777	241	65
64	777	244	68
64	776	238	65
68	776	236	68
57	777	245	67
78	777	244	67
77	775	242	65
79	776	248	63
83	776	243	62
91	777	247	62
97	779	246	57
92	776	246	60
100	772	246	67
-25	773	284	60
0	763	370	76
-4	767	381	73
-23	768	400	71
-6	766	391	72
2	768	389	71
13	764	379	74
4	762	389	76
7	763	399	80
-73	764	424	85
-107	770	442	122
-42	748	473	107
-58	763	448	122
-46	755	459	84
-49	754	460	90
-40	756	472	87
-108	751	458	103
-44	750	473	175
-46	748	488	237
-62	733	501	265
-49	729	487	255
-45	721	484	268
-76	724	505	274
-74	726	521	274
-72	729	466	264
-70	737	510	263
-73	753	465	233
-54	758	436	221
-77	757	482	235
-58	762	443	222
-63	767	454	221
-83	751	477	244
-91	743	482	250
-91	759	474	232
-58	750	451	229
-64	753	455	237
-83	749	463	240
-46	753	432	227
-69	766	462	227
-65	745	452	231
-81	752	463	228
-81	753	477	231
-71	745	463	244
-82	759	463	230
-57	746	442	233
-82	753	462	234
-92	777	476	216
-89	746	496	240
-94	744	482	253
-99	753	496	240
-105	758	491	234
-110	763	497	230
-146	740	535	255
-154	739	557	295
-153	741	546	274
-126	743	532	257
-139	737	536	269
-119	729	514	277
-130	734	518	259
-125	729	513	272
-102	733	498	259
-102	743	496	242
-109	735	507	254
-92	739	487	251
-85	734	474	258
-58	727	455	255
-36	738	445	235
-74	738	483	250
-74	739	471	256
-82	743	479	256
-121	739	514	250
-139	740	547	302
-103	744	513	258
-90	735	519	251
-75	739	491	259
-82	741	493	242
-106	753	513	236
-80	747	490	239
-83	751	481	239
-100	747	512	242
-146	739	557	282
-167	731	584	269
-143	737	552	268
-90	739	520	246
-99	730	495	264
-72	743	459	258
-85	739	487	252
-98	728	510	273
-72	735	470	251
-100	738	493	265
-87	742	479	261
-92	740	483	249
-74	741	459	251
-89	744	476	257
-107	744	491	258
-129	749	517	250
-185	738	579	332
-174	751	560	279
-182	747	570	282
-132	782	520	215
-175	743	564	266
-182	754	568	250
-130	747	531	250
-108	746	501	281
-186	750	579	300
-192	755	588	320
-187	757	580	294
-172	735	568	318
-189	739	588	320
-126	741	510	260
-66	742	452	266
-57	749	450	257
-54	744	450	254
-68	751	475	246
-105	750	491	255
-116	780	503	226
-125	810	513	189
-101	832	498	154
-121	810	483	118
-31	848	432	127
-56	835	454	139
-31	852	427	125
-45	851	444	112
-40	817	444	157
-32	843	430	136
-41	850	444	125
-52	850	453	132
-36	853	437	125
-43	813	457	174
-40	849	453	137
-45	864	439	104
-56	736	452	162
-51	748	466	244
-85	830	491	176
-50	845	458	136
-36	852	431	126
-52	849	454	130
-35	858	440	126
-41	849	445	135
-34	858	431	128
-49	821	448	166
-36	857	428	125
-46	794	453	194
-51	846	450	176
-33	858	418	126
-38	868	431	117
-34	864	422	117
-36	864	431	122
-35	867	429	121
-45	792	424	139
-43	784	435	213
-31	839	431	156
-40	827	429	170
-32	825	430	183
-29	862	418	128
-38	850	428	144
-41	861	435	138
-50	783	428	224
-71	767	449	287
-87	754	486	321
-107	746	502	328
-98	763	489	307
-131	766	531	307
-114	771	502	300
-120	756	513	319
-141	765	532	312
-159	774	559	305
-162	772	559	312
-135	783	527	293
-134	814	525	261
-118	795	508	270
-132	787	523	293
-107	802	488	256
-76	777	463	290
-116	812	495	265
-65	801	443	222
-36	850	410	173
-46	846	432	169
-70	827	440	193
-80	825	459	221
-63	814	443	214
-102	812	474	238
-117	837	494	220
-81	850	450	169
-46	838	424	186
-58	857	429	169
-78	828	447	196
-91	845	470	178
-100	834	461	191
-91	840	458	178
-119	834	485	217
-69	845	440	171
-49	837	417	184
-58	832	426	192
-55	842	421	179
-62	827	429	197
-49	857	407	153
-79	807	439	213
-62	819	421	223
-69	822	426	226
-66	795	430	257
-80	799	425	272
-82	769	439	285
-72	784	419	287
-68	776	409	276
-51	804	397	249
-94	816	436	265
-71	784	399	263
-70	822	394	248
-56	801	383	243
-46	800	364	247
-69	803	382	250
-64	785	376	275
-77	831	385	216
-54	812	364	225
-60	833	365	208
-68	824	354	213
-52	837	345	191
-79	841	376	202
-54	828	333	203
-67	841	349	197
-59	834	329	196
-50	840	324	190
-65	839	345	188
-60	838	331	200
-47	843	318	187
-51	834	306	205
-66	837	322	200
-70	843	317	216
-47	841	290	197
-51	851	292	193
-72	848	318	204
-64	846	308	190
-76	834	310	205
-49	842	280	209
-60	832	286	203
-63	838	284	221
-62	839	285	219
-57	839	267	218
-66	836	283	233
-51	836	252	222
-50	848	254	204
-65	850	267	206
-59	847	260	205
-62	849	268	211
-56	846	256	213
-65	846	270	212
-64	852	262	205
-80	850	278	209
-75	877	246	192
-75	887	241	168
-78	878	247	188
-81	880	253	184
-74	883	227	183
-66	884	206	188
-54	895	173	166
-50	878	165	160
-42	890	146	150
-57	922	169	140
-63	893	176	142
-36	897	128	153
-38	895	117	164
-43	895	123	166
-34	896	106	166
-39	902	135	139
-30	904	133	129
-39	929	152	110
-30	939	135	102
-21	956	111	82
-20	960	102	74
-19	959	96	77
-17	952	87	87
-1	960	63	80
-12	960	68	79
-9	970	59	74
-9	970	59	74
-9	970	59	74
-9	970	59	74
-9	977	45	84
-9	977	45	84
-9	977	45	84
-9	977	45	84
-9	977	45	84
-9	977	45	84
-9	977	45	84
-9	977	45	84
-9	977	45	84
-9	977	45	84
-9	977	45	84
-9	977	45	84
-9	977	45	84
-9	977	45	84
-9	977	45	84
-9	977	45	84
260	819	64	66
70	883	87	42
70	883	87	42
70	883	87	42
70	883	87	42
70	883	87	42
70	883	87	42
70	883	87	42
70	883	87	42
70	883	87	42
70	883	87	42
70	883	87	42
70	883	87	42
70	883	87	42
70	883	87	42
70	883	87	42
70	883	87	42
70	883	87	42
70	883	87	42
70	883	87	42
70	883	87	42
70	883	87	42
70	883	87	42
70	883	87	42
70	883	87	42
70	883	87	42
70	883	87	42
70	883	87	42
70	883	87	42
70	883	87	42
70	883	87	42
70	883	87	42
70	883	87	42
70	883	87	42
70	883	87	42
70	883	87	42
70	883	87	42
70	883	87	42
70	883	87	42
70	883	87	42
70	883	87	42
70	883	87	42
70	883	87	42
70	883	87	42
70	883	87	42
70	883	87	42
70	883	87	42
70	883	87	42
70	883	87	42
70	883	87	42
70	883	87	42
70	883	87	42
70	883	87	42
70	883	87	42
70	883	87	42
70	883	87	42
70	883	87	42
70	883	87	42
70	883	87	42
-8	865	92	47
-8	865	92	47
-8	865	92	47
-2	869	100	63
-2	869	100	63
-2	869	100	63
-2	869	100	63
-2	869	100	63
-2	869	100	63
-2	869	100	63
-2	869	100	63
-2	869	100	63
-2	869	100	63
-2	869	100	63
-2	869	100	63
-2	869	100	63
-2	869	100	63
-2	869	100	63
-2	869	100	63
-2	869	100	63
-2	869	100	63
-2	869	100	63
6	846	112	45
6	846	112	45
-34	861	130	43
-34	861	130	43
-35	860	148	46
-35	860	148	46
-35	860	148	46
-35	860	148	46
-35	860	148	46
-42	865	156	50
-45	853	183	50
-42	857	186	49
-52	854	197	58
-52	854	197	58
-62	848	198	71
-67	874	207	124
-67	874	207	124
-67	874	207	124
-67	874	207	124
-67	874	207	124
-67	874	207	124
-67	874	207	124
-67	874	207	124
-52	318	256	116
-52	318	256	116
-52	318	256	116
12	276	268	128
-12	281	306	129
14	286	319	104
12	280	315	117
12	280	315	117
9	272	305	134
-6	289	307	121
-10	276	307	138
-17	281	332	127
24	288	352	98
14	283	325	108
-27	274	324	142
7	281	362	124
-12	277	377	139
-118	281	424	151
-133	822	432	179
-153	820	494	230
-138	769	459	274
-131	835	415	191
-68	830	456	177
-77	836	450	190
-65	738	471	225
-43	737	492	295
-144	724	444	320
-119	738	423	325
-135	739	457	314
-126	745	481	326
-133	741	504	320
-129	752	548	317
-126	749	551	315
-99	750	530	291
-118	752	542	319
-76	747	510	290
-68	743	503	296
-78	751	488	306
-65	739	478	295
-52	745	466	272
-56	750	456	281
-36	745	417	299
-64	737	432	312
-46	741	456	283
-34	742	410	291
-28	743	387	259
-48	757	406	281
-40	746	448	274
-37	741	442	263
-30	761	453	247
-131	769	478	290
-35	753	485	249
-44	783	507	229
-41	799	500	217
-49	785	518	222
-75	781	527	237
-57	796	524	211
-67	789	535	231
-49	785	510	214
-54	790	515	186
-65	797	510	215
-48	792	521	204
-66	792	526	212
-99	757	546	250
-77	794	527	233
-68	807	501	210
-92	807	537	211
-97	803	541	214
-98	810	524	224
-51	813	512	186
-69	810	499	206
-92	735	519	256
-72	752	516	253
-77	756	523	244
-67	814	538	188
-63	813	532	195
-56	817	530	188
-78	768	508	252
-80	771	476	220
-86	769	386	262
-72	776	343	265
-30	811	415	212
-26	812	493	196
-114	730	500	276
-62	755	436	274
-80	718	387	323
-34	701	332	326
-37	697	332	329
-45	702	354	331
-36	699	324	332
-52	712	363	304
-39	701	312	332
-31	695	319	336
-42	700	318	329
-29	689	306	335
-39	700	360	315
-44	726	426	287
-156	727	452	316
-155	708	481	325
-95	720	542	311
-26	708	555	303
12	685	540	322
28	680	524	315
-47	675	543	351
-81	677	606	363
-42	661	556	367
-44	682	605	327
-41	677	624	341
-37	684	581	311
-205	709	634	316
-163	670	635	371
-150	677	591	355
-121	661	554	364
-125	669	563	361
-152	669	595	370
-100	687	529	314
-124	712	545	307
-53	709	639	309
-52	703	624	305
-45	754	633	242
3	773	590	202
-19	772	613	202
-4	770	597	192
-7	771	594	197
-17	756	594	215
-15	735	595	241
-32	766	628	207
-44	767	667	216
-38	716	725	255
-118	703	691	297
-181	732	711	293
-122	696	675	316
-75	690	657	308
-62	770	618	227
-56	708	581	253
-47	695	640	310
-68	757	733	242
-70	694	767	200
-65	698	760	249
-86	696	774	170
-125	714	789	141
-74	768	756	206
-63	769	753	221
-51	687	728	177
-81	704	766	194
-265	754	809	247
-83	768	693	229
-128	763	695	236
-133	771	727	229
-191	734	745	281
-179	688	767	177
-54	801	718	196
-82	781	715	213
-164	768	661	241
-140	752	614	263
-177	732	587	279
-135	772	591	245
-168	755	538	269
-63	736	680	277
-98	776	642	230
-100	792	633	213
-146	764	581	260
-98	720	616	302
-178	707	533	330
-160	727	489	312
-117	705	440	330
-154	741	470	298
-126	715	429	320
-38	703	333	325
-52	733	335	303
-40	710	299	313
-40	704	295	333
-51	700	306	329
-47	694	293	325
-46	717	312	308
-43	702	289	319
-49	688	288	339
-46	697	303	333
-48	693	284	339
-12	690	310	329
-6	693	343	320
0	689	402	323
-52	693	534	328
-67	694	546	333
-154	715	475	349
-55	688	469	340
-151	707	435	361
-112	715	390	324
-117	704	383	352
-42	689	297	340
-62	706	334	343
-55	708	317	331
-41	715	284	324
-52	720	331	307
-47	697	288	335
0	738	384	294
-24	735	457	291
-69	734	462	311
-55	726	467	303
-59	736	451	296
-62	734	452	300
-53	736	453	280
-64	738	430	293
-80	736	457	294
-79	734	427	298
-88	732	423	309
-80	740	415	297
-80	736	416	301
-81	741	409	301
-75	741	402	299
-55	747	385	289
-60	736	382	287
-63	728	387	299
-52	671	365	344
-66	715	366	304
-62	721	359	300
-60	727	350	290
-59	726	348	284
-55	724	333	267
-91	712	372	185
-68	747	342	264
-53	721	328	298
-56	747	319	285
-60	734	303	293
-53	729	299	286
-59	723	296	288
-91	712	353	302
-58	725	336	292
-68	697	336	325
-55	730	288	304
-52	747	310	271
-87	754	381	259
-78	783	461	230
-147	789	532	230
-100	782	514	224
-65	803	484	194
-127	767	509	250
-123	732	562	268
-79	780	473	227
-60	785	435	217
-56	786	363	219
-68	793	367	213
-52	794	342	202
-57	787	334	203
-38	785	274	210
-40	785	280	182
-32	794	263	192
-27	790	257	194
-17	797	251	183
-32	802	259	190
-28	793	243	198
-53	807	267	193
-34	798	245	191
-33	813	247	179
-31	803	229	182
-57	796	236	139
-62	799	214	104
-23	836	198	130
-47	809	203	116
-24	833	180	128
-16	831	171	154
-25	828	197	158
-21	826	193	160
-20	825	196	162
-7	826	182	162
-5	828	183	159
-2	827	211	155
-25	830	215	157
-22	826	217	155
-19	831	211	150
-42	833	227	150
-29	829	211	149
-46	835	233	149
-27	831	225	153
-36	832	266	150
-35	824	276	161
-46	817	269	166
-45	823	271	163
-56	800	276	183
-81	773	289	214
-41	786	266	211
-36	753	251	229
-40	775	252	207
-47	796	278	197
-39	756	259	232
-37	735	259	260
-38	737	265	261
-35	742	355	251
-53	736	364	266
-53	737	403	257
-63	747	446	247
-38	768	526	221
-64	756	522	241
-116	740	432	255
-73	739	365	265
-66	733	346	276
-69	741	349	269
-63	743	335	273
-65	735	333	274
-46	751	407	264
-34	750	422	243
-41	750	473	245
-39	746	473	243
-42	741	474	255
-74	742	478	252
-83	740	474	262
-72	750	445	251
-62	767	436	235
-88	735	391	276
-56	746	366	260
-51	761	385	247
-58	751	378	260
-52	745	371	255
-61	752	381	262
-40	767	368	238
-41	771	346	225
-39	779	361	189
-33	789	356	153
-29	792	360	109
-28	811	373	159
-65	784	388	144
-47	784	369	121
-42	802	377	157
-100	780	435	180
-97	776	429	160
-105	802	448	209
-64	799	409	200
-136	778	463	167
-91	796	436	197
-55	799	407	194
-53	806	418	188
-125	769	465	212
-124	793	477	227
-179	769	539	256
-182	760	547	268
-132	780	499	238
-127	806	500	210
-202	757	571	260
-194	720	576	307
-211	731	690	290
-231	721	700	313
-220	700	688	344
-245	710	669	320
-162	679	616	377
-121	675	585	372
-77	715	526	337
-136	711	596	354
-152	717	581	326
-88	727	527	313
-91	747	513	290
-110	716	518	328
-125	720	537	338
-120	717	520	327
-84	736	476	305
-104	747	507	288
-72	752	478	295
-79	756	501	289
-56	758	482	288
-47	751	470	296
-48	751	471	300
-70	749	454	299
-49	745	430	305
-60	750	429	299
-43	741	401	303
-39	745	414	297
-28	753	404	297
-27	758	409	289
-34	764	448	278
-43	761	530	283
-50	762	539	276
-44	770	535	269
-42	763	526	284
-49	759	559	285
-61	770	566	281
-77	767	548	277
-44	778	560	259
-56	782	572	249
-43	789	551	242
-75	780	585	263
-67	771	568	261
-93	783	549	260
-94	771	454	281
-79	775	531	275
-86	759	555	287
-80	784	495	263
-78	777	491	272
-106	772	523	267
-115	791	545	254
-107	786	527	265
-105	792	521	257
-123	777	558	268
-118	776	579	267
-122	799	563	245
-150	784	591	259
-134	781	557	263
-151	788	560	264
-147	775	551	278
-110	769	502	271
-80	768	466	280
-67	778	440	263
-64	776	438	257
-77	781	435	261
-39	782	387	259
-59	780	390	264
-52	796	373	237
-41	787	358	252
-48	790	350	251
-42	791	327	254
-52	788	329	256
-48	786	310	259
-49	782	293	263
-41	775	276	271
-51	792	290	252
-77	790	333	254
-64	800	329	239
-60	790	293	248
-47	801	286	240
-45	795	274	249
-56	790	285	247
-49	793	269	248
-72	827	283	212
-47	827	226	207
-45	847	205	186
-39	849	286	179
-90	785	341	172
-91	798	326	234
-48	795	289	260
-44	793	265	253
-29	802	237	240
-22	808	221	238
-26	815	209	215
-27	816	196	217
-26	823	174	210
-26	819	161	213
-23	828	149	203
-22	824	136	203
-11	832	128	199
-19	832	138	194
-6	837	129	191
-15	836	123	190
-19	842	126	198
-14	840	111	198
-10	885	147	153
-21	868	209	169
-30	827	222	212
-14	831	257	199
-42	853	326	175
-43	854	334	170
-41	850	327	180
-68	849	324	193
-78	852	342	194
-57	856	324	182
-84	853	337	194
-84	853	337	194
-60	847	319	196
-15	792	341	252
-57	757	340	288
-54	699	339	348
-35	687	312	357
-48	703	314	344
-36	705	298	338
-37	699	294	349
-33	701	299	339
-32	713	295	322
-35	714	283	324
-39	705	303	334
-37	699	279	339
-40	688	259	345
-51	697	310	347
-48	765	323	283
-55	771	323	272
-89	667	315	218
-84	809	322	227
-74	801	394	239
-151	768	486	290
-65	739	606	315
-68	732	603	333
-58	731	587	334
-53	733	581	326
-59	745	581	315
-70	750	581	308
-75	744	571	308
-73	748	564	312
-72	748	555	306
-103	777	587	284
-159	845	623	218
-127	743	584	319
-87	743	535	310
-72	743	517	315
-78	739	516	324
-71	741	508	319
-60	747	499	315
-59	738	482	317
-80	739	490	323
-94	739	484	318
-97	750	486	312
-139	738	516	329
-106	731	474	337
-108	742	469	331
-123	729	469	351
-122	724	464	359
-116	726	456	352
-100	733	424	336
-98	749	417	329
-92	748	391	323
-87	753	388	317
-87	751	379	325
-89	747	368	327
-86	755	357	319
-81	754	347	323
-73	764	333	310
-75	768	326	303
-62	766	304	299
-72	780	294	297
-76	775	296	298
-68	773	275	306
-55	773	268	305
-59	766	252	303
-55	758	235	307
-46	771	215	301
-54	772	209	296
-24	941	271	280
-41	774	392	297
-137	763	489	293
-144	740	483	324
-148	744	477	319
-134	742	449	325
-139	744	462	318
-155	853	478	276
-121	908	447	226
-145	908	449	192
-138	923	422	173
-92	943	380	143
-75	945	345	145
-75	945	345	145
-75	945	345	145
-75	945	345	145
-75	945	345	145
-75	945	345	145
-75	945	345	145
-75	945	345	145
-75	945	345	145
-75	945	345	145
-75	945	345	145
-75	945	345	145
6	823	342	195
-23	760	400	272
-72	748	453	321
-85	749	479	320
-75	742	423	332
-94	740	441	320
-132	738	475	337
-151	736	496	337
-94	747	488	290
-24	747	515	265
-35	741	574	297
-26	756	573	274
-43	740	555	283
-53	746	565	285
-56	748	566	281
-61	748	568	291
-50	773	545	259
-36	737	527	303
-147	751	530	303
-45	755	509	280
-47	744	509	293
-44	755	506	283
-45	753	503	287
-36	734	482	302
-42	737	457	295
-45	760	459	274
-32	726	435	307
-33	691	419	349
-29	668	403	380
-35	715	405	325
-30	698	403	342
-17	670	374	377
-21	690	378	361
-25	675	362	379
-35	684	367	366
-40	678	360	372
-36	682	344	369
-44	679	348	379
-37	681	331	374
-46	683	328	368
0	696	283	354
-1	696	279	358
-60	687	317	363
-57	691	299	369
-70	703	319	357
-51	715	351	346
-33	738	494	302
-56	729	569	326
-55	727	566	344
-55	731	563	335
-53	728	554	332
-47	736	526	320
-46	730	520	335
-44	736	524	336
-53	730	522	331
-47	729	529	337
-46	736	524	332
-51	730	531	341
-46	740	514	334
-46	735	521	333
-48	734	518	329
-42	744	508	324
-56	746	532	332
-65	740	519	326
-51	743	508	335
-45	739	476	340
-77	741	493	333
-85	744	515	335
-98	748	513	335
-90	755	515	328
-79	758	495	323
-83	750	505	329
-86	753	507	327
-77	762	507	322
-116	755	532	332
-172	748	576	340
-87	771	509	311
-82	761	503	323
-54	742	465	335
-85	748	495	336
-72	767	484	314
-152	749	536	334
-110	764	489	317
-53	767	438	307
-43	775	435	310
-43	777	424	301
-35	779	419	301
-62	776	444	312
-29	787	403	304
-36	786	410	298
-22	785	391	307
-24	796	378	300
-12	794	398	296
-12	820	339	273
-29	807	363	284
-25	830	346	258
-50	827	367	262
-53	815	338	274
-51	816	345	278
-7	779	428	305
0	788	480	302
16	811	568	271
16	834	660	259
-33	829	729	259
-36	841	739	258
-2	837	664	262
9	833	651	257
-18	851	705	245
-50	848	721	245
-56	858	717	235
-52	862	705	232
-40	860	703	241
54	862	615	232
63	865	604	223
63	871	606	216
41	870	628	221
35	875	612	212
51	879	608	215
66	876	591	205
44	874	603	214
72	889	590	203
67	887	583	198
64	892	580	196
57	902	585	187
58	902	586	192
57	894	601	202
70	897	578	200
62	901	579	204
80	903	560	198
85	904	556	193
100	907	537	193
95	905	537	198
106	908	515	192
50	908	563	186
48	919	555	172
-22	929	655	157
-37	880	638	212
-34	812	605	282
-42	811	609	282
37	812	541	291
197	770	673	330
190	770	695	329
166	769	693	333
189	773	671	329
198	789	661	301
192	785	669	307
209	782	646	318
206	797	641	295
246	810	617	276
238	827	606	256
244	815	599	270
249	820	593	271
250	829	589	260
243	812	583	277
252	836	568	260
259	836	551	251
260	832	553	261
281	827	532	264
254	824	550	265
277	832	521	256
291	841	505	254
287	834	503	256
294	850	489	241
306	842	466	249
294	842	468	250
300	843	454	254
294	836	454	259
311	828	426	263
301	838	428	257
319	837	409	260
306	830	407	264
-81	877	371	203
325	842	376	247
331	844	360	253
328	851	357	246
328	855	344	236
376	829	391	255
333	826	435	265
316	853	547	238
332	797	643	289
352	769	629	314
385	717	597	369
402	697	564	390
405	690	563	397
404	680	552	402
406	689	554	404
381	710	572	378
385	721	560	368
346	770	582	319
359	733	574	356
368	750	558	333
369	753	562	329
356	712	566	377
345	704	572	387
338	717	585	371
341	749	586	342
330	746	670	337
310	737	686	351
325	738	598	353
301	731	587	367
311	750	668	338
275	733	755	358
310	716	716	368
364	686	646	400
380	685	571	399
402	730	497	364
381	736	508	352
373	759	500	326
365	823	443	260
383	825	428	262
399	825	405	256
390	846	412	240
395	833	404	264
388	824	394	265
394	833	401	257
377	842	394	248
372	835	401	243
365	849	404	223
397	842	365	240
392	844	365	230
403	848	346	230
398	840	344	240
396	849	334	229
399	848	327	233
397	849	332	232
397	792	512	287
419	734	510	344
439	720	495	357
443	715	484	365
456	723	471	356
442	737	469	348
431	732	475	355
419	742	478	343
339	746	557	337
383	746	525	333
409	745	478	338
392	743	497	339
394	759	480	330
405	748	464	331
395	758	469	325
420	770	444	319
416	759	440	327
404	758	439	327
411	760	419	332
409	765	420	326
411	779	414	312
412	778	414	312
414	784	410	305
420	784	387	303
423	798	374	295
422	799	383	293
417	800	380	289
426	799	376	292
412	797	376	288
420	806	358	283
432	798	343	284
441	800	327	288
416	801	358	280
406	812	367	269
425	808	342	275
427	815	343	266
406	831	362	254
435	820	336	262
434	819	333	257
431	829	333	247
454	828	313	246
445	843	315	232
443	831	311	241
450	849	305	237
436	836	314	238
441	837	311	246
447	842	308	240
440	836	305	247
436	838	311	244
437	839	320	247
433	852	296	230
435	841	322	242
437	836	308	235
430	848	314	244
416	851	325	228
424	841	326	245
426	843	312	230
415	856	316	232
418	875	322	209
416	861	304	218
432	863	298	225
418	857	310	223
449	865	282	222
413	888	298	200
423	875	297	209
409	878	310	208
408	892	322	188
436	873	290	213
450	874	272	218
452	869	272	213
478	875	258	209
462	902	240	185
468	886	265	205
483	896	214	192
481	924	227	163
499	895	199	191
503	892	210	194
496	896	222	190
494	893	222	194
497	892	228	193
503	891	218	195
502	893	221	191
511	902	202	187
522	902	196	187
520	898	212	195
513	916	198	175
517	909	183	208
521	902	220	180
522	913	195	177
536	909	226	176
544	910	210	175
543	909	215	169
542	916	209	163
559	906	213	182
546	918	202	169
557	931	193	185
546	928	210	148
568	927	189	181
579	909	205	164
583	904	302	151
582	905	337	174
460	974	368	162
565	913	378	167
580	924	363	159
442	955	453	132
493	928	444	147
573	935	413	151
586	929	361	153
585	932	295	149
595	936	282	145
607	946	284	141
607	946	284	141
607	946	284	141
621	961	250	123
649	954	232	114
617	962	249	115
678	964	203	94
689	976	185	87
689	976	185	87
689	976	185	87
689	976	185	87
674	985	190	94
674	985	190	94
674	985	190	94
674	985	190	94
674	985	190	94
690	996	188	86
676	998	188	91
668	994	222	94
670	999	218	88
654	995	232	96
603	954	264	117
688	908	286	131
679	917	277	171
661	894	303	205
657	868	373	228
587	884	444	195
389	885	623	185
356	874	668	199
468	894	621	189
303	894	706	183
286	904	713	178
279	908	725	177
273	909	746	174
559	877	628	209
156	934	611	166
559	901	563	187
58	926	587	199
603	912	419	172
636	906	485	171
21	932	500	147
651	909	464	164
647	927	343	160
673	930	319	158
674	934	305	150
674	939	305	147
673	938	311	141
677	943	300	143
670	946	325	136
678	956	302	126
676	959	313	117
693	960	310	115
690	964	301	118
699	967	293	120
696	970	295	115
696	971	294	109
716	974	220	97
716	974	220	97
716	974	220	97
716	974	220	97
386	976	231	123
714	981	227	99
718	987	191	92
409	990	216	100
704	979	210	97
695	969	228	98
389	984	217	109
776	964	213	86
750	948	179	91
789	953	167	81
758	934	165	93
763	926	157	94
744	929	142	86
753	923	119	87
922	751	111	57
741	924	119	75
741	924	119	75
741	924	119	75
741	924	119	75
773	926	103	58
773	926	103	58
773	926	103	58
773	926	103	58
773	926	103	58
773	926	103	58
773	926	103	58
773	926	103	58
918	769	108	47
930	774	105	42
930	778	106	40
930	782	104	40
929	785	106	41
930	788	103	42
928	792	105	40
930	797	104	41
929	802	108	39
930	805	106	40
931	809	103	42
929	813	103	41
930	816	111	41
928	819	110	42
931	825	103	41
930	829	110	41
930	830	110	45
929	836	112	43
932	840	111	44
931	844	108	43
931	849	109	42
932	852	106	45
933	853	109	46
933	855	108	51
933	860	108	50
933	869	111	47
933	873	111	46
933	884	110	39
932	884	107	45
936	890	112	45
936	893	112	51
933	897	111	47
934	903	116	48
935	908	120	53
936	917	122	44
940	911	141	59
941	919	151	62
942	923	148	67
942	930	152	59
943	933	156	65
942	938	159	67
942	938	158	75
940	950	150	67
940	950	161	74
936	958	155	75
937	962	155	79
929	964	147	78
936	970	154	82
929	977	149	76
928	984	161	73
925	984	160	75
911	995	166	70
928	993	159	78
895	998	154	83
885	999	144	95
893	1002	134	96
898	1007	128	87
942	1017	128	63
926	1023	125	65
899	1018	117	82
1018	809	133	83
1012	820	153	81
1012	820	147	81
1008	828	152	87
1005	832	154	87
1003	848	156	70
996	841	163	90
992	849	167	83
994	856	157	82
990	865	160	75
987	862	162	85
984	865	161	85
985	875	155	78
978	874	151	83
978	889	166	67
979	889	153	78
967	885	157	91
969	895	165	86
969	901	167	84
967	908	164	81
963	904	153	93
965	921	161	76
967	926	154	70
962	933	163	68
963	940	155	66
954	948	165	68
956	945	168	80
956	942	174	85
954	956	164	77
953	965	167	72
960	969	156	70
951	970	166	79
960	978	157	77
958	981	159	80
945	984	170	90
942	994	174	84
952	999	165	82
962	1014	162	62
954	1019	165	63
939	1018	148	65
941	1014	180	75
938	1010	222	78
938	1010	222	78
938	1010	222	78
938	1010	222	78
938	1010	222	78
938	1010	222	78
938	1010	222	78
938	1010	222	78
938	1010	222	78
938	1010	222	78
938	1010	222	78
938	1010	222	78
938	1010	222	78
938	1010	222	78
938	1010	222	78
938	1010	222	78
938	1010	222	78
938	1010	222	78
938	1010	222	78
938	1010	222	78
938	1010	222	78
938	1010	222	78
938	1010	222	78
938	1010	222	78
938	1010	222	78
938	1010	222	78
938	1010	222	78
736	906	216	97
736	906	216	97
736	906	216	97
736	906	216	97
736	906	216	97
736	906	216	97
736	906	216	97
736	906	216	97
736	906	216	97
736	906	216	97
736	906	216	97
736	906	216	97
736	906	216	97
736	906	216	97
736	906	216	97
736	906	216	97
736	906	216	97
736	906	216	97
401	499	283	117
401	499	283	117
401	499	283	117
401	499	283	117
401	499	283	117
401	499	283	117
401	499	283	117
401	499	283	117
401	499	283	117
401	499	283	117
401	499	283	117
401	499	283	117
401	499	283	117
401	499	283	117
401	499	283	117
401	499	283	117
401	499	283	117
401	499	283	117
401	499	283	117
401	499	283	117
401	499	283	117
401	499	283	117
401	499	283	117
401	499	283	117
401	499	283	117
401	499	283	117
401	499	283	117
401	499	283	117
401	499	283	117
401	499	283	117
401	499	283	117
401	499	283	117
401	499	283	117
401	499	283	117
401	499	283	117
401	499	283	117
401	499	283	117
401	499	283	117
401	499	283	117
401	499	283	117
401	499	283	117
401	499	283	117
401	499	283	117
401	499	283	117
401	499	283	117
401	499	283	117
401	499	283	117
401	499	283	117
401	499	283	117
401	499	283	117
401	499	283	117
401	499	283	117
401	499	283	117
401	499	283	117
401	499	283	117
401	499	283	117
401	499	283	117
401	499	283	117
401	499	283	117
401	499	283	117
401	499	283	117
226	923	308	108
226	923	308	108
-33	715	329	130
-32	720	403	185
-32	720	403	185
-34	725	482	216
-34	725	482	216
-34	725	482	216
-34	725	482	216
-34	725	482	216
-76	753	492	243
-76	753	492	243
-76	753	492	243
-76	753	492	243
-76	753	492	243
-94	800	469	245
-101	795	479	255
-101	795	479	255
-101	795	479	255
-101	795	479	255
-101	795	479	255
-101	795	479	255
-101	795	479	255
-101	795	479	255
-101	795	479	255
-101	795	479	255
-101	795	479	255
-101	795	479	255
-101	795	479	255
-101	795	479	255
-101	795	479	255
-101	795	479	255
-101	795	479	255
-101	795	479	255
-101	795	479	255
-101	795	479	255
-101	795	479	255
-101	795	479	255
-101	795	479	255
-101	795	479	255
-101	795	479	255
-101	795	479	255
-101	795	479	255
-101	795	479	255
1081	908	407	185
1100	931	344	160
1109	935	316	150
1103	934	320	145
1110	967	305	117
1111	985	311	91
1107	986	320	95
820	886	303	81
1153	990	267	116
1153	990	267	116
1153	990	267	116
1153	990	267	116
1153	990	267	116
1153	990	267	116
1153	990	267	116
1153	990	267	116
1153	990	267	116
1153	990	267	116
1153	990	267	116
1153	990	267	116
1153	990	267	116
1153	990	267	116
1153	990	267	116
1153	990	267	116
1153	990	267	116
1153	990	267	116
1153	990	267	116
1153	990	267	116
1153	990	267	116
1153	990	267	116
1153	990	267	116
1153	990	267	116
1153	990	267	116
1153	990	267	116
1153	990	267	116
1153	990	267	116
1153	990	267	116
1153	990	267	116
1153	990	267	116
1153	990	267	116
1153	990	267	116
1153	990	267	116
1153	990	267	116
1153	990	267	116
1153	990	267	116
1153	990	267	116
1153	990	267	116
1153	990	267	116
1153	990	267	116
1399	346	334	92
1399	346	334	92
1399	346	334	92
1409	356	345	86
1409	356	345	86
1405	371	345	68
1414	358	350	90
1412	358	350	91
1408	361	348	89
1414	363	349	87
1420	369	348	87
1417	368	357	93
1422	390	359	65
1420	383	354	86
1423	372	360	96
1427	376	375	99
1406	378	372	100
1436	392	372	86
1445	398	375	95
1434	411	374	90
1436	418	380	90
1442	421	377	106
1460	433	379	100
1440	446	393	104
1449	450	380	110
1440	473	395	99
1454	484	396	105
1439	497	407	109
1449	513	415	103
1455	526	425	116
1441	552	419	93
1439	570	427	102
1460	583	428	109
1458	599	424	105
1460	620	434	112
1467	635	438	125
1466	657	431	122
1482	671	440	121
1475	685	446	128
1483	702	461	125
1508	727	495	117
1512	727	497	121
1513	725	492	126
1500	731	504	132
1488	733	466	160
1397	741	417	196
1529	735	463	184
1530	742	464	179
1532	742	478	142
1473	748	477	147
1537	744	469	161
1535	743	461	165
1550	750	452	161
1558	769	449	146
1555	764	423	156
1555	776	401	146
1570	789	292	142
1578	791	270	133
1579	792	241	124
1596	803	281	133
1582	802	236	124
1596	813	268	127
1601	814	243	122
1600	818	246	122
1615	826	246	124
1624	832	244	124
1621	835	253	131
1623	839	265	134
1635	846	259	136
1625	849	265	137
1640	854	263	135
1637	863	277	138
1644	866	275	142
1655	870	271	142
1658	880	289	138
1661	888	282	136
1675	892	286	136
1685	897	269	134
1685	906	257	135
1676	914	271	144
1695	920	261	144
1695	927	292	150
1714	934	288	138
1712	939	283	134
1720	948	277	125
1729	954	263	113
1736	959	243	101
1729	965	254	106
1729	972	268	107
1732	978	256	103
1725	984	262	101
1728	991	251	90
1720	994	261	86
1719	998	248	80
1706	1005	244	73
1695	989	268	87
1714	935	276	147
1656	1001	305	90
1645	1001	284	79
1627	1005	230	75
1641	1006	254	72
1601	1004	221	74
1576	1003	242	76
1554	996	262	85
1530	996	335	87
1510	989	335	96
1508	982	325	102
1495	979	344	123
1511	978	321	108
1514	1003	317	73
1515	997	315	87
1511	989	325	96
1512	988	328	95
1512	985	344	103
1539	1007	336	75
1530	997	323	83
1519	990	337	99
1527	990	350	99
1528	985	330	105
1539	972	327	117
1538	964	337	116
1550	951	321	128
1532	938	341	132
1530	919	348	146
1532	903	358	169
1522	888	369	173
1515	869	401	180
1532	851	380	176
1519	829	400	187
1516	818	403	185
1525	795	396	183
1519	773	407	192
1535	763	451	182
1526	741	419	192
1527	724	426	190
1528	699	410	187
1540	688	431	182
1518	665	415	186
1521	644	413	192
1535	628	420	187
1530	607	412	189
1528	599	404	182
1525	579	400	187
1533	563	391	192
1537	552	393	187
1533	546	392	187
1531	536	411	186
1532	529	396	183
1528	519	401	185
1538	510	400	186
1530	497	383	183
1533	493	389	184
1537	482	397	186
1542	476	392	180
1532	473	400	181
1533	462	404	184
1533	452	403	183
1537	452	424	177
1544	443	409	185
1542	438	396	173
1546	436	386	178
1539	442	391	175
1538	444	394	173
1539	444	381	173
1542	450	402	182
1543	459	423	196
1547	465	430	189
1539	474	426	190
1543	485	432	196
1536	495	451	196
1543	506	422	192
1544	514	428	182
1539	524	443	195
1546	535	450	196
1550	548	432	181
1538	553	418	191
1534	565	442	205
1547	575	447	204
1544	588	448	207
1541	602	445	197
1537	614	446	204
1544	619	450	206
1550	635	444	201
1550	648	416	190
1553	658	429	194
1543	675	441	188
1548	686	446	198
1554	699	434	190
1553	710	439	191
1557	725	424	185
1557	729	411	188
1536	735	393	195
1561	760	421	184
1559	765	407	184
1557	770	397	194
1562	786	395	184
1567	796	382	184
1566	816	421	179
1572	827	400	175
1568	837	413	184
1562	847	356	183
1581	857	356	175
1572	872	349	177
1568	878	306	178
1574	891	325	166
1577	909	299	164
1580	919	286	149
1580	933	296	142
1586	945	301	137
1599	960	330	123
1597	975	341	111
1614	986	337	98
1610	988	252	105
1600	991	262	97
1600	991	262	97
1600	991	262	97
1600	991	262	97
1600	991	262	97
1600	991	262	97
1600	991	262	97
1600	991	262	97
1600	991	262	97
1600	991	262	97
1623	320	291	97
1623	320	291	97
1623	320	291	97
1623	320	291	97
1623	320	291	97
1623	320	291	97
1623	320	291	97
1623	320	291	97
1623	320	291	97
1623	320	291	97
1623	320	291	97
1623	320	291	97
1623	320	291	97
1623	320	291	97
1623	320	291	97
1623	320	291	97
1623	320	291	97
1623	320	291	97
1623	320	291	97
1623	320	291	97
1623	320	291	97
1623	320	291	97
1623	320	291	97
1623	320	291	97
1623	320	291	97
1623	320	291	97
1623	320	291	97
1623	320	291	97
1515	541	264	120
1515	541	264	120
1515	541	264	120
1515	541	264	120
1515	541	264	120
1515	541	264	120
1515	541	264	120
1515	541	264	120
1515	541	264	120
1515	541	264	120
1550	565	269	144
1550	565	269	144
1550	565	269	144
1550	565	269	144
1550	565	269	144
1615	588	259	134
1562	830	233	151
1626	562	217	150
1626	562	217	150
1626	562	217	150
1626	562	217	150
1626	562	217	150
1626	562	217	150
1623	572	277	140
1628	566	291	149
1629	569	285	145
1576	556	338	107
1597	574	298	112
1637	595	294	113
1639	582	293	126
1564	561	281	132
1590	568	269	124
1591	561	267	136
1668	599	259	117
1693	595	282	115
1667	585	274	103
1631	550	277	89
1618	579	262	122
1652	901	215	96
1660	588	204	116
1741	554	224	136
1683	588	238	122
1703	578	266	138
1723	536	295	163
1723	536	295	163
1723	536	295	163
1723	536	295	163
1723	536	295	163
1723	536	295	163
1723	536	295	163
1723	536	295	163
1723	536	295	163
1720	487	273	124
1720	487	273	124
1731	520	235	98
1732	504	229	113
1732	504	229	113
1732	504	229	113
1736	490	224	108
1743	533	207	90
1742	535	189	84
1758	540	193	61
1768	541	149	47
1793	544	110	39
1808	547	90	32
1815	550	86	28
1813	549	88	28
1812	549	90	31
1818	548	86	28
1814	549	90	33
1814	548	93	42
1819	549	89	30
1822	550	83	33
1817	548	91	41
1817	547	89	39
1817	548	93	42
1821	547	93	38
1818	551	94	38
1822	548	97	43
1824	549	95	40
1825	549	94	35
1828	550	92	38
1825	549	95	43
1823	548	114	45
1824	549	117	43
1828	550	114	44
1835	552	111	42
1830	550	118	43
1838	552	110	40
1837	550	105	43
1839	550	105	43
1840	551	106	42
1842	553	105	42
1840	549	108	45
1843	551	100	48
1846	551	101	44
1841	550	107	44
1853	553	94	46
1851	552	97	52
1856	550	88	48
1856	549	88	51
1857	552	90	47
1855	551	96	49
1859	551	82	50
1860	552	87	52
1862	552	81	55
1866	552	69	48
1871	552	63	48
1870	555	66	47
1870	553	70	47
1873	554	62	52
1871	554	69	48
1872	554	63	49
1878	550	53	55
1881	551	50	54
1882	554	50	49
1884	555	55	49
1884	554	53	49
1774	490	57	29
1883	554	51	38
1879	551	52	31
1884	553	47	26
1882	551	49	25
1884	551	49	24
1884	555	48	25
1881	553	45	23
1882	551	47	23
1888	552	42	23
1889	551	42	24
1886	552	43	28
1886	552	43	28
1695	486	43	30
1692	472	47	31
1692	472	47	31
1692	472	47	31
1689	479	54	36
1689	479	54	36
1689	479	54	36
1689	479	54	36
1689	479	54	36
1714	473	60	36
1714	472	66	36
1717	463	71	42
1717	463	91	36
1708	459	99	34
1708	459	99	34
1708	459	99	34
1711	448	98	35
1713	442	98	38
1716	438	94	34
1708	436	101	30
1710	432	102	29
1712	428	102	35
1719	425	97	36
1712	420	103	31
1722	417	97	37
1716	414	101	33
1715	409	103	29
1715	409	103	29
1715	409	103	29
1715	409	103	29
1722	400	100	32
1722	400	100	32
1722	400	100	32
1721	393	103	28
1721	393	103	28
1720	389	106	31
