909	25	248	157
912	34	239	157
909	33	238	156
913	43	238	145
910	44	231	147
918	49	232	146
910	49	227	145
919	47	234	156
914	48	229	151
917	58	222	152
918	55	222	155
916	62	234	152
916	65	238	154
913	66	233	154
918	65	237	155
909	71	238	154
918	75	232	151
914	75	243	152
916	80	240	151
917	79	242	154
916	84	238	154
912	86	243	152
909	94	241	150
911	92	248	154
914	92	235	159
915	96	231	152
916	98	240	154
915	100	246	156
909	104	246	153
920	108	235	151
919	110	236	154
917	112	236	159
915	108	249	160
912	116	239	150
921	120	237	157
914	121	240	155
915	124	249	157
914	127	248	150
911	133	239	148
914	133	246	156
919	140	239	143
920	136	238	154
913	141	236	146
915	145	245	150
917	147	241	145
917	150	250	152
915	151	248	146
917	151	243	150
915	154	243	152
909	155	254	154
912	157	258	152
913	161	249	158
919	160	252	158
917	164	246	152
916	165	258	155
914	168	248	151
922	172	249	156
906	170	255	156
919	175	248	157
914	182	242	146
915	177	247	154
919	183	242	153
914	184	251	154
913	190	248	150
912	190	252	152
918	194	246	157
915	193	247	153
910	193	244	156
912	199	257	155
918	204	254	155
920	202	246	158
907	206	250	157
913	209	248	155
906	205	258	158
910	213	252	160
911	216	261	158
915	219	254	155
911	219	255	160
913	223	247	162
906	221	265	164
906	229	262	159
904	227	264	164
908	230	253	161
908	231	260	165
907	236	252	159
906	237	273	160
902	240	262	151
915	245	255	160
908	248	263	153
905	249	260	156
911	249	264	165
900	249	270	166
910	252	265	161
903	256	264	166
910	256	257	163
905	260	263	165
906	259	267	168
901	264	267	160
911	271	266	159
901	267	263	162
915	275	264	157
911	276	253	151
908	281	262	157
907	277	259	167
905	281	271	159
906	287	270	163
903	286	263	161
915	293	261	161
906	292	266	158
908	296	261	155
901	298	262	162
908	300	273	165
899	298	265	167
901	303	272	164
895	307	267	166
900	309	275	161
900	304	271	170
902	313	268	169
899	318	279	161
900	316	273	164
895	318	267	163
894	318	284	171
903	324	266	161
903	328	269	156
900	327	281	167
898	334	271	158
903	335	273	162
900	334	269	163
899	340	280	164
899	342	270	161
897	344	277	161
896	350	282	160
889	350	282	162
899	353	271	167
892	353	272	166
893	355	285	170
895	357	277	169
895	360	269	170
900	362	278	170
895	365	275	172
896	369	284	167
894	371	276	165
891	372	282	174
896	372	278	176
893	381	287	168
890	379	282	169
891	387	284	163
890	387	282	168
893	387	289	172
885	389	287	170
889	395	286	173
886	393	290	176
894	399	289	169
888	399	285	175
889	401	297	176
887	407	287	176
892	408	294	173
897	407	285	175
890	409	286	177
891	414	295	170
889	416	289	174
893	419	294	173
888	420	294	168
893	422	315	175
891	423	301	175
888	428	307	174
895	429	295	176
886	431	302	180
893	433	299	179
892	436	305	179
893	441	303	180
891	444	297	177
896	441	300	185
888	443	310	183
892	452	294	177
891	452	299	178
903	454	288	173
898	460	305	180
901	456	294	181
895	459	302	181
892	461	298	183
899	469	307	181
893	470	300	180
900	469	307	183
895	470	307	188
897	478	312	183
902	482	306	178
889	475	311	185
901	485	307	186
895	481	299	186
897	482	311	185
892	488	323	182
896	489	308	186
891	488	302	186
889	488	320	194
883	492	315	192
895	496	322	186
889	503	312	183
892	497	315	195
898	500	310	192
900	503	313	190
900	506	307	186
896	508	317	175
899	506	309	189
897	512	311	189
895	507	317	186
900	517	312	185
896	510	318	191
895	509	320	198
894	520	323	186
888	512	316	194
895	512	325	200
887	516	334	192
889	516	325	195
887	518	335	190
886	515	322	199
894	517	330	199
882	519	334	194
891	518	337	197
887	519	335	194
892	518	332	196
890	525	332	200
887	521	334	199
888	523	334	203
882	524	339	199
893	519	337	206
886	520	342	210
880	529	336	200
885	524	345	209
882	525	346	205
887	524	344	208
885	527	348	208
888	525	339	206
887	532	341	208
881	532	346	206
887	528	343	203
888	526	347	211
889	533	345	206
883	533	346	203
886	529	350	212
886	530	345	208
883	532	344	215
878	534	370	208
887	545	351	204
876	530	369	214
876	537	355	214
889	538	355	207
872	534	358	213
881	539	369	208
885	537	354	212
879	534	354	220
889	541	359	219
884	540	356	217
885	546	353	218
884	543	358	213
885	544	365	210
881	545	370	221
875	546	364	213
881	549	370	214
878	549	367	221
879	543	378	222
877	543	369	222
876	546	370	226
873	543	386	232
871	554	376	221
874	555	379	223
876	557	368	220
881	558	381	221
880	550	377	234
878	556	379	231
871	557	386	229
882	558	381	228
877	558	378	221
876	556	388	230
868	561	386	225
876	557	399	230
879	560	390	224
878	558	388	236
875	569	385	220
877	557	390	241
874	560	398	241
867	562	393	243
879	564	377	240
872	562	401	235
873	569	387	228
882	559	394	239
873	563	396	237
885	570	400	234
865	566	403	241
866	566	421	250
876	570	406	249
867	560	406	252
881	569	400	253
873	566	401	244
872	566	419	249
875	570	407	250
866	571	405	256
874	564	417	259
872	571	409	257
871	571	429	253
874	578	426	252
868	573	414	250
875	580	428	250
872	578	418	263
875	581	418	248
877	582	411	254
873	585	430	251
867	588	422	251
868	579	440	263
876	587	432	257
876	587	420	261
880	587	430	263
881	584	430	256
877	582	420	261
880	586	429	258
873	595	428	260
879	598	442	258
872	589	439	273
872	587	448	261
874	594	444	258
868	582	450	275
872	598	452	265
867	600	447	263
869	592	454	271
865	588	439	282
871	598	453	266
869	596	443	273
875	598	466	276
870	599	455	276
871	600	467	271
869	603	458	284
865	607	468	281
867	614	475	265
866	605	462	283
865	606	465	282
870	609	463	283
869	612	462	287
871	618	457	277
877	611	471	296
873	617	470	289
867	622	477	290
852	610	481	302
868	623	463	282
878	633	481	279
861	626	484	283
870	627	472	280
872	615	480	294
869	627	486	287
863	636	489	284
859	623	495	301
863	633	493	302
863	636	500	294
867	637	499	294
863	635	489	302
875	649	488	293
860	642	501	305
867	638	516	309
874	639	498	310
867	647	510	304
866	642	515	310
870	651	494	302
874	642	502	299
883	657	499	293
874	654	497	298
880	640	504	306
857	625	513	329
863	641	508	311
875	641	507	304
870	632	510	320
852	635	509	315
882	641	506	311
862	643	505	296
861	624	522	316
872	633	501	318
874	631	497	314
862	637	507	304
861	630	529	310
869	627	514	305
862	629	500	311
874	631	512	308
860	620	527	319
852	636	518	309
866	634	517	309
865	638	506	301
876	640	507	299
870	613	493	328
876	640	498	295
863	633	498	316
869	630	517	313
858	628	506	321
867	628	514	326
859	629	514	309
865	633	504	307
861	644	507	297
866	640	504	302
858	629	502	301
856	621	518	310
865	634	518	304
869	638	512	309
864	640	498	305
861	644	510	304
867	628	517	316
871	637	497	306
868	622	491	316
851	634	523	315
871	633	507	307
863	643	498	306
875	636	506	304
862	637	509	301
879	647	508	298
867	639	499	300
874	642	509	293
857	630	507	317
872	646	509	295
861	632	524	304
869	630	522	318
852	638	519	311
872	650	507	296
871	641	509	300
863	644	514	302
858	639	513	307
865	644	516	309
871	643	503	319
860	651	507	302
866	640	515	311
855	640	515	317
874	651	505	305
871	643	501	300
872	640	504	317
871	652	497	305
867	646	518	308
865	656	504	301
856	637	531	307
864	634	509	312
856	629	517	312
858	651	514	308
858	652	524	308
864	649	523	295
866	640	515	315
854	644	507	311
860	651	515	303
862	641	516	305
865	645	528	314
852	635	518	322
861	660	521	293
861	642	516	319
856	641	524	315
861	654	532	303
855	654	527	300
860	639	525	311
871	654	525	289
849	637	549	307
857	641	532	304
865	640	525	315
853	646	528	302
865	641	525	304
876	650	509	296
865	639	526	308
863	649	535	296
850	630	536	297
868	627	532	306
874	646	520	293
855	640	528	290
861	625	526	300
857	631	516	298
860	628	527	300
864	630	522	287
866	630	521	287
857	618	510	294
872	626	513	283
870	623	503	286
874	629	512	274
874	620	513	282
856	612	514	282
867	622	511	265
868	613	503	274
869	625	500	271
869	608	504	273
872	614	492	268
883	616	477	247
888	610	483	268
880	608	486	272
886	620	473	252
878	609	485	254
877	606	485	266
886	605	469	267
884	611	461	253
887	600	464	256
882	603	472	248
878	595	466	248
898	598	456	246
880	591	471	249
894	591	455	253
895	591	437	245
888	585	448	248
890	584	445	248
889	582	450	249
887	582	442	240
899	582	431	239
901	581	427	237
891	571	424	243
900	575	416	238
901	568	409	240
902	573	416	234
896	565	418	242
907	569	404	230
897	568	414	228
901	564	403	231
894	543	409	252
898	541	413	249
892	543	407	245
902	554	394	228
904	547	389	229
893	547	394	228
907	543	388	232
903	544	391	225
900	544	384	226
906	539	384	230
897	548	378	216
900	542	384	222
898	536	384	221
898	528	370	227
908	536	365	218
907	526	364	221
903	537	354	209
903	524	364	218
896	519	363	227
901	518	359	227
899	520	355	219
895	511	365	228
894	515	359	221
887	520	360	211
905	525	358	210
901	505	349	224
900	514	340	217
901	510	347	206
903	511	345	207
898	512	337	203
908	509	344	202
899	512	341	195
905	514	336	196
906	516	337	191
902	505	323	192
908	505	331	199
900	511	324	180
902	504	334	195
903	502	319	189
905	497	332	193
893	496	330	197
903	501	320	189
912	498	313	183
906	492	313	182
912	497	315	179
906	490	306	184
907	489	311	182
909	496	312	168
908	484	308	178
908	483	310	176
912	482	309	175
909	476	308	179
908	477	304	176
912	477	302	174
913	478	288	166
914	471	304	175
919	467	285	173
924	472	294	167
915	463	289	169
913	464	293	168
914	466	285	162
915	466	278	159
921	463	284	156
918	464	278	155
930	460	275	165
923	459	270	157
925	456	269	159
920	456	270	154
926	454	272	154
923	453	272	158
922	451	262	156
922	449	265	152
920	448	270	155
915	448	267	155
925	445	270	159
926	444	256	159
930	450	258	144
920	444	260	152
923	440	254	159
930	439	254	160
925	440	259	156
920	436	253	153
931	440	249	146
921	438	251	152
938	439	240	146
931	433	246	149
931	436	239	150
931	438	238	142
932	433	243	150
933	432	242	147
929	434	246	143
932	429	238	149
932	431	232	144
939	430	225	138
933	429	232	138
938	429	229	139
931	428	230	137
937	425	229	139
938	423	223	139
933	425	229	134
939	423	227	134
937	423	224	132
941	420	219	136
947	425	215	127
940	420	215	129
943	418	221	134
939	415	215	133
942	416	220	133
947	413	211	130
950	413	214	129
943	411	216	128
950	415	209	123
947	410	204	123
945	409	207	135
948	405	205	133
950	403	213	133
951	407	207	129
951	402	201	127
952	407	205	121
948	402	200	123
954	405	208	119
952	401	200	119
956	404	199	120
946	402	197	124
956	401	197	124
950	401	197	120
953	404	206	118
953	401	198	121
951	403	200	116
954	402	199	122
960	405	187	117
956	401	194	119
964	408	191	109
956	406	190	112
959	404	188	114
960	403	191	115
966	405	189	113
962	404	194	116
958	404	191	115
960	405	190	113
962	402	191	114
956	403	187	112
960	401	195	118
961	404	187	111
966	403	190	118
958	402	185	113
965	403	190	113
962	405	184	108
967	405	192	114
964	402	189	108
968	405	185	109
963	406	178	104
967	404	185	112
960	406	187	109
968	404	183	111
968	404	181	113
966	405	182	111
970	403	184	112
970	404	181	109
971	405	180	106
967	401	184	110
971	403	183	113
967	402	178	113
968	400	185	115
968	402	189	115
970	402	179	110
975	405	182	105
979	404	177	106
974	404	181	110
975	403	183	111
976	398	181	122
976	405	177	116
980	406	182	110
973	399	182	117
981	406	172	117
978	407	177	114
977	404	187	113
976	403	181	112
971	404	184	110
980	404	185	108
978	406	179	107
979	402	182	112
980	405	181	106
980	406	182	105
979	402	184	109
979	403	183	109
980	402	181	106
979	401	176	114
978	403	184	109
984	402	176	110
985	399	179	110
982	400	178	113
981	398	181	114
981	400	175	108
981	399	186	112
984	397	184	114
985	396	179	110
983	397	177	109
987	397	180	108
984	396	175	106
985	395	183	112
981	397	182	108
985	395	178	110
984	398	182	105
982	395	180	112
982	392	185	111
984	390	177	112
985	393	180	112
987	395	177	105
983	390	181	107
987	393	183	104
987	389	179	107
989	390	178	106
986	391	170	107
987	389	181	107
988	387	173	108
992	389	174	102
993	390	170	103
988	387	178	103
986	386	173	109
988	383	178	106
988	386	177	102
988	386	175	100
992	385	173	105
991	382	169	112
990	382	172	109
989	382	176	108
987	383	170	104
992	383	172	104
992	384	170	103
990	380	169	104
993	381	169	104
992	381	168	107
995	378	166	108
988	380	167	101
993	381	167	105
991	377	165	110
990	381	165	101
991	379	161	106
994	378	164	104
994	378	162	101
988	379	169	101
992	378	167	103
990	378	163	105
997	382	162	99
993	377	162	103
996	380	162	105
992	380	162	104
990	376	167	106
991	378	163	106
991	379	169	103
990	379	161	99
994	379	159	101
991	380	165	98
995	375	160	110
993	378	161	102
992	378	157	107
995	377	156	107
996	380	158	98
995	379	160	98
992	380	159	103
998	379	154	104
998	381	157	98
995	380	156	99
1000	380	152	97
995	379	153	103
995	378	159	98
997	381	150	96
996	380	159	96
997	383	156	98
994	378	156	106
999	378	153	103
996	383	155	99
997	380	157	103
996	380	157	102
996	385	155	95
995	384	159	97
994	385	159	93
997	386	154	98
999	383	154	96
997	382	157	100
997	383	156	104
995	383	158	101
996	383	163	99
995	384	154	99
1000	383	155	99
997	383	157	100
999	386	156	94
1002	389	156	94
998	385	159	92
996	386	156	95
999	386	158	97
1000	385	158	95
998	385	156	95
998	384	163	100
998	384	158	103
1003	385	154	94
1004	385	153	92
1004	386	153	92
999	382	159	105
1000	381	157	101
993	383	159	97
1002	380	157	100
999	383	158	97
1000	382	156	99
999	380	157	103
1003	383	154	98
1003	385	155	92
1001	384	156	93
997	383	157	91
1002	384	160	92
999	383	161	96
995	384	159	96
999	383	162	101
1002	381	160	101
997	385	159	95
1002	383	160	96
1002	382	155	98
1005	383	157	96
1004	384	153	97
1004	385	158	91
1008	385	153	90
1008	383	152	100
1004	382	150	102
1003	386	155	93
1004	382	157	93
1001	383	157	95
1003	384	155	96
1005	383	155	96
1007	382	157	101
1005	382	157	98
1004	383	152	94
1005	385	153	94
1006	384	155	94
1005	382	156	96
1006	382	154	96
1002	384	159	94
1003	383	161	97
998	383	164	94
1005	384	159	95
1007	383	159	93
1004	381	158	94
1004	383	164	94
1006	382	161	98
1008	380	157	102
1005	383	159	100
1004	382	157	98
1005	383	157	97
1005	384	157	96
1003	382	162	101
1002	385	164	97
1008	383	156	99
1010	380	153	106
1003	384	160	98
1007	382	162	97
1006	383	155	97
1007	379	158	100
1002	379	160	105
1007	381	164	99
1007	382	159	102
1008	386	155	89
1010	382	153	97
1005	384	152	95
1008	382	157	95
1013	382	155	96
1006	381	163	100
1009	379	159	105
1006	380	156	106
1007	381	156	105
1007	381	157	99
1009	380	152	100
1003	381	158	97
1010	381	158	98
1006	381	157	102
1009	380	157	107
1006	380	160	96
1011	382	157	102
1008	379	156	104
1009	379	155	116
1009	378	157	109
1007	381	158	100
1006	380	158	98
1008	380	156	97
1004	384	159	93
1006	381	160	98
1005	380	160	102
1007	381	155	100
1008	379	159	99
1006	381	158	95
1007	382	160	94
1000	381	161	97
1005	383	159	93
1009	383	154	94
1003	381	164	95
1002	381	160	99
1005	381	161	101
1002	380	159	102
1005	382	165	96
1001	380	156	99
1003	381	163	99
1006	382	157	98
1004	380	160	101
1003	382	164	100
1003	383	154	102
1005	381	158	99
1004	380	157	99
1005	381	162	99
1002	381	159	101
1004	383	162	97
1006	382	161	101
1007	381	158	99
1002	382	164	101
1003	381	164	101
1002	381	160	102
1005	382	164	97
1003	381	159	103
1000	381	169	98
998	382	165	100
1005	381	161	97
1003	379	160	109
1003	379	159	108
1005	379	164	106
1004	382	161	101
1002	381	161	97
1004	380	163	102
1003	380	160	106
1001	380	161	101
1004	383	166	96
1001	385	161	99
1006	383	160	102
1009	383	157	100
1001	384	158	98
1009	384	157	97
1001	383	161	97
1002	382	162	99
1002	383	166	97
999	383	158	104
1001	382	165	102
1002	384	162	98
1001	383	160	101
1003	385	161	96
1005	384	160	99
1005	384	157	97
1004	386	158	94
1000	384	157	103
1005	381	158	104
1005	384	164	100
1000	383	161	98
1003	383	165	106
1005	382	161	108
1003	382	160	100
997	380	167	104
1002	381	163	105
1001	384	159	100
1003	382	162	102
1002	385	162	96
1005	383	159	98
999	382	162	99
1003	382	164	101
1000	384	161	97
1001	384	168	97
1004	381	159	105
1001	383	160	98
998	385	163	104
998	380	167	105
1001	383	157	97
1002	381	162	107
1000	384	164	99
1003	385	162	98
1001	382	160	99
1001	385	159	99
1002	385	160	97
1003	382	159	103
1001	383	163	99
1001	383	161	100
996	384	161	99
1002	383	160	102
997	382	158	103
1001	382	161	104
999	383	161	105
999	382	164	107
1002	381	160	109
1001	387	163	96
999	385	163	102
995	385	173	100
996	384	165	100
1000	384	169	99
997	384	169	101
997	385	168	99
997	383	168	105
997	383	168	104
992	384	167	102
997	384	168	105
996	383	163	107
994	387	167	96
997	383	165	106
997	382	162	104
996	384	165	104
998	386	168	97
997	385	162	98
996	386	166	99
996	384	167	101
995	388	164	94
997	385	164	97
996	386	164	99
998	385	167	97
997	385	167	103
995	384	160	103
998	385	164	104
998	383	162	101
995	386	159	103
997	382	165	108
998	382	165	108
995	383	161	107
999	383	160	107
995	384	166	101
997	383	162	103
991	385	164	101
995	384	166	98
992	382	164	102
1000	384	162	99
991	383	165	103
995	386	163	101
992	384	169	101
994	383	165	108
993	383	169	103
991	385	169	101
993	386	164	101
995	386	169	99
991	380	171	108
994	385	165	101
995	385	164	99
995	385	163	99
994	386	160	101
997	387	164	96
994	385	161	99
990	384	170	100
990	386	167	97
992	386	170	99
989	386	163	96
995	383	166	104
992	383	166	108
994	385	165	102
994	387	166	99
986	384	166	98
992	383	168	103
991	382	167	105
992	382	168	108
992	382	167	105
993	385	164	102
994	384	167	103
994	383	164	101
991	384	169	104
994	382	164	99
992	382	165	102
990	383	175	101
992	383	167	105
995	384	166	102
990	383	169	100
998	382	165	99
992	385	164	99
993	383	169	101
993	382	167	101
993	383	164	102
992	382	172	102
997	383	167	100
993	382	172	103
989	383	169	104
996	383	167	103
995	384	162	101
991	384	168	99
993	383	172	100
990	383	173	103
990	384	177	102
992	382	166	104
993	384	159	105
995	382	165	105
995	386	162	98
993	384	167	100
995	384	164	100
992	384	165	100
995	385	173	100
999	384	162	103
992	383	163	104
992	383	171	101
993	386	161	97
994	384	166	103
993	385	162	102
993	384	167	98
992	386	163	98
993	384	167	102
994	383	169	102
988	385	170	101
992	384	172	103
991	383	167	105
991	384	167	106
994	384	167	104
991	383	165	104
992	382	167	106
987	384	168	103
991	385	170	102
991	383	166	104
986	385	169	97
991	385	170	99
990	383	164	102
991	382	166	103
989	384	164	100
994	384	165	102
992	383	163	102
991	384	163	100
988	385	166	102
992	384	164	101
989	382	163	105
992	386	165	103
992	386	161	99
991	384	162	98
993	384	162	103
984	381	164	103
990	388	162	95
988	384	163	98
983	385	168	99
985	384	167	102
982	382	169	105
987	383	168	106
987	384	162	108
991	382	163	105
990	384	161	107
988	385	163	103
989	386	165	104
985	386	167	100
986	386	165	101
989	386	162	102
983	384	164	102
987	385	161	102
986	386	163	101
988	388	159	100
983	387	165	100
990	387	164	97
991	387	161	98
984	386	168	104
985	383	171	104
985	384	162	104
990	385	161	106
978	384	167	103
982	383	171	100
985	384	164	101
986	387	161	104
982	381	170	103
982	386	165	101
986	384	170	102
985	385	164	97
987	384	166	100
986	384	165	102
987	383	164	104
984	383	166	101
989	382	166	104
984	384	165	103
988	382	165	108
984	383	165	103
986	381	169	102
982	385	165	101
988	383	162	105
980	382	161	103
986	382	166	100
986	382	165	105
988	384	162	98
983	382	166	104
986	382	166	104
980	382	169	105
986	383	168	105
984	381	172	108
985	380	165	116
985	382	169	106
986	382	166	106
986	383	162	102
983	382	173	103
987	382	165	104
986	384	163	102
983	381	169	106
978	383	167	104
982	380	171	108
979	380	165	111
983	381	169	102
985	381	172	105
980	381	163	102
985	384	166	106
980	383	163	95
985	382	168	105
981	383	167	104
988	384	163	102
980	381	170	102
985	384	165	101
980	385	168	100
982	383	166	99
984	384	165	103
979	382	169	102
983	383	167	104
984	384	167	99
984	384	163	101
984	385	168	100
986	381	169	102
982	383	166	109
982	383	175	101
979	382	171	107
986	383	161	108
983	382	165	107
984	384	156	102
982	384	165	103
985	385	164	98
981	385	161	103
982	383	166	112
980	380	169	110
986	383	163	107
981	382	158	104
980	386	171	100
978	384	169	100
982	384	166	105
979	382	166	102
983	384	169	103
976	381	167	105
979	382	173	105
982	385	166	104
982	384	163	104
981	384	168	102
978	386	165	98
983	386	166	104
979	386	169	102
979	384	168	102
978	386	165	98
983	384	165	103
981	384	162	102
980	385	169	100
980	386	165	102
977	384	169	106
980	383	171	102
978	386	164	102
977	384	171	106
976	387	166	99
977	385	167	101
977	385	168	103
979	386	168	103
980	386	165	101
983	386	164	102
981	384	163	107
979	384	165	110
982	383	163	114
980	384	168	105
981	383	163	107
975	386	164	105
982	386	166	104
982	387	159	106
981	386	167	104
980	388	164	102
977	388	167	102
982	387	168	103
980	388	165	98
982	388	168	99
980	388	166	95
981	386	169	100
980	385	167	105
979	386	163	100
983	386	166	101
980	387	163	101
983	388	167	105
985	388	165	101
983	385	161	103
981	387	172	102
981	386	163	106
980	384	167	105
982	385	172	106
979	386	169	106
986	386	163	103
983	387	163	100
982	384	168	105
982	383	167	109
984	388	162	102
984	385	167	99
982	387	167	102
983	385	168	101
984	386	168	101
984	385	166	108
983	385	171	105
984	385	167	103
984	386	170	101
983	388	175	98
983	386	165	100
983	385	167	104
983	385	171	104
984	387	165	104
982	384	166	104
978	389	167	94
984	386	170	104
985	386	167	102
985	386	159	102
986	386	163	102
982	384	165	103
986	384	163	105
983	385	166	104
985	382	165	110
985	383	168	104
979	384	163	104
985	384	166	102
985	384	163	105
984	385	162	102
986	385	162	105
986	385	167	103
985	384	162	103
986	383	164	111
981	383	163	107
984	384	167	107
986	383	163	106
980	384	172	105
986	385	165	106
985	382	171	105
981	385	169	99
988	386	163	101
982	382	168	103
985	383	167	104
981	380	170	103
983	382	169	107
983	381	169	106
984	382	164	107
986	380	166	103
987	384	164	105
985	382	165	105
988	381	167	104
983	386	167	101
985	385	168	100
986	383	169	103
984	383	170	102
986	385	166	100
987	383	169	106
986	384	169	103
990	385	167	101
995	385	165	98
996	386	164	101
1002	385	165	102
1010	386	165	102
1013	387	169	97
1014	384	177	101
1028	388	163	105
1030	386	168	107
1039	385	171	102
1050	387	173	100
1058	384	172	102
1062	384	176	106
1075	386	170	98
1084	384	168	101
1089	387	171	103
1103	387	172	103
1109	388	174	103
1118	384	181	107
1128	387	175	110
1138	389	174	101
1145	388	181	104
1154	391	182	102
1162	388	177	103
1172	389	176	105
1184	389	182	100
1193	388	180	106
1201	386	180	103
1208	390	183	101
1216	391	182	104
1226	389	185	106
1241	390	183	101
1245	387	186	114
1254	388	182	112
1266	391	181	108
1280	392	182	112
1291	393	187	111
1301	394	188	107
1307	391	190	111
1320	393	186	116
1325	395	194	116
1329	393	200	111
1347	398	190	102
1348	395	206	107
1368	399	194	106
1376	398	194	105
1386	398	199	104
1392	395	204	109
1399	396	213	111
1409	397	208	112
1419	396	204	110
1429	400	205	104
1440	400	206	113
1447	398	204	114
1459	396	208	117
1468	400	208	113
1482	399	210	119
1485	400	218	119
1500	399	215	113
1508	400	222	116
1519	402	224	112
1535	403	216	116
1536	400	222	120
1549	405	223	116
1566	406	221	118
1572	404	221	118
1586	406	221	117
1592	404	226	121
1603	404	229	125
1617	404	232	119
1624	406	228	121
1639	409	231	119
1647	406	235	121
1653	408	242	118
1664	409	246	118
1673	405	240	132
1689	407	238	128
1696	410	227	116
