1166	551	19	33
1164	552	19	30
1162	553	19	29
1159	553	18	29
1157	554	17	28
1153	554	18	29
1152	553	17	30
1150	553	16	30
1147	553	16	28
1144	553	17	30
1141	554	17	27
1138	552	17	28
1135	552	17	31
1133	551	15	32
1129	552	18	28
1125	552	19	31
1121	552	17	29
1118	552	17	30
1115	554	17	30
1112	553	17	28
1109	555	17	28
1104	556	17	27
1100	557	19	28
1097	556	20	29
1094	557	19	30
1089	556	19	32
1087	555	18	31
1086	555	18	29
1083	554	19	28
1081	553	18	30
1078	553	18	30
1076	554	18	29
1073	553	18	30
1070	553	18	29
1069	554	17	28
1069	554	17	28
1065	553	19	28
1064	553	18	29
1064	551	18	30
1062	551	18	29
1062	551	17	29
1062	551	17	30
1061	550	18	29
1059	548	18	29
1059	548	20	29
1058	546	20	31
1058	546	18	29
1060	546	15	29
1058	544	17	28
1059	544	15	30
1057	543	18	34
1058	538	16	34
1057	541	17	32
1056	537	17	34
1056	537	17	33
1056	539	17	31
1057	536	16	32
1056	536	17	31
1055	537	17	31
1055	535	16	31
1055	536	17	32
1055	536	19	31
1056	534	16	33
1056	535	15	30
1055	535	16	29
1056	535	16	28
1055	536	16	29
1056	536	16	28
1055	535	16	30
1056	535	15	29
1056	536	16	29
1056	536	15	31
1055	536	17	31
1055	537	17	29
1056	538	17	31
1055	537	17	29
1054	538	18	28
1055	539	18	30
1056	538	17	31
1056	539	17	28
1057	541	16	27
1058	540	17	29
1058	540	17	31
1057	541	17	30
1057	540	16	31
1058	541	17	30
1057	543	17	29
1056	543	17	29
1056	544	17	30
1058	545	15	28
1058	545	15	30
1057	545	15	29
1057	547	15	29
1058	548	15	31
1058	549	15	28
1057	551	16	28
1057	551	15	29
1056	552	17	30
1057	551	17	29
1056	551	18	29
1056	552	18	29
1055	553	19	30
1055	555	18	29
1057	558	18	27
1057	558	16	27
1057	558	15	29
1057	559	17	29
1056	561	18	27
1055	560	18	32
1056	559	18	33
1057	562	18	30
1058	562	16	30
1057	561	18	32
1056	563	18	32
1056	564	19	32
1057	566	18	30
1056	567	19	30
1056	568	18	29
1057	567	17	31
1057	572	16	29
1056	573	16	28
1056	575	17	28
1055	576	16	27
1055	577	17	30
1053	578	18	31
1054	579	16	31
1054	580	16	30
1053	580	17	32
1054	583	16	30
1052	584	17	29
1050	584	18	29
1050	585	18	29
1050	585	17	29
1050	588	17	27
1048	588	18	28
1047	588	16	27
1047	591	17	26
1045	592	18	29
1044	592	18	29
1043	594	17	29
1042	595	19	30
1042	596	17	30
1042	597	17	31
1039	598	17	30
1038	598	17	32
1038	597	17	34
1037	597	18	33
1034	601	19	30
1034	601	17	31
1032	601	18	32
1031	602	18	31
1030	605	18	30
1029	605	17	31
1026	606	18	30
1025	606	18	31
1023	607	17	32
1023	608	16	32
1021	609	17	32
1021	609	17	34
1019	608	18	34
1018	611	18	31
1016	613	19	31
1015	614	19	31
1015	613	17	31
1014	614	16	31
1013	614	16	32
1011	615	19	33
1010	615	18	33
1010	616	18	32
1008	617	17	32
1007	619	19	31
1006	619	18	33
1005	621	18	32
1005	623	18	32
1005	622	18	33
1004	623	18	33
1005	623	18	37
1004	622	18	38
1004	622	18	36
1002	632	21	35
1004	628	17	31
1005	632	17	28
1005	632	17	26
1005	635	16	28
1005	636	16	26
1004	629	16	29
1004	632	16	32
1004	631	17	30
1002	631	18	30
1001	631	20	32
1002	630	20	34
1002	630	20	38
1001	632	20	35
1001	631	20	36
1001	634	20	38
1000	634	22	35
1003	631	20	38
1006	633	18	38
1005	632	20	37
1006	631	19	36
1006	633	19	34
1006	635	20	32
1007	633	20	34
1007	633	19	33
1008	633	19	33
1008	632	20	35
1009	629	21	35
1009	630	22	34
1009	627	21	37
1011	626	21	38
1009	630	22	33
1013	624	21	35
1011	623	21	38
1014	623	20	36
1015	619	20	35
1013	619	22	34
1016	621	20	33
1017	615	19	35
1018	615	18	34
1018	616	19	33
1018	613	20	36
1015	611	23	35
1019	611	19	35
1020	610	19	32
1020	612	19	30
1021	610	18	34
1020	610	18	34
1020	610	19	33
1020	608	19	35
1021	609	17	36
1021	608	18	37
1022	609	19	36
1022	608	21	35
1022	609	19	33
1023	608	18	34
1022	607	19	33
1022	608	20	33
1022	608	19	33
1022	607	20	33
1022	609	19	32
1022	609	20	31
1021	609	21	32
1023	607	19	34
1022	608	21	33
1023	608	20	35
1023	608	19	34
1024	607	19	35
1024	608	19	32
1024	609	17	31
1023	609	21	31
1023	609	18	31
1024	606	19	33
1025	608	19	31
1025	606	18	31
1026	607	18	33
1026	607	17	32
1026	606	20	33
1027	607	19	32
1026	606	18	34
1027	606	18	32
1028	605	18	34
1029	609	17	31
1028	608	17	33
1027	610	20	30
1027	610	19	31
1027	609	19	30
1027	608	19	32
1027	606	18	34
1027	605	19	36
1026	604	20	34
1028	605	18	35
1027	606	19	32
1028	605	19	31
1028	605	18	31
1027	605	18	30
1028	606	19	31
1028	605	18	33
1029	605	18	34
1028	604	19	33
1029	603	18	35
1029	604	18	35
1029	604	18	34
1029	603	18	35
1027	605	20	29
1028	601	21	31
1028	603	21	30
1029	604	20	30
1028	602	21	27
1026	603	22	29
1027	603	22	27
1027	603	21	29
1030	600	21	30
1030	603	19	29
1030	602	19	31
1031	601	19	31
1030	600	19	32
1030	601	20	32
1031	601	20	31
1032	599	19	32
1032	598	20	34
1032	598	21	31
1030	596	21	31
1029	600	22	28
1029	598	23	32
1028	598	22	33
1033	595	18	36
1034	596	17	34
1034	596	17	31
1033	595	19	29
1034	598	17	27
1032	598	19	28
1031	597	19	29
1032	596	20	30
1032	595	19	30
1032	596	20	29
1034	594	17	32
1035	594	16	31
1035	594	17	31
1036	593	16	30
1036	594	15	29
1036	592	16	31
1038	592	16	31
1038	590	15	32
1038	590	15	33
1038	590	15	31
1038	588	15	33
1037	587	17	34
1038	588	16	32
1036	586	18	36
1037	586	17	36
1037	585	17	37
1037	585	17	36
1038	584	17	37
1039	584	16	36
1039	582	16	37
1038	582	16	37
1038	582	18	38
1037	582	17	40
1038	582	16	38
1038	581	16	37
1038	580	16	37
1039	581	17	35
1038	582	17	32
1039	580	16	35
1039	579	16	39
1039	579	16	38
1039	578	18	40
1038	578	17	36
1039	578	16	34
1039	579	16	33
1041	580	15	30
1043	581	13	29
1044	583	13	28
1044	582	13	27
1044	582	13	26
1043	580	15	28
1044	582	16	26
1043	581	18	28
1044	582	17	27
1045	582	16	28
1045	581	16	28
1045	579	15	30
1046	578	16	31
1047	579	17	29
1053	578	18	28
1071	580	17	26
1089	582	15	24
1118	579	16	26
1118	579	16	26
1164	580	17	22
1183	579	15	22
1197	578	17	22
1215	580	16	20
1215	580	16	20
1228	584	13	22
1230	582	16	25
1234	582	17	29
1240	582	18	26
1239	582	21	32
1245	581	17	29
1246	581	17	27
1246	581	17	28
1245	581	16	26
1246	580	16	28
1245	579	18	32
1247	579	17	32
1251	580	19	30
1249	577	19	31
1250	576	23	33
1253	578	19	32
1264	579	17	29
1279	581	17	28
1279	581	17	28
1321	588	16	23
1343	587	13	21
1343	587	13	21
1343	587	13	21
1343	587	13	21
1343	587	13	21
1343	587	13	21
1343	587	13	21
1343	587	13	21
1343	587	13	21
1343	587	13	21
1343	587	13	21
1343	587	13	21
1343	587	13	21
1343	587	13	21
1343	587	13	21
1343	587	13	21
1343	587	13	21
1343	587	13	21
1343	587	13	21
1343	587	13	21
1343	587	13	21
1343	587	13	21
1343	587	13	21
1343	587	13	21
1343	587	13	21
1343	587	13	21
1343	587	13	21
1343	587	13	21
1343	587	13	21
1343	587	13	21
1343	587	13	21
1343	587	13	21
1343	587	13	21
1343	587	13	21
1343	587	13	21
1343	587	13	21
1343	587	13	21
1343	587	13	21
1343	587	13	21
1343	587	13	21
1343	587	13	21
1343	587	13	21
1343	587	13	21
1343	587	13	21
1343	587	13	21
1343	587	13	21
1343	587	13	21
1343	587	13	21
1343	587	13	21
1343	587	13	21
1343	587	13	21
1343	587	13	21
1343	587	13	21
1343	587	13	21
1343	587	13	21
1343	587	13	21
1343	587	13	21
1343	587	13	21
1343	587	13	21
1343	587	13	21
1343	587	13	21
1343	587	13	21
1343	587	13	21
1343	587	13	21
1343	587	13	21
1343	587	13	21
1343	587	13	21
1343	587	13	21
1343	587	13	21
1343	587	13	21
1343	587	13	21
1343	587	13	21
1343	587	13	21
1343	587	13	21
1343	587	13	21
1343	587	13	21
1343	587	13	21
1343	587	13	21
1343	587	13	21
1343	587	13	21
1343	587	13	21
1343	587	13	21
1343	587	13	21
1343	587	13	21
1343	587	13	21
1343	587	13	21
1343	587	13	21
1343	587	13	21
1343	587	13	21
1343	587	13	21
1343	587	13	21
1343	587	13	21
1343	587	13	21
1343	587	13	21
1343	587	13	21
1343	587	13	21
1343	587	13	21
1343	587	13	21
1343	587	13	21
1343	587	13	21
1343	587	13	21
1343	587	13	21
1343	587	13	21
1343	587	13	21
1343	587	13	21
1343	587	13	21
1343	587	13	21
1343	587	13	21
1343	587	13	21
1343	587	13	21
1343	587	13	21
1343	587	13	21
1343	587	13	21
1343	587	13	21
1343	587	13	21
1343	587	13	21
1343	587	13	21
1343	587	13	21
1360	559	16	19
1349	560	16	16
1363	542	16	18
1377	575	17	17
1373	575	16	17
1369	575	16	17
1365	575	17	18
1365	575	16	18
1364	574	17	18
1361	574	19	18
1363	573	18	16
1363	573	18	17
1362	573	19	17
1364	573	18	18
1358	573	23	17
1359	573	23	18
1358	571	26	19
1358	570	26	20
1386	596	22	24
1388	597	21	28
1389	594	22	30
1385	593	27	32
1387	595	25	30
1372	637	21	30
1389	595	21	30
1388	591	21	33
1389	591	24	33
1385	591	28	32
1387	594	27	28
1388	592	22	30
1390	592	19	30
1389	588	23	32
1387	591	24	29
1388	592	22	30
1390	591	20	31
1391	592	21	26
1390	595	18	22
1365	566	22	18
1362	566	25	19
1388	591	21	22
1390	590	19	21
1389	590	19	25
1387	589	21	24
1388	589	21	26
1389	588	20	26
1390	587	19	28
1390	588	24	24
1391	589	19	19
1368	564	20	17
1368	563	20	18
1368	562	17	18
1371	562	18	20
1373	562	15	19
1373	561	13	20
1371	561	16	18
1370	561	19	18
1372	561	18	22
1370	560	19	22
1367	559	20	22
1369	560	18	19
1369	559	18	23
1369	559	18	22
1370	560	18	20
1371	560	17	17
1371	560	17	17
1370	560	17	17
1369	560	18	17
1369	560	16	17
1371	560	15	16
1371	559	14	17
1372	560	14	17
1372	559	14	19
1371	560	15	16
1371	560	16	17
1372	560	14	17
1372	560	14	18
1370	561	15	16
1370	561	13	16
1370	561	15	17
1371	560	16	19
1371	562	16	17
1371	562	15	16
1372	562	12	19
1373	561	13	17
1372	561	14	17
1369	561	16	15
1368	562	17	14
1369	563	18	13
1369	562	19	14
1371	563	16	14
1373	564	13	16
1372	565	14	18
1370	562	15	20
1371	562	14	17
1369	564	17	19
1371	563	14	20
1369	564	16	19
1369	564	16	19
1369	565	15	17
1368	564	16	18
1371	563	15	20
1371	564	14	21
1369	565	16	20
1369	565	16	18
1370	565	15	19
1370	565	15	17
1369	566	16	17
1372	564	14	20
1374	564	13	20
1369	564	16	19
1369	565	17	18
1369	565	17	17
1369	565	17	17
1370	565	16	18
1369	564	16	16
1369	565	18	16
1368	567	19	15
1370	565	20	15
1367	566	20	17
1369	565	17	17
1369	564	16	15
1371	565	17	14
1371	565	16	18
1372	564	15	17
1370	563	17	18
1371	564	17	18
1371	564	18	19
1373	565	16	16
1371	564	18	15
1371	563	17	17
1370	562	19	18
1369	561	21	22
1369	561	19	21
1371	561	19	22
1368	562	20	21
1371	562	19	19
1373	560	15	21
1372	560	13	18
1371	560	16	19
1372	560	16	18
1373	560	15	17
1373	560	16	18
1372	561	18	20
1373	560	16	19
1373	560	17	18
1372	560	17	18
1372	559	17	17
1373	559	17	19
1373	560	16	19
1373	560	17	18
1372	560	17	18
1371	560	18	20
1372	560	17	19
1373	560	16	18
1373	562	16	15
1373	560	17	16
1373	561	17	16
1373	561	17	17
1374	560	14	17
1373	561	16	16
1374	560	16	16
1373	561	16	17
1374	560	16	18
1374	560	16	19
1374	561	16	19
1373	560	16	16
1373	561	16	18
1373	561	17	19
1373	560	17	20
1372	560	16	18
1374	561	16	18
1373	560	17	19
1375	561	15	20
1374	561	16	19
1374	562	16	19
1374	563	16	20
1374	563	17	21
1374	562	17	21
1374	565	18	19
1374	566	17	19
1376	566	16	18
1376	566	16	18
1374	567	17	21
1374	568	19	20
1372	569	22	20
1377	569	20	21
1376	570	21	22
1376	571	23	21
1374	573	25	19
1381	573	20	19
1383	574	18	18
1383	574	19	19
1387	575	18	20
1388	575	18	22
1386	577	20	17
1390	578	19	18
1391	579	18	19
1391	580	19	17
1395	580	18	18
1396	582	18	17
1398	583	18	16
1399	583	19	16
1401	584	17	16
1403	585	17	16
1407	587	19	17
1406	587	18	19
1406	587	21	20
1409	588	21	20
1414	589	18	21
1416	590	20	21
1419	591	19	19
1421	592	19	17
1422	592	19	19
1424	593	21	14
1428	595	21	19
1431	595	21	20
1431	597	24	21
1436	598	20	21
1438	598	23	26
1441	598	22	22
1445	600	20	24
1448	601	17	23
1452	602	21	20
1454	604	18	17
1460	604	20	21
1461	606	23	19
1464	607	23	18
1469	609	23	20
1470	609	25	25
1468	611	23	26
1479	612	25	21
1482	615	24	18
1485	617	27	16
1490	619	26	13
1494	621	25	16
1500	623	24	15
1503	625	26	16
1510	627	25	19
1511	627	27	18
1514	629	26	25
1518	630	30	27
1514	634	38	27
1519	636	37	19
1519	641	41	21
1526	641	40	24
1528	645	41	20
1533	646	39	24
1536	649	40	30
1538	651	41	30
1541	652	41	31
1556	657	31	28
1561	656	29	32
1562	660	31	31
1569	664	30	29
1576	669	26	30
1576	671	29	31
1575	673	33	31
1574	676	37	34
1573	677	41	33
1569	682	46	33
1569	685	42	35
1573	687	46	35
1573	692	51	34
1577	694	50	31
1587	701	45	33
1581	703	50	36
1582	707	50	35
1580	710	54	32
1584	718	52	31
1587	720	52	32
1596	723	44	35
1590	728	52	37
1593	729	55	31
1590	738	57	25
1595	747	55	22
1594	754	59	17
1593	762	61	17
1616	768	55	21
1593	767	45	25
1629	776	35	24
1632	783	31	23
1640	789	26	21
1645	794	25	21
1655	801	21	20
1659	807	21	19
1663	815	23	18
1670	821	22	18
1676	826	22	18
1683	834	22	18
1694	841	19	19
1699	848	22	17
1709	856	21	17
1715	863	24	20
1726	870	22	18
1733	879	25	20
1749	887	24	22
1758	894	23	21
1758	894	23	21
1758	894	23	21
1797	924	19	17
1822	943	21	18
1822	943	21	18
1822	943	21	18
1822	943	21	18
1821	980	20	19
1845	999	17	16
1845	999	17	16
1845	999	17	16
1845	999	17	16
1845	999	17	16
1845	999	17	16
1845	999	17	16
1845	999	17	16
1845	999	17	16
1845	999	17	16
1845	999	17	16
1819	986	18	19
1832	988	18	21
1845	994	17	19
1853	995	16	22
1857	1005	19	19
1846	1003	18	22
1846	1003	18	22
1846	1003	18	22
1887	1023	20	23
1896	1026	19	19
1884	1022	18	21
1890	1017	15	23
1890	1017	15	23
1890	1017	15	23
1890	1017	15	23
1917	1022	16	19
1917	1022	16	19
1917	1022	16	19
1917	1022	16	19
1917	1022	16	19
1917	1022	16	19
1917	1022	16	19
1917	1022	16	19
1917	1022	16	19
1917	1022	16	19
1917	1022	16	19
1917	1022	16	19
1917	1022	16	19
1917	1022	16	19
1917	1022	16	19
1917	1022	16	19
1917	1022	16	19
1917	1022	16	19
1917	1022	16	19
1917	1022	16	19
1917	1022	16	19
1917	1022	16	19
1917	1022	16	19
1917	1022	16	19
1917	1022	16	19
1917	1022	16	19
1917	1022	16	19
1917	1022	16	19
1917	1022	16	19
1917	1022	16	19
1917	1022	16	19
1917	1022	16	19
1917	1022	16	19
1917	1022	16	19
1917	1022	16	19
1917	1022	16	19
1917	1022	16	19
1917	1022	16	19
1917	1022	16	19
1917	1022	16	19
1917	1022	16	19
1917	1022	16	19
1917	1022	16	19
1917	1022	16	19
1917	1022	16	19
1917	1022	16	19
1917	1022	16	19
1917	1022	16	19
1917	1022	16	19
1917	1022	16	19
1917	1022	16	19
1917	1022	16	19
1917	1022	16	19
1917	1022	16	19
1917	1022	16	19
1917	1022	16	19
1917	1022	16	19
1917	1022	16	19
1917	1022	16	19
1917	1022	16	19
1917	1022	16	19
1917	1022	16	19
1917	1022	16	19
1917	1022	16	19
1917	1022	16	19
1917	1022	16	19
1917	1022	16	19
1917	1022	16	19
1917	1022	16	19
1917	1022	16	19
1917	1022	16	19
1917	1022	16	19
1917	1022	16	19
1917	1022	16	19
1917	1022	16	19
1917	1022	16	19
1917	1022	16	19
1917	1022	16	19
1917	1022	16	19
1917	1022	16	19
1917	1022	16	19
1917	1022	16	19
1917	1022	16	19
1917	1022	16	19
1917	1022	16	19
1917	1022	16	19
1917	1022	16	19
1917	1022	16	19
1917	1022	16	19
1917	1022	16	19
1917	1022	16	19
1917	1022	16	19
1917	1022	16	19
1917	1022	16	19
1917	1022	16	19
1917	1022	16	19
1917	1022	16	19
1917	1022	16	19
1917	1022	16	19
1917	1022	16	19
1917	1022	16	19
1917	1022	16	19
1917	1022	16	19
1917	1022	16	19
1917	1022	16	19
1917	1022	16	19
1917	1022	16	19
1917	1022	16	19
1917	1022	16	19
1917	1022	16	19
1917	1022	16	19
1917	1022	16	19
1917	1022	16	19
1917	1022	16	19
1917	1022	16	19
1917	1022	16	19
1917	1022	16	19
1917	1022	16	19
1917	1022	16	19
1917	1022	16	19
1917	1022	16	19
1917	1022	16	19
1917	1022	16	19
1917	1022	16	19
1917	1022	16	19
1917	1022	16	19
1917	1022	16	19
1917	1022	16	19
1917	1022	16	19
1917	1022	16	19
1917	1022	16	19
1917	1022	16	19
1917	1022	16	19
1917	1022	16	19
1917	1022	16	19
1917	1022	16	19
1917	1022	16	19
1917	1022	16	19
1917	1022	16	19
1917	1022	16	19
1917	1022	16	19
1917	1022	16	19
1917	1022	16	19
1917	1022	16	19
1917	1022	16	19
1917	1022	16	19
1917	1022	16	19
1917	1022	16	19
1917	1022	16	19
1917	1022	16	19
1917	1022	16	19
1917	1022	16	19
1917	1022	16	19
1917	1022	16	19
1917	1022	16	19
1917	1022	16	19
1917	1022	16	19
1917	1022	16	19
1917	1022	16	19
1917	1022	16	19
1917	1022	16	19
1917	1022	16	19
1917	1022	16	19
1917	1022	16	19
1917	1022	16	19
1917	1022	16	19
1917	1022	16	19
1917	1022	16	19
1917	1022	16	19
1917	1022	16	19
1917	1022	16	19
1917	1022	16	19
1917	1022	16	19
1917	1022	16	19
1917	1022	16	19
1917	1022	16	19
1917	1022	16	19
1917	1022	16	19
1917	1022	16	19
1917	1022	16	19
1917	1022	16	19
1901	1061	16	18
1901	1061	16	18
1901	1061	16	18
1901	1061	16	18
1901	1061	16	18
1901	1061	16	18
1901	1061	16	18
1901	1061	16	18
1876	1066	16	16
1876	1066	16	16
1876	1066	16	16
1876	1066	16	16
1876	1066	16	16
1876	1066	16	16
1876	1066	16	16
1876	1066	16	16
1876	1066	16	16
1876	1066	16	16
1854	1056	16	15
1854	1056	16	15
1854	1056	16	15
1854	1056	16	15
1854	1056	16	15
1854	1056	16	15
1854	1056	16	15
1853	1068	16	12
1853	1068	16	12
1853	1068	16	12
1853	1068	16	12
1853	1068	16	12
1877	1063	15	13
1877	1063	15	13
1877	1063	15	13
1877	1063	15	13
1877	1063	15	13
1877	1063	15	13
1877	1063	15	13
1877	1063	15	13
1877	1063	15	13
1877	1063	15	13
1877	1063	15	13
1877	1063	15	13
1877	1063	15	13
1877	1063	15	13
1877	1063	15	13
1877	1063	15	13
1877	1063	15	13
1900	1067	15	11
1886	1057	18	14
1886	1061	19	15
1886	1061	19	15
1886	1061	19	15
1886	1061	19	15
1886	1061	19	15
1886	1061	19	15
1896	1045	16	18
1896	1045	16	18
1895	1053	20	18
1895	1053	20	18
1895	1053	20	18
1895	1053	20	18
1895	1053	20	18
1894	1011	20	19
1894	1009	20	22
1894	1009	20	22
1894	1009	20	22
1873	1004	24	22
1873	1004	24	22
1873	1004	24	22
1873	1004	24	22
1873	1004	24	22
1893	1011	23	21
1893	1011	23	21
1893	1011	23	21
1893	1016	21	22
1896	1015	19	22
1887	1016	22	21
1887	1016	22	21
1887	1016	22	21
1887	1016	22	21
1887	1016	22	21
1888	1023	18	17
1894	1018	20	21
1895	1021	21	18
1895	1019	20	19
1897	1022	19	17
1891	1022	23	18
1895	1022	22	19
1896	1021	21	18
1896	1021	21	18
1896	1021	21	18
1892	1024	23	16
1892	1024	23	16
1899	1023	20	18
1899	1023	18	17
1897	1026	15	14
1900	1026	12	12
1900	1026	12	12
1887	1031	11	10
1900	1028	12	12
1902	1026	9	14
1903	1026	9	13
1903	1026	11	13
1904	1026	11	14
1905	1027	11	14
1904	1026	12	15
1903	1027	14	15
1901	1026	17	14
1902	1028	15	14
1898	1030	14	15
1901	1027	16	17
1902	1030	13	18
1906	1027	11	15
1905	1028	10	14
1903	1031	9	14
1904	1031	12	14
1901	1032	14	14
1902	1033	14	13
1904	1029	13	12
1904	1029	13	12
1904	1031	14	14
1904	1031	14	16
1904	1030	15	18
1902	1031	14	17
1888	1036	16	13
1887	1036	17	13
1905	1032	14	10
1903	1035	14	11
1904	1037	13	11
1902	1037	14	11
1902	1037	14	11
1905	1039	12	9
1905	1042	12	9
1906	1045	13	11
1908	1039	12	11
1907	1042	11	12
1909	1041	9	14
1911	1041	8	15
1909	1038	9	17
1909	1038	9	17
1911	1042	8	18
1911	1042	8	18
1906	1038	8	19
1906	1038	8	19
1906	1038	8	19
1906	1038	8	19
1911	1024	7	16
1911	1024	7	16
1909	1039	6	14
1912	1028	7	12
1912	1028	7	12
1911	1037	7	10
1911	1037	7	10
1911	1037	7	10
1911	1037	7	10
1895	1037	8	9
1895	1037	8	9
1895	1037	8	9
1895	1037	8	9
1895	1037	8	9
1895	1037	8	9
1895	1037	8	9
1895	1037	8	9
1895	1037	8	9
1895	1037	8	9
1895	1037	8	9
1894	1030	9	10
1894	1030	9	10
1894	1030	9	10
1894	1030	9	10
1894	1030	9	10
1894	1030	9	10
1894	1030	9	10
1894	1030	9	10
1901	1039	10	9
1907	1022	8	9
1912	1007	7	9
1912	1007	7	9
1912	1007	7	9
1912	1022	7	8
1912	1022	7	8
1912	1022	7	8
1903	1016	7	9
1903	1016	7	9
1903	1016	7	9
1897	1024	7	10
1895	1023	8	11
1894	1022	9	10
1903	1015	9	11
1904	1014	10	11
1906	1011	11	12
1906	1006	12	12
1904	1007	13	13
1895	1022	15	15
1881	1007	11	13
1902	1006	11	17
1904	1002	14	15
1903	1003	14	12
1905	990	13	9
1901	997	11	10
1886	991	8	10
1886	991	8	10
1896	983	8	9
1896	983	8	9
1912	996	7	10
1912	996	7	10
1911	978	7	9
1914	976	6	9
1914	976	6	9
1908	965	6	9
1908	965	6	9
1908	965	6	9
1908	965	6	9
1908	965	6	9
1905	959	7	9
1905	959	7	9
1912	959	7	8
1903	975	8	8
1909	966	7	9
1909	966	7	9
1902	965	9	9
1910	976	8	8
1894	961	9	8
1903	955	7	7
1903	955	7	7
1910	958	7	10
1911	956	5	11
1903	964	5	11
1912	966	5	10
1912	966	5	10
1912	966	5	10
1905	959	6	9
1900	950	8	9
1904	960	8	10
1912	961	7	8
1902	969	7	8
1903	953	7	7
1895	959	8	9
1892	952	8	11
1892	952	8	11
1894	968	9	12
1911	966	7	10
1911	966	7	10
1911	966	7	10
1910	949	7	11
1910	949	7	11
1911	943	7	9
1912	943	7	9
1909	942	8	9
1909	942	8	9
1895	944	9	8
1894	943	9	10
1911	950	9	9
1911	950	9	9
1911	946	8	11
1911	942	7	12
1911	942	7	12
1911	942	7	12
1911	933	7	12
1906	932	8	10
1906	932	8	10
1909	951	8	9
1909	951	8	9
1906	939	8	8
1910	948	7	9
1906	958	7	7
1910	965	6	6
1911	976	7	7
1901	967	7	8
1912	958	7	10
1912	958	7	10
1909	959	6	11
1896	967	7	9
1887	959	8	10
1889	965	9	9
1887	953	9	11
1880	956	10	12
1869	949	10	13
1859	970	13	11
1861	965	10	12
1861	965	10	12
1855	969	12	14
1856	970	14	15
1869	974	15	17
1869	974	15	17
1887	957	15	16
1887	952	16	18
1890	945	14	15
1886	954	15	18
1886	954	16	19
1897	962	13	18
1897	962	13	18
1903	979	14	19
1902	999	10	19
1908	1001	9	18
1908	1005	9	18
1905	1002	12	17
1902	999	11	19
1901	969	13	15
1904	975	14	14
1903	975	14	16
1901	953	11	17
1910	980	8	15
1906	994	9	15
1904	982	9	16
1904	982	9	16
1909	992	10	16
1886	1006	10	18
1887	980	10	15
1903	988	10	16
1904	974	9	19
1902	986	8	20
1903	996	9	20
1903	996	9	20
1903	996	9	20
1884	989	12	17
1904	1007	14	19
1896	1007	15	17
1895	1007	17	17
1900	1010	12	19
1897	1011	14	16
1899	999	13	17
1894	999	10	16
1903	1022	13	17
1908	1047	10	16
1892	1020	10	16
1902	1024	9	16
1904	1038	9	14
1910	1038	8	13
1903	1033	9	15
1910	1054	8	12
1910	1043	8	11
1910	1043	8	11
1904	1039	9	10
1903	1039	10	11
1903	1039	10	14
1902	1024	12	15
1903	997	14	16
1910	1009	12	17
1910	1009	12	17
1910	1009	12	17
1887	1022	14	18
1901	1051	11	18
1905	1021	10	19
1905	1021	10	19
1903	1030	13	19
1902	1023	15	18
1901	1028	14	16
1907	1021	11	14
1887	1038	14	15
1878	1053	12	15
1878	1053	12	15
1902	1067	10	13
1902	1067	10	13
1903	1071	11	12
1883	1071	10	9
1883	1071	10	9
1883	1071	10	9
1875	1067	11	11
1875	1067	11	11
1872	1071	14	12
1872	1071	14	12
1872	1071	14	12
1872	1071	14	12
1872	1071	14	12
1849	1047	15	12
1838	1038	16	16
1847	1054	17	16
1837	1038	17	14
1854	1050	18	15
1855	1052	17	13
1839	1044	19	13
1830	1038	17	17
1854	1050	16	18
1854	1050	16	18
1854	1050	16	18
1854	1050	16	18
1848	1054	16	14
1854	1054	14	16
1837	1037	12	18
1852	1050	12	15
1825	1063	15	15
1825	1063	15	15
1825	1063	15	15
1839	1044	15	13
1834	1039	15	16
1834	1039	15	16
1834	1039	15	16
1854	1007	17	17
1854	1007	17	17
1857	1019	16	20
1838	1039	16	17
1838	1039	16	17
1838	1039	16	17
1838	1039	16	17
1807	1054	17	18
1807	1054	17	18
1807	1054	17	18
1807	1054	17	18
1807	1054	17	18
1811	1039	19	21
1788	1028	19	26
1788	1028	19	26
1788	1028	19	26
1807	1037	16	26
1807	1037	16	26
1807	1037	16	26
1807	1037	16	26
1847	1021	20	24
1847	1021	20	24
1847	1021	20	24
1847	1021	20	24
1847	1021	20	24
1876	1035	19	21
1900	1022	18	19
1902	1020	18	19
1900	1043	17	20
1901	1020	14	22
1902	1017	12	23
1896	982	15	23
1895	990	15	25
1900	963	17	27
1893	962	16	28
1896	961	18	31
1901	970	14	36
1853	978	18	39
1889	958	20	33
1894	960	19	32
1891	956	19	29
1887	953	16	26
1901	973	18	24
1893	979	18	23
1895	960	20	24
1855	933	17	20
1854	927	18	21
1853	951	19	22
1822	907	18	21
1813	881	16	16
1839	853	17	19
1839	844	17	20
1853	833	13	18
1868	816	12	16
1854	829	14	17
1884	843	12	20
1896	846	15	18
1885	868	18	20
1877	849	20	22
1877	849	20	22
1889	843	14	20
1900	840	12	20
1902	855	15	20
1903	878	11	18
1902	877	12	15
1903	871	14	15
1903	871	14	15
1902	894	13	18
1902	883	16	20
1870	867	17	15
1834	899	20	15
1816	909	23	17
1820	910	20	16
1839	928	17	14
1836	927	20	18
1848	930	20	23
1861	942	19	24
1885	909	21	20
1886	910	19	24
1886	910	19	24
1880	916	15	22
1880	916	15	22
1888	907	17	20
1896	911	16	19
1896	911	16	19
1896	926	18	16
1900	888	16	16
1887	869	16	18
1887	869	16	18
1887	869	16	18
1899	853	13	18
1888	863	16	16
1864	880	15	17
1902	900	13	17
1902	900	13	17
1902	900	13	17
1902	893	10	18
1902	895	12	19
1903	898	15	17
1900	879	12	16
1884	879	11	15
1903	886	10	14
1910	879	9	16
1910	879	9	16
1905	859	11	16
1886	835	12	18
1887	838	14	16
1894	834	15	15
1903	830	14	14
1907	831	11	14
1907	831	11	14
1903	819	9	11
1910	823	8	11
1910	823	8	11
1910	823	8	11
1910	823	8	11
1908	822	9	9
1908	831	9	9
1911	832	8	10
1911	832	8	10
1903	816	8	12
1886	799	9	12
1886	799	9	12
1886	799	9	12
1886	799	9	12
1886	799	9	12
1886	799	9	12
1886	799	9	12
1886	799	9	12
1889	798	11	12
1889	798	11	12
1889	798	11	12
1887	794	12	9
1888	795	13	11
1903	805	11	11
1903	805	11	11
1895	797	13	12
1870	806	12	14
1885	791	14	18
1901	763	15	17
1901	763	15	17
1897	782	15	17
1902	786	14	14
1901	766	11	13
1890	751	14	16
1890	751	14	16
1890	751	14	16
1890	751	14	16
1890	751	14	16
1877	769	17	14
1873	769	15	12
1873	769	15	12
1879	752	16	15
1882	751	13	17
1883	768	14	16
1887	768	15	16
1885	749	17	16
1885	749	17	16
1881	751	14	17
1879	767	17	19
1879	746	15	21
1902	764	13	21
1886	796	14	18
1886	795	10	16
1890	787	14	16
1902	768	14	16
1904	767	14	18
1895	788	11	13
1902	790	9	12
1892	789	10	12
1888	785	11	15
1878	773	10	14
1875	770	12	14
1888	782	16	15
1895	782	20	13
1888	803	23	15
1865	812	21	15
1858	835	21	17
1858	835	22	18
1858	835	22	18
1885	865	18	18
1890	862	14	17
1872	868	15	13
1885	862	11	13
1895	863	10	15
1901	858	10	14
1903	863	10	14
1902	862	11	16
1902	862	11	16
1902	862	11	16
1874	846	14	18
1874	846	14	18
1871	862	17	18
1886	847	18	17
1886	847	18	17
1886	847	18	17
1886	847	18	17
1902	835	17	18
1893	861	21	17
1893	861	21	17
1890	894	19	15
1898	923	20	13
1898	923	20	13
1898	923	20	13
1898	923	20	13
1863	895	24	17
1873	922	22	18
1873	899	18	18
1901	868	14	14
1898	866	15	13
1870	862	16	15
1870	862	16	15
1898	887	15	17
1896	894	18	18
1898	894	20	17
1895	893	17	16
1896	887	17	18
1901	919	14	20
1896	907	17	23
1903	924	15	21
1893	912	17	22
1885	917	17	21
1896	908	19	19
1855	918	19	21
1862	923	15	17
1862	923	15	17
1862	923	15	17
1862	923	15	17
1885	912	18	16
1885	912	18	16
1867	920	18	15
1867	920	18	15
1854	926	18	17
1854	926	18	16
1822	926	17	19
1821	925	13	17
1813	940	10	20
1798	951	12	17
1824	921	15	19
1855	892	17	22
1855	892	17	22
1855	892	17	22
1855	892	17	22
1838	904	17	18
1814	934	16	18
1832	902	17	20
1821	895	19	18
1801	869	23	19
1775	845	25	18
1779	853	20	13
1775	852	21	11
1775	852	21	11
1775	859	17	15
1806	880	19	16
1813	873	17	13
1821	876	17	15
1816	872	20	17
1817	868	22	19
1817	868	22	19
1818	856	19	16
1820	862	17	17
1820	862	17	17
1820	862	17	17
1805	847	14	15
1824	862	15	16
1812	856	12	18
1821	824	11	16
1836	834	10	13
1838	833	9	12
1840	835	12	12
1843	820	13	12
1843	820	13	12
1855	823	15	10
1855	823	15	10
1858	815	14	8
1858	823	13	10
1850	822	13	9
1855	835	15	12
1855	835	15	12
1855	850	17	12
1872	846	16	15
1884	879	13	14
1887	879	15	14
1887	879	15	14
1903	881	13	15
1903	887	15	14
1903	887	15	14
1899	882	13	15
1889	861	15	16
1891	857	13	17
1895	860	11	15
1886	852	11	14
1888	862	12	12
1902	879	10	12
1907	863	11	13
1903	863	11	12
1903	863	11	12
1903	863	11	12
1903	863	11	12
1906	869	12	13
1903	879	13	13
1902	867	16	14
1898	863	17	18
1898	846	15	17
1900	847	12	16
1900	847	12	16
1903	868	13	18
1893	862	14	16
1893	862	14	16
1893	855	15	18
1896	862	15	19
1894	863	17	16
1901	845	13	16
1904	862	13	13
1904	862	13	13
1901	870	10	10
1906	867	12	11
1903	876	15	12
1904	856	12	9
