803	650	30	89
805	649	28	92
806	651	28	89
805	650	30	91
807	651	29	93
807	653	30	98
808	653	29	97
810	655	27	98
811	653	29	101
811	655	30	98
810	653	29	103
812	652	28	108
812	654	29	108
813	653	29	106
812	652	31	109
813	653	30	112
813	655	28	104
813	654	29	103
814	655	30	103
812	657	31	104
814	657	29	103
816	657	31	110
815	656	29	112
816	658	30	107
814	659	33	112
815	660	30	116
816	661	30	118
816	661	31	119
816	663	30	114
816	663	32	112
817	664	31	106
816	666	31	103
817	664	27	105
816	665	31	107
816	667	31	108
819	668	28	105
818	666	30	109
818	668	29	116
819	669	33	115
818	671	31	107
819	670	33	109
818	670	32	100
817	669	33	107
817	668	34	109
819	667	31	112
817	667	33	109
821	661	32	110
816	662	35	118
818	660	34	119
817	658	33	116
819	655	32	117
818	649	33	121
820	648	32	120
819	646	33	122
821	644	32	117
818	644	36	125
820	643	35	119
820	643	35	125
822	642	35	120
824	644	32	121
825	645	34	121
825	647	34	118
828	649	35	122
828	650	37	123
834	649	35	129
834	652	35	129
836	650	34	136
838	650	35	136
839	652	35	139
843	654	35	133
845	655	35	122
849	657	35	121
850	657	37	122
852	657	37	120
858	662	36	117
858	660	33	120
861	659	36	114
866	668	40	117
868	665	37	123
875	668	36	121
877	670	35	117
881	671	37	124
882	669	38	127
885	671	41	129
888	672	36	126
890	675	37	121
893	675	40	118
894	672	39	119
898	670	37	123
899	668	40	124
902	665	40	130
902	664	42	135
905	664	38	131
903	665	39	138
908	663	42	131
907	664	37	132
911	659	40	133
910	657	40	142
912	660	36	147
914	662	39	142
914	658	39	139
912	655	44	147
914	652	40	149
913	649	41	156
913	649	46	143
916	645	41	137
918	644	37	143
920	644	35	133
922	646	39	129
922	643	37	133
924	638	34	136
926	635	38	133
926	635	36	129
930	639	38	124
927	640	40	120
931	640	41	124
930	638	40	120
932	639	42	118
937	636	42	126
941	636	39	123
940	634	36	129
943	629	36	138
946	629	36	131
951	626	35	132
950	628	36	126
955	630	37	128
959	630	41	127
960	631	35	123
963	634	36	121
967	631	39	122
971	633	39	121
978	633	37	121
978	635	39	118
984	635	39	128
986	633	41	136
989	638	43	134
997	637	41	127
999	637	43	131
1008	634	40	132
1013	634	39	125
1018	634	37	121
1023	633	35	122
1029	631	38	121
1029	631	38	121
1042	641	32	110
1043	637	36	110
1050	633	38	113
1050	633	38	113
1055	630	38	114
989	580	42	101
1062	634	37	98
1066	632	34	110
1068	632	35	112
1070	629	33	121
1074	629	31	123
1071	631	32	120
1073	642	33	116
1071	631	35	118
1071	631	35	118
1071	631	35	118
1071	631	35	118
1071	631	35	118
1071	631	35	118
1071	631	35	118
1071	631	35	118
1071	631	35	118
1071	631	35	118
1071	631	35	118
1071	631	35	118
1071	631	35	118
1071	631	35	118
1071	631	35	118
1071	631	35	118
1071	631	35	118
1071	631	35	118
1071	631	35	118
1071	631	35	118
1071	631	35	118
1071	631	35	118
1071	631	35	118
1071	631	35	118
1071	631	35	118
1071	631	35	118
1071	631	35	118
1071	631	35	118
1071	631	35	118
1071	631	35	118
1071	631	35	118
1071	631	35	118
1071	631	35	118
1071	631	35	118
1071	631	35	118
1071	631	35	118
1071	631	35	118
1071	631	35	118
1071	631	35	118
1071	631	35	118
1071	631	35	118
1071	631	35	118
1071	631	35	118
1071	631	35	118
1071	631	35	118
1071	631	35	118
1071	631	35	118
1071	631	35	118
1071	631	35	118
1071	631	35	118
1071	631	35	118
1071	631	35	118
1071	631	35	118
1071	631	35	118
1071	631	35	118
1071	631	35	118
1071	631	35	118
1071	631	35	118
1071	631	35	118
1071	631	35	118
1071	631	35	118
1071	631	35	118
1071	631	35	118
1071	631	35	118
1071	631	35	118
1071	631	35	118
1071	631	35	118
1071	631	35	118
1071	631	35	118
1071	631	35	118
1071	631	35	118
1071	631	35	118
1071	631	35	118
1071	631	35	118
1071	631	35	118
1071	631	35	118
1071	631	35	118
1071	631	35	118
1071	631	35	118
1071	631	35	118
1071	631	35	118
1071	631	35	118
1071	631	35	118
1071	631	35	118
1071	631	35	118
1071	631	35	118
1071	631	35	118
1071	631	35	118
1071	631	35	118
1071	631	35	118
1071	631	35	118
1071	631	35	118
1071	631	35	118
1071	631	35	118
1071	631	35	118
1071	631	35	118
1071	631	35	118
1071	631	35	118
1071	631	35	118
1071	631	35	118
1071	631	35	118
1071	631	35	118
1071	631	35	118
1071	631	35	118
1071	631	35	118
1071	631	35	118
1071	631	35	118
1071	631	35	118
1071	631	35	118
1071	631	35	118
1071	631	35	118
1071	631	35	118
1071	631	35	118
1071	631	35	118
1071	631	35	118
1071	631	35	118
1071	631	35	118
1071	631	35	118
1071	631	35	118
1071	631	35	118
1071	631	35	118
1071	631	35	118
1071	631	35	118
1071	631	35	118
1071	631	35	118
1071	631	35	118
1071	631	35	118
1071	631	35	118
1071	631	35	118
1071	631	35	118
1071	631	35	118
1071	631	35	118
1071	631	35	118
1071	631	35	118
1071	631	35	118
1071	631	35	118
1071	631	35	118
1071	631	35	118
1071	631	35	118
1071	631	35	118
1071	631	35	118
1071	631	35	118
1071	631	35	118
1071	631	35	118
1071	631	35	118
1071	631	35	118
1071	631	35	118
1071	631	35	118
1071	631	35	118
1071	631	35	118
1071	631	35	118
1071	631	35	118
1071	631	35	118
1071	631	35	118
1071	631	35	118
1071	631	35	118
1071	631	35	118
1071	631	35	118
1071	631	35	118
1071	631	35	118
1071	631	35	118
1071	631	35	118
1071	631	35	118
1071	631	35	118
1071	631	35	118
1071	631	35	118
1071	631	35	118
1071	631	35	118
1071	631	35	118
1071	631	35	118
1071	631	35	118
1071	631	35	118
1071	631	35	118
1071	631	35	118
1071	631	35	118
1071	631	35	118
1071	631	35	118
1071	631	35	118
1071	631	35	118
1071	631	35	118
1071	631	35	118
1071	631	35	118
1071	631	35	118
1071	631	35	118
1071	631	35	118
1071	631	35	118
1071	631	35	118
1071	631	35	118
1071	631	35	118
1071	631	35	118
1071	631	35	118
1071	631	35	118
1071	631	35	118
1071	631	35	118
1071	631	35	118
1071	631	35	118
1071	631	35	118
1071	631	35	118
1071	631	35	118
1071	631	35	118
1071	631	35	118
1071	631	35	118
1071	631	35	118
1071	631	35	118
1071	631	35	118
1071	631	35	118
1071	631	35	118
1071	631	35	118
1071	631	35	118
1071	631	35	118
1071	631	35	118
1071	631	35	118
1071	631	35	118
1071	631	35	118
1071	631	35	118
1071	631	35	118
1071	631	35	118
1071	631	35	118
1071	631	35	118
1071	631	35	118
1071	631	35	118
1071	631	35	118
1071	631	35	118
1071	631	35	118
1071	631	35	118
1071	631	35	118
1071	631	35	118
1071	631	35	118
1071	631	35	118
1071	631	35	118
1071	631	35	118
1071	631	35	118
1071	631	35	118
1071	631	35	118
1071	631	35	118
1071	631	35	118
1071	631	35	118
1071	631	35	118
1071	631	35	118
1071	631	35	118
1071	631	35	118
1071	631	35	118
1071	631	35	118
1071	631	35	118
1071	631	35	118
1071	631	35	118
1071	631	35	118
1071	631	35	118
1071	631	35	118
1071	631	35	118
1071	631	35	118
1071	631	35	118
1071	631	35	118
1071	631	35	118
1071	631	35	118
1071	631	35	118
1071	631	35	118
1071	631	35	118
1071	631	35	118
1071	631	35	118
1071	631	35	118
1071	631	35	118
1071	631	35	118
1071	631	35	118
1071	631	35	118
1071	631	35	118
1071	631	35	118
1071	631	35	118
1071	631	35	118
1071	631	35	118
1071	631	35	118
1071	631	35	118
1071	631	35	118
1071	631	35	118
1071	631	35	118
1071	631	35	118
1071	631	35	118
1071	631	35	118
1071	631	35	118
1071	631	35	118
1071	631	35	118
1071	631	35	118
1071	631	35	118
1071	631	35	118
1071	631	35	118
1071	631	35	118
1071	631	35	118
1071	631	35	118
1071	631	35	118
1071	631	35	118
1071	631	35	118
1071	631	35	118
1071	631	35	118
1071	631	35	118
1071	631	35	118
1071	631	35	118
1071	631	35	118
1071	631	35	118
1071	631	35	118
1071	631	35	118
1071	631	35	118
1078	492	42	105
1078	492	42	105
1078	492	42	105
1078	492	42	105
1078	492	42	105
1078	492	42	105
1078	492	42	105
1078	492	42	105
1078	492	42	105
1078	492	42	105
1078	492	42	105
1078	492	42	105
1078	492	42	105
1078	492	42	105
1078	492	42	105
1078	492	42	105
1078	492	42	105
1078	492	42	105
1078	492	42	105
1078	492	42	105
1078	492	42	105
1078	492	42	105
1078	492	42	105
1078	492	42	105
1078	492	42	105
1078	492	42	105
1078	492	42	105
1078	492	42	105
1078	492	42	105
1078	492	42	105
1078	492	42	105
1078	492	42	105
1078	492	42	105
1078	492	42	105
1078	492	42	105
1078	492	42	105
1078	492	42	105
1078	492	42	105
1078	492	42	105
1078	492	42	105
1078	492	42	105
1078	492	42	105
1078	492	42	105
1078	492	42	105
1078	492	42	105
1078	492	42	105
1078	492	42	105
1078	492	42	105
1078	492	42	105
1078	492	42	105
1078	492	42	105
1078	492	42	105
1078	492	42	105
1078	492	42	105
1078	492	42	105
1078	492	42	105
1078	492	42	105
1078	492	42	105
1078	492	42	105
1078	492	42	105
1078	492	42	105
1078	492	42	105
1078	492	42	105
1123	369	34	93
1126	372	32	90
1127	370	30	84
1127	372	30	80
1128	374	30	82
1126	375	30	82
1128	374	30	86
1128	374	30	86
1128	374	30	86
1129	375	30	91
1129	375	30	91
1129	375	30	91
1131	375	32	92
1131	375	32	92
1131	375	32	92
1131	375	32	92
1131	375	32	92
1131	382	33	89
1131	386	33	90
1133	387	31	89
1133	386	31	92
1133	388	31	85
1133	389	31	81
1133	389	32	83
1132	388	33	83
1132	388	33	81
1132	384	32	84
1132	385	33	86
1133	386	32	83
1134	386	34	78
1134	384	32	80
1135	385	31	79
1134	379	33	76
1134	380	34	78
1135	379	33	76
1137	379	32	76
1135	379	33	77
1138	378	31	80
1136	378	32	80
1139	374	30	85
1137	374	32	85
1139	374	31	88
1139	372	32	88
1139	373	31	89
1140	373	31	86
1139	375	32	84
1139	375	34	81
1140	376	34	80
1139	377	33	81
1139	376	34	83
1138	376	35	83
1140	376	33	84
1140	375	33	85
1140	377	32	84
1139	376	34	87
1141	378	33	83
1142	378	32	86
1141	378	33	86
1140	376	34	87
1139	377	36	88
1140	378	33	86
1140	378	32	84
1141	381	32	83
1140	381	34	82
1141	380	32	85
1142	381	31	86
1142	378	32	83
1143	381	31	81
1142	381	33	82
1143	380	31	87
1144	380	29	89
1147	380	27	89
1145	380	27	90
1144	380	29	90
1145	381	28	89
1144	380	29	86
1146	379	28	87
1145	379	29	87
1144	379	30	87
1143	378	31	90
1146	378	29	91
1143	378	32	88
1142	379	34	89
1143	381	33	84
1143	380	31	87
1144	382	29	81
1144	379	30	85
1139	378	31	83
1137	379	29	81
1134	377	27	83
1128	379	28	85
1126	377	27	89
1122	375	27	92
1119	375	27	91
1118	375	26	90
1116	375	27	91
1114	377	27	87
1113	375	27	88
1114	376	26	87
1111	376	28	87
1109	375	29	86
1109	376	28	85
1108	377	28	88
1105	376	29	88
1106	376	29	90
1106	376	28	89
1103	375	30	90
1102	376	31	88
1103	378	28	85
1102	376	28	84
1102	375	27	93
1098	375	28	91
1097	374	29	89
1096	373	29	90
1093	376	31	89
1092	372	30	94
1088	370	31	99
1087	372	30	96
1087	379	27	94
1080	379	32	94
1078	377	31	98
1076	381	31	95
1075	383	28	98
1072	390	30	91
1070	382	29	101
1069	389	27	99
1070	390	27	105
1069	392	30	105
1070	394	28	105
1073	398	28	109
1076	396	30	114
1085	402	27	112
1095	408	30	108
1106	409	28	108
1163	328	36	107
1182	328	39	102
1205	333	37	85
1205	333	37	85
1205	333	37	85
1205	333	37	85
1205	333	37	85
1205	333	37	85
1205	333	37	85
1205	333	37	85
1205	333	37	85
1205	333	37	85
1205	333	37	85
1205	333	37	85
1205	333	37	85
1205	333	37	85
1205	333	37	85
1205	333	37	85
1205	333	37	85
1205	333	37	85
1205	333	37	85
1205	333	37	85
1205	333	37	85
1205	333	37	85
1205	333	37	85
1205	333	37	85
1205	333	37	85
1205	333	37	85
1205	333	37	85
1205	333	37	85
1205	333	37	85
1205	333	37	85
1205	333	37	85
1205	333	37	85
1205	333	37	85
1205	333	37	85
1205	333	37	85
1205	333	37	85
1205	333	37	85
1205	333	37	85
1205	333	37	85
1205	333	37	85
1205	333	37	85
1205	333	37	85
1205	333	37	85
1205	333	37	85
1205	333	37	85
1205	333	37	85
1205	333	37	85
1205	333	37	85
1205	333	37	85
1205	333	37	85
1205	333	37	85
1205	333	37	85
1205	333	37	85
1205	333	37	85
1205	333	37	85
1205	333	37	85
1205	333	37	85
1205	333	37	85
1205	333	37	85
1205	333	37	85
1205	333	37	85
1205	333	37	85
1205	333	37	85
1205	333	37	85
1205	333	37	85
1112	227	23	74
1112	227	23	74
1112	227	23	74
1112	227	23	74
1112	227	23	74
1112	227	23	74
1112	227	23	74
1112	227	23	74
1112	227	23	74
1112	227	23	74
1112	227	23	74
1112	227	23	74
1112	227	23	74
1112	227	23	74
1112	227	23	74
1112	227	23	74
1112	227	23	74
1112	227	23	74
1112	227	23	74
1112	227	23	74
1112	227	23	74
1062	189	29	69
1062	189	29	69
1062	189	29	69
1062	189	29	69
1062	189	29	69
1062	189	29	69
1062	189	29	69
1062	189	29	69
1085	165	37	68
1085	165	37	68
1057	183	42	75
1057	183	42	75
1057	183	42	75
1057	183	42	75
1057	183	42	75
1057	183	42	75
1057	183	42	75
1057	183	42	75
1057	183	42	75
1057	183	42	75
1057	183	42	75
1057	183	42	75
1057	183	42	75
1057	183	42	75
1057	183	42	75
1057	183	42	75
1027	187	54	80
1027	187	54	80
1036	192	50	83
1048	192	38	74
1049	191	40	72
1049	191	37	79
1053	189	36	70
1049	189	40	68
1042	189	38	68
1049	191	42	70
1045	190	40	64
1053	191	38	72
1051	190	42	75
1054	189	39	75
1053	189	42	74
1055	189	40	69
1056	190	41	71
1055	187	42	67
1056	190	41	64
1056	190	40	73
1056	190	43	72
1055	192	41	70
1058	190	39	76
1058	190	42	72
1060	188	40	72
1059	191	42	77
1060	189	42	77
1060	188	44	81
1056	189	50	77
1060	190	46	78
1059	191	44	71
1048	186	37	75
1062	187	44	77
1064	190	42	74
1068	189	39	69
1069	187	39	69
1069	187	37	73
1067	187	42	73
1067	190	42	70
1067	189	42	71
1069	187	41	81
1069	187	42	80
1065	188	46	75
1067	187	45	71
1071	188	40	76
1073	187	38	67
1072	189	42	75
1072	184	45	68
1074	185	42	70
1072	186	43	72
1073	187	43	72
1073	188	42	69
1076	184	48	73
1075	185	44	74
1073	184	43	72
1074	185	45	72
1076	186	41	70
1076	186	45	64
1078	185	37	67
1079	185	38	68
1079	185	39	65
1079	185	38	60
1078	186	35	60
1077	185	38	57
1079	185	38	58
1079	185	39	61
1079	185	37	60
1080	184	33	67
1079	185	34	68
1079	185	33	72
1081	184	29	69
1081	185	28	73
1078	184	34	70
1081	184	29	77
1081	184	25	77
1084	183	23	72
1084	183	21	64
1085	184	20	56
1080	183	25	55
1085	183	18	50
1082	190	14	49
1079	190	15	53
1077	200	11	49
1077	200	11	49
1077	200	11	49
1077	200	11	49
1088	186	13	49
1090	179	18	51
1085	182	25	52
1083	186	22	53
1081	186	24	54
1081	183	26	54
1082	186	26	54
1081	186	33	54
1079	188	26	55
1081	188	26	54
1078	187	33	55
1080	187	24	52
1082	187	19	44
1083	184	17	47
1083	183	13	45
1085	181	17	46
1079	182	19	43
1080	182	14	40
1084	184	13	46
1082	186	15	44
1079	188	16	41
1081	188	17	38
1081	192	14	45
1079	190	14	38
1079	188	14	38
1082	186	15	37
1081	185	18	33
1078	189	18	35
1078	184	16	39
1079	182	14	41
1078	183	12	47
1078	183	12	47
1078	183	12	47
1078	183	12	47
1077	177	16	51
1074	181	17	46
1070	174	17	39
1071	175	20	37
1069	175	20	45
1077	176	21	49
1077	176	21	49
1077	176	21	49
1079	178	25	53
1079	178	25	53
1079	178	25	53
1079	178	25	53
1079	178	25	53
1079	178	25	53
1079	178	25	53
1079	178	25	53
1079	178	25	53
1079	178	25	53
1079	178	25	53
1079	178	25	53
1079	178	25	53
1079	178	25	53
1079	178	25	53
1079	178	25	53
1079	178	25	53
1079	178	25	53
1079	178	25	53
1079	178	25	53
1079	178	25	53
1079	178	25	53
1079	178	25	53
1079	178	25	53
1102	111	18	59
1102	113	12	61
1102	113	12	61
1102	113	12	61
1102	113	12	61
1102	113	12	61
1102	113	12	61
1102	113	12	61
1102	113	12	61
1102	113	12	61
1102	113	12	61
1102	113	12	61
1102	113	12	61
1102	113	12	61
1102	113	12	61
1102	113	12	61
1102	113	12	61
1102	113	12	61
1102	113	12	61
1102	113	12	61
1139	149	16	58
1139	149	16	58
1139	149	16	58
1139	149	16	58
1139	149	16	58
1139	149	16	58
1139	149	16	58
1139	149	16	58
1139	149	16	58
1139	149	16	58
1139	149	16	58
1139	149	16	58
1139	149	16	58
1121	205	15	55
1121	205	15	55
1121	205	15	55
1121	205	15	55
1121	205	15	55
1121	205	15	55
1121	205	15	55
1121	205	15	55
1121	205	15	55
1121	205	15	55
1121	205	15	55
1121	205	15	55
1121	205	15	55
1121	205	15	55
1121	205	15	55
1121	205	15	55
1121	205	15	55
1121	205	15	55
1121	205	15	55
1121	205	15	55
1121	205	15	55
1118	250	20	50
1187	296	24	45
1184	298	23	39
1182	297	23	38
1183	298	20	36
1183	297	23	41
1182	297	22	39
1183	298	16	44
1182	296	18	42
1182	296	18	42
1182	298	17	45
1182	298	17	45
1182	298	17	45
1182	297	20	45
1178	298	23	47
1175	296	27	47
1176	298	33	45
1169	298	28	46
1174	299	27	45
1174	299	27	45
1197	295	25	41
1197	295	25	41
1197	295	25	41
1197	295	25	41
1191	320	20	47
1191	292	14	43
1172	296	12	36
1170	299	14	35
1166	300	18	36
1162	299	19	34
1192	319	16	36
1184	295	16	34
1185	297	16	36
1186	297	14	32
1186	297	14	32
1160	297	13	37
1155	296	15	41
1153	288	17	41
1182	306	14	44
1153	295	14	43
1179	297	14	43
1150	302	12	43
1149	300	11	39
1176	302	11	33
1175	302	10	31
1174	301	10	31
1173	301	11	28
1174	301	10	30
1173	302	10	28
1172	301	13	31
1144	300	10	35
1142	299	9	34
1168	296	11	35
1142	296	13	38
1140	296	18	39
1139	294	18	39
1137	294	17	37
1136	293	14	40
1135	295	16	40
1135	295	16	36
1160	291	19	34
1130	296	22	32
1131	296	19	32
1130	296	17	32
1128	295	18	32
1154	292	15	34
1127	295	18	32
1156	291	12	34
1158	292	11	31
1157	289	9	32
1156	291	9	31
1155	293	10	30
1154	293	13	28
1154	291	14	28
1120	295	17	33
1120	296	17	32
1117	297	20	30
1119	295	17	34
1119	295	17	35
1119	295	18	34
1118	296	14	35
1118	297	18	40
1149	290	16	37
1147	292	18	34
1117	297	19	31
1143	294	15	34
1145	292	10	32
1143	295	10	33
1114	297	15	32
1112	297	17	33
1111	296	16	33
1113	295	15	37
1112	296	17	35
1142	295	11	34
1141	294	9	33
1141	296	10	32
1140	296	9	32
1138	296	10	31
1137	296	10	31
1137	296	9	33
1134	296	11	34
1136	295	9	33
1135	296	8	32
1135	296	9	31
1135	296	9	31
1135	296	8	30
1134	295	9	33
1110	298	10	34
1108	297	14	37
1106	297	16	35
1130	296	13	35
1103	300	14	35
1104	300	17	36
1128	298	14	37
1129	298	13	39
1102	301	17	37
1102	301	17	37
1102	301	17	37
1102	301	17	37
1102	301	17	37
1102	301	17	37
1102	301	17	37
1102	301	17	37
1102	301	17	37
1102	301	17	37
1102	301	17	37
1102	301	17	37
1102	301	17	37
1102	301	17	37
1102	301	17	37
1102	301	17	37
1102	301	17	37
1102	301	17	37
1102	301	17	37
1102	301	17	37
1102	301	17	37
1102	301	17	37
1102	301	17	37
1102	301	17	37
1102	301	17	37
1102	301	17	37
1102	301	17	37
1102	301	17	37
1102	301	17	37
1102	301	17	37
1102	301	17	37
1102	301	17	37
1102	301	17	37
1102	301	17	37
1102	301	17	37
1102	301	17	37
1102	301	17	37
1102	301	17	37
1102	301	17	37
1102	301	17	37
1102	301	17	37
1102	301	17	37
1102	301	17	37
1102	301	17	37
1102	301	17	37
1102	301	17	37
1102	301	17	37
