1308	419	41	50
1309	421	37	44
1304	423	41	43
1302	425	42	40
1303	425	38	41
1303	423	39	45
1299	423	39	44
1299	424	41	44
1298	423	41	44
1297	421	43	45
1298	423	42	44
1299	424	42	44
1297	421	42	45
1301	424	38	42
1298	426	41	39
1301	426	39	38
1299	425	40	40
1299	424	42	42
1299	425	42	42
1298	426	43	42
1298	426	43	39
1301	425	43	40
1300	425	41	41
1301	426	43	41
1303	427	39	39
1302	427	40	40
1303	427	42	42
1301	428	44	38
1302	427	43	39
1303	426	42	42
1303	427	41	39
1304	429	42	41
1301	428	45	41
1306	429	41	38
1307	427	38	42
1307	428	38	37
1309	427	38	41
1306	428	38	39
1308	427	37	42
1307	426	38	41
1309	428	37	40
1307	429	39	38
1303	428	42	38
1307	429	38	39
1304	428	40	40
1304	427	41	41
1304	428	40	41
1304	428	37	42
1304	426	36	42
1304	428	36	41
1301	430	38	41
1300	427	39	43
1298	427	39	42
1297	429	36	42
1296	428	39	43
1296	428	39	46
1297	429	38	43
1296	429	36	42
1297	428	36	42
1295	429	38	41
1298	430	35	41
1295	430	38	42
1294	428	40	42
1295	428	38	40
1294	428	41	41
1296	428	38	41
1296	429	38	38
1295	428	40	39
1295	426	39	41
1295	427	41	40
1295	426	40	41
1295	425	41	43
1293	425	42	41
1293	425	45	41
1296	424	41	40
1293	423	45	43
1293	428	46	40
1288	427	51	40
1291	426	48	41
1293	424	44	43
1293	427	41	40
1292	427	44	37
1289	425	45	41
1289	426	43	39
1292	426	39	41
1290	426	39	40
1288	426	41	40
1286	427	41	38
1285	426	42	41
1285	428	43	38
1283	428	44	38
1278	428	45	40
1278	427	46	40
1277	427	45	41
1277	426	41	42
1276	425	43	42
1273	426	42	43
1269	426	42	42
1268	427	42	40
1268	429	40	39
1266	427	40	41
1263	426	40	41
1262	426	37	40
1258	426	38	40
1255	428	40	39
1252	427	43	39
1247	428	44	40
1245	426	42	41
1242	426	42	41
1241	427	40	41
1236	429	42	40
1233	427	39	41
1230	428	38	42
1226	431	39	39
1225	429	39	42
1220	431	41	42
1218	432	40	41
1214	432	43	41
1213	431	41	42
1211	433	41	39
1209	432	42	42
1210	432	38	42
1207	431	42	42
1205	431	42	41
1208	430	39	44
1206	431	39	42
1203	431	44	43
1206	432	43	39
1205	430	43	42
1206	430	40	44
1205	431	42	42
1206	430	42	43
1205	430	41	43
1205	429	41	44
1206	431	40	43
1207	430	39	46
1207	429	39	44
1208	431	40	44
1206	430	41	43
1208	431	38	43
1209	429	38	43
1209	429	40	45
1208	430	41	46
1207	432	41	43
1205	432	44	42
1208	431	41	45
1206	433	44	43
1209	434	41	40
1207	431	42	45
1208	433	43	45
1208	431	41	45
1209	432	40	45
1209	435	40	43
1210	433	42	43
1210	431	41	44
1208	432	42	44
1209	433	43	44
1211	430	41	49
1213	433	38	43
1213	434	41	43
1212	434	42	41
1209	434	45	42
1212	436	45	42
1211	433	42	45
1213	435	41	43
1214	433	38	45
1212	432	42	49
1215	434	40	44
1213	431	41	47
1213	433	40	45
1215	434	40	43
1214	433	40	44
1216	433	39	46
1214	432	40	46
1215	433	40	45
1215	435	42	42
1214	432	43	45
1212	432	44	44
1215	434	44	41
1217	432	39	42
1215	433	39	42
1216	432	41	42
1215	432	43	42
1215	430	41	45
1216	430	39	44
1215	430	43	45
1217	430	39	44
1216	429	39	45
1215	430	40	42
1215	430	41	42
1214	428	41	43
1213	431	41	42
1212	431	42	41
1211	431	45	40
1213	431	39	39
1211	431	42	41
1209	432	42	40
1208	432	43	40
1208	431	42	42
1207	432	42	41
1205	432	44	40
1205	430	43	41
1205	431	41	43
1206	430	38	42
1206	430	37	40
1203	432	38	39
1204	431	37	38
1201	428	39	43
1203	429	35	41
1200	429	38	41
1201	431	35	40
1197	431	37	40
1196	430	37	41
1194	429	37	41
1192	430	38	42
1193	431	35	39
1189	429	37	42
1188	428	37	46
1190	429	34	41
1186	429	33	43
1185	427	32	43
1187	429	31	43
1182	427	33	44
1179	430	35	43
1178	431	35	41
1176	432	35	40
1172	432	40	40
1173	434	34	33
1173	436	29	34
1176	436	24	33
1168	432	26	36
1165	431	31	37
1165	431	37	37
1159	430	30	41
1159	430	30	41
1159	430	30	41
1159	430	30	41
1150	433	30	38
1150	433	30	38
1150	433	30	38
1150	433	30	38
1150	433	30	38
1150	433	30	38
1130	438	29	37
1130	438	29	37
1131	437	25	38
1131	436	23	39
1128	437	26	38
1125	438	30	36
1118	439	34	37
1111	438	41	43
1108	437	43	48
1106	437	43	55
1104	437	46	56
1104	438	44	56
1104	439	45	55
1104	443	44	52
1104	448	45	49
1105	450	45	48
1105	450	45	48
1105	450	45	48
1104	459	44	44
1104	458	45	47
1105	461	44	44
1105	461	44	44
1104	465	46	45
1104	466	46	44
1104	466	46	44
1104	472	44	44
1104	474	43	43
1104	474	46	44
1104	474	46	44
1106	475	45	42
1105	479	44	40
1106	478	44	43
1106	477	43	44
1106	478	43	42
1106	478	44	42
1105	478	44	42
1104	478	45	44
1105	480	45	41
1105	478	42	44
1107	479	41	42
1107	478	43	42
1105	479	45	44
1106	478	43	44
1106	480	42	44
1105	480	44	41
1105	481	44	42
1105	479	43	45
1105	480	42	42
1105	480	44	43
1105	481	46	43
1105	481	43	43
1105	481	43	41
1105	481	41	42
1105	483	44	41
1104	482	45	41
1105	482	44	43
1104	483	46	41
1104	484	46	42
1105	483	43	42
1104	481	47	46
1104	484	45	44
1105	485	44	42
1104	486	43	41
1104	485	43	42
1105	486	43	41
1105	486	43	40
1104	486	44	41
1104	487	42	42
1103	487	45	42
1105	488	42	39
1105	487	43	40
1104	486	45	41
1105	488	44	39
1105	488	44	41
1105	486	43	43
1105	486	45	42
1105	486	44	42
1104	487	42	41
1104	488	45	39
1105	488	44	40
1104	487	43	40
1104	488	44	40
1105	487	43	40
1105	485	43	42
1106	485	42	40
1105	484	43	44
1105	484	42	41
1106	485	41	42
1107	484	39	43
1106	484	42	42
1106	485	43	40
1105	484	44	42
1105	483	46	42
1106	482	45	44
1107	485	43	41
1105	485	43	40
1105	484	45	41
1106	484	44	39
1106	482	43	41
1107	481	45	43
1107	482	43	43
1107	481	45	42
1108	483	44	41
1109	485	39	37
1109	484	41	37
1108	478	42	43
1109	479	42	43
1109	479	45	43
1110	481	43	42
1110	481	44	41
1109	480	43	42
1110	480	41	42
1110	480	42	42
1111	476	40	45
1110	476	42	45
1111	477	41	45
1112	477	43	44
1112	475	43	45
1113	476	42	42
1113	479	43	42
1111	477	42	42
1113	476	41	44
1113	476	41	43
1114	478	41	43
1114	478	42	43
1114	475	41	45
1115	477	41	43
1116	478	44	40
1117	481	43	39
1118	480	44	38
1118	478	47	40
1118	478	41	39
1119	481	44	37
1121	479	45	38
1121	479	47	41
1125	482	44	38
1121	481	47	39
1129	481	42	39
1132	477	38	44
1136	480	35	39
1138	480	33	42
1136	480	38	39
1136	479	39	42
1137	480	37	40
1141	481	38	39
1141	480	39	39
1143	480	40	40
1148	479	38	40
1150	478	34	40
1147	477	38	43
1149	479	38	40
1150	477	37	40
1153	477	37	41
1152	479	39	42
1161	482	31	36
1163	479	33	39
1161	479	36	39
1160	477	40	43
1166	479	36	40
1169	477	34	41
1171	478	32	41
1173	476	35	45
1173	477	36	46
1175	476	37	44
1171	477	43	43
1173	477	43	44
1177	476	38	42
1181	478	38	42
1184	476	38	42
1184	477	40	43
1185	479	42	41
1182	476	48	43
1183	477	49	41
1185	477	48	42
1185	476	49	43
1190	477	42	42
1191	476	39	39
1182	478	42	39
1177	477	41	41
1170	476	43	42
1170	476	39	41
1164	477	40	42
1162	477	40	43
1161	477	38	41
1162	474	35	43
1160	477	38	39
1156	476	45	39
1160	477	41	38
1163	476	39	41
1160	477	43	40
1161	475	44	43
1163	476	43	42
1166	478	44	38
1169	476	43	39
1172	476	41	41
1173	477	43	39
1175	476	43	40
1178	477	44	41
1180	477	47	41
1181	477	46	40
1183	476	47	42
1186	477	45	41
1184	476	46	41
1186	477	45	42
1180	475	49	42
1178	475	45	40
1174	474	43	42
1171	473	44	43
1166	474	43	41
1160	474	46	39
1155	476	42	38
1154	474	38	39
1154	475	39	38
1154	475	38	39
1152	475	38	38
1153	476	40	35
1155	475	40	39
1157	475	41	39
1156	474	43	42
1161	472	39	43
1163	475	40	39
1164	474	41	43
1167	473	40	44
1169	474	41	44
1175	472	39	44
1179	470	37	44
1179	471	38	44
1181	472	42	46
1182	472	41	43
1180	473	41	43
1181	476	38	38
1177	474	40	39
1176	472	40	42
1167	472	44	43
1164	475	36	38
1158	474	40	39
1150	474	39	37
1144	474	39	39
1143	475	36	37
1141	472	33	40
1135	473	35	40
1134	474	36	38
1132	473	34	40
1132	474	34	39
1131	474	34	37
1131	474	35	39
1129	472	37	41
1130	473	34	38
1131	473	32	41
1132	473	32	39
1132	474	36	40
1129	472	36	43
1127	472	38	42
1129	469	37	43
1131	470	35	45
1128	470	35	41
1130	471	37	44
1129	470	37	41
1126	469	42	43
1128	467	37	45
1132	469	37	41
1131	468	36	44
1131	468	35	44
1132	469	37	43
1130	468	37	47
1130	467	38	46
1129	467	39	45
1129	465	38	45
1131	468	38	43
1131	465	38	44
1130	467	39	43
1131	467	39	43
1132	465	38	44
1132	465	37	45
1134	465	37	44
1135	467	38	43
1134	465	35	43
1135	466	37	43
1135	465	41	45
1136	467	40	43
1136	466	40	45
1136	465	43	43
1139	466	39	42
1141	465	38	42
1143	465	36	44
1140	465	39	42
1140	463	39	47
1141	465	39	43
1139	464	40	42
1141	463	38	46
1142	465	37	43
1143	464	36	43
1144	464	37	43
1144	464	38	43
1146	462	37	46
1148	464	38	44
1147	464	37	44
1146	466	38	42
1144	464	39	44
1138	465	39	43
1130	463	35	44
1118	461	36	44
1099	462	34	41
1070	462	37	41
1050	464	37	41
1020	463	36	39
989	462	35	41
951	462	35	38
915	464	36	39
879	463	35	40
835	464	34	40
803	464	34	40
764	466	35	40
729	467	33	40
707	466	34	42
682	467	36	43
661	469	39	43
653	468	36	42
641	466	36	46
635	468	38	44
634	468	35	44
632	471	34	42
632	469	35	42
631	469	36	43
634	468	35	44
637	468	34	47
638	469	36	43
641	469	39	42
645	468	37	44
644	469	40	43
650	468	37	46
656	470	36	44
660	468	35	44
660	469	40	41
666	469	38	44
669	469	37	44
673	468	38	44
676	466	36	48
678	465	37	48
681	466	37	48
684	466	35	47
688	468	35	43
689	469	36	42
693	467	34	44
694	471	35	42
694	470	37	42
696	468	36	45
697	468	37	44
696	468	38	46
698	469	38	45
699	468	35	47
700	471	36	44
702	473	34	42
702	471	34	43
700	473	37	43
702	476	35	39
701	475	36	39
700	475	35	39
702	475	35	40
703	476	33	38
703	475	33	41
704	479	34	38
701	477	36	39
704	476	33	39
701	474	36	43
703	475	35	41
703	476	34	41
704	474	33	44
701	474	35	43
702	473	37	44
702	475	34	42
703	477	35	40
703	477	34	39
703	477	36	40
702	476	34	40
704	476	35	39
704	477	34	38
705	473	33	42
704	475	35	40
705	475	33	40
706	476	35	38
705	475	35	38
707	476	35	38
706	476	34	38
707	474	36	41
705	475	36	40
708	475	36	40
710	476	33	37
709	475	33	38
709	474	35	41
712	476	33	38
710	473	35	42
713	473	31	43
710	473	36	42
709	474	39	43
711	473	35	42
713	474	34	42
715	474	32	44
715	473	34	44
714	477	35	38
713	477	35	39
714	477	36	42
715	476	33	41
715	476	34	41
716	477	35	40
714	477	35	40
715	477	35	41
715	478	33	40
716	477	32	42
715	478	33	41
715	478	35	43
716	478	35	41
716	480	32	39
716	478	34	41
716	477	33	43
717	479	32	37
716	478	34	41
716	478	33	40
716	479	34	38
716	480	33	37
718	478	34	40
717	479	35	37
716	477	34	42
717	477	35	41
715	477	37	42
716	478	35	41
716	475	35	43
717	476	33	43
718	477	35	40
717	478	35	39
716	477	35	40
716	476	37	41
716	479	36	40
717	477	36	44
718	476	35	46
716	474	36	47
718	475	35	43
716	475	35	42
716	474	35	46
717	475	36	44
717	477	35	42
716	475	36	45
716	475	34	45
716	474	32	42
714	475	34	43
716	475	36	44
713	477	35	42
715	476	34	41
715	474	34	44
715	475	34	44
713	476	35	40
715	475	35	43
715	474	34	44
714	475	35	44
713	474	38	44
714	476	37	43
711	475	39	42
711	476	37	43
709	473	38	45
705	473	39	47
700	477	40	43
695	477	37	42
686	478	38	45
680	478	40	44
674	477	38	44
670	478	38	45
664	476	41	49
662	476	39	50
661	476	38	48
659	478	38	47
658	478	42	49
657	479	43	50
658	481	40	46
658	480	40	46
658	482	41	43
656	479	40	46
658	481	42	46
659	482	38	45
660	482	38	45
661	480	39	49
660	480	38	51
660	482	39	48
660	484	42	47
656	486	43	45
656	487	39	43
653	486	38	48
646	486	41	48
644	491	42	43
639	491	42	45
636	492	39	44
636	493	37	45
636	493	36	45
634	494	37	45
632	493	39	46
634	496	36	42
633	495	37	44
633	495	38	49
631	497	42	48
632	496	42	48
635	498	39	48
636	499	37	47
637	499	37	47
636	498	40	48
637	503	40	45
638	502	42	47
637	502	41	48
635	506	43	45
632	504	42	49
630	504	41	53
620	507	44	50
611	507	43	51
602	510	43	48
589	511	41	48
576	516	42	44
564	517	40	46
544	517	44	47
536	520	47	49
526	518	46	53
516	520	45	51
510	520	49	53
506	524	48	52
507	526	46	51
506	526	42	50
506	525	40	55
507	527	43	56
507	528	44	56
508	522	44	59
509	534	46	52
511	535	45	51
513	535	44	52
514	534	43	57
514	537	47	53
516	539	43	48
516	538	44	48
519	537	41	49
519	538	45	53
521	535	45	52
519	534	48	52
521	533	46	55
525	531	43	52
526	530	40	53
526	526	41	54
527	526	44	52
527	524	45	52
528	521	43	53
528	520	45	51
529	517	45	52
529	514	44	53
528	511	47	53
528	510	48	51
528	506	46	52
529	502	46	53
528	500	48	53
529	496	46	55
529	495	46	52
532	488	47	55
529	484	48	57
531	480	45	58
530	482	47	53
530	483	44	51
530	479	45	49
526	476	50	51
528	476	49	52
527	474	47	52
527	472	48	54
527	474	49	52
527	475	45	50
528	473	46	52
527	473	47	53
527	473	48	54
526	472	48	55
529	471	47	55
527	475	47	52
529	476	45	50
531	476	43	48
531	475	47	52
532	476	45	50
534	475	45	50
534	475	44	51
536	473	46	53
537	471	44	55
536	473	47	53
535	474	48	52
538	475	50	54
538	476	50	51
542	474	49	51
543	475	49	51
543	475	51	53
547	475	47	52
549	476	49	52
549	476	47	50
553	476	46	54
556	476	47	53
554	478	49	52
561	475	47	52
566	475	45	52
564	476	47	52
566	476	48	52
570	475	47	52
572	475	45	53
574	474	46	54
577	474	46	53
580	475	47	50
582	477	48	49
587	473	45	56
588	473	48	55
589	470	48	57
591	474	46	53
590	472	46	55
587	474	43	55
580	474	46	54
575	475	48	51
567	475	46	54
556	477	48	52
548	476	47	52
540	478	46	49
539	480	42	49
530	479	45	51
529	479	48	51
529	479	51	53
530	476	46	54
532	478	44	50
537	478	42	53
540	478	41	54
542	480	42	52
543	480	46	50
548	478	45	52
551	479	47	51
557	477	46	52
561	478	47	53
566	477	47	53
572	477	45	54
575	475	46	54
579	475	45	55
585	474	45	54
589	475	45	54
594	475	46	53
600	474	43	53
605	474	42	54
608	475	42	52
609	474	43	52
612	474	40	53
612	474	40	53
610	473	43	54
613	473	41	52
613	472	41	54
613	469	41	57
616	471	42	55
621	472	41	51
622	470	41	50
626	470	40	50
630	470	42	50
635	468	42	51
639	469	43	51
646	466	39	54
654	467	38	52
658	465	39	53
662	465	42	53
667	464	41	53
673	464	38	52
682	463	36	51
685	466	37	48
688	467	42	47
692	467	44	48
701	465	41	51
708	462	37	53
715	463	36	50
718	464	37	49
720	464	36	50
721	464	35	50
718	465	37	49
719	462	36	52
714	463	35	50
706	464	36	48
700	462	36	52
688	461	36	53
681	463	36	50
671	464	35	48
662	462	37	52
659	463	35	50
657	462	33	50
654	463	34	49
654	462	35	51
655	461	36	53
662	461	34	51
664	461	33	51
670	461	33	50
673	460	34	52
676	459	37	50
684	458	35	51
691	457	32	52
698	457	34	50
703	457	34	51
711	457	32	46
717	456	33	49
724	453	31	51
730	453	30	52
733	455	32	50
734	453	33	50
733	456	32	48
733	453	32	49
729	457	33	43
722	454	30	47
714	454	31	51
704	451	31	52
691	452	33	49
679	454	27	48
661	454	27	48
643	455	29	49
624	457	30	45
607	459	29	45
583	456	27	47
559	459	29	46
535	457	34	48
509	459	32	51
481	460	30	53
459	459	28	51
426	462	30	51
399	464	31	52
369	466	32	52
340	465	31	57
317	464	33	56
296	467	33	57
279	472	33	52
268	471	31	53
257	470	33	55
252	469	29	55
245	470	32	55
238	474	35	52
240	473	30	51
239	474	30	50
238	473	31	49
238	471	31	53
238	472	30	54
239	470	30	56
239	468	31	59
238	470	32	56
238	472	34	52
238	473	33	51
240	474	33	51
239	473	34	51
241	475	33	50
242	474	31	51
239	473	34	53
240	474	34	55
241	474	33	51
244	471	30	57
244	470	31	57
242	473	32	54
243	474	32	52
245	472	30	55
245	473	31	52
245	471	31	55
245	472	32	53
247	475	31	51
247	475	29	50
248	474	31	51
245	473	34	52
246	474	33	51
246	474	34	51
246	472	34	54
248	471	34	54
247	473	36	55
248	471	34	53
248	473	34	52
249	472	33	54
251	473	32	53
250	471	35	56
248	472	40	54
253	473	31	55
253	474	32	51
253	474	30	53
253	474	32	52
253	471	32	54
254	472	32	51
255	475	31	48
254	474	33	52
254	473	33	53
254	471	32	54
255	474	31	51
254	473	34	53
255	474	34	53
256	475	33	49
256	474	33	50
257	473	31	54
258	474	33	52
259	472	31	54
260	476	30	53
261	476	30	51
262	475	28	49
262	477	31	49
263	475	31	52
263	475	32	52
263	477	33	51
262	479	35	50
266	476	32	54
268	476	32	53
267	475	35	56
269	476	34	54
273	476	33	54
274	478	34	53
274	477	32	54
278	478	32	53
278	479	33	51
278	480	35	52
285	479	29	52
287	478	29	51
290	478	29	53
292	480	29	51
295	481	28	51
298	481	27	51
300	480	27	54
300	481	31	52
303	481	31	52
305	482	31	55
309	482	30	52
312	484	31	51
313	483	32	53
314	483	33	54
319	485	32	50
324	486	28	49
326	485	28	52
332	485	27	54
332	482	31	55
335	485	32	53
338	485	33	54
341	484	30	56
344	483	29	56
344	482	32	56
348	483	30	54
352	483	29	54
353	484	27	52
355	486	27	49
357	485	27	49
358	487	27	48
356	489	29	49
357	487	29	50
357	485	28	52
359	486	29	51
357	487	30	52
360	487	27	50
362	485	25	50
362	486	24	48
361	485	26	48
363	486	24	48
362	484	26	51
361	484	27	52
361	483	27	53
357	485	32	49
362	482	26	53
362	482	27	53
361	482	27	51
363	483	25	52
363	483	26	48
362	482	27	51
363	483	25	50
363	483	25	49
364	482	24	49
364	483	24	49
362	483	27	49
364	482	26	49
363	482	26	47
363	480	25	49
363	481	27	48
362	480	26	51
363	479	24	54
363	481	25	52
362	482	24	48
362	480	24	49
362	482	23	49
359	481	28	48
359	480	28	50
360	478	26	52
360	478	25	49
360	480	23	48
359	479	24	49
357	480	27	49
357	482	26	49
357	480	26	52
356	478	27	53
356	480	27	49
355	477	28	49
354	475	29	51
353	475	29	55
351	474	30	56
351	473	26	56
351	474	28	53
351	475	28	52
349	475	29	52
347	477	31	51
348	474	27	54
347	475	28	52
347	476	26	49
346	478	28	48
344	475	28	50
343	475	26	50
343	475	28	51
340	472	28	52
339	475	27	49
339	476	27	49
337	474	28	53
335	474	28	53
335	474	28	53
333	474	30	55
333	473	28	54
332	474	27	55
331	474	28	54
328	475	30	54
327	477	28	53
326	476	29	53
324	473	28	57
323	478	27	50
321	477	30	53
319	478	32	52
317	479	30	53
315	478	32	53
315	477	31	53
313	480	31	51
310	475	31	57
311	476	27	54
311	475	28	55
307	477	32	55
308	478	31	53
307	479	30	52
304	479	34	53
303	478	34	55
301	476	33	59
301	477	33	60
301	479	36	59
299	479	34	57
299	477	35	60
299	479	34	60
299	478	34	61
299	477	34	60
297	478	35	61
297	477	34	63
297	479	34	62
298	480	31	59
298	480	31	62
298	481	32	61
298	482	33	60
299	483	32	61
300	484	32	62
301	486	31	60
300	486	32	57
300	486	32	59
301	487	33	60
301	487	33	59
301	489	35	59
300	490	35	60
301	487	35	63
304	490	32	61
304	491	34	60
305	493	34	60
307	492	33	59
306	493	36	61
310	492	33	62
312	494	33	61
312	496	35	59
313	494	35	62
314	496	37	60
317	496	36	63
320	497	36	65
320	499	36	64
320	499	39	64
323	499	39	64
327	499	37	66
330	500	36	69
332	504	36	64
333	502	38	66
335	504	37	63
342	505	36	64
343	507	37	63
347	508	37	64
349	509	37	64
357	511	33	63
360	512	33	64
363	515	35	62
365	512	36	65
371	516	34	63
377	516	33	63
382	517	32	63
386	519	33	64
391	521	32	65
395	522	34	66
402	522	31	67
408	524	34	64
414	526	32	65
420	527	32	66
429	530	28	58
433	532	30	60
440	529	28	62
445	533	32	60
450	529	34	64
460	534	30	62
468	536	28	61
474	536	28	62
483	539	29	61
489	540	27	63
495	539	32	66
507	540	26	60
515	545	28	59
525	547	27	60
534	544	25	65
542	543	27	68
552	543	27	67
559	545	27	68
569	550	25	64
580	552	27	65
585	550	28	67
595	554	26	67
604	554	23	68
606	554	27	68
617	557	21	69
621	557	22	66
623	557	25	65
631	557	22	66
637	557	20	69
639	556	20	69
641	558	21	68
644	556	20	70
647	557	21	70
647	560	23	67
650	561	21	69
653	560	21	70
652	560	20	66
652	560	19	66
653	559	21	66
653	563	20	65
653	561	21	67
656	567	16	58
654	568	18	59
655	561	18	62
655	561	18	65
655	561	18	67
654	563	18	65
654	563	20	63
653	566	21	60
654	564	21	64
654	563	20	62
654	563	20	66
653	561	20	68
653	560	21	65
654	560	20	66
653	560	21	65
653	562	22	63
653	561	21	65
654	562	20	62
653	562	21	64
654	561	20	62
654	561	20	63
654	559	20	65
653	562	22	65
655	559	20	68
656	559	18	65
656	557	20	68
655	555	22	69
656	557	20	63
656	556	22	64
656	554	20	64
655	556	20	61
658	553	19	62
658	558	19	60
658	555	17	68
658	553	18	69
656	554	21	68
657	554	21	68
658	552	20	71
657	552	19	70
657	553	21	69
657	552	19	71
657	547	19	74
657	547	19	73
657	550	19	70
656	552	20	69
657	552	20	70
655	551	22	70
656	550	20	71
657	550	19	70
656	551	20	72
657	550	21	71
658	551	19	73
657	551	19	71
656	550	20	66
659	549	17	71
658	549	18	64
658	549	19	63
657	551	19	62
657	548	20	67
656	549	20	68
657	549	19	63
659	551	21	59
658	550	22	58
658	551	21	58
658	549	20	61
658	549	20	60
658	549	21	62
658	549	20	62
658	550	20	62
658	549	20	62
657	549	20	62
657	547	20	64
657	545	19	65
657	545	20	67
657	545	21	64
656	547	21	62
657	546	21	64
657	545	20	64
658	546	20	65
655	545	20	67
656	543	21	68
657	542	20	69
656	543	20	67
656	544	19	63
655	543	20	65
654	547	21	65
654	544	20	66
653	542	20	66
652	543	19	64
652	545	19	63
651	545	19	61
651	543	18	65
649	545	20	67
648	543	21	67
647	545	21	65
646	544	20	69
642	544	23	70
641	545	24	67
640	547	24	64
639	551	23	63
637	548	22	66
636	548	25	63
636	550	23	60
635	553	22	60
635	553	20	60
633	550	20	64
629	548	23	63
630	547	22	65
632	551	19	62
628	550	23	63
629	550	21	65
630	549	20	68
629	551	22	66
630	553	21	64
632	557	19	59
631	556	22	63
633	556	18	68
631	554	21	65
632	557	19	62
631	555	20	59
631	557	20	58
630	559	22	61
630	556	21	66
630	556	21	68
629	554	21	69
629	555	22	70
628	559	24	66
626	556	24	72
625	558	24	70
627	558	23	66
627	560	22	67
621	559	26	76
624	558	27	68
621	561	26	68
623	562	25	69
623	559	25	67
626	560	23	67
629	560	25	65
638	561	23	66
638	561	29	63
653	559	21	68
657	560	24	70
662	562	25	65
667	560	24	67
668	562	25	65
672	563	24	63
675	564	22	64
676	563	22	66
674	562	23	65
674	561	23	67
674	564	22	62
674	571	23	63
673	567	21	63
671	567	22	63
669	566	22	64
665	565	23	68
664	566	23	70
662	566	26	69
657	570	29	64
656	569	25	61
654	568	24	63
649	566	26	65
651	567	24	64
652	568	22	62
652	568	22	60
652	565	24	64
654	566	23	67
653	565	24	64
653	566	24	62
653	566	23	64
653	565	24	64
650	565	23	62
647	565	24	63
646	563	24	65
643	565	27	61
642	565	27	60
637	563	26	62
635	562	26	63
631	563	29	63
629	562	24	61
624	564	28	61
622	562	27	65
618	562	28	70
613	562	31	65
610	561	30	67
607	560	25	66
603	561	27	64
601	561	25	62
596	562	28	64
591	563	30	63
589	559	27	67
584	562	29	64
581	563	28	61
578	562	29	64
575	559	25	65
570	557	26	66
566	560	29	64
562	558	29	66
556	561	28	64
553	559	28	63
548	561	30	67
544	557	29	69
541	560	27	64
534	561	32	64
530	559	32	66
526	559	30	67
522	564	30	64
515	562	32	65
511	563	33	62
509	561	32	66
505	562	33	67
505	561	35	70
508	558	35	70
511	560	38	69
523	559	37	68
543	562	36	65
558	562	37	64
584	559	36	65
611	555	32	65
639	554	32	62
672	552	33	65
702	550	33	65
731	550	35	62
761	547	32	62
786	546	31	63
809	544	29	61
822	544	32	61
834	542	31	65
842	540	34	65
845	544	33	60
848	543	35	63
850	540	32	65
850	539	30	65
849	539	31	62
845	540	32	60
842	541	33	59
837	541	34	62
832	539	36	63
826	542	34	60
823	542	34	61
819	538	32	65
812	539	35	63
808	539	36	63
804	539	36	65
801	542	36	59
798	538	35	64
796	537	36	64
794	536	37	64
795	538	37	62
797	536	36	65
800	537	34	60
803	537	33	59
805	537	38	58
813	535	37	60
821	533	39	64
828	534	40	60
841	533	38	62
852	532	38	61
858	533	39	58
866	531	38	61
870	530	38	62
872	532	41	58
870	529	41	62
872	530	36	59
868	528	42	61
866	528	42	60
863	523	40	65
861	524	42	65
855	523	44	65
849	524	45	62
845	524	42	65
842	522	41	62
835	522	42	62
829	522	43	59
824	524	39	60
818	522	41	60
813	523	39	59
808	522	39	61
803	518	43	60
796	519	41	60
789	518	43	62
783	515	46	64
778	516	45	62
773	517	45	62
769	514	43	63
764	514	46	62
762	512	43	62
762	510	41	65
763	511	42	61
762	510	48	62
768	507	46	63
773	506	47	65
781	504	48	64
793	503	46	61
804	504	46	58
815	503	49	60
828	501	49	60
840	498	45	61
848	498	47	63
857	498	44	62
860	498	47	61
862	497	45	61
863	497	45	61
862	497	48	62
859	495	47	62
855	492	50	63
855	492	46	62
851	494	47	59
846	492	44	59
842	493	44	58
836	491	47	60
831	491	45	59
826	493	45	60
819	491	47	61
813	491	46	57
808	490	45	61
802	490	46	61
795	490	48	62
792	489	49	62
790	489	50	60
787	490	52	60
790	490	48	56
795	488	44	56
795	488	50	59
802	488	49	60
813	484	46	63
820	484	49	60
831	484	52	62
837	482	54	62
851	479	48	65
858	482	48	58
861	479	51	62
862	478	53	63
861	479	55	62
863	479	54	62
861	476	52	63
856	476	55	61
855	474	52	66
850	476	54	59
850	474	50	61
846	474	52	60
842	474	52	64
842	475	50	61
837	475	51	59
836	475	49	60
834	473	51	62
832	474	50	62
832	475	48	60
827	475	53	60
828	473	50	63
828	475	50	64
825	476	53	60
825	475	54	61
824	479	55	58
825	478	52	60
827	476	51	65
824	475	52	65
823	476	54	64
824	479	52	63
823	478	54	61
823	479	54	57
824	481	52	60
823	479	53	61
827	481	52	58
825	480	49	59
825	479	53	61
827	478	47	61
825	479	51	59
826	479	48	56
825	477	52	60
825	478	52	60
827	477	50	59
828	479	49	56
826	480	51	54
827	477	50	58
828	475	48	60
829	476	48	57
831	476	51	56
835	475	49	57
839	474	51	56
847	473	50	55
859	468	48	62
870	469	48	56
881	468	50	55
894	466	47	58
901	467	48	53
909	466	49	56
915	463	51	58
921	463	48	53
925	465	49	50
930	460	47	56
932	459	46	56
932	459	49	54
935	458	50	53
937	458	46	52
938	455	48	54
939	452	47	57
940	452	48	54
943	452	45	53
940	446	48	55
942	445	45	55
942	447	43	54
942	439	47	55
942	441	46	52
941	440	46	53
946	436	40	56
948	435	40	53
945	439	42	48
948	437	41	52
947	435	41	51
949	439	41	44
947	442	45	41
948	438	41	48
947	432	43	53
948	432	45	57
947	434	44	51
947	432	42	51
947	432	45	54
947	431	41	50
947	431	42	51
945	430	46	50
947	432	41	50
946	431	43	50
947	431	42	49
943	431	44	49
945	430	42	51
944	431	43	50
944	431	44	50
943	430	41	50
942	432	40	50
942	431	40	50
940	431	41	49
939	431	42	47
938	432	41	47
937	431	40	47
936	429	39	48
935	429	42	50
932	428	41	49
931	430	42	45
930	430	41	47
928	428	42	49
926	429	45	50
924	430	43	49
925	429	39	50
924	428	39	51
923	429	39	49
921	430	38	48
918	428	39	50
917	429	39	47
913	429	41	48
914	430	37	47
912	428	39	48
910	430	37	45
906	430	38	44
906	428	39	46
904	427	37	47
902	428	35	46
898	429	37	43
897	428	39	46
893	428	38	47
890	427	38	48
888	427	41	49
887	429	39	45
884	428	39	46
881	427	41	44
877	427	44	43
876	428	41	43
873	427	39	44
871	427	38	47
869	428	39	46
866	426	39	47
864	426	38	45
859	427	39	46
854	428	40	45
854	426	39	48
848	427	42	46
845	427	41	45
844	427	41	44
845	427	42	43
846	427	40	44
849	426	39	44
852	426	40	44
859	427	40	46
869	427	37	45
879	426	38	45
887	427	40	45
895	426	43	46
904	424	42	46
914	427	41	43
922	427	39	43
924	430	42	40
925	426	41	46
930	427	39	43
929	426	38	45
927	425	39	47
925	427	37	45
923	428	38	43
918	426	40	46
915	426	41	48
912	425	39	47
907	427	42	46
907	426	36	46
902	426	36	46
899	426	37	47
899	427	39	48
900	428	36	45
902	428	37	46
903	429	40	46
909	428	44	49
917	429	44	51
928	427	43	48
945	428	46	45
959	428	48	48
979	429	42	50
998	429	43	49
1017	429	38	49
1029	427	38	51
1035	430	45	51
1042	427	46	55
1051	429	44	54
1046	430	50	51
1050	427	49	56
1052	430	46	55
1048	433	48	51
1049	436	46	50
1045	433	47	54
1043	435	43	51
1036	436	45	51
1036	440	39	46
1033	442	40	45
1028	443	39	43
1024	444	39	43
1021	442	44	48
1026	443	40	47
1023	444	49	50
1026	441	51	55
1031	443	52	54
1041	443	49	53
1049	446	46	51
1050	446	52	52
1053	445	51	51
1059	450	45	48
1059	450	44	48
1054	448	49	54
1052	450	46	52
1049	452	44	48
1040	452	50	51
1036	453	48	51
1030	455	50	49
1026	458	48	47
1018	457	51	49
1014	458	48	47
1011	456	43	48
1008	457	45	50
1000	459	47	49
997	459	46	48
992	458	47	49
985	459	54	45
983	458	51	51
981	458	51	52
980	457	51	53
978	457	49	52
977	455	47	56
978	455	45	52
973	455	50	53
973	456	48	54
975	455	45	54
972	456	49	49
976	455	42	53
973	456	46	50
972	453	48	51
970	454	50	54
971	454	47	53
969	452	47	54
968	453	50	54
968	455	49	50
969	456	46	50
970	453	45	53
971	455	45	51
969	455	46	52
966	454	50	56
968	454	46	52
970	454	46	54
967	455	47	50
968	457	44	49
969	457	42	46
966	458	44	47
967	459	44	44
971	458	39	46
969	458	39	47
969	456	39	47
966	457	42	48
966	456	44	50
966	457	43	49
966	458	43	48
967	460	43	46
965	458	43	50
966	457	43	48
962	459	46	49
966	458	45	50
966	458	42	52
963	457	44	53
962	460	47	50
963	462	46	46
962	461	46	48
963	460	44	51
963	460	45	51
963	460	44	51
965	461	40	49
966	463	43	47
961	461	46	52
964	460	40	51
961	460	45	52
961	464	43	50
961	462	45	51
961	463	45	53
962	465	46	49
962	465	44	49
961	466	47	49
963	464	42	51
961	466	44	51
962	468	44	50
959	468	49	49
958	468	49	48
960	468	47	47
962	470	44	49
962	470	45	49
962	469	45	48
963	470	45	46
960	470	46	49
965	467	44	51
964	466	44	53
966	467	43	53
964	467	44	54
964	465	45	54
963	467	46	52
964	468	44	53
963	466	47	55
964	466	46	53
965	467	44	53
965	470	45	50
963	469	48	50
962	465	48	53
962	467	48	53
963	467	46	54
965	467	44	53
965	468	45	52
965	468	46	52
970	468	41	52
968	467	43	52
969	466	43	53
970	466	43	51
972	464	45	55
974	466	44	53
972	464	49	55
973	466	51	51
974	466	51	52
978	464	49	53
978	464	51	52
983	466	50	49
982	466	54	50
983	466	56	51
990	464	52	52
991	462	55	52
993	463	55	50
1002	462	50	52
1000	461	56	52
1002	462	57	52
1007	460	54	54
1013	462	52	51
1019	462	52	51
1020	460	55	54
1024	460	56	54
1028	459	59	56
1029	461	63	54
1038	457	57	58
1045	455	53	60
1048	458	59	56
1051	459	59	54
1059	460	57	53
1063	459	60	53
1068	460	60	53
1074	458	60	54
1083	458	57	53
1085	459	60	52
1097	456	53	58
1099	455	57	57
1107	457	57	55
1118	454	51	60
1119	456	58	56
1131	458	55	53
1137	458	52	56
1146	457	53	55
1150	458	56	57
1158	458	52	56
1166	458	51	55
1176	458	49	58
1182	459	51	55
1189	462	48	53
1195	460	50	56
1200	460	52	55
1209	460	52	54
1217	460	50	55
1222	459	48	57
1229	456	47	61
1235	457	51	61
1241	457	50	58
1245	456	50	59
1251	457	50	55
1257	457	51	56
1263	453	50	60
1269	454	51	58
1276	452	52	62
1282	452	50	61
1289	452	49	60
1291	452	52	58
1297	454	51	53
1304	453	48	52
1308	451	50	54
1312	450	50	54
1319	448	50	54
1322	448	50	53
1328	451	52	50
1333	446	49	53
1338	445	52	53
1343	442	50	54
1347	441	49	53
1351	442	51	50
1358	438	50	53
1362	435	48	53
1364	436	52	50
1369	434	49	50
1373	432	49	49
1378	429	48	51
1381	428	50	51
1387	427	45	50
1388	426	49	49
1392	425	49	48
1395	421	49	50
1399	419	46	50
