962	673	32	89
959	671	36	90
961	668	32	92
958	667	33	95
956	663	36	100
957	668	32	91
956	670	34	86
956	668	32	90
957	665	32	93
957	669	31	84
950	666	37	94
953	667	35	85
953	671	30	76
954	669	31	79
953	668	28	79
951	672	33	75
952	669	29	82
950	667	29	83
951	662	29	83
948	663	33	82
946	660	41	78
949	661	34	89
948	661	29	86
948	663	31	85
947	663	32	81
945	661	32	82
944	657	33	85
943	658	35	82
943	658	32	87
944	652	29	91
946	652	28	89
915	585	36	84
914	577	35	92
939	658	34	85
941	658	29	82
941	660	33	83
940	653	31	85
939	654	32	86
939	654	30	85
936	652	37	87
934	661	36	77
936	664	27	74
934	663	29	71
932	652	30	77
932	652	29	85
933	655	28	82
930	654	31	84
929	654	28	84
929	646	30	95
929	647	31	95
927	643	29	96
927	647	30	93
925	645	33	94
924	647	31	92
920	646	34	91
921	644	34	94
919	644	37	97
919	645	36	100
917	649	36	98
915	647	38	92
912	646	36	93
905	646	36	91
899	651	35	90
892	648	31	91
884	652	28	89
875	654	30	84
867	658	29	82
859	662	32	80
853	662	34	80
847	659	32	81
844	659	29	85
837	670	36	79
838	669	33	81
836	674	30	75
834	679	33	75
832	678	31	72
823	673	39	75
823	666	37	85
827	664	30	86
817	665	40	83
816	668	38	81
814	669	35	88
804	671	40	88
796	670	43	88
788	668	37	86
772	677	42	81
755	672	44	84
744	676	42	82
729	674	39	87
721	676	37	84
709	673	39	89
701	679	39	82
695	678	37	85
690	683	40	85
686	685	37	84
684	685	36	80
681	683	39	83
680	679	33	87
679	678	37	92
683	681	34	87
690	685	34	89
704	684	33	91
716	681	34	93
737	680	32	98
751	678	34	96
765	674	32	100
776	670	36	105
786	679	35	98
793	680	33	96
798	679	35	97
800	682	35	96
805	682	31	93
807	685	31	90
806	685	30	93
806	686	29	85
804	686	30	93
804	689	31	92
802	690	32	91
801	691	30	90
801	692	30	98
799	693	30	94
798	693	30	92
795	696	31	87
792	695	33	87
792	697	32	87
791	699	30	90
787	692	33	98
785	691	34	99
787	696	33	95
789	700	32	90
794	698	32	91
799	698	32	95
809	703	32	95
815	702	32	94
819	702	35	97
824	704	34	98
828	705	33	92
830	706	36	97
833	707	35	99
832	706	36	99
832	707	38	103
832	711	37	99
831	711	36	98
830	709	37	103
829	710	35	103
825	711	36	100
825	713	33	97
823	714	32	94
819	714	34	96
818	713	36	106
816	714	36	109
814	716	34	110
811	716	35	104
810	719	36	102
808	722	37	99
806	721	38	102
803	724	39	98
801	723	38	104
801	723	36	111
801	724	37	114
800	723	43	109
802	725	41	97
807	724	41	98
812	723	36	94
816	724	37	100
818	726	38	98
823	724	37	103
825	723	35	106
823	725	40	105
824	727	39	102
823	727	39	99
823	729	36	98
822	728	33	101
821	729	34	97
819	732	33	92
817	733	31	96
812	732	31	94
812	731	31	102
807	731	32	108
804	732	32	115
801	732	32	112
800	734	30	112
797	735	32	109
794	735	32	108
792	733	30	109
790	735	30	106
785	737	32	103
784	737	31	97
781	739	32	98
779	737	30	97
779	738	27	96
775	749	31	92
771	745	31	93
770	746	29	97
768	747	32	102
764	747	32	103
763	748	34	102
762	747	35	101
764	745	34	105
767	742	40	108
782	739	37	107
797	739	34	108
813	736	37	109
840	732	36	108
867	735	37	102
899	728	35	103
931	732	34	97
963	732	37	92
1002	727	34	101
1033	727	35	105
1060	724	36	113
1084	727	36	117
1103	722	33	122
1115	721	36	124
1126	722	37	118
1133	723	36	116
1140	721	35	117
1143	719	33	114
1145	721	31	112
1146	719	35	117
1145	719	33	118
1147	718	33	116
1145	719	33	114
1144	719	34	113
1143	718	35	111
1142	717	35	112
1142	717	34	108
1140	717	34	110
1139	716	34	106
1138	714	35	112
1136	712	35	111
1137	711	34	107
1136	710	35	108
1135	708	35	105
1134	706	34	105
1135	707	34	102
1133	707	36	107
1132	706	36	101
1131	705	38	104
1133	705	36	101
1131	703	38	105
1132	705	35	98
1129	702	36	102
1127	699	37	104
1127	701	34	98
1125	698	36	100
1124	696	33	102
1124	697	33	99
1124	694	30	99
1121	694	35	101
1122	693	32	99
1122	691	32	99
1122	690	30	100
1119	692	33	98
1120	689	32	101
1120	687	31	101
1118	686	33	102
1118	688	32	100
1117	688	32	99
1117	687	32	95
1116	685	32	99
1114	684	33	98
1114	684	33	97
1112	682	34	100
1112	681	34	98
1113	681	31	97
1110	681	32	95
1108	678	34	98
1107	678	32	97
1107	678	34	97
1106	678	32	95
1105	677	31	95
1105	679	32	93
1105	680	29	93
1102	679	31	92
1102	676	31	96
1100	676	32	97
1097	678	34	96
1096	674	30	97
1096	673	33	100
1094	674	31	95
1093	672	34	96
1090	670	36	94
1088	670	36	94
1087	670	37	96
1086	674	36	87
1088	671	34	89
1085	668	36	93
1083	669	36	91
1080	667	37	93
1079	670	38	89
1077	668	39	91
1072	666	40	88
1067	664	44	91
1066	664	43	92
1064	661	43	100
1059	663	47	95
1061	661	42	97
1060	659	40	91
1059	661	38	89
1061	663	37	89
1062	659	34	92
1063	663	31	84
1058	667	36	80
1058	663	34	79
1052	660	37	83
1052	659	39	87
1046	660	43	87
1040	660	49	84
1037	665	49	79
1036	661	48	84
1034	662	48	82
1032	662	47	84
1031	656	46	90
1031	657	42	85
1034	658	37	84
1033	657	33	74
1033	657	26	80
1033	661	27	79
1029	656	31	82
1029	652	27	87
1024	654	28	83
1019	658	31	83
1018	654	27	86
1017	648	25	94
1012	648	28	94
1009	645	29	94
1006	648	30	89
1005	648	26	91
1002	649	26	90
996	649	31	91
992	644	30	95
989	644	29	92
985	645	29	89
982	644	31	90
977	643	31	90
974	642	29	88
971	642	28	83
967	643	28	84
963	645	29	86
959	645	26	87
953	644	28	87
951	642	26	91
946	644	27	86
939	646	29	86
933	642	31	90
929	640	30	91
923	642	31	90
920	641	28	89
914	643	29	90
909	641	28	89
905	640	27	90
901	637	26	92
895	638	29	90
893	639	25	90
887	639	27	90
882	640	27	90
879	641	26	86
876	643	26	85
875	645	28	83
879	643	27	83
888	643	27	90
898	635	27	89
909	645	31	83
933	643	31	84
953	643	34	81
983	641	38	82
1018	637	31	87
1054	635	28	83
1099	644	26	78
1132	653	27	79
1175	638	32	83
1219	651	32	76
1254	646	35	82
1299	653	30	83
1326	647	30	89
1356	648	31	90
1375	651	35	94
1384	659	40	87
1400	652	38	91
1404	649	35	94
1414	651	31	95
1406	648	39	92
1403	650	36	87
1404	642	36	89
1400	644	33	87
1391	638	32	91
1386	637	34	90
1381	636	32	90
1371	634	33	88
1367	628	31	89
1365	625	32	93
1357	627	32	87
1354	628	32	85
1350	625	33	87
1347	623	34	90
1345	624	30	88
1340	621	35	89
1339	625	33	84
1337	623	32	84
1337	622	31	83
1336	624	35	81
1337	618	31	86
1332	619	37	85
1338	618	33	81
1338	614	33	88
1334	616	36	83
1337	616	33	85
1336	617	34	80
1337	619	34	78
1334	615	37	81
1333	612	36	83
1334	613	35	89
1336	609	33	95
1329	606	38	96
1330	608	37	92
1331	607	35	86
1332	609	33	84
1326	607	39	87
1329	607	36	86
1328	608	35	86
1332	607	33	82
1334	607	29	83
1332	609	32	78
1333	606	31	86
1335	608	31	86
1333	605	31	85
1333	610	31	82
1334	611	30	79
1334	612	31	76
1332	612	34	79
1334	613	31	82
1335	610	34	82
1338	610	29	87
1337	613	30	79
1333	614	35	82
1339	613	30	82
1338	616	34	80
1338	610	34	85
1337	610	34	81
1340	616	32	76
1340	615	31	78
1342	615	30	79
1340	619	32	75
1342	617	31	76
1342	620	32	73
1341	617	33	75
1342	614	33	76
1342	616	34	75
1340	619	35	73
1343	621	33	72
1342	623	33	73
1344	622	33	76
1349	618	28	77
1343	609	32	84
1347	616	30	77
1343	616	32	76
1344	623	33	75
1347	620	31	70
1349	634	27	61
1351	629	26	65
1350	631	28	62
1348	624	30	70
1352	621	28	77
1355	622	24	70
1358	615	24	74
1355	619	27	79
1357	624	25	76
1355	623	30	69
1356	617	32	78
1347	621	41	77
1335	621	51	71
1330	624	57	71
1332	625	56	63
1337	626	52	67
1337	626	52	67
1337	626	52	67
1339	638	54	64
1345	634	53	65
1356	633	41	74
1352	634	44	71
1345	636	50	68
1343	644	56	64
1347	639	50	62
1345	635	54	71
1352	639	48	70
1343	638	53	71
1342	634	57	72
1345	632	51	72
1345	629	48	73
1345	628	47	72
1350	627	40	67
1348	627	42	72
1345	630	43	72
1341	630	47	71
1347	626	42	77
1341	630	46	73
1343	629	49	72
1342	621	47	80
1340	613	50	89
1342	617	48	86
1338	622	53	82
1338	625	52	81
1336	617	53	84
1340	615	49	87
1337	620	51	84
1343	621	45	83
1345	614	43	88
1338	611	50	92
1341	608	51	98
1335	605	55	100
1335	598	53	104
1333	602	54	101
1332	598	55	105
1332	600	55	105
1337	604	54	100
1336	597	53	107
1337	599	54	108
1337	600	50	104
1335	603	52	99
1334	606	55	97
1334	602	55	106
1336	603	53	98
1340	607	48	94
1339	606	52	90
1338	601	50	101
1344	597	45	99
1339	595	50	105
1341	595	49	105
1338	597	51	102
1345	599	45	98
1350	601	42	96
1349	597	43	98
1347	599	45	96
1345	599	49	97
1346	596	51	101
1343	594	53	103
1345	593	51	107
1346	594	47	103
1348	593	47	106
1344	594	52	107
1347	590	46	105
1352	593	45	107
1343	591	52	117
1344	590	50	111
1345	586	49	113
1344	600	52	105
1346	587	48	110
1338	589	57	117
1343	588	52	112
1339	587	54	121
1337	587	55	112
1335	581	57	116
1338	576	52	127
1335	585	55	116
1337	586	51	112
1330	586	58	116
1332	589	53	111
1333	594	50	104
1328	589	53	110
1326	586	54	116
1323	585	54	118
1319	577	57	136
1318	572	57	132
1317	582	55	124
1311	588	62	116
1311	582	58	120
1312	582	56	126
1308	585	57	119
1303	583	61	119
1307	580	50	122
1302	575	55	134
1298	577	57	133
1298	582	56	123
1292	588	60	119
1292	583	59	126
1288	576	63	127
1280	573	70	136
1272	581	78	138
1268	590	75	119
1264	593	69	119
1263	585	69	138
1261	578	73	133
1255	590	65	127
1254	607	65	113
1251	605	70	117
1249	616	61	109
1244	608	65	109
1243	598	61	112
1236	602	64	108
1236	605	58	106
1235	619	52	108
1228	611	58	107
1223	627	58	88
1216	625	61	89
1220	618	51	94
1219	622	50	87
1212	636	49	75
1210	638	49	68
1203	641	50	61
1195	641	57	67
1196	642	49	70
1190	639	50	65
1195	640	43	78
1188	643	46	69
1179	641	52	65
1172	639	51	70
1170	639	52	69
1162	638	55	74
1157	638	55	71
1149	640	55	68
1148	636	52	70
1144	640	51	66
1144	640	47	64
1140	641	46	60
1140	640	40	71
1139	639	41	68
1123	641	48	65
1119	641	48	64
1115	641	50	65
1110	641	46	64
1105	641	46	63
1102	640	47	70
1100	638	44	71
1093	642	47	60
1085	642	49	70
1081	640	49	70
1079	640	47	70
1081	640	40	60
1080	639	35	61
1071	642	40	63
1067	641	44	60
1061	643	40	59
1064	642	36	59
1055	644	40	57
1045	641	45	60
1042	642	48	64
1038	643	48	66
1033	644	48	62
1029	643	46	65
1026	646	49	59
1024	647	46	63
1020	646	47	63
1024	646	42	64
1019	646	46	68
1011	648	49	63
1007	649	50	67
1005	650	54	64
998	647	56	68
995	648	51	67
994	649	47	68
991	651	49	66
987	651	50	65
983	653	54	65
982	652	55	71
980	654	47	68
976	652	50	70
976	653	49	71
973	651	47	74
970	653	51	73
966	656	51	73
969	658	44	71
965	660	44	68
962	658	49	71
957	660	50	71
957	662	49	70
957	664	48	69
952	663	50	71
951	664	49	71
946	665	55	76
949	664	47	77
945	667	52	72
942	670	51	72
938	667	53	74
938	669	51	75
934	671	54	80
932	673	54	76
928	671	56	78
931	674	53	76
926	676	52	76
926	679	51	73
922	680	54	76
920	682	51	76
918	683	52	78
917	687	51	75
914	688	52	74
910	691	55	74
907	690	56	78
906	692	55	79
905	693	53	82
900	697	57	81
897	699	58	80
897	703	56	79
898	707	55	82
895	708	54	79
897	711	51	81
893	715	52	80
888	718	53	78
887	719	57	84
885	723	58	86
885	727	55	83
883	729	54	82
878	732	58	86
874	736	60	84
869	739	62	81
871	742	58	85
871	746	57	87
868	750	59	90
865	752	60	90
862	755	61	91
860	760	62	90
856	762	63	93
852	767	66	91
852	771	63	92
849	777	67	91
848	779	64	91
842	784	68	93
843	787	68	96
842	793	63	93
836	799	68	93
831	801	69	95
831	807	69	95
825	811	71	93
824	816	73	96
824	822	69	96
819	830	71	95
817	832	69	99
809	835	79	107
809	843	76	102
804	850	78	104
802	856	75	103
799	861	78	104
797	864	74	108
793	873	76	106
788	878	77	111
782	883	78	117
778	891	78	113
777	899	78	113
771	905	77	118
765	909	78	118
759	918	83	117
751	924	87	115
752	931	77	115
745	938	79	119
739	945	81	119
732	953	82	111
724	965	86	108
716	970	87	108
713	978	84	99
710	990	83	89
700	999	89	79
695	1007	87	72
685	1017	89	63
680	1031	85	47
670	1039	87	41
670	1039	87	41
670	1039	87	41
670	1039	87	41
670	1039	87	41
670	1039	87	41
670	1039	87	41
670	1039	87	41
670	1039	87	41
670	1039	87	41
670	1039	87	41
670	1039	87	41
670	1039	87	41
670	1039	87	41
670	1039	87	41
670	1039	87	41
670	1039	87	41
670	1039	87	41
670	1039	87	41
670	1039	87	41
670	1039	87	41
670	1039	87	41
670	1039	87	41
670	1039	87	41
670	1039	87	41
670	1039	87	41
670	1039	87	41
670	1039	87	41
670	1039	87	41
670	1039	87	41
670	1039	87	41
670	1039	87	41
670	1039	87	41
670	1039	87	41
670	1039	87	41
670	1039	87	41
670	1039	87	41
670	1039	87	41
670	1039	87	41
670	1039	87	41
670	1039	87	41
670	1039	87	41
670	1039	87	41
670	1039	87	41
670	1039	87	41
670	1039	87	41
670	1039	87	41
670	1039	87	41
670	1039	87	41
670	1039	87	41
670	1039	87	41
670	1039	87	41
670	1039	87	41
670	1039	87	41
670	1039	87	41
670	1039	87	41
670	1039	87	41
670	1039	87	41
670	1039	87	41
670	1039	87	41
670	1039	87	41
670	1039	87	41
670	1039	87	41
670	1039	87	41
670	1039	87	41
670	1039	87	41
670	1039	87	41
670	1039	87	41
670	1039	87	41
670	1039	87	41
670	1039	87	41
670	1039	87	41
670	1039	87	41
670	1039	87	41
670	1039	87	41
670	1039	87	41
670	1039	87	41
670	1039	87	41
670	1039	87	41
670	1039	87	41
670	1039	87	41
670	1039	87	41
670	1039	87	41
670	1039	87	41
670	1039	87	41
670	1039	87	41
628	1005	82	50
628	1005	82	50
628	1005	82	50
628	1005	82	50
628	1005	82	50
628	1005	82	50
628	1005	82	50
628	1005	82	50
628	1005	82	50
628	1005	82	50
628	1005	82	50
628	1005	82	50
628	1005	82	50
628	1005	82	50
628	1005	82	50
628	1005	82	50
628	1005	82	50
628	1005	82	50
628	1005	82	50
628	1005	82	50
628	1005	82	50
628	1005	82	50
628	1005	82	50
628	1005	82	50
628	1005	82	50
628	1005	82	50
628	1005	82	50
628	1005	82	50
628	1005	82	50
628	1005	82	50
628	1005	82	50
628	1005	82	50
628	1005	82	50
628	1005	82	50
628	1005	82	50
628	1005	82	50
628	1005	82	50
628	1005	82	50
628	1005	82	50
628	1005	82	50
628	1005	82	50
628	1005	82	50
628	1005	82	50
628	1005	82	50
628	1005	82	50
628	1005	82	50
628	1005	82	50
628	1005	82	50
628	1005	82	50
628	1005	82	50
628	1005	82	50
556	955	74	53
572	945	60	50
572	945	60	50
572	945	60	50
572	945	60	50
572	945	60	50
572	945	60	50
572	945	60	50
572	945	60	50
572	945	60	50
572	945	60	50
572	945	60	50
572	945	60	50
572	945	60	50
572	945	60	50
572	945	60	50
572	945	60	50
572	945	60	50
572	945	60	50
572	945	60	50
572	945	60	50
572	945	60	50
572	945	60	50
572	945	60	50
572	945	60	50
651	979	47	51
651	979	47	51
651	979	47	51
651	979	47	51
664	981	39	53
664	981	39	53
713	998	41	54
713	998	41	54
713	998	41	54
713	998	41	54
713	998	41	54
713	998	41	54
713	998	41	54
713	998	41	54
713	998	41	54
713	998	41	54
713	998	41	54
724	972	41	60
724	972	41	60
724	972	41	60
724	972	41	60
724	972	41	60
724	972	41	60
724	972	41	60
724	972	41	60
724	972	41	60
724	972	41	60
724	972	41	60
724	972	41	60
724	972	41	60
724	972	41	60
724	972	41	60
724	972	41	60
724	972	41	60
724	972	41	60
794	971	40	61
794	971	40	61
794	971	40	61
794	971	40	61
794	971	40	61
794	971	40	61
794	971	40	61
794	971	40	61
794	971	40	61
794	971	40	61
794	971	40	61
794	971	40	61
794	971	40	61
794	971	40	61
794	971	40	61
794	971	40	61
794	971	40	61
794	971	40	61
794	971	40	61
794	971	40	61
794	971	40	61
794	971	40	61
794	971	40	61
794	971	40	61
794	971	40	61
794	971	40	61
794	971	40	61
794	971	40	61
794	971	40	61
794	971	40	61
794	971	40	61
794	971	40	61
794	971	40	61
794	971	40	61
794	971	40	61
794	971	40	61
794	971	40	61
794	971	40	61
794	971	40	61
794	971	40	61
794	971	40	61
794	971	40	61
794	971	40	61
794	971	40	61
794	971	40	61
794	971	40	61
