621.5,294.5,17,37
621.8593305353163,293.4353572879368,16.766049265098854,36.98546597279429
621.845318167759,294.75860704385445,16.59665478894503,36.41827449394846
621.1195426853512,294.1454731066148,16.831484815078163,36.40490284778269
621.3496596065816,293.80963394197875,16.670292065013093,36.72781645947588
621.4760343401495,293.29446719195835,16.839091053830927,37.18039725012798
620.9649548419424,293.7106373771607,17.004271872221,37.02318969079268
619.5584661488009,293.35632824277155,17.20959301804049,35.90884817887802
618.6320596329149,295.0739544623055,17.657831894005053,35.212695480792185
618.215080370602,295.26287540390643,17.61986226320858,35.43220568508795
617.5724833085144,294.07530730248425,17.10218313356143,36.094959690552336
617.3686121508744,293.6757030392252,17.388919869012433,35.474392492659426
617.2832704023829,292.800977512237,18.175717028715034,34.55493709636416
616.6069571559103,295.40705670602904,17.99231179863771,33.80831530317097
616.6480576527958,294.16407737992853,17.70316928965949,33.59971032812889
616.8291577435219,297.37858613015044,17.572310947043867,33.36755886314657
615.4238079618742,298.0389653580214,17.784719828500243,33.201291116709456
614.2162163970156,298.19878539096055,18.028097099605425,32.71950911679396
614.9071546908431,300.86160974671225,17.803765840090918,32.45143515428349
614.7102038627678,297.9769972016792,18.03162448290707,32.53953269613176
614.492423133566,303.30342827577215,17.531415131660193,32.57095475815091
614.0282675002186,302.1689863218643,16.904774730569414,33.547273558621065
613.5964158574652,300.0168971071169,16.824954787907615,33.534187908068205
613.5402730601766,303.41983479650077,17.0721017027421,33.16168502685916
612.6983937474731,299.42014026119836,17.215559601258512,32.95752757341609
613.0182412057715,303.8157855749255,16.84739543207551,33.09311778244869
613.3094260636299,303.313935695584,17.13991932206769,32.55046014786684
613.3940794552695,305.9332798143848,17.35771472546811,32.37617401368939
613.5347768186631,306.37809207619,17.121173190503796,32.653426640614555
615.9394644877572,307.38958093665434,16.610097164907366,33.773731094749856
612.882137426585,303.83484249799403,16.411947065144567,34.19369858028588
612.7182100532,308.07636186072136,16.303163635473503,34.152314060153486
612.2840293240153,304.0079514758051,16.23769381933346,33.80318054531799
611.8300267687566,302.6562123541256,16.572908724372066,32.97137498473715
611.0830272010004,302.4376709044209,18.2634654413093,30.7635201304693
611.0810555749332,305.712054708649,17.726705158363757,31.839493122598896
610.5741438911309,308.39605533828734,17.38875299896789,32.196355392527636
610.0338809057323,310.28123960893305,16.911299386024822,32.94476231434049
609.5515320360744,312.72903275627243,16.982599853707498,32.88249663733743
608.9686406930639,311.77726790148984,16.475708241442167,33.789266216974035
608.5923726788493,312.4723157675937,16.03568276264638,34.35918435119085
607.8442820443624,310.7433259060309,15.90493653661731,34.68528522147218
607.9862070671215,306.64381543607175,15.731752460649698,35.201128213392536
608.06555091629,311.58203294855525,15.658857482630648,35.253429875132014
608.3545566469337,311.34464754775047,15.452336291242656,34.94404405623912
607.8865386924982,308.9730716105261,15.633203225713945,34.9396611787957
608.6967235747932,310.21172240968093,15.548732861835045,35.72091976115021
608.0512162847403,312.43719054911054,15.762883557014984,35.194773864676264
607.9168354592814,312.8755143272805,15.51478335194916,35.805845486536136
608.4161683823336,313.15091596789915,15.400704734142925,36.13158715769135
608.4093588116042,312.5209985743228,15.42845995716322,36.0451711723679
608.639462392241,311.21683761616214,15.593469041540764,36.48834721466571
608.7314024737159,318.5518075737469,15.601600577671327,36.242855312801915
608.4174162400303,315.0401954584273,15.616855774191457,36.197294352858705
605.8499930950453,319.6163614859073,15.462006324415274,36.48452700279385
606.5162416795145,322.85652250523935,15.284301702702926,36.90515348860484
607.1542385149311,322.9497523739359,14.988344946218316,37.90779342066824
604.9129554914332,321.1243950587848,14.656980004902364,38.78641332440796
606.3019747957795,317.9691387718508,15.038188079330496,39.161010904989794
606.707672778052,317.95987007769634,15.16010810714069,38.89669942850489
606.9669849748055,319.5224639822407,15.159984578139431,38.82307345184417
604.2340256360957,317.2264773685061,15.550023681737283,38.907339560325326
604.7931994840816,317.19282984355175,15.578507855844514,38.882195368526766
605.1924463332363,322.9791920924251,15.488862931968336,39.07945225505739
605.9430870741306,324.4242831345905,15.582920986846398,39.16964188436485
603.368056647932,321.2631001811691,15.625109829966279,39.34915739219038
604.5476474886033,323.93482046814825,15.510184883471686,39.251455324549134
605.0441895906539,320.94112162807244,15.367626416179291,39.42675974679673
602.0507479261083,322.9531694636627,15.494489584595453,39.512921224358976
602.9583996197346,329.29145480379805,14.96245882135873,40.14815436183726
603.798103449883,327.744966793079,14.761931685697165,40.73728588368728
601.3251136408538,327.4564921751447,15.065060427900951,40.20680990669575
602.7613597893942,328.49414595744963,15.591844864218716,39.52926726327427
603.3405925816941,333.9312285418852,15.641792522912684,39.15181668638304
603.5415697028012,332.16533618383914,15.965448179265632,38.74353315754115
603.1710035049474,329.5460682716629,15.976263280375537,38.877289261587286
603.4227866495323,333.1040699641413,15.48655211509817,39.40045413911214
602.766246120625,330.6981140318375,15.760396746559245,39.04205312225001
602.8212617176711,331.5899568648771,15.611618513774985,39.40132013675866
602.4654025870838,334.0688560225358,15.526755447034487,39.78896840805014
600.5299939310286,330.0908519188835,15.457103732579228,40.51706132833678
601.0179545231678,334.62197035791473,15.479307445780947,40.450475695391525
600.906005579546,331.8100224739456,15.46779339101921,40.49214852479228
600.2792306404045,331.62862333181687,15.468575706435967,40.494692789550825
600.8372926149887,332.44107115860805,15.356587723568843,40.76581111111191
600.3435571837069,342.48278441142514,15.668069494735777,40.075555915902534
599.8704022611308,341.3495708947794,16.366679453327695,38.608217347082245
588.9162781722557,345.94009279991076,16.701107516942088,38.336348455947885
598.7795122216794,340.1687411966926,16.71801901099019,38.31772563546767
598.7463896180634,342.5309518444391,16.782470453690724,38.37420767936082
595.3175374786122,344.8910517507488,16.735973701861788,38.16599650657294
595.7076096572619,343.23738043890273,16.714913152030853,38.2186780470436
595.5118617477744,342.5814535908645,16.66847457235454,38.32144067580591
595.4240489586817,346.60430497180914,16.87184785425611,37.941591414282854
595.0409745067084,346.15655613223373,16.811024094800253,38.0739676673281
594.3988297367148,343.22501630963126,16.533796873007788,38.86129886892953
588.4158521373695,333.9189913576279,16.43128493150055,39.130508578234235
591.9163689230991,338.5841924951797,16.162688016993407,39.66150976840153
591.6363447719738,346.5624642431486,16.02732606762656,40.19499083911409
588.6024969863158,345.2829136949565,16.021437082362787,40.232506947857885
589.3071798502185,344.08747438931954,15.8722139193309,40.698906789829536
586.8639207803004,345.2531812987395,15.826521613763088,40.801428136394875
587.3611519345449,343.903180618744,15.760880630576384,41.00337904510719
587.6591618094512,350.02529163110944,15.685921466739178,41.3219984357816
587.3791862370438,346.78748368960305,15.688742513211352,41.375966293281685
582.9583144068488,351.5342090448032,15.865380353899102,41.0850979421953
586.703312038168,339.52665249976013,16.038845345929893,40.9064701875549
581.4250636959782,336.5483954283133,16.135743489049702,40.77726665237846
584.2990642439534,347.26049753719803,15.986068122469625,41.34048728507291
581.037381653239,354.04607110193416,16.092240367954695,41.371019003867225
581.3079214731663,353.2750051046466,16.189221476677123,41.22692391523615
580.8285317866444,349.9833819669006,16.223316027161637,41.5105118922357
580.610178860741,347.4460512106552,16.224513508568872,41.521486557039786
575.2542654131338,335.0732750171448,16.388141703832215,41.58191168575978
543.309911195054,301.1181480743098,15.913866436378381,41.97888279555093
539.4412363084917,301.807813401503,15.905704200836073,41.15865413997052
539.4677564049751,305.4691615038418,15.720424427714837,41.1891903190209
539.8921135544413,298.85387406346314,15.453406281469633,41.18723079120884
539.7236311149077,295.8850707899816,15.339901487856803,41.28707927390194
543.2495407582595,288.76534937029976,15.106137830883366,42.15756936210596
540.0855163115867,289.3473155441869,14.940756586594736,42.60650854200344
540.2548877252444,292.3429825727854,14.496484950149226,43.90241642053645
532.4276386873917,296.1329195709202,15.114479234045573,43.14639877802662
543.5869290930553,292.45981276140355,14.411481842517912,44.49557546316098
536.7390343881605,287.33444170083334,14.496195851001673,44.5915181229367
544.5301460372247,290.7514189699458,14.455647166825907,44.853327744867954
543.7245834726617,294.02953349662596,16.052631233677115,42.726218278452265
543.6543612869826,297.28930588761835,16.141001988500918,42.682520263893075
547.7147862720022,285.58439214939335,16.849560664091463,42.96319925706668
558.5258218692089,295.08461171294937,16.88930702033729,43.029704252269056
562.5065175780292,287.20502569244,16.91303256131513,44.16550326167161
566.9671822783667,292.64246270131986,16.616012700434688,45.18289933210772
570.3914741118336,289.0375526298859,17.310568491203625,44.60951968783573
574.4010823251448,290.86446752855664,17.440786154242065,45.53885267507059
571.3500780119466,289.52511495984083,18.08857496252319,45.05308237152325
578.211977912147,291.72863664230886,19.318079452893958,44.06660914170384
590.7130641379949,291.67992140742206,19.2577214238054,44.165029254752206
599.8921087934099,292.17197720566026,18.925163881774363,44.64603642410679
604.2821116176971,289.52488625797196,18.23437351182534,45.876738895960486
608.8815659138374,292.0734664837366,18.240984595753048,45.86685919470584
613.9553925891854,265.80666943949063,17.797200111023987,47.54142923534624
623.7038737245432,288.72180676551363,17.71290225376057,47.36655772050723
627.4507150205557,287.5353217732105,17.912838912986835,47.2689809827013
629.0329737848366,287.626872261563,17.9164591731977,47.27713596288462
660.7262130906279,333.99693812941405,18.49694909799197,46.54193281604972
665.4655692588826,341.99936715850686,18.78513873139211,46.46950502519803
670.225931918384,345.6892214166153,19.67429691153495,45.616058315469225
678.3107549364094,339.8990588528476,19.728852077876724,45.71920963776777
682.4164632844935,336.5403610080296,20.14437134057077,45.33369290140884
687.4005140403557,342.99132977964706,20.492792427113084,45.12058859486835
691.3928981406672,355.4212224103305,20.45076991206748,45.74917041418996
692.150938173766,338.72103631595445,20.984228219816995,44.58513906900646
696.8494111790789,342.3126309063649,21.211806325707457,45.10497618289377
698.0477093151038,343.40039397242697,21.565860459541124,45.52889753955441
699.2099062221189,338.3582123922915,21.226145033152875,45.27973981054319
700.242691678792,344.11650098664387,20.970520299196824,45.41955948768311
700.8726412349847,349.28971253199467,20.886613556463153,46.52091891346109
698.892154298658,348.15475304905203,21.131329380105193,46.48852288262694
696.0413717067246,369.26638930891266,20.963741541205906,47.43873897984906
687.7463002700695,369.5067478173717,20.828943160854028,47.58696796922899
693.566595009971,354.5422461408233,21.216452741109688,47.460257668761365
693.7254665556083,354.56622122241737,21.24218421677165,47.54238306459334
686.9358352648871,353.9289861849919,21.139682195552673,47.88450774912441
684.7452499076511,356.21749386614255,21.155838833792007,47.79141248417424
682.2809265372891,353.4004090569366,22.064235254081282,46.61492555503973
682.8857390741334,349.50071086225614,22.36956498576689,46.13832478253542
682.8048086293156,356.10934209135235,22.292149779177603,46.17910275250458
679.2635938626514,358.8313958545427,22.112901093664508,47.26888928816619
679.1868871185774,361.6910374619605,22.06810368675115,47.37668060107108
675.0857305484958,359.0627845818482,22.102863878916175,47.430773279172854
675.8078453155991,359.2989857408228,22.2160251537687,47.277132250343335
672.1060562979717,360.31357822815767,22.071823152097313,47.57464724782631
672.0153250471627,369.4552040922821,21.982063628559263,47.779074047409445
668.5244856779507,364.67896834781294,22.002475849344123,48.23050374252454
669.0131031590342,363.75902172333207,22.041401256096417,48.05030855726697
666.2807435018468,373.9538074173675,22.010769732763748,48.43619836609548
657.222477512954,378.8301300805175,21.97232200473871,48.55698138452203
652.2920746696103,383.4453618499414,21.740857793965265,48.74054505972457
652.7106689056371,389.04441140206876,21.29501118697432,48.89699250240584
649.6753619805477,393.1480426825296,21.248894823987946,49.09487177192854
646.7792540361811,392.2720212737335,21.212916094496023,49.2053857446873
647.6703074713495,396.1481856976054,21.258468473465022,49.536957348603615
647.0289195265306,393.44802672350477,21.23717460564118,49.659078961966046
647.1501113540503,396.5946695230999,21.194587075894535,49.888369694868096
661.8289935468362,413.5446458850352,23.305700482681274,47.955242456226955
666.7625294569672,416.2426107710886,23.273804176640425,48.07685647684476
659.2343774897886,432.5686964043422,23.49380726108294,48.327074736704894
660.6002797911278,432.75616903955495,23.721721601046692,48.08701343630146
659.803364669372,427.9316959319586,25.07102323802448,46.87705385925788
660.3891209078522,430.8312837966755,25.331776042741303,46.64563287530748
661.591824327312,431.9074976922222,25.360122694269567,46.62016822279438
639.9006406343983,411.41119142293746,24.343705442645845,46.700942229869746
639.8164774480804,412.34356689655266,23.66505386613923,46.53488575018391
640.593497913804,415.28127008103854,23.01276785040633,48.041822196611335
638.7693028797299,413.97708792676724,22.69327004013642,47.968345608547494
640.1195474757078,422.8457854795794,22.20913617197222,47.22559276061366
641.05759293248,424.70329515764615,21.734541311169703,47.578934686828674
641.351347133475,426.89366018142795,21.234711609865336,46.8263591554852
640.948807859344,430.8952217695684,20.786963705872026,46.33764742863658
641.4464699855134,435.342300160243,20.273748821380604,46.38021244904534
642.1330839809441,436.68949766625065,19.865335076220195,46.8557931946288
642.0484697146638,440.0754946869595,19.983020890817198,46.0759265717293
642.6179578903578,440.0597465283929,19.6509725780264,46.56861019192865
643.2101083995335,444.6448962118352,19.65750965820088,46.615527316743304
646.9651103538924,465.40871678926,19.817349423189114,46.64443523415938
646.5282344952788,463.8105120534393,19.70515627328241,47.550005510549184
651.0016708341836,466.5252914131752,19.445690135389583,47.672980894471046
650.9432142734831,467.68497837120304,18.86100020179041,48.542820731161925
647.2195528032692,470.6479705722415,18.42159962384668,49.73379303990039
645.5645006836554,474.62450322932864,18.721255645682298,48.467110496264425
649.703084942282,475.226224932536,19.5836001441762,47.54903720131516
645.3703270650692,479.057250120602,19.543686821453363,47.51431712837529
644.6215796752633,482.1211455453842,20.15251365997155,47.63319557126093
643.8456233716719,486.0235101634732,20.666604139812282,47.93900100305163
639.1720045047102,490.5325247515573,20.732213265031998,47.835307077737966
638.7793906343974,492.8464140744635,21.08017283792354,47.40225156119799
638.6156178174261,497.43785931582676,20.970064632277758,47.772342455119386
643.3285654851392,499.69559628751233,21.806564201942095,48.563178688597645
637.9222980846108,502.9841897768208,22.103043895882184,48.87826322868791
636.5078666302462,506.9872563648868,22.800630912353633,48.71421922873395
622.5263900655484,512.7532336598767,22.68470945373661,49.34691746315598
621.5673251778046,514.2287952797797,23.276956079123547,48.9360430941998
611.9544721506524,518.7549818414685,23.1547731868947,49.37430775005774
657.2277922744015,523.4461419154218,23.038758854923863,49.607130424416866
656.0058552000615,530.8945755481789,22.526934990297985,50.856251623258146
651.0626148457853,533.3349899927639,22.055847911679994,51.47654520875863
642.4702123908087,547.6407715690826,22.43959309873291,51.523288177947215
635.8831602193283,545.5031617171929,22.59397545683048,51.6056177144903
630.3012397858005,552.6297415560161,22.816796311984234,50.87790969700008
624.4461840304537,561.9392870658583,22.742195984909422,50.34431748713052
619.6949601396275,568.6800105005254,23.194640714803963,49.47580854504205
615.3663899085984,575.9922828825228,23.20252160960118,48.662083406902006
604.1936186432667,586.7845974230886,24.29152574915136,47.176445719813174
593.4840958885578,595.3789788041148,24.686096160912903,46.66085304748243
587.7916387940529,601.6858247504127,25.618993519478447,45.219619803568285
585.6422513890443,606.1164595319378,25.627360671872317,45.210484945107886
574.242924428703,622.0265791842294,26.56393878689104,44.030472004660666
573.8429650143015,625.5749936937057,26.556678045495737,44.04017985094238
574.7882112682057,627.6609850399092,26.55610076557738,44.04100103731952
574.8857760648639,631.1880035309797,26.554789577531622,44.04328758346825
573.7706083428089,628.308904066222,26.67792535275726,43.89188720878451
572.7218901141127,631.029295380394,26.679031405868123,43.891278683223724
571.8989398667973,632.1087766655321,26.679341118333536,43.89069399876608
571.6670881772252,631.7156828013625,26.67921828817079,43.89070480716801
570.5913317705157,634.1742844962127,26.67700118597106,43.891620848009666
568.7040762863194,634.3752878071788,26.677044924520544,43.8915294186815
567.5729730482171,635.8602188818336,26.67748878170653,43.89082234253785
568.5225222971135,636.2886571006051,26.67759680304054,43.89062486770235
570.2246181343563,636.899769196506,26.67732124908419,43.89079108918482
570.5381630508317,637.0690285687306,26.677426953223726,43.89044054856633
570.8155755308998,636.8407017869213,26.677226610187308,43.89053472235537
569.941210076825,638.2014830958591,26.677318411586317,43.89038714735684
570.4705145160082,637.2812117860274,26.677432863717822,43.890097652800605
571.9180104079005,637.9365476786592,26.67750734122454,43.8899430594241
572.116234653796,638.9383389279595,26.677249611953467,43.8901826490649
571.215384585304,638.8532110108276,26.67472144312065,43.89069712099546
570.2289601410979,640.2307942221238,26.674606163937998,43.89067219506132
571.2922515865938,641.0663280454032,26.674402286007858,43.89083414940877
572.0419135139132,641.0604901727193,26.674281636477726,43.89089036415863
570.7650967897024,643.4604500163289,26.67442325407342,43.89070813040011
570.0567750687856,645.7252781804303,26.674292065360532,43.89077258543074
570.9942658466249,644.858278951727,26.674250547409144,43.89080564595626
571.298141375632,643.5755736715362,26.674158054439417,43.890824427391976
571.2565882107322,641.6878946084156,26.673892052083286,43.89099959121569
570.5261838697259,641.5372158070144,26.673593718486263,43.89115871150467
570.7085885249661,641.6145529078796,26.673338097962468,43.89123695797537
568.6685929679121,644.9112427359272,26.67339366138067,43.891168134857516
568.7887179422073,647.0435358603494,26.673014559061702,43.89128515978643
568.5558069682729,647.9680437393098,26.672761652795177,43.89145176919028
