1288.5,641.5,64,168
1288.315942974944,648.2902193098354,62.31307869740509,169.33361052888887
1291.7650675029156,657.55262836308,62.0382217465646,172.00448067008023
1294.9008834918106,663.9331343222663,62.54239095056761,175.35776089648306
1296.6886024444314,665.3395485669141,62.1754827560958,179.04324106578733
1300.3777732313335,665.6004445080619,61.540042984354294,181.67710432913688
1300.2434996578584,670.3364117559244,61.60669808318421,183.03977314304322
1305.2396069985393,676.6867668217153,62.80667643313326,186.8583234179555
1304.142092656076,673.2211053317498,63.34066052043414,189.1218597996811
1304.8742295601237,683.2358637149881,63.70877833202124,190.97069615210071
1304.9804971152441,690.7176412558417,63.508264718672216,193.11724849226852
1308.0919178958472,691.2881284798957,63.747576115382415,194.4661622353838
1311.149564311699,695.9971545174737,64.68349845549295,195.46022525727363
1309.9964570149432,700.4407983198923,64.41718659407887,199.0245444029246
1309.4774401776838,710.532171731111,63.981352613797455,200.96599458671298
1311.6693155179125,718.3301343040531,64.6579800079857,203.6079539623131
1314.581932069037,726.531027655712,64.80661336844406,203.8577499768909
1318.2530994727197,731.0516872994986,67.21871505399905,205.33740294120986
1317.1421594254055,730.9320671953353,68.94361621004767,204.37309519497683
1318.2079630403837,742.7371250295572,69.85824835615936,207.06909563065923
1316.5339859751764,741.2708369016797,69.18142364364807,206.82574496266236
1316.1987962132578,746.1903835209741,68.39258430781285,204.86135417768682
1317.4075151735533,753.9967903953991,68.266470049026,209.35423996802132
1319.8217975758437,762.8835107983439,68.95912116012498,210.5081825849835
1323.1216794848865,775.6493807387635,69.28906057766568,213.68282354826036
1323.9066164180863,771.0796897701771,69.84511678214301,212.9777182951866
1324.4313891654265,775.9518673613399,70.01478501159923,214.4201526254953
1326.0593622552994,767.7251084503963,69.8546766633502,214.34204088500442
1326.2900717720174,780.5298028063662,69.3532730199829,215.83450459005684
1326.3468914291923,803.7751317772986,70.00630768777651,216.3255132131335
1327.7526844606705,822.4155082930188,70.45976011511553,218.08354039409548
1326.9068142093968,809.7227725385895,71.45179215590122,217.54110586657703
1325.4724443514656,833.1110067990068,71.68152549549706,218.15496861405308
1328.3576273310434,842.1115813754965,72.16047718236827,216.5298437072896
1328.9108809982506,845.7989444286357,72.03282730559154,215.60706099853303
1332.2492960648076,860.604395036305,70.03189477074442,212.77876018602632
1335.4061612186188,864.0387800750273,68.26310827263094,208.52389577684062
1335.5424383352417,881.9169505644415,66.66578239670028,205.94593004215267
1339.9065596212906,870.8835095764207,66.18697143470972,205.831224798956
1341.7905596851479,891.1460829985649,65.80942917557128,198.5730800603805
1342.8342744181018,904.1933002177174,64.2959775972941,195.01379805737835
1343.8991042189775,898.9321023355559,65.8877714238111,187.75407216337618
1347.5679176034473,906.9230314462133,65.68622348940497,179.93152046824545
1346.9068898719695,912.8218582342208,66.4741041524417,172.6803804496645
1352.6114059787822,913.0171411743319,65.07269942599896,168.74739585110441
1352.461996619591,924.3065624216517,64.66644186712526,163.4649267237741
1354.268669092315,928.1502080459536,64.01042571806428,157.39705242730352
1356.735963555818,931.2010753668533,62.75287069227243,153.32239426827707
1359.1737679291568,936.392418646248,62.0479496210711,149.04104037397747
1359.139909036388,942.1966040229955,62.38734490065775,143.809663753478
1360.848324427493,944.9644008967947,62.258846819177066,139.35167799519076
1363.0923305993451,947.8016642446305,62.22882464499807,134.9147568712661
1362.3640621345742,945.7289166836528,61.64874548758006,133.25412349132935
1364.699016721253,949.2222508560646,61.62207915022082,130.1256924130462
1365.7133547120409,953.1650377247861,61.619242735829495,128.34183424033102
1363.9310085036266,957.3953118075418,61.54412602103595,124.45256178587925
1363.6446961582408,964.9161628023907,62.57012244523447,119.63593837894526
1370.434419813394,967.9420567033702,62.212241335184316,116.11765482465151
1368.7761795793376,967.9651574176905,62.150565379728675,115.79616266839537
1369.2065593029977,967.1269717298042,61.361924222177066,114.92898903646258
1368.061298587546,963.6992885953388,60.91660676300483,114.86725296850983
1358.1163260652518,973.8454213524299,63.52534949130887,111.20436291209137
1353.2767687508178,976.9969687380176,64.57858769348002,109.5719968243876
1338.7593492956241,976.7141828560884,64.84063378770546,109.060656542767
1335.1670083775878,972.3270458078595,64.87952313949478,109.01535342212294
1331.2871640556154,967.849436872832,64.88534463408627,109.00935913397466
1331.726082426895,964.0989981985431,64.88749483334168,109.00723002426996
1327.220322155112,965.1781354729367,64.89117140565521,109.00124534288399
1316.8422411290735,961.7371372944949,64.89989311959762,108.99530081613091
1308.7386911322164,960.7451747290612,64.90223160818462,108.9935265317915
1307.0173163126344,957.0082821472856,64.90237527505866,108.99350912881444
1308.704818364373,956.5984571503409,64.9003407989615,108.9940779950602
1309.2889269277455,956.0211834152193,64.90004795715201,108.9941613396702
1309.3759051508243,951.6354789014117,64.89999287520158,108.99391146988539
1304.6207912592622,950.3068434409994,64.90311769201715,108.98850009586454
1297.43361101516,951.9768648543227,64.90398117094422,108.98700592949616
1290.8659009085939,952.5683556308859,64.9050134141059,108.98475686500214
1286.904305028511,951.5031141420344,64.90557104951534,108.98342107134276
1281.2131790494484,953.0391277973869,64.90871362501122,108.97761642833196
1276.2911060863305,955.0251308070799,64.91379399948934,108.97102612511702
1274.5560370588105,955.0287606855284,64.91435354996682,108.97014939237621
1273.5454593197821,950.0081659362584,64.91704493958362,108.96610611808916
1271.3437026842253,948.1872756289906,64.91477789529856,108.96550244192937
1273.7042337130551,942.8970805482788,64.91238429848447,108.96686924214703
1272.3372037907775,937.3101818154407,64.90878063557815,108.96975301153407
1273.2540435077817,934.4649427257615,64.90855163816174,108.9696336567129
1273.6752352797728,933.8300673497458,64.90538694908412,108.97267245844202
1273.7455310352009,931.9986040302165,64.91352713185309,108.96325155187688
1272.9094302041165,931.1636702591753,64.91651657192263,108.96035586554294
1268.9246846949259,929.3740087550524,64.91696338177738,108.95973116375148
1267.1060529763827,922.5968641789883,64.91582483369521,108.9597304980696
1269.3684396362582,920.5938489982086,64.91732428768687,108.9571611014807
1268.6620979321185,915.9828506928309,64.91612853985349,108.9555363438281
1265.607820346509,911.6163331141795,64.91604733183065,108.95538382565476
1259.9046329119544,910.2831752406715,64.91971224000243,108.9518783103111
1259.8066758495706,906.0015857688121,64.91897623223308,108.95198314209148
1256.4535314178386,903.1154590766588,64.92550847338259,108.9411616705935
1258.440420212699,895.7308334625563,64.92508593851709,108.94093219353717
1257.4277913416267,885.2553392537242,64.92501528291099,108.94079260522007
1253.33324364022,880.2469189109676,64.9256379379216,108.93991020723728
1252.6397436220614,877.0173136074716,64.92609541556878,108.93913317384836
1252.1215758813887,870.7284449043511,64.92213624969713,108.94205482996716
1252.2778946349092,854.804339614763,64.92146230085332,108.94253286519817
1254.1550567640054,841.5953023697317,64.9139446642127,108.94791814627642
1254.3990617187694,834.7975034005808,64.91341134197997,108.94815532865789
1254.2167333595044,826.4157400837775,64.9129712828325,108.94861853147839
1254.156059659977,820.0893885281489,64.91293021672135,108.94865936551382
1252.753557457674,816.3218944334993,64.91264368390341,108.94887563556237
1252.7823995374404,809.4833502822225,64.91178922647968,108.94959713208576
1252.780702197055,806.1570444446841,64.91066873666522,108.95053310602127
1252.6946102317968,800.1207534268356,64.90974778494153,108.95141027721634
1253.6987994974759,796.6127426090686,64.90840260166664,108.95257223638912
1253.830981690898,787.9620318422736,64.89771135105705,108.96411492476422
1256.2891870553663,783.2090626829679,64.89575174440404,108.96587996456712
1256.075403947218,769.3466776180109,64.89200548907232,108.96912871691781
1258.4705756591973,759.3953089228041,64.89110508116609,108.9699724916087
1259.3058716268367,762.082544778279,64.87982038732706,108.98029644639972
1260.028306875711,751.4620121890677,64.87684537450286,108.98278473578443
1260.0530650559506,743.5433204112167,64.87638502993258,108.98319986955039
1261.627830092005,740.1250395223001,64.87583795953256,108.98389281193424
1262.822252288986,734.2751102151966,64.8750007295721,108.98509629766218
1265.1334500245512,727.9869001533208,64.87384396693783,108.98641361532269
1265.4306390767265,727.8852810219395,64.86912233479305,108.99318793555737
1264.7857372702717,719.6249685233001,64.86016970590457,109.00112906442797
1262.6924734858978,723.3015917794443,64.8366881765993,109.03184136866791
1263.7997958815404,720.5253279036032,64.83649422149551,109.03203624223748
1264.7563428121236,715.6849003717703,64.83301230071308,109.03594466588851
1253.5449371709478,717.7467457449447,64.64194342559394,109.26103407472145
1253.597113459182,711.9486237176844,64.63466941090834,109.27000071682747
1251.478938482062,704.3620461510337,64.63202476675995,109.27343806143274
1252.1788854345825,697.0112953346634,64.62251279397758,109.28653561092148
1252.7415986612625,687.2498909202383,64.62173038167906,109.28743472602646
1253.9153466210532,679.79126354676,64.6209961655888,109.28817412264121
1256.0000386548713,669.7018942520336,64.61044464800126,109.3052057876554
1258.1534107656553,664.8001178880737,64.60787771067423,109.3088985149649
1261.862931988761,662.5894886727978,64.58200371386442,109.33664660387262
1262.1761240691667,661.1874868049616,64.57882664533815,109.34008509677754
1263.0928924383586,658.3679744344897,64.57550238082392,109.34263236732347
1265.5673845981428,650.4990967699844,64.57027321109663,109.34748898417587
1265.2143021634272,649.1066899846301,64.56961240694778,109.34812215212878
1262.6569594663058,650.7514117680483,64.56585764997591,109.35128994584225
1263.2636527473278,645.8049224270603,64.56452021455705,109.3528520781356
1263.2170041426102,635.7091073456315,64.55999989872454,109.3595075705831
1260.2312284273946,624.0179204093592,64.55861088420961,109.36106021510017
1258.8152607640645,615.6503663771366,64.55578244553438,109.3650033472945
1257.8050087489694,610.7293956437522,64.49340717083895,109.47157703909988
1256.3492746492814,603.7945002225769,64.48610624904495,109.48270527616502
1257.3071050992323,604.8094862732843,64.48507421247764,109.48415149826697
1255.7000780467033,607.2474628589652,64.48256986111504,109.48719136126796
1253.9642964699003,605.8188471313306,64.48039601330177,109.49071383406954
1252.9039897243981,602.0624458473155,64.47880019377453,109.49259635433957
1251.9407389754851,602.7748688150854,64.47710716874276,109.49375673593872
1251.1177269718007,609.4858120796072,64.47738124954479,109.49343430906781
1239.4542107290306,599.9177151065742,64.3007020346453,109.691353871589
1237.75074574926,587.8566341393082,64.28897826760902,109.70837130538852
1237.6887280404271,584.7939993479745,64.2833873664621,109.71722634108947
1234.550537882076,580.8892611996772,64.28070636572075,109.72034430028162
1235.5335508248816,573.2484082056038,64.27998938475731,109.72115791629705
1237.4683591268783,564.8012020647616,64.27911405464388,109.72227681724405
1237.9083440801915,555.9775190708332,64.27792636075169,109.72358186149744
1237.7662892541841,544.7138781317537,64.26505932724255,109.7364079443682
1238.0133893953853,536.95264648928,64.17256642585018,109.83681979956718
1236.9180593220838,528.4996565071194,64.15375391620297,109.86000633737477
1237.2879554145397,527.1197463319795,64.14900191912687,109.86428035624886
1237.9459169149643,533.9551273718979,64.14649373036573,109.86660921116557
1237.634664594189,533.4743615821394,64.13328646357603,109.88113683007296
1237.9464211697289,521.9125234882408,64.09407114832294,109.93528253080966
1237.8301542756415,529.3315304512422,64.09213930763532,109.93833687262925
1235.3131008847777,530.5527518928455,64.08766471805583,109.94587758622414
1236.0536588004893,528.6458904482239,64.08717821154556,109.94641073051824
1234.4301452171285,536.1447875911097,64.07541416999973,109.96113532749808
1235.2592490197248,534.5440046279316,64.04751364316873,109.98886001583247
1234.4804331940925,536.8623254545081,64.0457759687956,109.99070141016486
1235.071726715467,545.7972596237508,64.03856009609035,109.99866548439901
1235.339052054426,544.9446325599711,64.0382699461647,109.99894412615674
1236.9884668283967,544.8755745091447,64.03464718342535,110.00469599944171
1237.5698417993303,541.2156529589652,64.0343377799643,110.00489989386814
1235.596520865901,541.6725000338529,64.02486153998107,110.01568236762785
1235.9530011251552,537.457061881483,64.02389042424353,110.01654596942569
1237.131605113834,539.7674074452862,64.02135654776205,110.01852406179015
1236.7783115493785,537.1996529921042,64.01910509463413,110.02085854875101
1237.117998995792,542.6456925586319,64.01329487427732,110.02486610850573
1224.9848188966168,532.3979979319747,63.1802383398393,110.9417851317176
1223.3980215833947,532.816504629359,63.1772091450252,110.94484275945953
1222.6264560807404,533.4708926464024,63.17410387370719,110.94761936914874
1223.4742788108028,529.2460073090966,63.17362488220245,110.94817606213184
1225.7419571002247,537.9250669450186,63.172118019545245,110.94939364331532
1227.5518833380665,538.6073923123017,63.149991650505484,110.97619045284682
1228.8953632918729,543.4626983397281,63.14601943286472,110.98096192765718
1229.3857773070267,549.4797033358938,63.14298628819249,110.98470217946638
1230.2638400391704,551.8829443640208,63.136364913260486,110.99141821281205
1232.3704181857822,551.897989379605,63.11236372181281,111.01144230665695
1233.3935399967156,553.6196915015774,63.10735507003905,111.01657994236604
1234.6192607469022,555.8576462486542,63.10401246759963,111.02076678839195
1235.4345754452875,564.02384818487,63.064359428289414,111.07547076508155
1236.022288495192,564.2629633534855,63.05793836483428,111.0852179623831
1238.1399490430927,565.9876473194928,63.056806779378256,111.08717425484035
1237.8413360644304,568.3325662546098,63.05264559356783,111.09217538530841
1240.020899731331,573.3678916603783,63.05201826358162,111.09291758677172
1240.5664803184816,572.0787032151019,63.00635581803211,111.17425515923998
1240.7781682804648,590.4186367008687,62.746539613986045,111.58263739424942
1239.9088524974143,589.8853058798857,62.66485319645969,111.6920018898951
1241.2949875522904,582.9426487891434,62.54273481629124,111.91017034231457
1242.0112963250083,584.2781421287974,62.53953511944263,111.91569042074272
1242.798280331299,585.7380267850542,62.53875636543609,111.91649887274022
1243.601609234551,589.9813834806152,62.5365362677871,111.92076467625935
1242.479710094194,594.4989482019389,62.529928998498164,111.9297655589294
1243.8093506649902,595.8988197023856,62.528451869204005,111.93175414449239
1244.1659778300157,602.1060489192864,62.526033592047995,111.93549524987527
1244.8434805062468,596.8202812915457,62.52359817729182,111.93876363676522
1245.8254279799385,595.9979080158132,62.48331415558274,111.99501660264369
1247.9576836076017,597.5315535166766,62.46948096269515,112.00825457545021
1249.9282048304126,589.0141924489703,62.467173286894514,112.0108588672347
1251.9514007774417,583.2975744673911,62.45526244142041,112.02213304603049
1253.3142680836502,579.8616380049244,62.45192444117085,112.02647800923266
1251.528101595295,581.9076694248116,62.449631687366704,112.02915222237574
1252.6386210225942,581.7199581350444,62.448422392094486,112.03074174164577
1251.7268459065945,578.412026131719,62.44273420932962,112.04010750687185
1252.8926514094512,575.0145896751453,62.42956650195588,112.06050627603742
1254.2025866650408,578.2024514655519,62.42100432703469,112.070322226932
1252.8515180656289,581.8335799939005,62.39923953878265,112.09976791757981
1251.4700978926826,585.391615302359,62.39828307833981,112.10087764810532
1251.1011906851581,581.6784654843516,62.38832336924332,112.11565584933635
1251.0449705816104,576.1795267560209,62.38297132016232,112.12280492770164
1250.3014102958603,577.7791632586468,62.369648552314544,112.1346010295056
1251.2018140392609,571.4200555219726,62.36553021823097,112.13903514604256
1251.9015039758046,570.9474918773453,62.35627204352313,112.15257569289592
1250.228730936125,572.8350244057044,62.337266340274404,112.16980037006451
1249.6181800858255,570.292568798888,62.336832954241366,112.17035670622512
1248.6148393778803,571.0119554282843,62.335832285094455,112.17138466355819
1248.9905852938246,565.800084921777,62.334838748036624,112.17225122588904
1248.8303232237138,574.035144699962,62.303452863376606,112.19979326009539
1249.3615964271833,576.2022189736934,62.2822714838652,112.21979643840154
1249.4874315001719,579.5442257781732,62.268477648832665,112.23664142242914
1251.4950819437042,571.4930882976944,62.26206548323385,112.24483831942194
1251.158249993376,571.8282908216685,62.25795859045229,112.25009799439316
1250.1198790064236,576.4593623108137,62.231385449382074,112.26980487724775
1249.5150262906404,582.7422949866808,62.22452801378414,112.27380379858478
1250.245067590344,589.645852833073,62.198594083619994,112.28713984225045
1251.5405316857568,588.4136112814562,62.196980353548604,112.2892506424752
1251.3644039460412,584.9926225446847,62.19248793750074,112.29626431749543
1249.2309676966422,583.5795132359085,62.17729599843234,112.31647841081679
1247.8067986621409,584.2716327030357,62.17061259068961,112.3238790668255
1247.5741479738829,579.8722668391546,62.143668442083836,112.36209176687791
1245.6790027833274,575.395113645452,62.14022880267136,112.36809493162673
1245.9710724539036,569.1401433296479,62.12860518760862,112.38035489917245
1243.6313855106393,570.9922716337632,62.124943700449556,112.38462919380459
1243.7505508610336,572.8167497279388,62.121175307257154,112.38878422485942
1244.5578402530532,579.3077676181746,62.1069328364657,112.40821519548646
1247.0625212841,579.9473552952363,62.09504878264231,112.42810161657042
1250.7413676514568,584.1937568396573,62.09107575923249,112.43545683766506
1251.668647210063,578.4314780772881,62.09077482168443,112.43591501242781
1251.3966702603282,575.504463856091,62.090701392663235,112.43622660454136
1250.2425241998594,570.9969890867574,62.090310595051925,112.43667361787914
1248.774566771098,570.1408058042263,62.0901469041433,112.43709655653734
1251.4461333379445,566.4822393223898,62.09020968567235,112.43726394022387
1249.977806717939,559.9273366669356,62.08947569767142,112.43866699893476
1247.2025665962842,564.2040891422846,62.08907121731785,112.43919342030716
1243.0798221211915,563.6135374001846,62.08991695613847,112.43816525644368
1241.0272572041713,563.273168023956,62.08906687074501,112.43858702424711
1234.7488661008474,567.3151995771822,62.08916935174609,112.4384806362398
1234.0123849369766,566.5277566343292,62.089556372595204,112.43789893542836
1236.0417266197164,563.2912497762723,62.08857602530399,112.43944944811204
1237.5753402619305,560.9863093671761,62.08829190951605,112.43969157535601
1236.5764214564251,550.0041558399951,62.072589729419505,112.4550011321595
1236.662710376319,545.2113351075418,62.05158328264505,112.47125802217575
1236.5241261755998,541.2055607685278,62.05159297670288,112.47118713233279
1237.2678306174894,540.2770472093451,62.04811968748277,112.47300597299564
1238.874736526306,537.5723326157057,62.04800053494945,112.47298987447742
1240.202214219089,543.2847148371482,62.047893724975665,112.47300341621171
1243.4758954296415,544.3716639506824,62.04742251633367,112.47282101899245
1246.5076192374872,543.0408312525334,62.0474290517959,112.47274348964645
1248.8613207272856,536.4843349806965,62.04744260662317,112.47271609008284
1248.8345288914986,528.2291832606919,62.04727620279693,112.47271603277763
1249.1194490033436,523.3382739882859,62.04601452038611,112.47302231715287
1250.9444917353171,516.4454124294648,62.04593678120069,112.47289395621824
1250.5417614343498,510.9852918776551,62.04583357564807,112.47197817659799
1250.6472691952677,510.4287655355049,62.04665685054735,112.47054500102745
1252.2121999130445,506.43429189048004,62.04694430262777,112.46911105023237
1251.9993741544122,501.8368800813205,62.04252395934046,112.46229740048514
1254.0706227608528,499.99631486344475,62.02871269769212,112.46259092026676
1256.3499730308245,503.05722868516875,62.0312990840184,112.45594424605703
1254.2365133928097,504.45138023233045,62.031614375215284,112.45564650375391
1251.2430837232916,497.17722215577396,62.010025590319614,112.4649344891422
1249.2042587733285,491.98727664637806,61.99156514631257,112.4785859602046
1249.839764466936,489.1868721619652,61.99178517198509,112.47720109663278
1250.6279343791603,488.73992027688223,61.99184944223261,112.47669276648367
1246.8771045564854,491.8588640563383,61.99195126058648,112.47438851293042
1236.7713349113549,472.82342125974156,61.727441127629824,112.55590566740315
1235.1031630823875,462.2573716810602,61.59547800570331,112.63036474908229
1234.0392849096493,455.6108681150769,61.5916034536575,112.63222178797027
1235.4309404190387,447.23185749235984,61.59158878154301,112.63216731929316
1237.6277471430292,438.3946636717916,61.59162300430815,112.63211457651848
1235.8266227563956,430.49290137116776,61.590834420244704,112.6327607979443
1235.7476394095636,431.3862290767985,61.590320961421384,112.63308696932445
1232.8876800953722,428.74957150104217,61.5891125565704,112.6341409781064
1232.4928229210295,419.493091767211,61.5888749847465,112.63443183614956
1228.82273469585,419.1345919842986,61.5857482315228,112.63930896163626
1229.706139398096,418.0333092583473,61.58570573281515,112.63957911019416
1229.9450255690695,417.98074375720006,61.585344839824,112.63997409728798
1228.9734505806964,420.79656205928177,61.58000133588761,112.64378880995811
1228.448354420497,422.7819966444061,61.578310554823084,112.64521253979493
1228.487095825151,425.01386885344834,61.57639680148937,112.64721738547381
1229.8400961041514,423.9811169398709,61.57599650517711,112.64743719888054
1227.0475409638234,424.2197938482901,61.57604094415818,112.64734972348987
1229.624563286423,418.13106345750396,61.57554120176084,112.64761304870234
1233.1002299169193,419.4725617074918,61.573861089419054,112.64812732906111
1232.3946539659335,419.7993577677556,61.57375059839277,112.6480786212189
1233.2809224690895,418.65877374354636,61.57276853898035,112.64877629839117
1234.9905079540022,415.6288057435976,61.57047865359728,112.65140934647599
1235.8798485225082,411.1340968734884,61.5635987498768,112.65744295430908
1236.8729714563506,405.49465518117904,61.5622819669698,112.65736611096143
1234.9449315112918,406.9228694252349,61.54089470163076,112.68423458940242
1236.625813756258,399.4798913657456,61.53834404073927,112.68587331030984
1240.1047473482133,403.94431417404513,61.53825244963196,112.68600279899637
1239.0592234294222,410.8630450397199,61.538138082472095,112.68595676283725
1238.5980068763956,413.22028809890566,61.537703353957305,112.6859968209184
1238.0671569623123,411.40520758311726,61.53286353692881,112.6864137996082
1240.5817553744375,406.5707940786489,61.53268559161511,112.68551443677987
1241.7220329662205,406.5451939108218,61.53267850375236,112.68515446364977
1235.238236294131,412.64248595094523,61.53811078378354,112.67765744242392
1233.848767531327,412.2544274360875,61.5393877010999,112.6758220395069
1233.8147514230518,410.39545029172285,61.486887151665485,112.71625939098031
1233.8144641314486,410.870299434671,61.483023098047184,112.69630958063563
1235.559331249296,411.6782052846459,61.48260508740444,112.69449724744611
1236.8495418059008,413.6769491517225,61.48397275250004,112.69227452031186
1237.1886774534587,411.8267311527788,61.48585047614887,112.68855149682179
1239.9373801033792,408.93622475325844,61.48608149451445,112.6874979506477
1251.750720795088,400.13444122180664,61.37736733521778,112.76040629162742
1251.8470333165185,394.8912294406198,61.373864775491136,112.76256071185026
1249.4279123241092,393.24544833122087,61.35679155187456,112.77796841252066
1250.760366756591,391.76728165186546,61.3564420512298,112.77726694495271
1252.7934857789103,391.9084942681533,61.353324848571404,112.77799521651036
1255.0035205603633,391.05974128446513,61.35309752886008,112.77819443168173
1252.932884145981,392.2564656531313,61.353267089955025,112.7778163921339
1254.2134826853242,394.87335821601215,61.353029350410495,112.77785933415171
1255.7578329093953,393.51402664477735,61.3502590112919,112.77886753315515
1255.090724806676,392.10585093427943,61.34733870969642,112.78012090689442
1255.4210220742552,391.66373850003407,61.336042842445934,112.79222277237918
1255.5030537476637,387.00102293634325,61.308998787148795,112.80696683463637
1255.1308555154287,385.78942495127603,61.30679843841699,112.80740374867949
1253.8967599260538,381.04025581238824,61.30348087578782,112.80885005105222
1250.9462450178191,381.64991208696404,61.30411386837449,112.80792474803249
1249.2263385077617,378.07924234853243,61.30332673170517,112.8080756033747
1247.0680236670414,368.76700065997306,61.28527776324334,112.81936737587925
1247.9480006647716,365.45203052522646,61.27837755215333,112.81115123134046
1249.304845205531,359.2655946846026,61.27799847391522,112.81031323393822
1252.0158037427543,357.86421604688235,61.277872476128636,112.81005885357126
1254.8427487765928,357.78208666982954,61.27746866028307,112.80749354997863
1256.5609811676231,358.98144966542054,61.277451498613864,112.80719576047207
1258.3928581967364,356.42446213954474,61.27753105855146,112.80692349014107
1253.2492346849974,359.60027033975604,61.27778219427307,112.80643566790455
1252.5842104530338,359.5636162453207,61.27743901276901,112.80638377128783
1251.4939626977778,360.7060608222507,61.27754726475143,112.80608772274398
1252.653997935282,358.10375032218,61.278502638131826,112.8042816255648
1254.9998119841073,358.8522372216708,61.278514440688596,112.80416380078064
1252.6236098821014,359.36908993830525,61.278928803239076,112.80323913399883
1250.2918001896255,358.12707172535914,61.2791418161205,112.80277133702126
1253.3215076918593,362.50405724809565,61.279142152076524,112.80271607829138
1252.4100693029773,362.3089681191418,61.27936241758033,112.80229994318415
1256.3702854224211,363.47766577616113,61.2792134962585,112.80181440011104
1258.2626869834107,363.9898865238839,61.277290918941716,112.80255121792078
1259.5580449201427,365.1661910085136,61.277154078375446,112.80247392018556
1255.5957641701593,370.8622953554251,61.27748929431538,112.80165030479266
1252.0272940338255,376.001584180118,61.2776268936431,112.80125659247958
1250.7349331239914,381.34268384496175,61.27715650978952,112.8016324886222
1250.3623141411808,381.76496533107337,61.27725606865723,112.80088591597321
1243.5935908814197,381.14758775750727,61.27754839048642,112.80005155886353
1237.659768645791,383.51024986955827,61.27833342570879,112.79834059693806
1238.2311910898236,385.4613296639655,61.27803006539152,112.79838313748756
1239.592358639809,389.14021840379746,61.27813115507251,112.79795886827293
1238.9321311454694,395.02007108997884,61.273943604727116,112.80006189129591
1235.277827644428,399.49695817667197,61.27915819653148,112.79065131196475
1234.7251224353433,402.25854862206734,61.2791104743277,112.79032761035246
1230.6679011162457,405.66293485768324,61.28007063724211,112.78842893749106
1231.8977399243506,405.0614286603801,61.27986448518944,112.78857072472125
1230.6693325709489,407.78250043851455,61.27992999117218,112.78832885225975
1231.8198744071358,406.82089891801684,61.279066808300485,112.78889133119762
1232.5101366503814,407.63924424072565,61.27842930663437,112.78955482129338
1229.8268612119568,408.6504260813725,61.278485527873954,112.78943392449979
1228.118614368324,408.4522593431061,61.278397584433,112.78955047207364
1225.6266828247608,409.9489245171663,61.279138799611296,112.7888560893006
1223.2285991039762,410.4270377401767,61.2794984027403,112.78854944546865
1221.013476974566,416.1431095405954,61.27959310635491,112.78829061025628
1222.4782325356675,416.3993114830563,61.27956611310346,112.78832186356003
1218.8169926114567,418.7979334626005,61.279640623238,112.7881679580299
1217.0211565539935,422.34673501944934,61.279350877507795,112.78842994900752
1215.5307608261735,423.72389474780033,61.27889967643961,112.78872246129974
1212.8920359985682,427.3461014200524,61.278924519333565,112.78863284726437
1215.0689983873253,426.385354332567,61.27897074630519,112.7885065340684
1211.96457247347,429.5328077177275,61.279005568858274,112.78838955485446
1213.6384242964161,426.0992064935734,61.27899202840449,112.78836778670156
1207.2495494194152,427.1876232107061,61.279097624996865,112.78818559183131
1205.6459531884304,431.89823629052734,61.279037584524616,112.78822408062625
1203.4841011953858,435.3448770331704,61.27892431750132,112.78832371411448
1205.1776086969166,434.20564736053046,61.277659846589934,112.78889714554558
1203.4376941178439,434.4251614754148,61.27758482993051,112.78895210454904
1204.5811569139216,431.2509492877166,61.2775299557777,112.78899400695359
1207.042120676214,431.9284180702044,61.277397322550144,112.78911213178966
1207.957946482779,433.10810533019867,61.27626717376776,112.78980164149468
1206.5360115139688,436.3993077653296,61.276180164061714,112.78982904128293
1203.9881466180543,435.5192555349553,61.275889257343344,112.79007978136656
1205.007614106671,438.6590518408694,61.27592713472394,112.79004201344095
1207.7975717239146,439.35352010589475,61.2759135954886,112.79015763602386
1207.6015997555455,438.05769128478477,61.27589405032355,112.7901481029509
1203.149207571274,442.126428417165,61.276269963971544,112.78959095244822
1202.5782208414132,448.4800286985128,61.27655161976113,112.78913172276044
1204.1496838568094,449.7121408070095,61.27639850194786,112.78941222454746
1203.625836392052,451.2559921859536,61.27391538046796,112.7925338322752
1203.0243900306968,454.7773327137142,61.27381614074513,112.79265987895735
1201.4746334225038,459.3265016598397,61.27342982672036,112.79306161072978
1201.5091127648116,463.7794848101284,61.270112619809005,112.79723344034039
1202.842655501972,474.86679081532776,61.26935676775641,112.7978743443704
1203.4462022001242,480.6307158257877,61.26828289221215,112.79910757540357
1205.6227224082659,492.8134647861258,61.26769236987985,112.80001132709076
1206.4552417739915,504.7083806201437,61.26096405178963,112.8097459279758
1208.7773122741346,507.5806246137282,61.23251709752344,112.86910954526837
1209.644690617538,507.7791691764715,61.210786219051215,112.9043951355869
1207.3637928180603,512.851837231254,61.19518065681269,112.92082603194231
1209.8325855839287,514.0037212853555,61.193023744460675,112.92361677116676
1211.7569882239648,506.33581115609087,61.18962428142068,112.92757839474727
1212.7507227031222,512.6556479638273,61.128482194024016,112.9937477510761
1214.7747997343656,515.5801845438384,61.12523617825968,112.99842529677301
1214.7972500146066,520.3424421004701,61.11861224916244,113.01167091806772
1214.7114759987319,523.3396927748477,61.11701772853601,113.01416787940167
1215.453116028467,519.426866425931,61.1112235642227,113.01873846206144
1217.5421156006917,511.49997384654694,60.97808764380288,113.13726075004115
1215.879233692599,511.596285964669,60.97330937243335,113.14583118757365
1215.0002148313672,514.3304207644826,60.969949256304425,113.14924175228357
1212.444614784499,520.2391868529787,60.9658787354169,113.15461797678066
1214.1908022877417,523.2048485519639,60.963971515720495,113.15709289195124
1212.0769035605729,523.5180315548128,60.962137546107975,113.1589300994683
1212.3480691132677,522.3407251539709,60.96160848940156,113.15942145454244
1213.010640997668,519.6538634192042,60.96053970419788,113.15973517599858
1213.830569797029,524.2115343328996,60.95990937655557,113.16005401602708
1215.1708561734586,529.3050541567671,60.95916908219266,113.1607279913389
1212.4722576435763,530.9494413946585,60.9586572491349,113.16111495926658
1211.647843791998,531.3950850965381,60.95806337960617,113.16178877243404
1213.4981304222374,526.7330125077231,60.957642277864444,113.16248672258591
1213.0001509890033,533.6192058838162,60.95720567562083,113.16283270507978
1214.9912885311567,533.2381017912431,60.9570236870938,113.16307478095018
1217.870947059665,528.0798403444179,60.95521061643558,113.16537819980823
1219.784431299681,525.0824104960961,60.950338484212246,113.1697741627785
1178.5340153366924,529.5693126375835,56.99688574222081,119.92115336674247
1185.3834960412337,529.9238572390361,56.78445272974492,120.28132988706564
1183.00771331737,527.2623950931778,56.698097511731184,120.53181546189386
1182.3503645657288,525.792815774732,56.64011995378779,120.6541162839965
1180.3803225513923,531.5044726137028,56.48771807776703,120.89051825852073
1181.188197700289,528.4215507609563,56.47159789738987,120.91665869024072
1181.280318317026,525.0080442783285,56.08935203072755,121.65283799155574
1180.718899851638,521.8673037059125,56.06654227018144,121.70514976764397
1179.2830350413922,518.5895190954253,56.036411176714466,121.77352778836189
1180.5477761679535,532.2188621084969,55.96668124483473,122.03784057203322
1181.746863959944,528.3569157361954,55.95745982345185,122.0502422086955
1183.5181881904703,525.9672599611729,55.94627975381768,122.06895748341104
1183.6380772961204,518.4706549396464,55.894287674614546,122.15114057181322
1182.4253887387017,520.7907635434747,55.89087112070518,122.15248105763791
1179.7798771267314,525.1238246856914,55.8403997844039,122.17509378144426
1178.104055803397,527.5113228444079,55.786784967617635,122.24191913454348
1176.7142012189074,531.0050337329241,55.22993054940805,123.21649438967658
1176.1079115061316,530.6406796590715,54.66607912969906,124.64364088376783
1187.7078226469032,531.9045138696118,53.86425565797009,125.92333287337738
1187.4204704644865,525.3179459089419,53.85251034009135,125.94690786637251
1189.4698290213619,522.8260274614239,53.83154963121692,125.97481929677845
1189.460620916976,525.2562648221195,53.82466294743777,125.97897002933618
1176.9643528027889,538.1157455659312,53.34507507608066,126.67336341536999
