1315.5,760.5,51,146
1314.5012798463595,761.6668265216119,53.09280988468868,148.961440493153
1313.4882512183844,765.4657053461337,55.61178488694446,154.4774313945246
1314.5626324757363,766.2111264180132,57.931327006334996,160.58616620083887
1313.3877007983626,768.8782803285285,60.729951079189405,165.97947278257914
1311.4288566008097,757.2966815339221,61.946554383658224,171.1060054090236
1313.3564495000205,754.6060462418808,62.837274938233506,176.4111934878204
1315.3347517825243,757.3108950068944,64.73231202819402,180.84244406265157
1319.3161733261304,756.5364261673761,65.9917122500027,182.61805805675723
1321.9363528210122,752.1619922674704,65.67204045887807,184.61231722543462
1324.1817876762423,762.3214526045884,65.76133327359494,187.08449800688703
1326.0610975328045,758.3652213215952,66.55625140608188,190.46978037801895
1326.7003874665506,753.2206873046397,66.9590426313862,191.10379718054557
1326.9819285893225,749.9037833649479,66.904189105077,192.3424396165087
1328.8509372632825,759.7099984215489,67.91646596568368,192.2750000428575
1331.0998773203921,766.8443016304316,68.58469922808193,191.3142473238227
1332.1004721312045,767.8853615433705,68.74320833120362,189.5399561329221
1332.2528400274896,768.1216504231994,69.32773068491943,188.19111016523738
1334.7058166088666,771.9738489614045,69.17376021106945,188.62174288161273
1337.0154109171358,772.4095248375013,70.45632120543192,189.41621196644022
1338.4023811715724,773.4383387805697,69.90403058173638,190.21962610300847
1340.0544697954565,780.9441266719685,70.27056842758068,189.704979488912
1342.3177733915982,772.7483928521174,70.12419547678297,189.64517988618263
1341.9665014804045,777.3524909939117,69.93327270733496,192.23178817565292
1344.301847145688,780.8380183433384,70.04970744106856,193.62231718651645
1344.124880423917,787.2845918381051,70.9245547835559,196.33650910231734
1346.8080503162334,787.8809137694235,71.17611727782301,197.1954258800158
1346.833978070911,788.2010246932663,71.42820474685024,196.19472768750637
1347.3922261507669,784.6486350848459,71.77771820398985,198.88226533101354
1350.6477612281562,784.6672892351935,73.53705954060518,200.59434155275625
1350.402327225824,786.0028989487698,73.72020855303674,202.26777334783276
1352.0706309009197,781.8678459676412,74.3637085102791,201.97159799142537
1351.9858697291093,785.9293339557897,75.22958917699746,200.345893552909
1350.777409672922,798.9858305628725,75.81196796857088,201.54386683044277
1348.7045098239855,790.3783105362046,78.13779765473276,206.4981036611222
1347.949458763315,791.3019683477437,80.40834119853596,203.67552116420765
1350.9862901840092,792.0757929580434,81.37239903738475,203.9324602614793
1353.306820861325,791.5983622814584,82.3723308010392,207.20890512409437
1353.9378852715142,782.3848291960707,81.59950139720272,209.39748405121765
1354.7945104802266,769.69708783796,81.74926937329474,213.18886604417236
1352.9199466587704,769.1181080505132,80.66909947363494,220.76851322206272
1350.7437413323735,774.9262858787674,81.68171954377209,222.54748990197993
1349.8232674408875,785.2158271559418,83.44264490973514,227.39878149313904
1352.9846684094725,786.4661377539612,85.30812593917881,230.930979568188
1356.4289785709677,778.915045156048,84.37789489841504,233.716495299903
1354.0902441647045,782.8061671852346,84.45851999145914,231.64362662299956
1356.6438095896333,786.7845909779436,84.01770278982542,234.3801288758385
1357.5702299862712,786.409327725167,84.58726866998067,229.62248191566266
1362.3351657149494,783.2686253993306,82.05659088098993,228.37992311595008
1364.0514105089028,793.5627499622907,80.9634622454606,230.86946520401912
1366.1281642496813,788.7351505711774,79.46708095218166,230.05660730747385
1367.0427240684194,793.5203689620373,80.14112226822749,225.50679754754358
1369.6143129364739,801.1507614933133,78.78843134470986,224.35510805841682
1371.4354431668298,798.0964633375892,77.75911024175525,224.1036594136579
1371.0125659700295,794.8218571904567,77.86750064123436,218.62673340225854
1371.3163726639257,801.9162504105643,76.50920174042285,215.32431952826664
1372.562153322165,802.7643966296672,75.40804631726985,213.75264854096193
1374.6636393481751,803.5853987695443,75.60128064418632,211.7717484932805
1376.4475050552737,812.7467256118617,75.47301904428969,214.85574344450998
1376.3705308029923,813.7339018447353,76.99956715059793,217.1958593625517
1378.9785796922044,811.7308301667556,77.58471267738017,219.15464515930728
1379.2733728495427,813.2799440270559,77.70542794074863,220.60034367772022
1381.7557384236404,816.5962894326685,75.73318922991562,223.5954509469393
1383.1299022440176,823.1507010675516,74.76901338168766,229.13117418596224
1385.3562954431638,817.6609367623139,73.3132620099454,232.78950862453212
1382.1864978523677,826.2028785781295,75.56202209708567,234.759200508648
1380.6428833144453,821.7472103306212,76.76280374327388,238.0044379321618
1379.483002998037,824.1097709155633,78.46612670252175,238.46515736896717
1380.9211156611645,821.147765281109,78.41987435867313,239.60344685900628
1383.1581164323875,815.8980490397794,78.28705695547876,240.4505622945462
1382.6860301371826,812.1472342054412,78.64087957364062,244.86782850268162
1383.1215391067956,817.7782166050462,79.00290304009255,247.13050855515644
1382.793421809291,816.0931053636341,79.18124562369741,251.25626687896886
1292.4637376450619,742.3735669841483,80.03304254102281,250.0697332863779
1286.786194305564,735.1486210777779,79.61136816502562,240.63883248132083
1283.5219753564031,741.0080056629512,78.90312937038522,233.4365490020447
1282.1227668303748,742.726386751456,78.48320578714211,227.7356521795733
1285.5427622431703,748.598103213104,78.907368918918,227.3485768307401
1282.1495187964083,745.6575331908118,78.66741137732234,224.88995990968718
1280.9686784744654,747.1708890521477,79.39930707953481,222.9302112636068
1278.7027826067547,748.7275160189779,79.04851376628105,222.05992779656037
1279.363247124515,746.7063006843275,78.83272851623659,218.80374301023352
1277.404957531927,746.0438053560866,78.68883378249794,214.58936551409695
1278.171466552767,749.3960158067872,77.95613427996062,213.34354084224893
1277.2679323602738,749.4660191725227,78.06313013801542,214.11625747322378
1275.5684072148135,752.4394965729415,78.017061524822,213.48521444225315
1274.4037538160787,750.1949330371085,77.94538928023837,212.60047257165846
1274.3001957326157,754.6177495853452,78.42671542336059,212.24271159890327
1271.5280032156588,755.2470239049743,78.25143731411657,214.31126252133646
1270.3772453858144,752.0682363128071,77.37175914522285,215.81585375410222
1269.7589599978678,751.8980781791853,76.59098568474204,214.49558032636907
1267.7269811943859,754.4832710284705,76.58221656517378,216.1491277523408
1261.2291461651569,762.815992113952,77.69089512277743,214.849948017291
1259.8283814328367,752.3571163025431,78.51662657659158,215.023131769015
1261.6378876650144,758.0105507397171,79.20643531356052,215.4848957834609
1257.7937426834835,754.1449158435458,80.00049491086938,214.74553493005155
1257.4946166665068,756.1428890468281,81.49529682532734,216.15918258247729
1254.3350682212417,751.5223937561872,82.09069319248121,218.76849505935874
1253.8841054507463,757.2860723671466,81.68919258696458,220.28185305502998
1253.7683092698835,754.3623837367356,82.12231479428569,221.09218292968262
1249.6488961573764,754.4379026358042,82.29998760743439,224.6158599352412
1247.3412490665012,754.5191247840776,82.81441261041314,224.00984678317047
1243.8185271165266,757.6431637951442,83.8039673807236,223.19717783009835
1241.8308595527358,758.5195534027777,83.73311081595281,224.7559232444243
1240.5698419702703,755.6112245335622,83.30992145733961,222.99198501270143
1239.6135853775502,757.9726212523171,83.0534282951234,222.41704590334706
1235.9193374327888,759.1929393837236,82.79706487068142,223.98900147937098
1239.3386795974602,757.7702907744176,81.16122992946114,223.67394861367808
1234.3276686375116,751.5889321770188,81.31182431334749,224.59247673682037
1234.3789550515671,751.6195086315375,82.79579516447382,226.7708479538358
1233.6385006659036,757.2050997440437,85.17781845921158,230.98011502386748
1233.9659363976436,759.2879771440267,86.06971530341737,235.555606447351
1236.2841993866828,756.0529741359096,88.47497933388433,239.8476406236804
1231.0422311944722,760.3434557941746,92.00173807929771,245.25255052950166
1234.1382074112587,751.4731783628089,93.8622472698705,251.98706005074126
1233.4165221716096,748.0369695414479,97.0851253861926,253.72792261304943
1228.4217474821726,746.3120690816231,100.12365929265441,256.8849116025193
1227.7793874079796,742.25513553466,100.62021661354841,255.82143914261258
1222.966320434022,743.7800670380582,102.15520599969605,254.0770246679209
1219.954347515973,754.2066462566295,103.71108895813886,262.7002246444746
1221.4862918350334,750.0744784291128,101.7566016652712,265.805309086434
1220.8275219446425,746.0904102968357,99.65094536870633,266.4403278659421
1219.4622455459275,746.2038805400672,97.89749605279388,258.2522448395009
1220.3169161039057,750.6181837415545,96.51588690380996,252.4868429634276
1218.0674387013657,751.6035639594762,94.94725147222624,247.8638370060387
1217.4064863372469,756.0465026647232,93.19054029660953,243.48150869451314
1218.2812482155928,758.5668339296041,91.11741964517667,238.9308355646615
1218.0744722949125,762.3868674413885,89.2869996618911,234.95422068953
1214.880332180997,765.6153850218193,87.88061264576498,235.61721879282868
1213.9798470549647,767.3765997709298,86.70469209544571,231.56362005890128
1213.5322443818916,773.5955110941494,85.27172046634166,231.44970907933225
1213.383458425156,774.8688677900585,84.73971868892166,228.5398202059562
1214.0690142938504,782.5637514319403,82.36666288643885,229.11564530653095
1213.5398407160342,780.8150565785854,82.40478642451774,226.92378168301013
1211.860665746016,777.278672150092,82.27058789882545,225.6549281873967
1208.8460754969367,779.172086036169,84.56588930762825,223.0134137973914
1204.4232229177942,786.2888536566988,85.63909967297522,225.21686738689834
1202.8009066995705,789.8183847443722,83.8178637317369,226.55583549261837
1200.6034902848662,790.0075014359987,83.35061598710973,224.13972621863357
1199.7092937042248,786.7773905784543,82.73646703413489,222.13616657691088
1198.7618689677122,794.7852095013968,82.78629680901723,221.02155068842325
1199.4840295397537,795.0416371272247,83.15047357066543,218.6717396510163
1190.2399061158494,795.5626186641226,82.95993509437699,217.67410651849315
1190.935940337353,798.3437753516068,83.96874007399263,219.98670492865045
1189.2237071797504,793.9922090357375,86.59450295711468,217.80798541042586
1185.0863532713938,794.6531659163682,88.98197894704569,217.51829082068838
1181.0118729282494,791.7035797463695,91.55299916931455,213.03016743772434
1179.667351274911,795.5156365713514,96.24388759737522,210.44514918952444
1179.204836163498,795.5266378173487,100.23791806434178,211.37451824808974
1177.6211423682132,791.5081036583778,102.83953091612278,210.9483106566078
1176.972870928541,787.255630025288,104.1734195140597,209.47029531444986
1192.0390860194468,775.3395039370963,104.03085940365935,205.74179271483246
1195.1475719438674,783.9224000411378,103.13701053302822,202.33944922195923
1194.5588990340698,781.7695194839848,103.05062272721192,196.48845107418038
1197.019220922432,785.6948961651692,100.03827374743105,192.53918482385694
1202.6608014838657,783.5593084005866,96.59732005635655,189.84010354760213
1201.5640916720195,785.0917671480465,95.7504743583178,189.70503877675776
1202.8249267642902,785.5728486393771,92.20197814972076,190.5662463700014
1201.509850288683,784.2558406391242,89.84363718156246,190.0644546178979
1199.9475905785844,786.4926237983882,87.21180322346393,191.90761546077738
1201.054551743262,788.0867898098136,85.68253739492505,194.28826556225525
1199.6097790852248,779.9329107650237,81.95010538174549,195.5134144751991
1197.1055195658705,780.169446550031,80.0207515337963,194.86490146126448
1197.5014774366693,779.1340134244074,77.92665919746425,194.51025754443617
1194.5159138945207,780.2582777667538,75.37372031038687,196.98096571048174
1194.6706536859458,780.3195943914202,74.77508601915147,195.11441606882263
1192.2302515024148,784.2313806792577,73.83682910691655,196.58018351237385
1189.3659639978587,780.1590382961258,72.91350096356311,195.07887599958474
1186.4886534403572,782.6708005746341,73.24352576890416,197.3512832586694
1185.0872049035174,780.9524824567009,74.2482323680734,199.4946869343779
1184.6695293245211,778.4710191848308,74.18917202179728,201.18580390017624
1180.521363304381,777.0945679067416,74.6355008195846,202.9690720426353
1178.8514677178807,777.3417415192376,74.6309042228865,199.91017251051449
1176.2351895323739,778.9008225464869,75.82072024889874,199.2585746344827
1173.5403780229171,777.2424009392066,75.66696729887914,197.24433788917392
1171.0113245048071,783.3007163629765,76.41206507301403,196.43909696472988
1169.5403049542228,781.7632229872597,77.50007392267996,195.98078736949896
1167.202216151815,783.3550352427269,76.8820201127003,194.92209085615374
1168.5240066056072,777.7226496629485,75.92148256582657,192.93925096987329
1164.6457436513588,782.216384857182,74.33410970112988,191.75767161839357
1160.9295273454247,784.518725714343,74.44086301078237,193.27355436482586
1160.553951667461,784.0232736790883,74.83853098782272,196.152812855997
1156.7948457272216,774.6543601136873,74.3498773668976,193.24735995750223
1155.5330652168009,777.2329468511259,74.86678078733621,196.79621255989554
1154.1456775029662,770.0286620210944,74.14606184931355,196.94236156566174
1150.803007244124,771.3879746888726,74.05706507528035,197.57492918130757
1146.885697389325,775.9315837048182,73.25787760256637,196.83629818554928
1146.7171941604806,771.6844227871728,73.30958320938696,195.91181585213897
1141.6932707419544,772.7602568272631,74.21674496495713,196.76417227757355
1137.2708106966725,779.5456484170988,74.16340684629273,201.22340504333678
1134.020041310148,766.4058635577783,74.15758611464229,201.0654595031888
1130.2311793286353,768.098299554265,74.0168967247011,199.1723922291864
1127.2259910681207,770.9572490427937,73.4395933827539,195.45866653093768
1124.335615716649,773.6813179373144,72.85373975754209,193.37086909872332
1122.6952130198172,776.4315035964811,72.83527857443877,193.02575262124066
1119.9341852033147,775.9912644118787,73.17352874174551,189.45672995284772
1116.3382780668394,775.9001730683622,72.91196052263076,189.86512906041204
1113.0298758248528,774.8846865607902,72.14448384815671,190.09038651464286
1112.2518543059768,782.5573598968704,72.45627289287404,192.71828927790727
1110.9874465395462,774.6080597025501,74.06088955984488,195.1572405805493
1105.1628129533742,785.1305472005776,74.02043562470598,196.02802943947486
1102.862807280079,784.8240141193364,73.22586183869711,196.9701029295137
1100.0210975492214,783.1232455051487,75.07977466474657,193.1690930845251
1094.005172660648,791.0711555056816,75.97806712225227,191.8970600097287
1091.5422526996476,797.8197147262408,75.85163186343648,193.03176320099558
1090.9274321756272,798.7098129614075,75.07091195528542,194.40868552796456
1089.9243891704145,796.2193025319252,75.09185585393232,193.2981455463223
1085.5028266087559,801.8830416769415,77.04827081031878,191.65186919110423
1080.3971214216344,806.8605673509703,76.99588056352889,190.3112339654831
1077.7908172530672,817.0124809888242,77.19710918188295,189.97164962495594
1075.917444546792,818.5901660490131,77.35285999795168,189.48915347842456
1073.0603452871933,816.4204555069774,77.55029673736428,188.8863500599326
1068.4875746802818,814.3014639096036,76.92413899946567,187.3535050076097
1067.714087559212,818.0630996162595,75.67032865374559,188.0758028234241
1066.0321434056482,814.8349298504413,73.51612289806765,187.7137887021064
1066.4685581993992,819.8129997286914,72.40452830926878,189.24132204130933
1063.1715851064127,818.8053156706718,70.92812384826905,191.43182958453346
1061.8936074507535,819.6096616229452,68.9284751785695,192.89695040314658
1059.6294149049286,815.9453425045227,66.96366950483855,195.40373690964478
1056.6046214497776,817.9735971500344,67.31083713413472,195.62813381903038
1050.8742812565094,822.8800450916326,68.0944268758345,196.6568345392274
1050.6279969249683,826.0285463666418,67.44991606160659,196.86620682517713
1046.938294456904,825.9917094738217,67.21980866863356,197.6872504962618
1045.4881178840135,830.992105492663,67.70159010382825,198.1656321188578
1039.4401685177982,831.7435201600454,69.95590367695709,198.50861415112774
1037.2694000930974,828.3835696433183,69.13524532067005,198.05898908442333
1031.9783443286046,831.0175002281239,69.79651563261459,199.3763987964648
1030.5401266918675,831.225379869273,69.15468756609222,200.66919366284074
1025.7839229703586,839.400843318093,69.85606176020887,202.63269509466832
1024.5624435163434,830.6061257822599,70.10631980535499,203.08264194611988
1018.0979598206233,828.4135879553606,69.61238604323049,202.49043364529808
1016.5678110066189,826.4361817823747,68.91754479718536,203.2048311334055
1015.5890410972542,826.962712939328,68.62130782720332,204.10987641017437
1009.365673157533,837.0288742499778,69.4225454308886,207.68602317974396
1006.041776887857,834.9225773895141,69.25575133083632,205.30261718295876
999.8075076710654,838.5706439969537,70.37801443482981,204.55801957446394
997.6752332194721,842.4502378488362,73.2121063420522,206.4002904201984
993.3463886858108,843.8978833769876,74.76847132795413,207.34514781283974
991.2840269980783,845.2336891893679,75.09900262768971,206.36825526423584
986.7075394515607,848.6705032006782,76.52598742531463,205.51548028421752
982.772470631725,856.5276628349237,78.23233865370064,205.45902367899572
983.2094039024043,853.7126021042545,78.88030684344398,204.3329128786763
967.7391499124101,852.03746729108,79.68975136212885,198.69326951827
964.23063087466,855.1676386471637,81.9567660726081,197.4815847002371
961.412589972526,860.778504371281,83.99043183836308,195.2685173831672
957.4175129150751,866.7516910034336,85.57688750889841,197.84642180593468
955.2074887439405,866.3471669815909,86.97604966838253,197.15379746249678
952.9883565155553,868.2934397592223,85.9850100022282,194.41941438186643
950.1722305890144,867.1170232238293,85.71416660994878,194.7235654782414
946.0822846373497,866.5826986543644,83.90679006540199,194.59864722196076
945.280177751864,862.9527365355698,81.23344455597802,195.81370489766056
946.0672090198719,860.3088926707923,78.66399041267758,197.08163964793707
945.1462176085317,857.8122125326828,75.88246859668618,196.66731893584424
937.4643005238202,857.1823787408055,75.50300518920503,195.72087175061682
939.628610636342,855.9211152547973,75.97953499620465,196.08267122171765
933.8548226315634,856.961141547483,74.25720782277857,197.36595901415393
930.780515675669,861.3670169510403,73.18101399530954,198.41057913294247
928.6865496568375,861.3623632940819,72.91278834864633,198.3625510440428
922.9400831986966,861.9591150403121,72.91276605710337,199.53697867913058
921.9451083095837,857.5304462237216,72.76616540884615,201.1199618544566
915.7561252490534,852.5960764790493,72.57316385565133,197.9212021830345
910.3083932488677,853.8319834925828,72.5103444316453,197.325136432678
908.1018106439298,853.4568400531647,70.94512705408833,198.82110048465188
905.6013623059047,852.9183603489732,71.1628968990838,198.91914140024076
893.909263648953,845.2963544626157,69.64904962680545,200.78526735447437
891.1792300063687,850.2347845563411,70.54409062870988,201.53407378537088
892.3279186888536,848.4571920753464,69.78045807575172,200.63653953578188
884.5443623808123,839.7334436794818,68.82728603912427,202.37420699706675
883.9259266087157,832.0477676709295,67.38468680580607,202.47037247547496
880.5056340565875,834.0276146373365,66.06854698025285,202.990761054563
878.2932812085709,829.497488424729,64.73481885746901,202.45653201157722
875.1092273478498,833.1163376475321,63.250950661094905,203.73512327696955
863.6853137556277,825.7350468555418,62.79072387520222,204.07955968120163
864.9182967651669,825.7437380193151,63.14298657774246,205.06552868441204
860.5441469461529,817.4552865291959,63.89170249460969,204.19231073874718
856.394386677164,823.730564799443,66.08344257604458,199.28478674906484
851.5044238072566,811.9992711242323,68.04197768704469,199.51503424047726
843.8465010805375,813.215560080175,71.34219718680848,195.6069073459716
839.874637897211,816.4712778879119,73.27653844451368,195.0861180928025
835.0839902828784,816.8782600025379,74.98150377434456,188.52222729647303
831.2771993918865,809.3698190277595,76.69887536269458,187.1331892173432
827.7219892032982,810.4217685191542,78.5865245721158,186.68252280901683
824.1257952960134,809.4853933718338,78.29377969244122,185.6438682555588
820.818516239262,808.9648148954418,78.66297218628466,186.6950155577548
818.7673527312927,803.6108704849029,78.64612138392482,184.20355020707956
816.1474722705384,799.2613770572567,77.74605600767327,184.3625342394959
815.8375351319099,795.4061872781193,75.4396712440978,184.32159677353988
812.4111996483786,788.2179699050766,71.46165754929528,186.36251363632434
812.4160292395134,779.2708428385314,68.38974489183659,183.89291431482502
807.889038357038,779.0899821468208,64.85287391936039,180.49003732864784
806.8915311303284,780.8287380149878,62.28556861722539,178.01077589796628
803.8256375015094,780.2622896779676,60.06750140556426,175.1564446552894
800.0568545678258,775.0394110440219,58.30976774290197,173.06093166713828
798.0981005380803,771.4767064875466,57.08331341912268,173.00836798650965
795.0964293729157,771.9938555113728,57.152460230958184,172.98649333496786
790.9371471963018,769.229851279933,57.136003565204206,174.38955281942344
787.7917977477978,767.145994973209,58.59375949956576,174.59634700635775
784.680563291739,764.7696453313749,60.34040834713879,172.64533334980968
778.6099253099283,762.0834004709594,63.58467636856048,170.19482263958008
776.5110942350311,755.5915836419049,66.00091924116353,169.96211814003522
771.3109691444649,759.7643868419439,67.3321272164853,170.9944652693153
767.3751586574645,763.9875312454243,67.96811243303993,173.49851387232758
767.469327182929,749.4750201562318,68.0228345851397,173.1559289340132
763.6977134593635,741.3131166831781,66.76530462412856,170.31702378295265
762.7987394922333,746.5252257837689,67.33176707235845,166.17599297114498
757.2404638069538,747.6056830992158,69.18795200309798,162.5767467362473
753.0124863852752,739.9347541934778,69.50785852949954,161.8187319586117
742.6877890229636,734.2120940967162,66.14035223788753,164.08537554691048
741.1276845733632,739.375057798189,61.936997561343624,165.19122037602057
729.9574007570077,733.6831665304039,59.83785839168659,166.87078309347532
725.6894059969449,731.179344145638,58.22532076642641,165.87921798217846
710.1921896505203,732.7888314936865,57.818191722215055,163.77691949743837
695.36867974935,725.4749233018143,57.45906223256338,164.5804341615174
679.1755214853579,730.9588745159597,60.04665363237379,159.2593355891226
662.3196709399715,739.5653352648877,61.79599815576379,155.53590841499704
645.3299529547974,747.6299328724459,63.084088911268196,150.73039026286884
627.4467652154066,752.7265688008674,64.68925146890719,148.5277876565143
605.9492991658892,751.9379125588779,66.59888312238547,145.97643946162975
585.214694410161,756.96133616454,67.2703936592325,142.9588204607548
564.8673457989062,763.7278659492517,68.04179299966201,144.70461526144845
538.2659498056871,764.9634767882595,72.19575686110012,141.31420955433063
514.9680284598294,768.5733177257082,74.37421445149725,140.59951444243364
496.236808867913,772.5287556222679,76.20580570442178,140.69695468935345
478.631981214364,767.8301441312935,77.30234760819951,139.0685772379525
469.0613529077236,771.7009487661546,79.3802325631551,138.5485193865348
455.27120191720155,773.3334140431432,80.3399157240087,140.06259865158847
442.96149584660145,775.8214370395905,80.49349801596571,141.7927670866417
437.40085358057934,778.2625049063707,79.326509690344,142.8597051445852
433.20716879720396,789.9115652471146,76.88915029133543,145.58395003316576
428.472666488259,783.1810949278946,73.92969383439633,150.57248046957943
426.544994656339,777.8307550011874,70.91219614005149,153.104697569698
422.114860013598,783.496121226961,69.57081003765506,155.35125660679813
419.271655568802,787.8918328251784,68.35938748727519,154.91322219667938
421.61837026820285,783.898030941599,66.47950069291983,158.99449847779988
416.90702010063876,791.235307097845,65.5365127040734,160.90491282485385
415.39159080183794,782.9755477986645,64.58300416948812,161.71238575365922
412.0907247157207,786.7452074705438,64.76122102189842,161.84218386061468
413.58660605170564,787.879217375532,64.88287216065854,161.33604003769122
412.00525330961807,790.7103919921366,64.31767547083771,159.0408866491322
408.4044095303929,789.9721209983522,63.71627150325656,158.00506901756046
405.9761930929803,793.5989182575041,63.95988375277654,157.68473637059438
401.2343230967965,795.2993749245543,62.66801377505136,161.71003630095947
398.017958205066,794.7983559528695,62.37701680909217,164.11983712942265
395.1721953833896,791.0600286371922,62.63723418294428,162.53504652457133
389.89783945356555,790.5695945310617,63.28074222331753,163.2615888403307
387.5474077859155,795.3898440025009,62.91485789321231,164.94276042967874
382.8059861036225,792.0134141225658,63.3914451542827,167.8938380583541
382.96121838049635,796.7479779118786,64.42691630285888,168.37253305052928
379.319739655895,793.0827133081918,65.82571895546126,168.2115623570848
374.5335670217778,791.3396648545695,67.39461955206477,166.87543989253402
371.42374882378175,791.4845435405061,69.79581431864712,168.77277935484335
365.28698933257994,791.5253098688572,71.8526584963632,167.46932489657408
360.72320312289395,793.6350689296066,74.89399253148842,164.3802172078909
356.7574776778113,793.0124082016812,75.7373668301619,164.47698910700944
351.02007995985707,789.8476827554081,77.49207902937609,163.23703492066784
350.2811244392863,796.465502707375,77.75398581808386,161.68998983484937
347.67344901214364,796.5143955589099,79.45823804909347,159.79157892673956
342.7428886055799,796.6204971869059,80.16901973563404,160.26701377470923
338.9274671376015,796.3224102351252,80.61658649513814,161.6079034284883
333.8128561595772,795.0377283401696,83.09569401026877,157.52429928855935
330.21126533460443,797.0183442427524,84.41937765530102,156.00659375139924
327.16926899657295,802.1461297267477,85.27446560724283,155.9531683598855
318.0875703682606,804.841324240308,87.2970471290044,150.4285379008133
315.35445608742924,806.6022747399287,88.12449843465504,149.27422589845932
308.8443953933086,808.0972898597731,88.64397227803542,148.35161208829
304.81580521373075,800.4214888213047,87.75798113603147,147.5174651112718
301.6757185311551,803.5779238086723,87.27391375945312,146.09049658764752
301.0889022709767,804.9960676571966,85.91583184041778,146.47421392599915
303.11448090834193,801.6411460702707,83.25351810206426,148.50149093392696
308.1753002127687,798.1791994726842,80.0397178377847,151.2868896375228
316.5209555336675,793.8086496054599,76.9595760573762,151.72273729677613
325.5246037304864,796.6881570160244,74.02969513004714,153.3180339418642
335.52505895197163,789.6725496144529,72.05838483050924,154.66551289753394
353.7220988978728,788.8127717863605,70.2455961374374,153.8737217367023
370.8440459725183,787.203138124139,67.88771883384948,151.45830211427642
386.9502618226501,782.9172640927621,66.85553920878118,148.2155112213416
404.6500750885135,777.726194710036,65.01214512944694,147.17290919547304
421.5956962720322,771.3098260698309,63.5759312963451,146.18865371617858
439.9726491640277,771.231008857866,61.37052557338925,144.98117845802548
459.53443679832554,764.426936463523,58.974508440779864,144.0645124556957
482.32162105588907,759.6294924703648,57.512509463006324,143.07322738445603
500.192910902576,754.0273927441443,56.95144832432004,142.18525421421614
515.1479064023928,748.4934056645445,56.94596973008199,140.12176055420204
534.8990133808962,746.5751689368614,58.27136197424682,138.81869858247478
551.2083570120576,739.8333014406074,57.855761564951564,137.10887202102754
567.9657482944797,737.8810534203512,58.66507567979484,133.874904564378
583.1269483839075,731.8231406982009,58.55717592818542,133.81228609998732
597.2318049697799,732.9929295587553,58.89609823922864,133.05887237652865
604.4912833098665,730.1490369154494,59.80987986319356,131.16732578829308
613.7897548657803,733.6675179169225,61.048498503685266,129.1386655202711
618.9696403602587,731.6649223002855,60.831867353900826,127.26915716095473
621.1857986889157,729.3466508137781,60.38564970133244,126.58962576263173
623.3816547713653,733.453306108175,60.16607908840454,124.76178508732067
622.6886236408503,735.201468739203,60.76651124250859,123.8323257462851
620.948282043346,733.5881435517664,59.35931268168831,122.85302204629883
617.933641684244,728.9016770840137,58.95832558907091,122.20608899211904
616.1725342542989,732.4549611970161,59.380378419694814,122.69424780545144
612.2660669570321,731.9983113419048,58.72479952545886,122.29891609553844
608.9842269268621,727.4363588938127,57.96138932243207,121.86869425222082
605.0525463289931,729.3138081769938,58.203559493389804,120.79286210545999
601.7626966175231,723.8290646950044,56.98674631256986,118.46587365897736
597.2728484856744,724.1170083725474,55.80104016385291,118.14763933166444
595.4525644773788,723.2715074600786,54.3218896288083,119.08390902464387
592.4022079640787,717.5153257901673,54.2462039012886,119.37540425380978
592.5927230231566,718.823353524704,54.42584499342189,118.49643603449223
596.3030423672612,718.9800668609735,54.944376188940545,118.8434338924593
598.3661087497694,718.3427165181272,54.626981655583116,117.94437750188848
603.1411038239685,715.0413872052142,55.206796118391125,117.39020009484719
615.9465357203894,711.9363865760868,53.37930138988028,117.48501704600349
619.5827653760186,709.9235625684726,54.009415187295076,116.30168593144077
632.2598919040963,709.436799389854,53.79610565836129,117.02275213676722
636.0601219776502,708.6978771764242,53.76530951271847,117.40994409780643
648.3160197405697,707.8196681141801,52.74569767218223,117.1028849445387
657.0212735432285,705.1010982005882,51.607473620941555,117.63803864959121
658.1796291767718,703.292375255226,50.977623034435254,118.58949824080075
668.3732975942497,704.7143829235107,50.378856603532164,118.22392628840203
669.8318851742089,701.8488803207333,49.93891389982106,120.5200114214012
670.2635325108101,694.0324152611605,48.56563991896694,123.72496683961916
621.6087123118858,677.2982531409913,50.06921952580009,121.72874487634441
620.3007348596061,678.2430076043746,48.765382493485035,125.31026141649656
665.1731433964868,680.840885200007,47.44639244609085,130.90681407893038
664.8047943430284,677.0254741303171,47.859898344002126,132.86269610905737
615.9709655747002,669.062532507633,49.04410403739684,129.927415261408
606.7512160209625,662.8234819085567,50.9173399460199,126.93023188314456
608.1011492317199,666.8500921667542,50.68521429865967,127.01172740068523
599.0875609208093,663.0270172120704,51.516714116892054,126.4930680830629
643.7464713581232,675.7665305251809,52.968996696853935,128.5686602922913
634.1358579071729,671.634976334518,53.49308195141594,129.63505808706913
636.077486919912,666.7009948672415,53.477501137699235,131.00706841542086
637.246643837067,671.123539759793,52.09397491535043,130.87668314386804
635.2484330624883,675.0370598803866,51.0611019736937,130.7428778231825
636.3421690253338,671.4515726941256,50.533675314154046,128.48897884365348
625.2958779375392,664.6267910104807,49.77954919201378,127.01541236627786
625.3454743633868,667.3166008367284,49.093216614633626,127.1185846144171
623.1692747929998,663.60919922828,48.20553349146092,125.19292896137986
622.8249412417,661.8889611311546,48.18472853385705,124.38108534285598
619.4535254196574,664.513485074235,48.06502231707192,122.60756831950346
619.8385188784022,667.5998641224338,47.51818037786706,122.64709431124069
618.8943272899929,665.3955831904772,45.27663925735272,126.8762763096267
618.401059755541,667.8423605531564,43.88888266785508,129.15588499826984
616.6299764291543,668.7767739512685,43.13239667170264,129.48556694151705
615.0262306515418,663.3412772741839,43.139005076827075,129.8546901403517
614.8253922049806,664.077845280227,42.86336810571839,133.15435028228762
613.1140091027293,662.7220952253452,42.7960389332526,132.96317380971476
611.738114512566,665.634647297761,42.031021749519866,133.45160201733074
609.2902307223924,667.4014393604892,43.24498681865181,132.21079614542955
608.9456052438669,670.6244598314443,44.01890023549353,131.7315010569437
606.6023770483964,668.739186082107,45.81873324386614,131.2117314970549
605.114571801651,666.320407722579,46.34161451219829,129.95583051728886
601.2134542606858,665.86857172454,47.8376653022891,126.25748034234658
601.5742773759912,663.8293710634574,48.522034825424235,123.64542956566524
597.3755615771117,671.8146068429954,49.814855980067975,122.46192146941873
597.2425657663845,664.9099444137249,50.28868865512758,122.34669531782797
594.2082059394875,660.7808287138512,51.067732596336086,121.87939990788301
590.6742962467624,663.7042494969791,51.558000140050424,123.09518470347409
588.5732633159773,659.2924725168477,52.597641437259014,122.79843264872207
532.4573477971853,649.9179136494355,51.95958416917887,128.50512045953542
532.9222895609385,648.0710792280818,51.10487225387582,131.586718145741
529.780428714872,646.7129472803628,51.9278910498905,132.09668726616997
529.7110348619468,647.1438743877623,50.411841505031454,135.31663494269785
530.2234124135821,645.2599124896797,49.09648285347242,138.93391533056447
526.9255546798354,641.1278712478017,49.2898998704958,141.04866433730015
524.7456977546046,637.1085505669205,49.372607571665455,141.3245684248927
523.902144764831,642.4177904845327,49.85681457202585,145.1929698457719
523.338296166888,642.9595124780357,50.05265042691212,148.17795580566528
515.3590333066536,637.7964898489654,52.970405616680296,147.439394397241
518.3028381397352,640.8264300582226,53.87784847889836,149.49300312972747
510.31385223418556,637.6364089246639,57.256865135578714,148.86781926159097
512.9664129181901,638.2803801009836,57.67463700563722,149.38369334667286
567.0342816678367,653.4342607079575,59.67511471630498,152.75361310196323
502.2623650477308,642.6654164129266,61.063628742649634,152.96277614881234
501.3292860055219,647.018179465719,63.944596912364005,153.0386326039574
494.2039524429737,641.5727032393804,65.71021002134722,152.3459754756409
484.82960944781286,625.5693859296898,66.64413771088756,148.37797783183862
488.8660753365448,636.2749572407664,66.96670993122643,147.22557468112095
492.98075260457085,642.9712906960192,66.3082091053488,146.31614599083014
484.0454592645569,628.8469191487364,66.9690484709237,142.27674211273938
486.5205205712406,645.2610114468573,66.42153663636485,141.05717720643918
475.8539774761588,638.1846478387308,67.90902460570331,141.8122031592644
474.1375245337862,640.8908086855664,69.55938182444814,139.11850915686207
471.0088848444909,602.6639575503159,70.18666633380643,138.6907264420116
469.5394728596829,630.9948971307347,71.41775095024252,137.02422386808803
534.1071550339748,654.2521051049005,69.84452039072141,136.34773287703177
533.2538211977934,659.6412204104244,70.24038965648305,138.11439743810314
532.2526006331938,656.5140414139553,69.85522440331243,138.7158790539357
460.40988943968716,644.305874791928,69.54659771805999,143.65957512147656
459.58105498653754,640.8013466937734,68.72304256430056,147.5824797179015
457.68775653157365,632.7838253737908,68.25786563999986,149.50312054054513
456.7802452527246,638.1873071852045,67.96225935439041,150.56063502898468
456.0638904910911,639.0896439937792,67.38049186311584,153.50490140283284
456.35484197564426,641.2509222465312,66.63650169193733,157.27164123827094
456.43752968212505,643.700647585616,66.75470932398161,159.91065701365358
469.25193468066067,645.9178281393042,67.39826871167598,159.25653572675765
455.12265225220995,631.9795815157781,66.84348670578451,160.31605433391732
454.9875254986763,638.2356892467792,66.46388364546898,160.7837783326694
453.3631435125725,642.5342569679713,65.71494454226759,161.64249349148167
452.2481927970314,632.1058682600953,65.12971502432941,162.3375315578683
454.7723494975014,625.0903435184339,62.95660952439044,163.5197288835983
454.65616177159956,632.0632640060749,61.36968194045798,163.4525767205723
452.0438965580975,625.90511940693,61.15726692907712,163.04785284970927
452.27809569430593,617.3593930102535,60.67406306965165,162.65987449071852
448.68177355698805,628.8073822670714,60.066545505755904,162.08221148306416
448.06502059250744,628.421578557446,59.44134519883149,161.8549680202616
446.4464421605879,628.9415407306292,59.55796621214573,159.5141835073456
446.3111312931437,630.5564184827499,60.3511564113133,160.7345970895604
445.7884732818825,628.4646985044908,59.871074417859724,160.3667918335235
443.7622550348408,630.6588666759973,59.63708818245091,157.84773010675204
439.95530203415166,640.2772299314425,60.64399240236556,153.8092352929441
436.77321080767473,632.9162006808184,60.77000613888876,154.43121711877728
434.52698152393066,641.1551433659447,61.210232440904534,157.82702712205997
435.6218986431136,648.508762194113,61.49943453371546,161.8283198917487
432.79712833282866,646.9314909176511,60.00809743059138,166.32534942224967
489.0462030294318,661.9985637000503,63.729544900178155,163.33025338748055
490.4230853949748,667.195861137959,65.91459242495144,161.7013121218926
492.61574984855025,668.1096180619302,66.43376352542997,161.82598736181797
496.6930100715789,669.2072813577379,66.79565676803242,162.00105118539432
495.09315308322493,670.6542539559226,67.21375715640713,159.68495835737957
492.68337285467106,679.633713520946,67.16708950987716,159.96554499515514
489.8738209986668,675.7045844773276,67.24127516158299,159.95569433300244
474.02764606947324,658.3991336802417,68.54088286298769,162.29609192937153
457.0019448479991,645.0085555742342,68.89874282546724,166.38563780508264
454.7121472380771,646.9722153957212,70.6186807577136,170.84383528247005
441.6244381962166,659.4048867746521,73.29644106555568,169.01174142597523
452.7078259381051,658.6284951428693,73.98611089427867,172.2060249241448
448.3714782280359,663.9456817295313,74.0156721972906,175.7297232687651
387.33937212235327,664.6106305211083,76.05117499703476,171.9308911496309
388.6974542074665,663.4770928265264,76.49617272637502,172.51800128115008
390.5731988612226,664.415045477933,77.75148502408739,171.12200515993183
402.37757048833674,669.5595650755419,77.87402305037665,170.7473241037522
393.34410995489793,668.0052090538829,80.41716234082602,166.78046031851784
385.86268384771756,665.2300924431427,80.89809335920293,163.6200783819172
386.1503930020947,668.5371773459215,80.77434519047662,166.08842524658672
385.93680232251324,665.7019199758008,79.81602135020722,167.76240373194526
387.3740740717111,665.631702071157,79.11836727136705,168.91388285139823
389.69938292026376,668.5189125894572,77.9818713451206,173.17646056357717
387.59647062452,668.1242791900542,77.66087718431925,178.89818147157507
387.7787135839606,672.8607057436033,78.2341770697097,184.33310519705734
389.2724393235528,671.8678131941173,79.60061457902023,185.8797511981004
385.8439446493953,671.8963961486083,81.48286103793095,186.41830343448882
384.1633034184403,676.5336336388206,81.74362932633323,186.26543432717216
386.01037900262213,667.4769899786475,82.39195500275713,184.0791248610194
385.0270299131329,674.3754247268979,83.30660747880137,182.31784458265815
381.1824999551613,680.0595866168637,85.55376952563452,177.2377602817915
383.62509838643575,687.5380431361228,84.9880025375057,176.54225986381775
386.76331350268566,684.7557905260157,85.80367483262428,176.38449459529275
384.7549019955148,691.2729720157525,84.43301281965284,180.93356858176156
383.732203476987,694.5075061811563,85.16455551996974,181.83672458185623
384.6531097910888,692.2956962277342,85.41103167579327,182.76820157297482
389.22142878706524,694.6421870946301,86.78777754919686,185.22401639756302
384.0831268062389,691.5671443783712,88.34285250389159,187.16850013788124
383.82537990342735,693.2375694858982,89.45989462360924,190.23500570819687
382.18490852738967,695.9442465691142,89.12364534573153,192.84356030183585
383.12870274754374,691.6565926938824,88.37996492925767,196.46496390038288
383.1029591479858,693.6970657563917,87.43449917741906,197.5619528988079
380.07340143040557,699.6041356316282,86.97072785949733,198.06479637129624
384.893678208534,704.7493186086683,87.62900719661192,201.47694125095626
383.5977174568646,697.1241190065965,87.60112169502224,203.35974668984122
381.11469782896654,704.1018190297625,87.45578085056815,203.6696588383333
375.18451427335617,699.2513141229201,87.287650265866,204.68579697843413
370.4234395434011,695.8423521278872,87.07101207471409,204.15948221041268
370.42657554026664,702.8115346165752,86.5938156141346,206.4534628140916
369.704388956135,700.7311891321812,87.55132478183906,203.28135005668332
369.24129894879536,704.0919463396127,87.51409364415557,200.91250726505024
372.82059471774227,710.8705992675735,89.0512084737544,198.77059714582288
377.5123813917144,730.9971388899298,88.0294610688032,204.96660313670594
375.70807517264257,726.8945324996827,87.66627270280875,210.4087539169256
375.03220782789316,721.9571335689888,88.05180495442994,216.1641331572502
376.9796716228206,718.4215903398976,88.4428790468565,220.05603875491295
374.62402982957195,720.0411389078228,89.87051008933227,223.3642004729751
375.22702769300923,719.7590169366498,89.56753301585046,224.3669341802499
373.5103126752807,726.0171121798257,89.3173366379622,222.44007055241852
372.7001905156049,728.8850950712338,89.6650321625674,222.00114141739903
374.48892587043383,719.9410665803484,88.31365903668028,219.1087361341551
378.5505196751688,720.3108075054139,88.72853733754974,218.19735813927645
383.0754717930075,724.8048833532284,92.16014803259736,213.8702672537365
395.63746902140394,723.1125888025836,93.87644746008182,213.83172202809143
402.8048966266865,730.9451880437293,97.07194579565932,218.10015925746993
414.59354313811576,727.0974714389,97.76016142453422,218.87145058327843
432.29756034495233,722.1798897224973,99.31360619787284,218.58049726345934
439.64300835025836,724.1123774395902,102.89037032825189,218.08051826253146
455.7885076530733,720.1442392681938,106.37562446920415,216.74470464713335
475.4400004305579,723.8644332768511,107.55544988835594,220.24052154009712
489.7979259096628,720.7445700941745,107.78994683053685,222.26743166704696
504.93860240381474,719.0047048755521,109.95217065497708,221.66455483500465
531.1123715502135,712.9966204612655,110.09440897350754,215.72345208765032
547.5064778539805,721.241390890733,108.03716102661807,212.18628282600534
570.3819727517733,719.6742295731898,106.9844515655051,212.32534140774692
569.4787095111943,728.5596024418071,108.62776716292655,212.8002659891157
583.8273013371961,721.7362844232258,108.80757287554704,212.87175535116847
620.2861182847384,718.5645303619209,108.852493912103,206.47795878627838
637.2927954492903,716.9576937423733,109.61699450243276,202.54490684760864
648.118681643424,716.5830913469603,111.02009081228567,201.06844511545506
663.103347705498,715.518714716458,110.74206575600877,200.36433385352547
678.7956128311682,724.7912360280455,110.84727587637242,199.91312324634166
691.5990378674348,722.2263226947808,116.45834229248653,193.6349308470141
703.9805544367354,732.3880935471427,114.19955872663945,195.1484729588188
717.9187724061358,725.427617256743,111.8639858249481,194.88843627417617
734.9168588593157,725.277352728627,108.8718164433685,193.03267742185423
736.7014719250449,725.4286749133951,105.50681193306593,188.49953140055416
755.328530249192,724.4410567801799,100.81098385899038,183.65540407292917
754.3046472743694,728.688630124697,98.30250543531415,180.17698816926494
756.1605065020645,732.5771549250483,96.26851610971504,179.60992620894325
763.3930411542044,735.779890152245,91.16206744905095,180.83290090301784
765.8531022402353,735.3644083400837,87.58696116043488,181.1920857471185
771.2548263068011,737.1545928067306,84.60918279277581,182.05551821687027
773.364017762625,738.9201349992982,80.8702692698512,184.77448866800833
771.8139628065322,743.2711582280394,78.40713579290724,187.32472149214198
772.2867347870892,742.7189344777631,78.41839902793348,187.36099701469792
774.3659503970432,743.4652647493306,77.43360376765078,190.3458364334159
772.2776279577154,742.0356941105233,73.95263060049952,190.63201161224524
775.5770537955855,745.2078105544424,71.08262595158429,193.74267279026384
774.7075584243659,743.9734495058373,69.24440269141434,194.47645793488317
773.1480007918407,743.270804780724,68.37991137954518,190.30452313050162
774.0039013880848,744.9568894683894,68.08754235029531,190.00085403555113
772.8239903760268,744.8938103359285,67.21903948427463,186.88444738386212
774.5022027711789,753.5487317492759,65.09811765226826,188.24832205594666
775.3936408583312,756.9139511039659,63.96680714893071,189.72674279023107
776.096534195853,754.7866869197792,64.42810354654934,190.38610089912902
774.1548456664367,749.4845197214315,66.36429246642028,185.7071720893423
774.2131120646703,749.9307813052374,67.90956804149695,179.95478182578336
774.1866816362714,759.5178420256806,68.85596928068,179.15696501136173
772.0234367402038,763.1067539294755,70.18665166352864,176.362050501715
768.4433867596385,760.784221020973,72.35094350011684,173.0546216974432
770.297618270771,764.5434803792382,72.5697740168994,173.17577430659628
768.1183461999265,769.5737142257074,73.70493973871217,174.36544966480545
765.6788877580019,769.9994588805744,75.27255539117701,173.34961813047352
765.5186967363554,779.1295683483345,74.35344859436681,176.28910050415743
765.7627488748606,780.0168773381279,73.91100444803612,176.68956401604098
757.7415506104626,777.2413414945894,76.18243349331168,175.80228836348792
757.2250517667746,778.9309339024035,77.47521078297684,175.5097596414571
756.4459920846172,780.046242524299,78.82113922121668,174.59740449788558
756.8016955747256,786.4426676961972,78.18664180543541,178.10373323123787
739.4011724154315,770.847846304323,84.75504881127947,170.3840742571739
750.2077438078636,776.4065876614045,84.42502713542393,169.72906731968294
745.8483565643536,786.383791458947,85.05593770032479,172.62086066759107
741.9748426265211,791.6777707582931,87.44125216656599,178.35145599345955
740.1819681681308,791.5878023457724,88.28428930089126,183.31841683964967
741.0823307424962,786.5915508084335,91.09412218514984,186.73799100884048
740.4099538502766,780.8207151508815,92.79394176238814,189.3292266855166
736.4705473136926,788.6852373040372,94.11113221592711,190.97092517705693
735.4249986416982,784.4601962360518,96.41571077753875,191.06895176340606
735.9913941732943,792.8800522449244,99.24163968314218,192.36132173113438
734.8559391290178,789.2538860194975,100.60398532333886,196.33281116250282
736.3897239281304,796.6334076940685,101.98456969773923,198.01210513941055
739.8984805325284,797.1020271748206,102.76789495940224,202.08096540199702
743.2280915543685,794.921531002795,104.33529931190131,205.69308856536898
741.8494276861705,787.7604025525172,106.58052808026818,204.40670860984534
746.4391274689901,793.2619588891644,107.42133687339361,202.0654630782746
757.8961548341084,807.2834440567641,107.45822704366967,200.39726195389065
758.8452950840904,797.6224473371443,109.36317063046727,197.94511217413597
774.2797473620554,808.132824879408,107.0474715646494,198.76874986609798
759.2688406830364,813.2558135719587,107.97448969563672,199.5735089083037
777.4053914684885,802.7107498466352,107.71129870822865,199.15276637909227
781.7236686573123,811.3927174636212,106.61292945020999,198.98175373728316
798.810873350905,807.5282664392539,103.92040406571016,198.32951889179188
797.9047810544564,810.8696726792259,102.91542852906025,196.83324701548563
785.3385291500683,799.7531284385307,106.08972043903249,192.21491795537216
802.7201383008302,812.4276750657335,104.11420279058507,189.9116868988424
803.7319405580768,817.7254846829032,101.96362639052992,189.66456791627294
805.5755848136583,818.1707786962078,100.57274891681195,186.60507868460107
807.9173656296771,825.9242712230916,98.34807009345961,185.584357859654
812.270102837447,825.8082301615142,95.76492920453127,184.31876992837323
814.589123053904,832.7062604190124,95.24137165125579,182.7995086153422
823.285470199259,837.64703676857,93.51418467713535,182.06444887429575
820.0333712629891,837.4069268379073,91.84174394646438,181.03300064956917
832.54461964087,851.4808075078763,90.57232565139607,182.14264172967535
832.1064878012185,853.6970145000092,89.58399093725897,182.93521668278737
832.9908786633432,853.8670274828029,85.68974930357025,187.58910246036405
833.6586397262636,855.0126800953099,83.37294190370093,191.0672316874071
834.2490729809547,857.9525747681352,80.81282927863415,195.90097860426872
836.119981568389,857.5195029849062,79.96167453548253,198.82540955285242
835.6582765027649,855.3445276629665,79.46824113321469,196.6803455292209
838.469009072977,856.4776906992362,81.24863861409791,195.42219530659602
838.0389109976468,857.4583446003287,81.92952655891527,195.2114747293713
839.586543691887,860.4084547669714,81.64964055161468,198.16152085268976
842.824406504537,859.7337135242925,80.87066747453233,201.92009814853355
841.2493187159976,859.1233986035949,80.36260964745176,204.62042414452324
842.7837717850111,861.7762657135906,80.73188943967678,205.75687151175077
844.4318115765086,861.0984692574905,80.25891924503333,206.74738296466748
843.9136475725389,859.4434682729623,80.37914502242367,209.8659816341538
845.6158282612729,863.3399937458487,80.29929088143655,210.71344983053189
846.4888470554896,860.5101278054193,80.31745040413279,211.38315046902
848.5536077046291,859.5099019198822,78.33475561151471,212.10715315581228
850.9242387841217,858.0714176470091,77.38396190689056,214.11477001651136
851.6600649478364,861.2430963760352,77.09389071902561,213.0798479985227
852.1765859480905,861.8953947766954,77.1767762955363,210.79120211539987
854.5105289462059,865.9755234487185,77.38767114113277,208.34402803856557
856.776993289103,863.4658215856657,75.97499172673166,204.85101587874584
857.3053144645035,864.681683536995,74.98033205976805,203.39634359180226
861.7592924968914,865.1432977729258,73.85661528713689,203.4933368301456
862.9095494515784,864.1811685722594,73.14413266972441,200.91759856933876
863.7644948234753,868.0840610985128,73.88979855701909,202.78915879271068
868.806899839125,867.1823388737778,72.76170124849786,203.0035280344704
869.6587645948554,864.9303515543194,72.15075494969902,202.70684778523417
871.4125397576531,864.8401321341,71.29041855995541,203.18402545886204
871.5012810016296,870.5536144021227,70.9441947116956,204.1269196645769
873.5826709064895,867.2232022043121,72.20074931359711,205.02010251585608
874.8951829628888,867.2976104396878,72.32486474814644,205.61965323546568
877.7289789033186,863.7926614713417,73.62457328232585,206.29107022275585
878.1921962193317,861.317337639718,75.33726638162315,207.0287276020375
879.7070102350273,858.6604438485635,74.9333552748993,207.8142916697894
882.1097984351944,862.9807864132118,74.99030386083194,209.6364380376852
882.7899564119116,850.7789645214282,74.44324482678168,205.48110850887454
883.4778307491455,852.214211422893,74.18210312882293,203.7416790017136
881.9547882294684,862.0624654645286,74.80358327544653,202.88268198106442
883.7621109639576,862.7522144140805,75.22814097342967,201.54667849277348
885.3846805917102,860.6482821435774,76.48756552636557,201.59230395907284
883.9034563794713,849.9917964201011,78.36250086166334,195.07089048781245
883.7933364869303,867.7750053207558,77.3001251043336,197.6668376462198
883.0897446649133,865.998315265948,76.85889814198333,199.53494720796857
884.3965087719871,861.1934098714881,75.72653509850545,200.11099220404154
884.555684923579,859.4877458509781,74.50958793905953,202.1238884671076
886.0520172271263,855.6835252969654,74.12621273969492,202.5874740758655
887.7198608551264,856.7995352962276,74.2806172843843,205.1132880350131
889.7439379069507,851.3870021832519,73.96824055881794,207.10587096933872
891.2424499282581,857.7362680005414,72.87201126069469,208.93216156986705
891.2825336096876,846.1060285630185,72.56902571691708,209.10419478146065
889.1829960731899,843.0474209996144,72.76924949062655,208.78769122693348
890.0569682155648,846.9849688643706,72.34049618488069,210.85548947935473
889.3002974332204,846.666171032588,71.79350974282508,212.06177007848964
890.5722588976822,838.2193416450543,71.31425594613422,213.1367252021288
894.8987935195637,831.7814449637992,70.5540561748748,215.16476694720734
892.3117048402721,832.2317916500693,71.16001768644263,211.31849094641694
893.5091107014589,832.5577081012509,72.09442339799845,212.55420708675547
821.9802064610797,833.0908716105282,74.53405255746786,209.9625298551499
825.495098244848,824.7119977913424,72.42781816519371,213.58737153343878
829.0016754309913,813.7802345964834,71.83720779544011,214.23259615008533
832.0334434790425,810.5091130427237,73.39462859707325,212.85499796808446
833.9839085614834,823.5945874679373,73.47632391665798,215.7301726222958
836.7431707886442,816.927831025568,76.15543892766834,214.00972661421216
907.193162216451,811.6656706549854,74.96308241482834,215.93203186007722
909.125460001834,812.2290665448716,74.36913270091961,217.64716689343044
910.6904968724309,814.633456100857,73.33940838599524,220.14808827050396
913.2810968237166,810.1674751190965,73.53721439239014,220.85401797694476
913.8116834527631,800.3331205805891,73.48448031753223,220.96167854626893
917.0012891934027,794.6533779987162,73.90680634998577,222.10082965697518
918.7742728428956,790.4988619110886,74.03624884485389,220.66480854090977
919.0136832350328,796.1076557459423,75.85707253079431,217.48727614616556
922.565899375324,792.9474797571875,75.49552536297446,215.3221106218444
923.6647102264859,799.8913614463734,75.2994102276519,216.78456792370946
925.6941641890074,797.7269262809157,75.74723285909681,216.01376975181705
927.5774872237081,791.9361607247715,75.47066523894479,215.33073921096815
928.2047149982448,793.0773074244197,74.88409749676377,215.93775116483658
929.0749348849149,790.6379751629262,74.2764137182202,215.48456229808366
930.7365607733449,794.408234641317,74.18130467970269,217.6778222948541
932.1338917574561,789.1401990863887,73.60734726699152,220.5145635516528
934.8309560129084,792.5896167641021,72.8048530296163,220.6904600230085
937.6088363988806,781.396966771553,73.20735899274864,219.4868298781016
938.8081836643121,784.3286594513943,73.4980615585196,219.90218301710672
940.1408472234782,777.0030563400172,75.23532805285822,220.33152644689218
941.3362283442391,774.7794225720897,76.53600996989064,215.78102939534492
942.2438382235582,776.0203265329284,78.52869993834894,213.48643180999505
948.4542686849338,763.2026978897509,76.88995876657418,208.56455065335695
951.7986484981184,769.6446717103188,76.06630524600959,205.93342874922052
953.9887683390989,763.4321810013339,75.38347424019605,202.22362928340135
955.5449479705716,762.8783867813473,74.85410061682282,200.1686839633037
959.6788646145134,766.5651923792349,75.09994397231073,204.34004327991875
960.2297596668081,769.5283786443135,74.20631601154757,207.13888952264972
963.1716027921308,756.4484762689025,73.16481382767483,208.5002628769874
965.4035343472277,754.3202859772111,72.73031005814872,206.44693200407127
967.7735335510638,752.3341426504044,72.1490292827703,207.28768169708303
967.2118756833888,753.8998696821427,71.77749390575443,205.13095204557072
969.7762070118183,753.2131406008964,73.55415427745983,206.12582269390128
973.735852507691,753.5898828412951,73.64425507038256,210.20900718130463
978.3457436699377,749.1227570904028,74.15740102195097,214.37566959083443
979.3697025770537,745.23229799132,73.42004927541475,214.91078395599226
982.1485327381283,738.1083749325377,73.50851570039691,215.58455532837874
985.6606461575354,736.3508031139113,73.26514356357849,216.4300090719088
989.0612534528414,734.4952380923602,74.01853779483545,218.00765928140825
991.6965268004373,736.2878602363945,75.65780307321555,219.89792702108
996.5016853275313,731.5765828297297,77.00028963078287,221.0855918502789
998.2217876817213,724.0371641462176,75.83195005187373,221.02014020057928
998.4714460780777,722.651138035761,77.22038209663168,220.55893441253565
1002.3069307598576,724.8480059635839,77.03513241385822,227.53846954535425
1006.4924334533264,705.1975221551285,76.44291463983558,228.7550713175385
1011.1910161651103,697.3699342649134,77.3184008886309,226.51849294757824
1014.4002533858828,687.0716176635847,77.7416374913976,223.5185799771399
1018.482891089841,686.7678623406041,79.61297268681365,219.71113834496373
1018.425108188222,685.5461511742054,79.78560445752218,217.79923974728007
1020.9760673110131,684.2522215304039,79.49519343697654,216.81006909141698
1021.7002165938449,689.191834345273,78.79535838278012,217.61700450293847
1027.1427748480444,683.5844971052127,78.69962957732268,217.81528436788597
1028.3373837373151,686.4393727871518,79.27609168273814,214.93115317841563
1031.7055567531547,686.3101819166866,80.08707555370815,213.1041934657937
1032.3024453261717,679.4151404162006,81.05119039642834,214.76294120828183
1035.0323649515362,680.1979289649447,80.5666819753194,217.01132752403208
1040.1626537325076,674.836135388591,80.99297403465394,216.51884450156865
1042.0187591369745,669.6836739376299,78.84451599614403,218.2319896019771
1046.8772100806987,670.1739653461251,78.0548506657023,222.68786680314474
1049.2913083061744,670.606855540397,79.01007859219214,225.64906533649122
1052.4673514740186,664.7868818817599,77.5825380214271,229.72840760463214
1055.5374210318112,658.0593260175337,76.7511967421455,231.47371765919513
1057.8142563068216,661.1814387061221,76.25809118693662,229.93179283057205
1063.300259435039,650.7588047453191,74.4864623947966,234.57098699119166
1065.4743409733614,656.4367834677514,74.65663513739594,238.09831411511357
1067.5724948020752,655.9327720030783,74.8104594684936,242.66166183732187
1072.3427914686897,652.9325249872021,76.25982966675886,246.25525570160906
1071.6542355418417,646.4134774733632,76.67932799268004,249.757736715615
1074.8086006057706,645.1504546670508,76.63125755949403,254.57283123838073
1077.6312704104907,645.5053076442009,78.50906600989843,256.1747889117051
1079.9210188176676,637.0227240613056,81.18344015959512,256.80470522300357
1079.7988581551292,641.6971237222773,83.03020506053079,255.7782573567486
1082.9953203290636,632.0821492457728,84.07906223350594,253.00337881036774
1086.4529895743847,630.7785806821179,86.5330503343551,249.06472145067823
1089.7470568360382,630.8663767093462,87.26596645496907,249.18187108232723
1093.955551383601,628.0907019762543,86.31950786979219,250.8397552679782
1098.3979750840772,622.098667283107,84.10812381341391,249.48762680118438
1105.5195051757887,616.9773383503563,82.37205024803302,249.91057488885392
1110.4303374559934,614.0411872011764,81.68098757055802,251.31375096269574
1111.6981176221368,626.06084042517,83.05364538364168,250.1335048021843
1113.9618173598024,614.3002551451266,83.35467942195208,252.06769263522034
1116.3180258106106,612.3713060862839,84.42580419971756,252.42183184558752
1118.8953046886354,608.4490490006774,85.74348736850334,243.8997211846472
1120.669318578902,618.7998458387003,86.90468858043252,237.73888754888446
1123.6180263515462,615.0112269153842,89.21429951677251,234.8818573977751
1126.6128150831032,609.991064687364,92.26450457776728,234.75706077532445
1126.3195108699015,605.7461779305554,94.32689372964958,237.47263623367414
