849.5,704.5,128,371
852.6359268991837,706.8299505479481,125.30035842087091,370.85464196059183
850.5612964748069,691.5081579564718,123.27600667502006,369.47325232054635
848.9865975015083,687.2709702310908,122.55408938075726,365.18248533051246
849.0014118022502,690.8887524031501,121.89894370898003,366.54536973975087
851.076377314351,687.5659324152867,120.54941866393486,369.5975336584249
848.4478487436188,679.9131527263025,121.52987592136614,373.84225052235513
851.3371197165363,687.3892786986057,121.46481206390996,380.6613551603906
846.290808313914,680.3820403746697,122.35604937110767,385.5622215406232
848.2351782154365,679.9123518956496,122.12341508640395,386.2545195434901
847.83141404158,679.4636131891428,122.98342498483996,389.2482994658114
847.7965966832968,683.350883886147,123.05725742463866,389.10848030462176
845.9594969146269,684.4797755347139,122.71631118332249,390.9191584256398
846.8507301776406,685.7088043496651,122.80033704792771,390.6478750495825
847.3669754221244,683.6218955271383,121.37905726280994,388.55012153527326
846.8841167039496,685.7513953928744,119.9788510560472,389.75029262213013
849.2117671120006,682.5342591575114,119.94161988868782,390.60693934136066
846.5738924773789,675.3316830329044,118.80402000632002,387.8619584576401
849.1704464233123,683.6065773453658,118.17956379063106,386.2495048470605
848.7498088503073,672.5427594532658,117.72232850439792,382.0109602113386
846.5041511444491,680.3835102369336,118.53363407419528,381.85702841481606
845.0609834628261,674.8058515145402,118.74037754329154,381.24520070274247
846.561227732409,678.3345929756623,117.7156159662155,381.8796008676565
847.3653521290131,672.8319708308269,117.4820208700209,380.98503055161456
846.2189985450243,678.2339198444699,117.63087055890306,377.93374034674656
843.7301840225442,686.3592557803188,118.15840871870097,379.09479638032224
843.3969191435972,683.7372154705834,118.0303473477689,377.1438510789254
847.4354458951855,691.372514642258,118.43707375181893,379.54219995542473
845.8733449855613,689.7159768079784,117.88592776604412,378.456383698172
844.600193959381,696.1676188204774,117.31867414862002,379.41823391237097
843.9769094199917,695.8695677925363,116.63221560231467,376.6334014914007
837.5519266441198,697.012168535251,115.87607630328935,375.66148106523633
841.5665069158318,699.2051225289317,116.03286508542689,375.6023853451785
834.6363001847249,701.5808977166073,117.87123627316569,380.408604745218
833.280215564446,698.1644394909,117.48057295795249,377.5024789145279
831.3993770597353,702.2532670607952,118.1599452512636,372.862068333072
826.4358269274596,703.5786488250808,118.37754520300992,368.4601019827692
824.5395457592817,703.8515658241517,118.84166162795836,369.7315750992283
820.5441338780344,710.6059171030852,121.04280824735618,368.57539825242117
818.2140696993005,709.5338792956015,122.3737191708945,369.9080167102535
818.6865212306827,711.0049029915558,123.95792868556816,370.3416380824593
813.4375182671249,711.8122307304291,126.76568469279249,369.070138048381
812.285183629271,713.2368722984559,128.81367595350667,367.5721093755234
812.3000954914389,714.1972496497481,128.95798663263793,367.3136868501009
809.997780364133,718.8486249076454,129.63683587566845,366.2113471772017
806.3683397093565,719.3580055000743,130.13808349915578,364.1067532773096
808.4463445914018,718.9531071989625,128.88690419084506,363.55187197349676
810.3449446800872,720.3352043098236,127.40042612612997,360.9343617129277
809.7328508877789,725.3906454280334,127.22393674503311,359.49173814350024
807.47370462704,724.3579302388126,126.37778358017061,358.91716007238733
805.6706130523711,725.2447764585507,125.9961611245737,358.83035680451144
807.4702245360857,722.4591766605305,126.11317737108811,356.7847446482326
806.8731117395174,724.1177706119244,126.22674369393802,357.04708030882995
805.6036049651494,726.201601303412,127.011901656622,357.3667360111207
807.9196113304915,719.5693207496893,128.87302390137108,360.98497296085145
805.8253829656713,716.2420108892206,130.0470372334896,362.1286211356154
803.4295098049778,712.6750696251478,130.35303574069823,363.7785196702309
804.1352217238307,710.5975488780425,131.18056811599,363.88292964130926
804.5023655276655,707.2926416194364,130.1810949435639,367.6220511901529
802.2669163446519,703.606039467774,130.32208064708493,370.4858041041647
802.5260663531861,703.2153407805703,130.27275492229472,373.73317747840446
801.3398691193524,699.1019573217017,129.97269407914064,376.1202360678947
803.3460613590573,695.2979312596117,129.5733853329156,377.5087514107636
799.5878232333283,693.1804232345686,129.04389925069452,379.8567604627877
798.8598104696489,691.3406884983457,127.6560176602098,381.37789854103795
797.822995506075,684.1382563380752,126.52524347168055,385.92112288507747
796.1490521702106,681.8986999717522,125.09834748578628,390.2700133269692
795.5220139226316,673.4954489861582,124.60536892723317,395.130276780396
795.2762263004598,659.9675311529165,123.57500227132344,397.99100594053164
794.4751939369858,658.101912649068,122.97099204519232,401.5850733486955
791.5043275782565,650.9004072202451,122.47980049202107,404.75623072123375
791.2779842633792,646.0081796359917,121.51553653831779,403.8328649974066
794.8230844581562,646.7915898676323,121.96531608345595,403.489445722976
790.9701415661317,636.2142450519923,121.99514643613898,406.74099623987604
795.5560722843087,636.7197454824343,121.86523904031242,405.91059761657436
793.8249179373548,635.040503401284,122.64809698386918,408.2435835078862
796.2905199038561,634.3781505535591,123.93255696077883,408.5710507461333
798.1833074095399,631.0644080265579,124.57918428858342,410.2308110000259
798.3729503416313,629.5152891823799,125.12065911556667,410.510522658795
799.5665350781179,627.4255214117991,126.15418947741708,411.43691703517686
799.8963044412062,623.205495696354,124.65355834353713,405.41614731433384
798.2647732176281,618.3056234370526,124.56701666090201,400.66348361455266
797.523043200073,622.3169387416028,123.35938611221096,393.22188718895444
802.2778908912926,618.5363876397714,121.7701852861987,387.495489964822
805.1170199469922,617.825462830405,120.54858506130465,379.6520350181251
804.005475257435,616.4328769799713,118.8864291172379,372.8029980397931
808.645277662831,613.1141753721206,118.21623840709287,370.64618605316315
807.9607304807352,609.6736127871568,116.42392887686006,364.8567685061106
809.1142088583268,612.8145928388926,115.6612742275804,362.39844064293453
810.761152372013,605.7798348672418,114.42267670712019,359.91308979546477
810.1804062207304,603.7070312108594,113.70097480154024,352.2468150891864
810.9377811596131,605.6003564292904,112.40819855158074,349.8265931467779
814.5114104425513,607.9671111984549,111.5525316299913,347.3900279882556
815.4733580809038,609.7367057812118,112.09453081396433,348.5564252561523
818.2115556280655,604.360108865623,111.09571960483402,350.1647101823004
816.4054077991314,604.1525767362956,110.56024438104932,348.4906285421364
817.8082940846505,604.4931139050651,109.38966098561684,346.53807865108473
818.385672914334,594.9316677197573,108.97011904976435,346.8482078075889
816.5877141072302,598.4801912644193,108.35025688263038,344.9372216237216
815.3297856223425,592.4800277563482,107.52905316247974,343.7193679834306
812.9146367634494,587.4244118899194,106.62920733320792,341.1399964600628
812.5396814660497,582.1028719617291,106.33232458637048,339.1254844966801
812.8988801406525,582.7209675170411,105.01963161624676,334.9184333816312
813.5338948071703,582.7310222746191,103.47939106342348,331.0474859205368
811.8321502513718,577.7823074113045,102.92562075844037,328.52065646137527
809.3109456492014,578.1441439018672,102.36393927216848,325.84018123129505
812.3207433811689,579.5592361146948,101.40464988046848,326.4196766953187
812.0794481972385,581.6347439064854,101.00671448052603,326.3366571368231
814.6261949056981,579.5437730703821,100.5883018398215,325.1449964187402
815.7391021349222,585.724730048348,101.16090161171991,326.0177292599888
816.897363676721,590.6075124088625,100.9022787184757,326.3146139942209
818.8246705102924,586.1963019565649,101.33494084250101,326.322195535718
818.8266460410553,588.1806478514144,100.72207403476351,325.0964024486405
820.0286551916952,586.2308945250898,100.16902397517525,321.7529119317951
822.1654318479862,585.7169129867697,98.41189388799594,316.6123340538454
825.4952848482336,585.2149535389167,97.5508653319591,312.7193909195222
824.9698734876977,585.9135724873347,97.2073097485495,311.31328880617946
826.0111712180994,584.4318949200594,96.94254735373264,309.27962989501486
827.5858166771126,581.7233150763759,96.51345625908587,307.6052568751675
829.0524685788753,579.8555607655878,96.76748580097362,308.2535565104612
828.2732526353817,576.0197947026359,95.86394211346735,305.53499197193645
829.7176381261582,568.4407877977209,95.18534259301971,305.38388369619526
833.0748327085131,565.6699520139326,95.27705951885554,304.97798160196743
832.5398717531191,570.3607357041037,96.07253538925173,303.5059262646247
836.4701164728987,565.8496410242641,96.55391244291758,306.49342142951014
835.3762502366704,564.6962642587853,96.26654058340385,305.29208088812584
838.8443539123364,565.0690841145971,96.21430635371517,305.2350723534507
840.2570091436671,561.769709345047,97.3253581575942,304.1371089218173
838.6989195274334,559.5343891597448,96.35791541130172,301.75910312848123
839.1395051253816,559.0013036290732,96.08524386159228,301.09933646571096
840.4584448329135,559.7920676769775,95.3854753941372,300.8178914110937
842.4973339952215,554.932468731055,94.6810195563987,300.52382083217424
841.1055397301659,552.7744391525785,93.93426097766911,298.9034390444558
841.2476250375378,546.2104832255594,93.12091841926087,298.9511449811354
839.0958316937181,542.3884054325752,93.3374947232942,296.8428143381612
837.5841714103334,537.7729160527068,93.42311239585268,290.57410685674796
838.3825305616335,537.1294364081821,92.03457832059983,287.84426669587674
840.2665018163098,535.9671966285447,90.61653057328654,283.9919550640504
841.7106359982041,533.3783316672755,91.13089635332726,283.9095021290754
843.5657507907699,529.9855849555538,90.40840180123092,280.7621323170451
844.6716880614083,533.1566060867522,90.02570416272499,279.7395523539954
846.6794115683123,529.5879699690736,88.89340415018373,277.4910347181368
848.2917840114939,531.0225693978405,88.6830502092551,277.40346041619057
847.7384766573833,531.7740105117559,89.32829108167402,278.10919730609646
847.8359314275485,532.5953101968511,89.2135944547971,277.04283299182975
852.3740724449194,528.0569634981877,88.61803866212085,275.71355200103403
853.1792520171884,530.0252713352959,87.94311010392073,275.35529926855963
854.1333087224956,527.3492371175146,87.15570015209263,274.8699763276268
858.3828972074654,527.2292972506839,85.65537829613623,275.96301608497737
858.3755193489594,526.2285251086603,84.32908589169578,274.4777992758851
860.622990628378,526.0411946260051,83.75472038211385,275.14657128441013
861.6640674739783,525.9102582595262,84.40774730729204,274.06783506293823
861.9148270662952,525.1063136130294,83.26804542297805,271.55486234879066
862.7791110719814,521.6865400015557,82.7414931691663,268.48227635488024
865.8548673266479,524.3257579047074,82.49277311359916,269.6071217604298
868.9034671283351,525.3633402070305,82.1049813166211,268.92753792436883
869.1888699659416,523.1032083029312,83.53058863388549,265.17969050362467
869.1613670052097,523.9019096379519,84.129931053133,265.47105960596787
869.035787351956,525.3860455744866,84.74534990067542,263.6871590850941
873.1151996533933,527.4571733610799,84.1620677477517,262.90097641458726
870.0456046979577,530.5270290761694,84.23105912270371,263.4854981348904
870.6673294593836,534.4442589616995,83.43206039550256,264.20150299395704
872.1006411116565,537.732738982108,83.77088261898713,265.9085032955471
872.5805045347155,538.1212737631073,83.67282644576265,267.1940631948371
874.0750818837053,539.2807074152595,83.49781683597905,265.6003812848198
875.1739509424484,539.6789318905021,83.4733704016896,266.1326747192453
875.4080470104211,539.0188331546171,84.60633795755477,263.58956638390134
872.1656817096982,533.2618775284444,84.02011471302285,260.32845799055593
869.6340499575656,533.4777440737523,84.08437814480897,257.6948732935713
869.0882806074009,532.6768408880623,84.17787664585859,256.5385712874946
871.1074471216275,532.3338587890867,83.58752068344528,254.55885817640961
869.5716320095735,528.974620517567,83.25887877658724,250.57832482412414
870.7477897594297,526.9421538338104,82.97455000363563,249.80532608180454
871.3703736678908,528.6878045069075,82.63952663499377,251.396777917068
870.9866309868366,526.1076394416972,81.71521462142309,253.73598063278519
869.7791509919925,516.674542126432,82.5615130405622,255.40051510706553
871.4290244643447,521.4948482996313,82.48365201542886,257.1496427509014
873.511782106651,516.7848305113562,83.02234987321111,257.8923635691507
872.5080217797258,515.0850802576347,84.88499348071497,258.49899427030414
873.3053418618937,512.1916565207673,84.95325686366623,258.34114293346147
875.1269659993033,509.9721832582213,83.8837216530408,256.83475454720707
876.7337059976808,510.61508249804183,83.44027549265039,251.279023797516
880.4820206232883,513.5167228458384,82.66815786481791,246.11294172891786
880.8116796001489,509.34187795123125,82.14305118309805,246.21785956073475
880.1448365268578,510.67010632570907,81.97518176766083,247.4868998668328
882.9739866603337,510.04737437835166,82.14307054184677,247.49123805868965
882.5147434629013,503.15774411392886,82.60206446191724,247.39796669666606
880.9982873921657,500.45083701827923,82.27703831374603,247.9053296626846
881.4635262451578,502.28363591312075,81.98631579718052,246.12988838049364
883.0053606601269,502.1534814373214,81.76480788833912,243.213243777939
883.3293130057898,501.0864824941228,81.84212590380827,242.3754353765706
885.9913636675592,502.61352321625054,81.88592924335525,240.13205309718248
886.1317172817811,502.92915535515044,82.40393528176102,241.11178077418623
885.2636894500127,504.08551740655565,83.79369716807037,242.73810639213994
884.7981629060004,504.88458120911366,83.95785603478927,243.52159418733828
886.4294881158183,507.78331697411943,82.939190075984,244.25474132492923
886.5081297419127,508.5739271178129,83.12834916559979,245.3094501452083
888.5205697439156,508.6522169830399,82.82104328116174,246.64834809114583
885.9398445462896,509.2018921199442,82.22026709484041,246.79623836070274
885.4966679355135,507.8808618567099,82.29872090089953,247.16552991286727
885.8852623386521,511.789498591325,82.1404157043942,249.0310233580047
889.2903552296775,510.7218030331942,81.34652535538777,252.17811415078
887.8292963893261,513.4825051135094,81.25678719540741,253.07291158164105
887.7896492190273,514.8457848509763,80.63047763843358,252.9804859224729
888.180045840633,513.0774215514557,80.56272015753208,254.74464739509492
890.5544020886774,513.0018036964793,80.72601642380305,258.0615484931549
887.1793931752806,515.5418072760623,81.67061957393057,260.96552485068224
890.0210986210928,521.9410954408916,82.14376719594735,263.7058994411287
888.6948450904079,523.5241890027554,82.37956388057773,265.08218181889634
890.4362556510706,523.2449777131087,83.51376098206096,267.0958830332147
890.0245110535939,527.8493906488261,84.40888338928282,268.24500069663105
891.5312322553476,526.2631797525952,85.57039540014311,269.8813401021223
891.3190356068558,527.5200791987014,86.03464273563345,269.8445714871621
890.9696385444278,535.8496257871163,87.45062682812174,266.9543467566822
892.9017051373396,538.753466424322,88.4171125006355,263.39822593187114
892.5979179970718,535.205190753533,90.05929025769558,262.41082627705026
893.7744689232325,535.7164150204092,90.38702102980957,257.7101927571835
890.4092313496254,534.4949569058215,91.47079531795382,258.3453528008272
895.5856782875612,533.4128842331654,90.74792730572965,258.3029725819457
895.7011697633801,532.5059260713357,90.86321673325178,258.90320077045794
894.1374628543499,525.6676049452644,91.74738399598397,261.4485993168511
894.0089755515194,522.2304992673078,92.00863941654586,262.0336127510112
896.8778245341626,513.6194096861944,91.51035948104457,260.3961613285212
900.0792057759077,512.1928607544066,90.4216562550618,256.12722464238357
899.4158343128131,507.78708698677303,90.08784954059541,253.93354413504835
900.5153575069367,506.37351417930245,89.10436382701563,252.7726929333544
900.2757778351311,508.11919135585623,88.0984549686081,256.44245279609765
903.2252223275665,505.35177198673455,87.0377894410737,261.48030419150655
904.1326802896677,501.6501503204538,85.99578589995069,263.2995993886921
904.1725614493457,498.4503757609599,84.6914804859599,262.3714827018633
904.4838201557927,496.2840878367906,84.33161979155837,264.6361180766453
905.5357072910504,497.8135264102425,82.43785849339785,261.2695112682768
909.5832203889419,500.575674454479,81.09163495951073,255.57596788037114
908.2980364199738,493.67946969679474,80.31836066264461,253.4987580262328
910.0643287677856,498.62517341732837,79.68956286468018,247.891209361258
910.5214090744415,492.1290318198662,79.113518301135,246.3502694040217
913.689507680002,495.6021830215677,77.48881982734932,240.93192527450634
912.5250026129822,491.06405731065246,76.2304426380093,238.22296417955212
913.2204472929009,496.53246551731513,76.62979094334828,234.59557884227655
913.3550676748048,493.7205857580337,76.77057887560073,234.05946106057706
912.229535188399,493.51071767352414,76.83707520484222,233.1640813009463
913.556584233974,492.7526135773786,76.34631052967741,232.6634604794129
914.8078257298987,492.2866057737291,76.41045003347931,229.45530789670948
915.9563009695282,495.3944946661539,76.3784386239681,228.15980723054273
915.5466795693313,489.1973861852968,75.92971670363595,229.9391455377769
916.6850243144734,496.0708543210436,74.98088721110106,227.89189054832673
915.3322617135993,490.42028855076126,74.22725876065802,228.37802536953114
914.7833876255795,492.82721420134004,73.29754087796658,225.20071173946266
918.76271777981,490.1245664606713,72.20444348530756,225.76810896640566
919.8028330446026,489.956885740404,70.68904600072815,223.29692729513903
920.0168576328915,490.28095148803874,70.3287286590986,221.88465644564062
921.3790671300414,488.0255246157848,70.15542064769342,222.23044680895345
922.3043954208272,479.16055048748206,69.745990786932,222.38497468592033
923.3574363446827,481.3686999788814,69.73552337250962,223.0097146931423
922.1763015426822,471.75789394035354,69.9305056268096,225.16427011431423
923.5829695827322,473.4467237929707,69.14983360730228,224.42860440856117
922.6804738441385,471.24883329075743,69.23724238185278,221.94673658257386
923.1998889024206,473.1380820907855,69.86399504135838,218.12610927965176
924.388430612722,471.35816929832265,70.27378424610654,217.36568816810518
925.1120039182481,472.87664660230297,69.03671259623975,218.0268369880315
925.4876523929822,470.9978068719094,69.56682276461518,220.43722187980313
922.7435593088213,466.15662380196875,69.1116567104943,220.478428008393
921.1120488454234,467.468393075977,68.89999625987929,220.2435174663579
924.0705707621241,466.6988800998477,68.3942783580269,218.02188062450327
924.0947147435725,464.1869718433299,68.2004378642456,217.64402715844346
922.4987802052484,463.50542757981617,67.14514507565923,216.00211628628574
921.8495926175318,461.3387126370269,66.57620698529205,213.31362787505037
923.0517487896524,462.86586518426384,65.1683963252396,209.9992257835538
921.7238559468922,462.26124017787413,65.50975511180366,206.99057122861467
923.2966902337657,466.28682550178024,65.62392964909482,203.9952897104412
922.1688845905996,461.51353370414165,65.62878872481004,204.64659246770563
921.1466268090485,459.5023171116587,64.8959891481417,205.88242410924497
919.3647767593651,459.96855073723043,66.02125464667857,204.99728379541938
917.8615482108756,460.44669272545406,65.76728951389062,204.1462790187512
919.5576691152858,461.52606610463914,65.53618790854627,204.18931305643207
920.2519105845706,460.0323125722961,65.51909543189825,204.27042420894767
918.2202257004085,466.26480313641264,64.82745841006145,202.42100551967945
920.2207110468335,462.5618903459359,64.95758217293053,204.04219698732123
919.6757031813431,459.67520017518507,65.24672933310656,204.58243686022553
919.9252545964164,463.9657500419328,64.59217188224103,207.00843246364417
919.0765156079415,457.28518104037664,64.29196085047816,209.14999077010106
918.4059419072843,456.1717005686472,63.92616485903878,209.7277342271784
918.2016750321828,457.9588309228801,63.65133570803087,210.96573986850512
919.1481677698273,456.62414790564486,63.57861612190992,212.8040875147043
921.9757832894066,467.9892735532907,63.46633857396205,215.3836010814732
921.3924397850253,469.98821870837264,63.576088961058645,213.7645488335956
920.3665159650425,467.15459047452816,64.29292237697193,213.7857128864286
922.780258734817,469.48494398326613,64.11991348003146,212.80116501240065
922.6767685084136,468.3318453894687,63.821851379890504,214.02923553106544
924.8381035206621,467.5399472009348,65.3928814782266,211.1396656476046
921.3067094225221,469.47746064954106,64.95621374570419,209.49089607461084
921.3363877379221,467.8980430326997,64.4380749188593,209.11620393402595
921.3828765516804,472.2271145955456,64.62228651630109,208.16435200706468
921.2070322510634,468.46565226381966,64.3008419826931,208.1109259815822
921.708871358197,474.3255461598397,64.4391658741388,206.80696498702753
922.4518412714899,472.14638859941044,64.28136666396983,205.42841935578028
920.8540193871002,465.4005264112084,63.91252917435716,207.26312411701116
921.5895482268432,471.16884638992093,63.299705244737325,204.5269564191075
920.8357816346813,471.6871314241771,62.61549672412039,203.41525063528928
919.9884217627703,466.44860808527125,62.279953759278634,202.62248186815475
919.7195661342699,461.27593610654714,61.78054622374533,204.09205239573234
917.6346821096076,460.80687349414444,60.83133529586671,201.86248114455506
918.0315032517369,463.41825978517744,61.2358275531197,200.77137713014656
919.0870885657139,460.96831207491687,61.09360910412076,200.1453626500024
918.986406869507,454.66127395195895,60.606859820390845,201.5083688733353
918.2901312005378,458.75829688727356,59.79745107150695,201.15113025368265
917.2072936576429,460.5032196722744,59.229959224236794,201.14449572417774
918.0344910304485,460.7732030352115,59.8238652694124,199.80644771950253
915.7487916273892,459.4578355675311,59.580396579040666,198.25522016478158
915.4807882436991,458.42234385578286,58.95932174241703,199.309203032286
917.552807374065,455.22184791121657,59.743476574031334,200.45938096038947
915.3047029537612,465.961143088078,60.309000132885295,198.3406386291275
912.9918245716049,460.47358770195876,61.41408934425,198.84376835278198
911.048014360591,467.1852949069216,60.5524808119625,196.503547721848
913.1018978984513,470.80434758245076,59.792764807408915,193.8769707673962
913.4367443173002,464.07122731117926,59.581252456867205,194.97303594830592
910.4803033987662,466.79765887704946,59.03841386928296,195.45437882547657
911.7008022314967,465.6200908538962,58.90710501035566,196.411767355151
913.0913330024877,467.45569878461447,59.38660922612523,193.90618421847648
912.0270556586761,473.10506781776854,58.055959955237,192.37157388349158
912.0942463305262,469.6417829964688,58.551686729594216,192.74288286782692
914.267715829974,463.19764783108616,59.337007099595056,193.52511796604824
911.4835377588176,469.5304464276236,59.1247078578439,190.4349382915891
911.3837255678592,471.31287341730103,58.632083180083754,190.42301466730618
912.2263118739871,464.1200726837982,58.643893666811564,193.95163294949742
910.5618011868526,468.8601776710827,58.184266435734045,193.51542264686455
911.8112973151115,472.3208741206478,58.428587968584054,194.46061214138064
914.376063064842,470.13060818660136,59.25854867569643,195.6025909622932
909.5530985684312,471.9332882693837,59.81076867651356,194.57675102225343
905.8884880002445,479.08024181978595,59.60724921993061,194.77200159814575
908.0787834467764,480.87736529695275,60.44057701277987,194.53481340731616
906.2738786237348,473.2344815561251,60.75762056465513,194.31505148528493
903.5956278053825,479.81323088250724,60.47384529248531,194.88432704821895
903.4375909146236,479.3501052817883,60.63659296495146,194.34355821486682
903.833823098963,483.37890163995723,61.286498295750725,192.8714166246275
901.7085779815493,485.46260087865903,63.06146315139712,192.16484645151473
901.1989131984401,477.2332767942974,62.78827803579963,195.09364938250596
895.7852254386743,478.71271198718995,62.622453253207084,198.01880695463714
893.0288838562174,478.26805865454133,62.14941387631196,200.25243570531492
891.6479456655636,479.4899669029959,62.31305035893783,200.46040648944228
889.4066741496944,486.2688873994606,62.49161923906496,199.1148972683634
889.2333861339355,492.8392372767608,63.56369299320847,196.76462662905837
885.3641373817845,493.9792167916127,63.70317192374941,198.70722562089995
884.7398190237776,493.3021751544298,63.96985942959628,200.91791198126054
883.7032903828024,492.4867730245347,63.74211161968889,201.27825372808064
879.7548568423889,495.91237565293955,63.428790788528396,200.42532279759556
879.6016416157713,502.44832608913293,63.313305114558766,203.41898512711302
878.4696351602682,491.06088033624496,62.96460039708581,209.62131918354822
876.0170115194707,496.7581541689329,63.523407363434515,210.53028790611177
876.4407296549917,502.2392236428003,63.74653858106268,209.1235993978301
873.8767878157411,506.08814606587134,64.07067317509131,208.846984391013
864.8442105180465,517.8492398030544,64.1153657343477,207.49807000319464
866.0439931241642,515.1972556158047,64.3756797297232,207.00248259919076
864.1059988902567,524.2733608144858,65.56105683508096,205.47222235136462
862.1882499464862,519.8014401980081,66.52914215548346,207.19317845248398
859.2640580762989,518.1720306554498,67.2122913301231,207.65944816588137
856.545840576914,526.5618298408075,69.00829659370928,204.15434396630855
850.4707001964687,517.3375924833736,69.66634217088408,206.0753356947262
850.665449857667,523.9299181093795,70.5674417178112,208.67506821651784
846.5138107408394,532.0337005709214,71.84417871840353,207.6964127859269
841.1946275534815,537.9612146010122,73.09062977176931,210.3251179029303
840.5448612798397,539.0987524342227,73.24207910906156,214.03937777346616
838.1947903237356,540.3199198380107,73.36242566070447,220.23016350269424
837.8647324126786,538.1199542190288,73.04156776226795,223.85725626733813
820.708201986917,557.1688290796916,72.81891923268765,223.85063584899106
833.199347365319,546.8883400699253,73.21824697563946,226.88457910900215
828.5314156781592,543.2179078628175,73.086604894942,228.4983693769471
825.686933169676,561.5547301926739,73.0377964934818,230.65990309247823
820.6412592078223,569.3981585735534,73.15628217353708,232.98962500503586
815.5540548887926,559.5912326424124,73.1161703571895,233.94921623194173
814.285416805626,568.518557074645,74.34251984772608,234.51607234184183
809.5275509225294,573.7166839111754,74.22396473342636,236.8773174099308
799.608185934652,572.1842861002248,75.25320450532345,236.65871678778308
797.5741461374655,592.0015687646064,75.56039647686333,234.98091186551386
794.3119381174141,598.9741431660308,77.08774983386067,232.6759617702458
791.7765913613334,596.6331999384132,78.71568883895723,232.89139991844357
788.8926640313615,595.0294435726354,78.82941780844085,235.42657869423437
783.8085154849284,601.3341980460118,80.10483922992034,237.10587284806746
780.7044589471974,593.2237798096176,80.72443940789094,244.22570472033112
776.7755506028683,590.8267789645694,81.67062355870735,248.29608557846112
775.7965793912441,593.5886532164502,81.60570855435866,248.65232288402564
772.4962726478568,598.3719522809939,81.42890390453655,251.7712659078923
766.4750033011657,602.4332961418093,83.05210341792622,253.6894717409491
764.9249619530482,594.1196426896624,84.96474500355018,260.0423636290683
765.7553645467614,579.7744548928747,86.34096908248132,265.3863151198607
761.1897790699202,588.6615228057442,88.08950205856358,263.05892898131657
760.275853395782,584.4796945999879,88.64942397206374,262.88432874762645
746.2582016050716,572.4496993126625,87.41093528663873,260.7175870682489
755.07873453498,589.306133144923,87.71881924066477,261.1457869086108
745.9237802234823,577.6273103021147,86.67156920277148,262.95506604759646
752.587229195811,574.5609704028295,86.48523140826049,263.52770775641477
752.4959923986727,573.2290095572667,85.91438889812505,262.7395484824981
751.2091621827784,569.0449816857397,85.32213384071676,263.6187226375701
748.60663769801,572.3198825033428,83.41568969959692,266.4836749162431
748.326598056036,570.8077387571741,83.59253945964778,269.34550187281604
746.843933702549,559.5296099191316,83.1905638415181,275.24031202387636
746.5045351046901,558.4312223327754,83.74254299126183,275.6654621546271
747.6267769371432,555.3796024645388,83.12662940615922,276.5540941754937
737.1393367111361,552.6342753541537,83.04219894508745,270.7469664519891
745.6010157109297,554.6231395417792,81.5165984757128,271.39139994197234
761.7204411032247,540.5989077259853,80.39240795418408,273.70493925715397
770.0049417014935,547.81651007385,80.11135155134784,270.82495516536727
778.4965948255392,519.0500668479627,80.76813815298772,267.84291852143883
800.5091888692451,516.8672395322067,81.17672310634758,265.9140875839507
808.5784369611558,520.4308113298815,81.35257705069996,264.7443867490685
830.1354611998515,512.1070997967145,81.77752622345486,260.7242149057346
837.300994819578,508.33305456281346,80.9323493724908,258.04811656891025
845.1728674477138,509.00029408821956,81.42865157105322,255.6898427478572
851.1344559417543,501.20025909847277,81.40375281936147,255.16763260650123
859.0393631020277,510.3340437451991,81.8842026284533,248.6453845868523
863.9945360535993,521.1811276473633,80.42566374740476,241.48956116576375
865.7253087199452,510.45013748231145,78.78611665327638,242.3454471355157
867.4321886632579,511.4626080983996,77.69039475340658,241.78651516256343
871.1018374446321,508.3347752760292,76.80503662852435,241.44239309520714
874.1509000676883,516.654927332678,76.22726851436978,238.9631512225102
873.649366257009,512.0735392986144,74.9013423384263,238.80395348997814
875.3153373017592,513.7728780547736,73.53091174165499,234.87108496527696
877.8669462467101,516.771885390355,73.62932873563379,229.00434709534272
878.85152876139,510.08777345940905,73.81300551268575,227.01346966176362
880.3293744319395,504.45486511963463,73.47112494925094,228.06372542822646
883.577879616525,498.61764205876733,73.07732789032164,226.63023087613294
887.6650690845571,491.30315169023334,74.33054600015583,225.76399428989768
893.3093028256171,486.18381849072637,74.45036079800403,223.55993264630914
909.8775563138374,489.52853551495383,74.07434423904397,223.27869695448257
926.0927576792989,476.82824173743575,74.12913666803315,224.65566390404996
927.7819522164045,471.3865260691308,74.04197374242715,224.53852494341865
947.5047651617259,475.6376761981139,73.85976032737041,224.6857684476595
951.6161175927792,501.6384194941809,73.57057244448127,224.6782012280841
970.1699200165784,472.7216411769616,73.10148688399234,225.8227510571028
974.0094956213142,490.3362473356242,72.9787755510772,225.86868903884985
989.1485631107203,467.5274232332325,73.35884178991627,226.25462490232462
992.9939440012375,466.1616394911031,73.30673900927849,226.51426092906402
995.0091880533608,467.32887907268537,73.2776737871121,226.54825911041237
996.4707212608724,471.07460236810874,73.15526369075329,226.24329399539567
1001.6092978286991,465.8253446343142,73.11064019529782,226.32446536966197
1006.6732388252681,463.28866257519627,73.02389494379814,225.79197879133412
1010.0237015760736,461.7521036963143,73.07754803258021,224.13424156099993
1011.4023537519142,458.3684930574548,73.19714506906703,224.46958999402284
1011.4064873445236,454.80916116196397,72.99632639020362,222.19596080862522
1010.7457526997675,461.7855407795597,73.09642557874069,220.62263902002792
1015.1212749786432,462.92228957408486,72.99614357897292,217.4724905015267
1016.6500604375159,461.60478427710234,71.58141483480384,216.6964693724692
1019.1224306690101,463.6734785708919,71.59076830492083,218.2246515208214
1019.6982004821568,465.78552846029925,70.80981432883311,217.57555178969056
1021.9233102751523,464.08589965079005,70.55615178782503,219.3848204617942
1023.2668461153193,471.0129804735114,69.59518019465683,219.87247953320946
1025.0565560512084,464.3510043414622,68.68604125625863,222.5411926920832
1028.6863281559856,463.2377060701573,68.94486242985255,221.9700580735755
1028.8629236904762,471.11342876129225,69.22388143672653,217.53810407771917
1032.0656787879693,459.96516085049745,68.82389253919503,220.24979721742395
1034.4264580608274,460.99447024302776,69.171561212107,217.04493223752394
1034.622371137276,461.8551787178612,69.37845125860743,217.57975899360656
1038.7967051895253,462.2163198897789,69.56334009228077,217.52354943562543
1039.941123179755,466.0018772048538,69.97657959323566,214.13510349138875
1044.490715393485,463.1232977841646,68.74902392706738,210.49582373413426
1048.2034968637652,463.36600150967763,69.44581740130198,207.9235453743711
1051.4567607353777,459.4056184571761,68.47558602572248,207.69023585681552
1053.323321785921,457.6739573925037,68.43525371765021,207.6126591862641
1054.8650562992411,461.3520298491201,67.22673295417806,211.8997675994474
1057.6581713283454,458.9958155700116,67.70568987335636,215.257586906642
1061.302606250439,457.2844135941636,68.36266610994895,217.8809921976782
1063.1723909629113,459.21809548600334,68.58110950429459,222.69382899078096
1063.5890077655977,462.96143402620487,67.81877623482958,228.07994892270696
1066.1947265905103,457.15553218219577,68.93939558421087,228.31456011347183
1070.5400425904054,455.584738226075,70.03555633954771,230.87564038964305
1071.841779530284,457.7302080700463,71.63976316200004,232.56067621515876
1073.9031861442627,456.0470554663724,71.9973776760473,235.05653128346086
1076.913915012275,456.44604506705986,73.00895331099409,236.3898131923917
1078.0881337841302,456.03942601162396,74.15540788764514,241.50716945969663
1075.8107847943024,452.1873155478146,76.04116770735808,242.70649517704913
1074.9966974271174,456.38951568303787,76.98078696267852,239.323990315233
1078.8641909611088,461.0718190452296,77.70468413389234,237.14084730926388
1078.8730875564308,469.3423152775223,77.45014487047928,235.08252562867506
1082.5172841454955,474.71505766389083,76.54616874938723,232.04118581061937
1083.5852368866008,478.1074499758764,75.90867218078915,229.53596032208526
1085.7201992881792,477.9422287720141,75.72378842377498,224.67878924256613
1088.0085609825635,473.7258794810796,75.60177313437123,226.62529941272254
1092.9008934664864,475.73999571778614,75.6388578537203,230.37032038016642
1094.8788281865218,479.3448215587856,76.59587312586899,233.82207712254487
1095.3490475541632,488.18078880627684,76.2241105046684,236.19660373290918
1098.5770034341326,496.3984647469846,75.3536570233857,236.25418321746045
1102.6195447643024,487.2692110696097,75.3435608208707,239.55356028503974
1104.936131479717,487.50262529518346,75.44101683416355,240.0046094483904
1109.2518395710947,490.8997706056455,75.28815442338083,245.8521540401739
1112.7786674354866,484.4594700213315,76.40009470289816,242.37615349371396
1115.2680057579885,493.24084308870505,76.73465572497807,240.06008285029986
1117.8475162153918,496.6720679923511,76.74558672591236,242.75657679148185
1122.788535257495,503.5836016940055,76.00588739445251,244.5032058145647
1124.7268623762918,485.6812756413042,75.95170215290675,245.41345636967435
1130.6676858976143,487.17653929344544,77.5413447449666,246.31787635581242
1132.5293565929614,480.91356532689696,78.05375450631095,249.89504136807193
1139.6066912021238,484.1595979762701,79.54323506825972,249.2230887745563
1143.805053776799,482.2690083492149,79.71186235878926,255.6340652488969
1143.2379719416226,478.6224454661816,82.28819962933912,260.2228264767707
1151.0013695094997,473.8331065710318,84.68461273027906,267.9613011010623
1149.8667794236123,477.3198790546103,85.79128334146911,271.5926727064761
1150.2418160717398,475.004340616425,85.76569043576261,274.586267654975
1152.987901011598,482.8532316219487,86.4318648248451,276.53096649414744
1154.00144733007,488.4735744262559,86.15863385362672,277.30245835287917
1155.9901458050358,496.4825544498666,86.45562283280289,279.77389153991066
1159.3586259150002,500.63932650342025,85.89966713710514,282.5725720116608
1161.3487980501104,495.5297881621618,86.24639453360199,280.5756824695073
1163.4858845320982,498.8678219615223,86.81387396296772,278.01532799029314
1166.2200764544968,493.6805170433443,87.77093138327676,276.73845333720817
1170.671332069633,490.1911449894686,90.99302533183689,280.08996656231494
1172.4520757856985,508.97976272405595,90.50369933578698,279.7685485064704
1175.0777581027503,503.5689060131274,89.94631491866345,279.524384967573
1176.1172667631158,515.324712218307,89.5964149914263,278.4679841966182
1182.696351345417,510.69964892776557,88.77046971903557,279.7072703617464
1184.34372463779,516.7570098766574,88.41185175062256,280.22278985800557
1187.6268277173974,524.1623629454065,89.31738249936681,286.82426557475554
1191.4466263489248,525.7248333724906,89.39854748911958,286.84717141934823
1194.8733887591359,536.1398019631742,89.49601716027459,288.6563676913503
1198.638306427242,526.4528080976261,90.98896796450414,289.1149825739358
1198.2849177482292,541.3108653712303,91.89922148329448,292.19480079650276
1204.4211065233467,541.8017091828608,92.4285531081696,295.0194390857173
1207.8557489418451,544.8760719326513,92.00064638778022,293.15232645921367
1217.5289101384462,552.2548406324141,91.39283984845987,294.53393204980034
1218.554999181801,543.2350882297781,92.00386881588898,295.6719094502873
1220.2036645077123,546.9413844238541,91.46408387367579,293.1933137395339
1222.8224542302553,542.774828855021,91.71985255023293,290.7283978386259
1229.2307449129023,546.8899495313694,93.18282459833021,285.3192025998969
1234.3319460366295,534.8211712566767,96.61615500163258,283.9477812592677
1239.687121351226,544.9457507857976,95.54555389941714,285.513023827613
1244.2315963470226,544.4585355307391,96.8352946274286,282.26773158992705
1243.7846310474265,535.5680720101678,98.11407137749593,291.6749699332547
1250.4868580849466,534.9657313213312,100.02766768697688,293.29056319881215
1254.045826814539,552.7476814800341,100.98474052747518,294.0412724089943
1256.5977512212924,546.1640290164178,100.57163516031822,294.6068555726161
1256.4595438311326,543.1904785969366,101.11475700335903,295.16127481291494
1260.3986888241102,561.3336857176821,102.91779197620505,301.78698139051596
1264.482703382295,563.7601447516411,103.2192853360318,305.4750436616481
1264.2460062846721,561.6164829627834,102.92659122437384,309.72824668339655
1265.2205997602925,555.1661492631067,104.02258650122116,316.3132578975998
1265.477438621061,549.7357184241049,103.69063837951765,315.42254505930686
1267.2371052190783,555.5963131249371,105.9551115074883,318.24478693968615
1268.5592318298295,547.8394630143989,105.68985894974328,318.37856906231264
1266.1744914467329,541.5828637593816,104.56423959920687,315.98692233461543
1263.6559450212483,542.4493245403844,102.55916860129894,316.7944816247367
1262.6984151235017,535.7779098044023,100.5054142621942,309.2166987614959
1262.1149484178698,533.4992250552069,98.41891849903509,304.14763202636624
1264.484439065272,540.4990440479761,97.79448254953712,301.00459670959003
1265.329193173188,536.9978483936192,97.25855344957223,302.2086510355769
1265.3198549395568,529.7447350271934,97.16316216864593,301.95052783098936
1263.6627754439041,528.60008355873,97.05526329290127,301.11492804269636
1265.5570287983635,534.7159495850879,96.92683820896697,301.19407378996846
1264.2624126875014,527.6478761522576,97.31598192971488,302.3185791532488
1263.811781074811,525.1082188931721,97.56425582718809,304.48205709877254
1265.866569404696,516.7017407652561,97.22427288308553,304.095247195547
1263.7007355492526,516.4451629321425,96.94643970896273,302.1144551174048
1261.5749264542146,513.8263706746354,95.73484350160827,303.6704261871369
1264.651977631467,512.8017833055923,94.77995560556938,300.93794370629007
1262.7528800997804,509.50410036590273,94.49123612960494,301.587170726874
1263.421735472423,507.7377119592385,94.00736233796005,302.3154975051073
1261.1622928972702,504.02132932848053,94.57861899018837,302.8395651614901
1263.4888629218397,503.1592584629136,94.14795923813799,303.2089735447312
1264.7198033060915,497.6442332928754,94.36530439126491,303.2167908754692
1261.8417808646348,491.7061959044927,95.17465871479128,305.2393824521614
1264.237394678096,482.78265985553196,94.78898967398915,295.1138383544042
1265.109067147621,490.0112729506527,94.43485472067225,287.2151410643092
1263.300871236314,490.34300073555744,93.95252360856371,284.16728464992565
1264.2051447553565,496.62947345913335,94.6181901706374,286.0997417677763
1264.9500823674523,492.0364296112009,94.4544049246639,286.7985266834899
1264.520011012255,496.18897452777253,94.09624395463814,284.4856443775073
1265.7405552148632,499.8997187990601,93.54651714362227,288.2301180541704
1266.2876758958905,502.8726829835867,93.70972826951325,292.92913578344485
1265.8048301712083,495.40503479101665,93.10164240087676,289.36347467957125
1264.0634775168908,494.9193423842813,93.28800462136199,288.00720799234
1262.3270794920684,487.0845134560939,93.35697586479321,283.830704960043
1262.6243958449247,488.81411644293934,92.57418235218628,280.1064053915626
1260.9871635940099,485.85549576324036,91.58610555991788,276.6891578822472
1260.6802605160028,479.99060465724716,91.10710299248258,274.7994828493605
1262.531070354244,482.79204163410395,90.2075081573085,271.57962142883486
1259.3130836560474,478.2753875810943,89.27414780965285,268.1732704162017
1256.8928302768259,476.7701978428897,89.8761964115102,269.806262011332
1256.3174820215893,479.86963637714666,90.21033736234796,271.76958300952947
1256.9235314547261,472.73702066503654,89.37681549001671,272.0041147038302
1258.5607355651302,481.3733306166504,91.03587561103578,274.47549809650104
1258.1254168186756,471.60832787836307,89.94651020477504,273.24391070808537
1255.1073849291774,474.37800711848024,89.07319402466516,272.2685885971748
1258.1283999479806,477.6637570256461,88.02933054818531,270.1119423556886
1259.3418172460556,476.43804132876596,86.93493632831742,267.174720471098
1260.6323460998103,474.12069582217816,87.37435376996238,264.36878486302726
1259.716111959013,471.9242801182295,86.90754379227985,265.16010312357054
1260.2333030461234,475.77659259142337,85.11839801484862,263.72650002013927
1260.1673493948952,472.59723532589567,84.35883762683721,262.79866784404135
1261.7092411444276,473.2721481674002,83.60576787670439,261.3805463096825
1260.9680875214763,470.44525234027066,84.26823487020756,258.85267540443226
1262.8917420338266,470.317692589465,84.62844966829098,254.76290717258405
1265.5426441289278,479.0095858940951,85.2381583298038,256.4675032842712
1265.3158875000997,471.02784996367353,84.78244195126753,259.1630432069429
1266.2927308379283,447.9826290343277,84.02056361854429,257.41648326509744
1266.941335283267,468.5121408181903,84.87086358750093,255.85190549815357
1264.8580191133483,458.61540297233984,86.10923703146435,252.99308512357027
1264.8597738204355,464.5219458546876,84.99336725905174,250.3618059232058
1268.0655278120882,475.1599663252199,84.24177758400441,255.3122550028931
1269.7496067783716,471.98566827384093,82.84132287466615,253.6447654809562
1266.1383828708322,465.5759352994524,83.25205174901028,254.84461492124942
1265.360956806381,464.57414980352667,83.98678127831083,258.8167563839108
1265.953017198512,465.68899010512536,84.08267119427452,257.6233641613363
1267.5825356579073,464.2921040047361,85.1373382893083,259.16825084976284
1265.4438580488684,453.8953514799315,85.01165548248399,257.85932937044134
1268.2477054504282,458.9079701771071,85.25002715427904,252.21310551445083
1266.915737847938,461.7240376659081,83.6935310314391,248.7237727753132
1267.613626988052,460.7837518391159,82.13032947311812,247.64086943996023
1269.2869795399229,452.9656127096579,80.83958645510015,242.8288997893303
1270.3002533329204,461.31919409091194,80.34923510094738,237.60884335006438
1270.4365885162129,455.0711767513037,80.32049674310585,239.27370413249133
1268.957273179195,443.5680094826767,79.77135354095134,237.9470175058049
1271.3666381649127,450.0400701657787,80.1163222427638,235.20562631843393
1269.9242541504057,454.2276021015941,79.70653842241285,235.8072412950697
1268.654559865306,453.6943298615017,79.72071828098792,237.67102191979706
1268.3348678141638,453.1065217874006,79.0204919258523,237.43769346121837
1268.8724234790138,444.04615659531197,79.6771563568029,239.4663923665138
1267.698811099024,455.1077637938041,79.43352647200716,235.37506693132156
1273.411325714737,453.722804881115,80.10834217313717,238.51485717772596
1273.8669230228215,450.07351042343,80.63683778924508,237.27248864222935
1274.311566572389,451.7806198159099,79.75274925076496,238.44989316354383
1274.15383019822,442.28120195611666,79.8998974540772,239.28183015571335
1275.2112486845413,436.4873561258131,80.44496853769397,234.66102190787322
1275.7313117873912,445.98191482735126,80.7196604758388,235.5064477329463
1273.5438390400836,445.3782280371736,81.20995430953451,239.4820393537679
1278.2031802503736,442.2877442999524,83.03816157553898,235.60320477285143
1274.2109213430915,441.28645988411813,83.85415703216249,231.22137132943453
1275.374426269347,438.218765573242,82.52689499239985,228.35184471375996
1274.5895044541148,442.9751448040713,81.35008721180743,228.9652440127215
1281.5666976525804,448.07317411664485,80.91024625554996,228.6456588143933
1281.7905794880312,443.32061336180675,81.02601565235199,228.6798473635593
1283.0340588073443,443.12858850859993,80.0003664467088,229.04799035048205
1284.4781460637835,441.36168612313514,79.45999338074537,224.9503506672185
1281.4104498220356,441.0375668294837,81.21651394651666,219.48722202887433
1281.7435533942455,446.5622258869709,81.8193187764312,216.71205190126565
1281.0824052495493,445.1360889389774,81.10774341512806,217.66466211050033
1283.6719426801462,443.80155029103145,80.0573325706577,214.85178149394721
1285.8801871396201,446.501040487763,79.8261101464607,214.2562168757831
1285.358592099759,439.9004357868089,78.97637496373203,212.28402730613382
1284.36442652419,438.21622394460405,77.59908764753874,211.8911532877541
1288.0547347908384,440.8995270629085,76.2051721258999,207.89264531011744
1292.1696274063274,439.2810145862987,76.45876625893568,209.76524055104156
1291.821887779489,434.8904142933486,76.05491782916346,209.8610888115022
1292.4123775445348,444.35629443253123,74.90638418058798,208.83580741497292
1291.7474215338025,433.99719498098466,76.79582580458026,208.92414448640102
1294.6949988402264,436.3840392616111,75.85044068864988,208.03031656472024
1293.6142563997576,435.70225082746003,75.84233628850552,209.3040104631662
1294.0485071404298,434.5467782079187,75.29342451143614,207.17417601627469
1296.2773658318663,441.91922140496354,74.79368275455478,207.23203925597403
1298.3590464554745,438.5904868417248,74.59177685249216,207.95836414493334
1300.8832093075846,433.30975841634125,75.28497632145947,208.40160066641567
1300.856703938087,438.8979493204085,74.5498286437066,204.79991253809075
1304.6681113930288,438.92865316885695,73.7554510621619,201.4342805884931
1305.416299848777,438.0106228709577,73.43879622135903,200.01355960622757
1305.1986769269565,433.79879230144456,71.69526985392523,198.49498956697013
1307.8943303370959,442.39902329209804,70.91610941121023,195.87510925070222
1308.7819286282672,433.0646039618232,70.04504179758293,195.00674698351764
1311.4837931685615,436.63748456986514,69.27558243134996,197.08069325644743
1313.80599520109,437.46198936112296,68.27822612439539,196.83629371173532
1315.1113971260954,435.8527839729454,67.62676153543933,198.42849403696442
1315.4017915049383,434.7343371527797,67.39486570492362,199.19992904578035
1317.8722091437817,435.9928602733305,66.68904963423736,198.82736422519565
1319.080857806562,431.4185481821979,65.60594303495714,201.37041952165762
1319.8000256873127,436.14621686404735,65.53037198960399,203.04917353521708
1318.8666904645831,431.7133728942623,64.5702470954787,202.69334200457234
1319.2564368649105,427.98362060061936,64.27957210583622,206.8836498431246
1323.4582784059094,427.5727591939353,66.2207281199082,207.83534778168627
1324.252998875911,423.92578713277976,66.35782989116231,209.24691141846284
1325.6740498290822,417.0412505103053,66.12639044514755,214.3916570038048
1323.19182492366,415.45552247734224,65.38453046061201,215.01115808506592
1322.9860329699661,422.33330905568823,65.50581885651584,216.92380163369623
1322.998085302457,412.16817721992413,64.89234358320456,215.86038091801748
1324.3718976407847,410.1732833726494,64.99857570853561,212.05581894215675
1325.7736063666455,414.71618551017264,65.19684244565661,209.99927434881195
1325.891001654104,410.252499043346,65.73510956994303,210.10906705938174
1327.7873529618369,418.31436837770696,65.53167373151605,209.32802171951724
1329.019710943264,415.23126142826584,66.4193239776917,211.18481503276718
1327.6233993797844,411.04283699706673,66.09593882294331,210.72537544301687
1329.8367857378644,417.0264139359032,65.44483591993959,206.56748002634257
1331.832868515492,414.8792041649899,65.01007798225343,207.34243960532424
1331.9890363534994,421.14850348706307,63.34060844088205,204.84081300707638
1332.2001721477743,416.05546249021677,63.225974543829835,203.69977135880117
1334.7104976468306,419.8766180589278,63.27497801043901,203.20645943555144
1335.542683904963,413.41297160771603,64.7943573156922,202.14568852571912
1335.252680435781,427.85181465322995,64.42312144952876,196.85056392761126
1335.8988445260964,422.4708215062193,64.71706109783955,195.9248346912371
1337.9831551658901,423.35408493106786,63.716788607466995,196.72732692074828
1340.2462681092675,421.21699685656966,65.10222100776079,196.74545200620707
1342.8453805219658,422.84072527135106,64.41300888149135,193.54220432537915
1342.7700738793667,421.2317331813242,64.39461580413237,191.96283428408879
1345.129252971093,422.0564079292145,62.81933022581258,190.1581298116542
1345.5112515885216,418.88676070071546,61.55753135926643,189.67287173264154
1347.4799562194596,416.85238792315795,61.44151654090232,188.29278286850607
1348.9450949168468,412.02227400095074,60.482102488413304,190.43513074999933
1349.6925283062492,410.9080043065551,59.74206750053213,192.23617638774158
1352.4493596716136,411.7718706556276,59.28079868307253,191.52580151582944
1353.1573765647602,413.45845173456723,58.579038587956944,195.12514921894265
1353.4374711950384,416.0460354766179,59.13658435566724,191.45019798049256
1352.9494002791243,412.8640850690963,58.106215214518485,190.9118380152013
1355.7719438737292,412.3164716499315,57.98245647455806,192.6168625696717
1358.9443326040634,409.0649741150661,57.6978782746015,190.73215851220513
1361.1907182316345,411.31707782546584,58.01121120265623,189.14068154680416
1362.5860171693064,413.75350816577793,58.070866194057444,185.76743450887255
1362.1071789794976,411.11623777933505,58.03125351212901,180.15927436165342
1366.6630424360667,406.6590026215285,57.855131648124065,178.8070839869589
1365.8297071134032,413.5738008436084,58.42955981412649,179.05664346473512
1366.9162781885007,409.0799652457518,58.783208282827985,178.9927647489493
1367.1056555189873,410.0417105659892,58.096771584501276,178.47744600064067
1367.091367617313,410.7160881562611,58.37590802913868,176.50082479035743
1366.381792660403,409.03546018524185,57.46090691337176,176.43306771855623
1368.384068243683,408.11958229230606,57.02364366871717,176.91010410402188
1370.6032755446897,409.6025776487508,56.45802679428887,177.21368517229084
1371.3422079568595,407.15785698647244,55.848424320508585,174.94353720622874
1371.0807476779064,410.1978092649964,56.41980377499213,174.53762671351188
1373.496363398712,407.3555862002616,56.959047148749285,175.5112731489202
1373.1663721826405,406.39091077836076,56.89352101022119,176.62916385535456
1372.7332073505338,407.51396512536155,57.11123531417458,178.495127629157
1371.882839540777,407.56541764824965,56.56766866089183,179.12006676205743
1372.3057310134818,406.16676925783,57.54322389220957,180.7943293040813
1371.740744225505,405.73852901940313,58.17972092831255,181.11368294177424
1372.7141065259627,403.3977040676292,58.38283715915417,182.50320070611605
1373.9783697747594,404.6337945834345,58.695025831467376,184.51495741483146
1375.4735923744217,395.53909520899157,58.834126082353336,186.67218109963042
1375.449951419682,391.10124174836335,59.14027254361486,188.34341452540338
1376.8597818108335,395.0170492026634,59.813727424840515,190.89909057139326
1378.3036019951724,379.26185833272785,59.40283528423598,197.27596172166463
1379.7086948889532,375.6242808717469,59.57214955198742,201.44858997889264
1380.151920276184,373.08737158537764,59.04507407554925,208.7977638906815
1383.4334603234731,363.7631206026644,59.63627750453031,212.73081080087118
1381.8308375802071,360.7154828700851,60.546819269062325,212.4610702824482
1380.6824822858628,358.00929824693594,60.68184963619324,213.4998442910146
1379.7850784250986,370.7929910586954,61.57656594803867,211.229762820938
1379.8326573547615,381.1037722485426,62.53924700549121,211.6623557909751
1378.7053983519115,370.38762397638925,63.27001399075952,211.64926354133652
1375.036387879375,371.73109851408503,64.80352243506991,207.7259660753657
1373.9274574985477,358.88724916285014,65.02210536660058,210.12475868042333
1377.0474276279754,368.51280672682134,65.5413466072263,214.01863828819876
1377.6941690038566,351.3235475656045,65.58443793306994,213.6874741460328
1379.731542636731,358.2114827940455,64.96067538373659,213.6870372294951
1380.2668801170587,360.3416932062456,65.51141770709336,208.5362346516502
1382.9264031145692,361.42889276366304,66.70780311618603,206.87890541300928
1380.51572583001,363.3755812550309,66.8699546327834,204.37841757230998
1377.1031964637837,360.1797866176986,67.30182584234788,205.19806165654492
1375.3266408575819,361.52140779951765,66.37062595093062,204.35168984401616
1375.21359992566,355.5540401198343,66.7866672663308,206.27097663313134
1373.5105968369708,354.62260876838735,66.61920165911746,209.25941213666155
1376.4948943874813,364.8787625511342,65.89316169954549,205.654210970704
1376.0464243686947,351.14597745226104,65.93434366617296,207.48342862938784
1377.0604577711472,358.1680722414835,64.98519507988075,206.59975102146288
1378.3997729957894,356.2704411361977,65.60155803116987,204.55415048102748
1377.7641458686296,356.4867725627039,64.92797769553133,204.87571765044555
1376.5044960315404,352.1283523738535,64.16080171129315,205.73165095035696
1378.145585199042,353.8677548314936,63.08924974004434,208.302226337506
1379.3545379980387,356.3679498566247,62.44285820016393,205.59161189721382
1377.1723324673644,359.03106332622417,61.49185054126681,205.37746362470187
1378.8715657693083,350.7305048733491,61.015357642670836,204.82209592657017
1378.4595789212024,352.8603914287128,61.78351013246237,205.13868685621765
1378.8327208968976,351.13272100293614,61.64446244720806,207.4279156424557
1378.0737070206244,353.05870703513085,62.96279416556122,207.18954359370645
1378.2570278761739,352.4012649413177,62.205887079086715,208.199834128846
1377.5091838293379,356.2023823785352,61.75319923243555,208.64039157466243
1376.2010137609875,362.43160881377815,61.40235673287562,204.06665187708913
1380.1098596140118,357.21275981833645,61.56481095807083,200.2802840873329
1377.8411255687186,368.84738958116117,61.17425237247939,198.56406220511613
1381.7214898148193,357.3120847588376,60.99165555599812,199.61968581155526
1380.1143848579802,353.8847159422177,61.44785555909284,199.07596877865726
1380.0498819650193,343.5499153520375,61.15399899407382,199.58539463553137
1380.261805793373,351.94390396093036,61.9395130097679,199.27697254775055
1377.6634456662116,345.17905911938027,60.953334742667394,200.84414353883415
1377.7316558199761,344.74874169830287,60.9858443845408,201.07159651100523
1379.2161717152292,355.3275439356661,62.177572519877025,199.8674660810786
1365.557146989282,352.7631493653807,61.888024620697394,200.17088586358668
1379.7413867366172,356.5398673295057,62.11831908232591,200.55104368533665
1366.3516283034983,347.48298431501803,61.735343196488216,200.81824637507864
1366.8632115928203,332.92358246878496,61.60528272078783,201.48452778971267
1367.853660339915,335.766451905696,61.51340531193332,201.7299679625215
1366.0107004437807,347.5457786915127,61.127698440993825,202.34003272890087
1364.0495124796607,332.41307594982476,60.90880039386149,202.9399223126185
1366.1027372974177,344.304434210419,60.115725277695816,204.16970655436938
1362.8633896117158,338.0245657457309,60.04653141646401,204.1448582939263
1362.774402790342,356.9237128075069,60.08150840529704,204.1454113688607
1360.7123023123859,348.70134036043254,60.021159075869825,204.51722497333654
1361.8684650312807,337.38149537826604,59.03687090004336,208.25246928947615
1361.8969860475136,339.96050691342856,58.87639350023145,208.01450399274117
1361.381398835794,333.8584458084206,58.78772146046725,208.41788786810145
1361.4187622243237,337.7443004567233,58.71019414543623,209.07811388185976
1360.9878918974853,324.0210102337612,58.61590264216881,209.89648426003487
1358.4735904059744,363.4559622988812,58.51789153141006,209.65399864786124
1358.2180232209391,356.4266214411957,58.416990924998196,208.59953072028793
1359.5728300426151,325.2283486712935,58.23277315185471,209.6833626370456
1358.6678486015983,336.6786949116461,58.20049736926162,209.76345743356194
1361.1109266537624,357.09994915786797,57.99613638517257,209.38326736152837
1361.5646032110121,341.697052233417,57.88533491547513,209.593977973736
1365.3324877439618,344.23294914684,57.90659080532517,209.51890493775306
1365.9853431383958,345.00438032928963,57.956359376083896,209.90917712867045
1365.2636378201346,356.59788760633,58.06450425695306,209.99605593091295
1367.0109090524697,349.21048531984957,58.048818594269655,210.00406248446467
1349.4399725639983,329.18645965499076,58.107336621261275,212.75203446847914
1349.1180729030143,323.59781345571866,58.10232794075728,213.10504135982117
1349.9113174980969,331.67967679801666,58.1129595124636,213.11165616692443
1349.4822097847323,361.8507952486007,58.364611013449455,211.62512834168402
1350.2312014539245,359.23403958364634,58.38855908490067,211.3666924975205
1352.7648914660406,332.66850515045576,57.63113370391851,214.71905576697776
1354.613288054035,342.1743986500376,57.48554759351177,215.10518556163746
1355.0828308093194,335.67164008438704,57.48015424021166,215.06295126624167
1357.1172863773263,366.32789534859455,57.518702172495956,214.7033673735689
1357.544984710917,369.61586191777076,57.686737640896474,213.87492940962446
1359.3474397168757,376.7529621220108,58.0998639944884,212.0299253588714
1359.799074310958,356.4568894453593,58.165387721667805,211.84175912770175
1359.830329796147,353.18368904745483,58.18276763574892,211.64261548991695
1359.5801154218289,348.7049037712452,58.2124796099216,211.41413467362284
1356.972283875202,341.36665287300843,58.219840205311336,211.3686592362096
1355.011694522292,385.58030795601366,58.81758122039684,209.46651081336321
1352.928714088819,382.0219318048452,59.026075485017046,208.5701005027851
1352.1002236320464,367.19675433042505,59.11314062707808,208.2836230236469
1352.1728706056738,324.9513685917703,59.17578530623169,208.7155260927533
1351.8240011198711,307.5804132305764,59.298619716794086,209.18169905268988
1353.7125456504525,307.65106038282806,59.50601818920106,208.8349730186315
1355.11041088619,310.24574335139556,59.67939629926888,208.887163249099
1353.8444417235976,304.9523870361395,60.26287273423297,208.4704674476043
1354.3718825726357,309.23655767669743,60.338088783005944,208.36812290873698
1353.4642098385189,315.766812029495,60.73598656504426,209.61876475398418
1352.8462977951135,317.6592678775701,61.172213209704964,211.40548782727365
1354.955064148891,332.11708018321013,61.15398508283822,209.871655284475
1353.9904017252231,313.54221144090735,61.73789672216614,211.17162699149267
1353.8748664271684,333.54837746170926,62.058106899002446,210.3828972448107
1355.481915773815,317.26728164570653,61.94170141058887,209.97821952256808
1357.1008122607968,332.3907496569151,62.065248244135745,209.08771736855923
1355.8276643381835,330.5595148018481,62.101585345313026,209.5354284441259
1357.009941285807,323.1819497319464,62.08427738169169,209.4407346322081
1355.9380850192952,395.07038399998623,62.42419445782901,205.12581067620656
1354.0045644893596,389.40671284264596,62.85088450833113,202.67765555436372
1351.477971322252,400.32640830825693,62.86678456096047,198.3561574606662
1349.0512450614513,420.55155480559154,62.59453184040522,197.400825250909
1348.7546717227428,401.5164147424298,62.553640725139296,197.14068011478136
1347.8424897652064,411.5350604446826,62.53535625325696,196.66783039118397
1346.0143058613646,417.0224575041187,62.68303871052251,196.46008033969466
1345.2452501221694,427.1151755549094,62.74644139336534,197.2391332212675
1346.7822071515322,419.5569843205524,63.038743994185424,195.48846361173443
1345.45617781141,410.0333416282452,62.23047743334109,193.71643022498654
1346.485538204523,402.4624255121705,62.13109352398419,193.01733342576375
1347.3101025236238,409.79744181748737,61.5079280730008,192.3831131930598
1345.1338611272793,398.61461695924504,61.40668314352155,192.16096383727884
1345.2600514880169,390.77212797884795,61.35514137530317,192.0405714672624
1345.5620027970785,413.4334315720163,61.33165597300375,192.02877437003718
1345.8479084735943,399.8496001484767,61.1454892346686,192.08226523530465
1345.5795743280805,390.0219369588338,60.95084477392616,191.53263555990307
1365.2374674007074,328.48596348506317,61.73048709546944,193.71514769299122
1365.1895220251336,315.2313595337223,61.73685973169256,193.7102888995059
1348.5460150039264,393.49785190900366,61.69820162444866,190.341793895037
1348.9941575414434,401.97534992170915,61.760389218539316,188.1105708722505
1348.6109733605233,410.6668880357247,61.565868062118696,184.72956793218327
1347.9486322253592,400.6217890805032,61.26778896369512,183.26941183871995
1345.2701983306954,406.90803525116587,60.98200948663482,180.9693794812203
1344.8430896705886,405.1502218926181,60.80819784185219,177.46739374104052
1343.9020645920643,411.42022711166976,59.6715276104885,177.44005381990496
1342.40347714577,413.44686626690253,60.03272094332371,174.29604424627874
1341.911808258292,411.5640649136359,58.94708470018259,169.84393741149114
1341.9391216450872,415.0674717813842,57.62896248134076,167.52920560424778
1343.472964402659,404.9161916673985,56.94154887781817,164.2339627163744
1345.0984316536997,409.55422341005476,55.68327430215124,161.09267725382796
1347.7648519281797,419.3351130387756,54.028483079134396,158.4097584700192
1347.7631336880625,408.72705862425687,53.29893298996415,158.44045393846085
1346.4390195394,403.352847703629,53.843612045269275,155.8673120590135
1343.6746512581256,410.71703250729286,53.17259627703823,151.24862644216432
1343.5154487982213,410.48842552387777,52.76486683701027,148.75798636694128
1345.8423946554562,415.1426736689235,53.04656729707026,149.0828776424625
1343.183042088148,417.84812552729056,52.79663267643767,148.9751946746298
1344.0949725746784,413.0182031087216,52.6166962973025,151.3828532133974
1343.8133693360867,413.586100802872,53.634621960315236,152.38121500588267
1342.9414309497047,416.1203622360928,53.55435365442001,152.80642792969388
1342.1118241732668,414.6779296111876,55.14291382833229,149.94260925006088
1341.6592186161618,420.78095899559753,55.944928060831,146.97071185819414
1341.9920146042095,414.08498212503866,56.97237693251372,149.2762398180618
1341.3272040790428,419.51325606289845,57.21476420103264,148.34767808736177
1337.7687863864235,417.88093443070704,58.17290865685842,148.14854953167625
1337.3625601018796,419.7807896937256,57.07985938344758,147.32306357305254
1337.3962365124837,419.3854631859715,57.05758400163678,145.22679422909417
1341.1108584520257,422.02088474069564,56.428533432336536,144.14730587123282
1340.525961797094,421.77217253985026,56.44799309924065,144.2113000482665
1340.8669257134034,418.1309724851369,55.150900211823625,145.95151199012116
1341.8897383139085,420.90393294965236,54.773021554697436,145.8146653675783
1343.1156825520968,421.46530943576624,53.521868408902904,146.51135907828058
1342.0601479734346,419.0806746558,53.00850071091079,146.87971492285044
1340.7966824092662,421.4611765733526,52.7059101832114,147.46418771509514
1337.0281387829814,419.68719285206885,51.60690429613239,147.65644488964193
1335.6208729462699,422.6780624629266,51.670418875897134,147.52272479100384
1334.6882210120473,424.4677190322222,53.017900955554694,148.41455156024958
1335.6405923010477,426.92123934939855,54.17255154504939,146.00952937758763
1335.1072781804914,425.4276725463169,55.21528016203793,144.48010433659516
1337.072800743408,426.7237762437565,55.83928922397967,143.3990351424758
1337.9148872058777,439.0234129362143,57.385339954740644,142.27023790807291
1336.8605562341193,431.7203200588401,57.354105982272515,142.229953592936
1336.1392762054854,428.121975562426,57.49396563918766,143.29814927674323
1336.884917915161,428.02761545604767,55.87585088202704,145.39399841959175
1336.6511692295119,426.9984660174548,54.89291464145535,147.02515965367863
1336.0784994610444,426.3851739227147,53.08765927635163,148.2986126927045
1336.8115327020855,426.4868200772518,52.08894205531489,148.427392462812
1336.3706573154345,420.7554039278375,51.93643827768324,148.59655696836677
1337.394195827434,424.9825198299251,50.76484095186532,149.43563342224815
1338.0759147043636,428.5500153569175,50.25841874814255,150.35576283640293
1336.02153564163,422.6579207447647,50.677139623091136,153.06734502030335
1334.7864343932813,424.6277100307913,51.671753082847054,154.43828948139216
1334.1945953892468,435.4259345692224,52.30801672848497,154.04895748521847
1332.460869385562,433.04612546328144,52.95146980778455,152.72402722374227
1330.8166774497222,435.44479302817535,54.01978498630338,152.1499534503082
1330.2438004322873,433.77111876601793,56.06161379305442,151.71736876043542
1330.6889597677125,437.4883017936961,57.4778055706596,151.33419975708105
1331.2666514922976,436.1080426548343,58.89627132269207,151.11433773809745
1331.9439734387677,441.52618934695516,59.574587129382444,150.96908820761553
1332.2091575614243,434.8028975688722,61.02484713609893,153.58672469652072
1333.2245040158664,438.5228067220261,59.62283296628517,153.71471597196958
1333.19696461226,435.58953557819933,58.6883624346808,154.22271581730126
1334.1286851344269,440.6155590616768,58.51241411858025,153.4524605373581
1333.7554869083613,438.87732933499075,57.559145024294,154.63216396160112
1336.1634653745766,440.2849108933477,57.787202545751356,154.44696400444826
1332.2209391585773,442.0394329024057,57.74807113223005,154.53805292853218
1333.040424270706,438.48786795051046,57.53777977817389,154.9333767219405
1328.5450563544662,442.0975350320028,58.906775269466735,154.4727763083455
1325.477725882012,445.1524239390478,60.04726125709971,153.84136200820188
1323.1610141784693,449.3058181988555,60.62162790530473,154.81971829449483
1318.7457291295389,446.5215072217894,61.379962895743404,156.52479244665554
1316.9725006248286,450.3849391892949,61.106905153729485,156.08315581038107
1314.3894032196624,451.1519498523739,61.378847186962346,158.72874521344067
1312.5486536225696,445.8591680248579,61.59351541229134,162.21491645437956
1309.9822683964446,452.20356792312316,61.871442724893,163.8073351865967
1303.378265671576,452.9674237978216,62.45061821857544,165.56974713829538
1297.4748301558893,451.13680342422555,61.94838051581813,167.06130180646224
1294.8323798469005,450.1545397101495,60.24904441657159,169.86722020198346
1282.1471854353651,452.1922017679541,58.23447687977884,169.89493535105316
1282.7362122397892,449.3635121238488,58.97756310724212,169.07775771635113
1269.1981316305894,455.7832943873095,57.91687015388899,167.93199602298685
1269.5150889469153,451.71045329783306,57.26099042360123,168.78573131396982
1269.4866895901635,448.37535132324484,57.273479941973406,168.8008697266472
1269.0410034076624,450.2064281217463,57.86981703413886,170.06051721988482
1265.7159750966985,453.5375110179433,57.0778303516237,169.54588579791312
1264.1062347143081,448.85008645270227,56.57302575225343,171.4621468050736
1263.3504314638635,452.69339778285035,57.37984619090189,170.17180681765953
1256.936158645037,457.6824207477092,58.21588770868161,168.1843772095055
1254.8124152526402,453.89678070144,59.48114311492027,166.588963614605
1253.2382371032518,450.36999536133794,60.31580159875579,167.0266051680696
1255.0928029171178,458.52616742889336,62.97250611451721,164.27508447351062
1251.4183719337664,455.7157206553429,62.775439126141706,164.4174738397032
1241.5065366753088,460.31223629306794,62.27512549693908,162.6063676703018
1241.9525894599044,455.75976829156895,60.57556563974191,163.74634595921893
1241.324801105592,451.2869834872075,59.582098883705726,164.99635082108512
1242.1840832378873,443.2286554586585,58.87946133782736,165.68132333783885
1240.8161816515733,436.5661498300391,59.523971652331696,165.55662756382782
1239.7042686624823,435.19503765500724,59.4478074533591,164.81966251798696
1243.0081440225986,426.54914552869025,57.77239306354005,165.49817696471274
1239.201523088575,414.9107202658337,57.06825688745922,168.3341896303184
1234.8669282366286,410.1603376666719,56.55397872636168,170.00564774932678
1232.6249406219074,405.14678733423887,55.55308638301968,170.7230093013389
1228.0358974704254,402.80834155612956,55.443269853952096,172.41222995911988
1223.0911888359333,408.44719841665506,55.67595551740692,170.1222014416212
1221.9683623031037,407.27786394587065,56.08807040843649,166.4711352566947
1222.8441815609872,394.57090736708477,56.780413540161064,165.57395985225466
1219.9513708427983,402.27944576868265,59.55291003375926,161.36465244297978
1219.509035990819,399.400826909914,58.69958602052444,163.3607302636666
1205.6182366657329,405.817463626117,58.878611275921095,160.0555577986678
1215.7776527697422,398.4704835554512,59.37748422232151,159.6051488146332
1212.1815225160908,387.50478410460596,59.09272589646396,159.82763963526895
1210.1477800394773,394.31391347307334,57.25447631065893,159.37613180623214
1211.3754787070277,384.20860878808617,56.435690198778794,158.2381407886333
1211.3685223805319,386.263570599503,54.48637760629477,158.33799595150512
1213.2402075354412,383.55769533047777,53.71428715601916,158.7322980642626
1202.1586965699612,395.69528528785827,52.45516896551912,158.59382545540987
1202.7943926721784,398.9010783003772,52.11778786280746,156.75444020551845
1205.0282079969018,392.08938282120744,51.86304020896603,153.85957783744195
1206.264336139966,392.5502793304217,51.14540554778451,152.64656761110484
1206.034140256203,391.69502164070616,50.71197869844325,151.42326679600154
1207.5021812970333,393.4184045648639,51.038597651328445,151.46346708080372
1206.7381636509315,388.47214577606854,50.511350112340175,152.84841153064792
1203.8073020761697,391.6675444643479,49.952013176567164,153.27895137714216
1203.389177747207,386.2796384042982,49.44862252842387,153.36398857963906
1202.1204687320228,391.0816809762948,49.2563166284337,153.40494776242804
1202.0811158941015,388.38203395657035,48.74043640873789,153.620437289853
1202.5738542116887,381.4308911395779,48.80626363708851,154.1078812719214
1204.5228086506715,385.37318272251946,49.18525123586849,155.37414363368725
1204.4172383984956,384.6888963019899,49.41878319360592,154.24850122473106
1202.5267537060924,379.1080962212452,49.61605549779992,154.31543490520238
1199.6070638427072,381.91329979198,49.32803768733897,154.2799207614745
1196.1377934028965,380.8336626212663,49.459014308385015,154.75930077478455
1193.535924108231,377.16123920627166,49.98434379813716,155.8600031650766
1189.5519126030815,380.35096027698705,50.934812048456834,155.5496256408028
1186.995600055552,374.898573699431,51.17355103511767,159.02063767607243
1175.9721192742315,385.7232369516733,50.96238919993151,158.179477675494
1174.362697571648,380.1751342093796,50.20191279423144,159.01213907743983
1171.3482204836216,384.25807903683966,51.31899792121146,156.68381865927506
1156.7053897649357,394.9748732769683,53.39438180121038,150.20485244769452
1153.7347722084837,391.8832349068193,52.93217357762758,148.76177115576587
1149.5039674769207,392.58508053085797,52.97579330991868,146.95401012638527
1140.019858013598,396.60828452080284,52.52991349694013,146.06497462116587
1139.2494774532424,389.16041379786964,54.41664173162275,144.3663194758458
1125.6188442795353,387.92131860491907,53.90657056988187,143.94512059477915
1120.5293950348243,392.4965271952209,53.02429085190604,143.6126775047517
1106.1549616634352,394.58930190208986,51.744038103107414,144.12396360889704
1096.1483354800516,396.11833181139014,51.08339558767221,143.31758225709342
1095.1779483468424,388.5130350055677,50.06518166439365,143.84259561513713
1082.479876235071,412.9783619859142,49.607854131954845,142.16201413369217
1080.708043054453,406.8902702759541,49.444703104656696,140.43966087148345
1070.444127168592,403.56636707907364,49.20192406705181,139.42742068779083
1061.1117545973188,404.3729297215426,48.585785420535935,138.26650553116013
1060.205289621808,400.2653033629414,48.88530790276182,136.75317681983483
1049.0175856543528,403.6301348005805,47.97163426418596,136.576472433021
1038.3637921986642,401.24086784222084,47.57937490786294,136.47956718271757
1029.4162431682064,402.54435506631745,46.283684699735495,135.99891309661538
1024.5596947926801,407.0341777976357,46.694662195722415,133.99145610672673
1016.6501351007646,402.0461939476826,46.629148515283205,133.42353666826622
1007.4690050239357,399.35267994999367,46.1990292896688,134.76283087992215
997.0170744897873,405.3240354965859,46.226799354547516,134.05793945836854
987.1940983070621,411.6421149285291,46.24442911867964,131.8184480749509
984.2383949401549,394.303263884914,46.10749314772094,132.11724009748386
973.018047638379,402.1608011564035,46.03691913555017,132.12969031189007
971.0053562054203,396.190080808639,46.17188943242159,132.02988268588587
959.3859323686096,404.07386878188663,46.28660113497365,132.3225007548935
945.6143805867798,406.63489818081007,46.210564073633236,132.37874853663658
941.1994383346649,390.4903544030112,46.186504753094724,132.43385019135533
929.9300137236099,395.1767397294609,46.10101201048323,133.29927877246476
925.9482493817119,392.126163337439,46.10102731995052,133.2991570661521
912.4548380313423,415.93475120456907,46.22246496514782,132.48095441538803
902.0015458847057,417.6979884437646,46.07637782592582,131.64012217942863
892.3395023421297,415.2542713143375,46.099311728094605,131.33699371321575
888.6122559662358,414.813584117003,47.18291863088315,130.81432038029985
878.5502406292629,413.4958240607908,47.10574500490226,131.18738383722183
869.4254062243422,413.4308471678772,47.13068236943119,131.37130614947216
864.3259835779369,412.0616037643243,47.09077148243231,132.5136202661864
854.5030960839761,416.80054489151587,47.147902442644025,132.43030073305565
843.3294698977461,422.2193092181542,47.67338891544576,131.36414582855826
841.5601008064864,415.8179143180167,47.67534483325568,131.364145940723
829.5678182081462,413.97821532849247,47.32367689089792,131.49098335191562
818.4054776223816,416.7805227716287,47.179941848437835,131.52252025626206
807.7342005682473,426.98253344603,46.72201988248784,132.03728018797702
798.2356903333928,425.2142908910083,46.507463890404864,132.1188605033273
787.3399474460194,429.80901366743325,46.43327659996592,132.37922974692523
785.5196318061546,428.4254446637465,46.51576044927565,132.26623007233772
775.5197495824145,430.28937953114905,47.079136881008736,131.8602151673208
774.0664664587551,431.86822839101234,47.08303489064127,131.855496344689
760.0954207883786,423.36910021880294,47.07365681000769,131.9636274144496
754.9341416466796,420.15811827305413,47.07597888735115,131.97067765161975
732.2201044762987,431.3066041874582,46.903127782556105,132.06534553228425
722.4275066366188,444.58754833607,46.85117937317084,132.1469718682394
711.3809641558529,440.39524232400737,46.506461066270035,131.86598502304096
710.6062737843574,441.36330178485247,46.50941587065482,131.87568285664554
708.488258700401,440.9144426605484,46.51030046971972,131.87501581892252
705.9265375912363,431.2303117731509,46.510995743621905,131.87455086337079
700.0833993614159,433.1371470032877,46.511872194107355,131.8737916751462
693.4261960354173,435.47837205167605,46.51451222165389,131.8707596653751
690.1412787960988,440.42195248955,46.514790464023584,131.8704300731965
684.860069856192,445.9841199030316,46.51639348635441,131.86863762751992
638.978954663611,450.01979841274147,46.17472677678994,132.73664980976037
625.7931991261156,449.00181746029943,46.10214414755716,132.98694214944362
616.1085637918136,453.8890128444249,47.079540502806495,132.28049876888804
605.7915103904318,458.3063056607403,47.429418027005696,132.636188328518
595.0736789617498,463.0615957794597,47.53784280148391,132.5486742303003
592.3106428933664,456.2221287519003,47.6727625563537,132.4716182570378
582.8376276887493,458.2556576779848,47.812571957287126,133.00345118627135
582.1524061887349,462.9370160774607,47.924090949900375,133.9500596055202
577.7127613048208,458.039387475814,48.60288881251605,132.84468776523454
575.6332601823416,455.8336313434168,48.597996880991346,132.86220569866907
571.9408116463196,457.6574542103101,51.16363144845774,133.54867213224094
569.3952686050492,451.2303088261041,51.15891617754402,134.08679506923198
566.4342824495058,453.6014086494869,51.10549996171436,134.23860835047537
563.292074906752,449.9062408897101,51.10445648246352,134.2477635836216
563.0800388038889,446.24670142573166,51.092466441628716,134.83443827955335
561.2591909816197,452.83775415703906,51.04940699926833,135.60422376237304
559.4144135381763,451.8016682998076,50.99285001634295,135.66506868698002
549.6887906039206,463.01876037677533,50.94507054000598,135.7676658440797
552.2229367694974,463.8239539455028,50.743184172749814,136.54127686221858
552.1133454196812,470.8170946703248,51.73238819177166,134.98981844876846
553.1317170357522,475.8721002240263,51.2603857366452,136.75772272375073
554.5852305196534,477.66620802794796,51.93976786079246,135.95201453549362
555.4829187132078,476.6510456669672,51.538550552281464,136.16171144888426
554.3277460094235,473.35299657645004,49.59616463660783,135.97500657129436
553.1632121706323,479.24944240059756,49.59091677578408,135.96795495748412
565.4559762085013,485.4452467671631,49.44940611032447,135.90375406126708
564.7758301761197,469.3930690427918,48.90665609706943,135.0533632636718
577.2671196274989,486.17346855798297,48.879811447240535,134.64979461048674
586.9873910877964,482.25168013267984,49.36476558169937,133.76605841940602
587.8777847508316,486.714383176099,49.57735105359518,133.22540937449884
586.5287622383413,486.80182330052094,49.37340399597968,133.43169665666852
597.1525649215502,478.9150036125767,49.69922201518211,132.99991458480304
598.3518791191195,482.9061900252967,48.260570531588165,134.3663519552859
596.4097447177638,489.6029057976941,49.09098463039639,133.3921108172904
596.6700390677989,494.5764816862397,49.21109579375993,133.21600567868802
604.8461754555809,484.4535002062102,49.24251671326439,133.81948588117857
603.3754897621233,488.53214564111124,49.88990559438129,132.89045982003125
602.236940278239,493.9469409457722,49.21164510322669,133.7223796782387
603.1899599475297,484.76468705607715,48.45107054259162,136.2619048145014
600.1487288114045,491.0660472902795,48.34340734944902,136.80668247689493
597.6064092456803,496.7692062588885,48.349407927277916,137.57881798511158
598.1531618762928,494.27681060169743,48.29583193679751,137.7488939140567
596.5415167506826,488.7038626254443,47.89925438635147,139.16433065330614
594.3979739589107,497.61629088552013,47.7646681025247,139.7240299498048
590.4156718758989,455.6596715852595,48.6015662176755,136.90548754446678
588.562763664835,449.4273657019282,48.37571793452683,134.8700373222988
588.2826864279026,461.94375926227633,47.929891439916176,135.24724241962002
589.0788388682339,463.86092308308764,47.545826353031,134.34760644555422
588.4169415608415,463.4311001846093,47.971957791756275,132.83781144851977
597.7491359933889,470.0335356178,48.0832075069837,133.9585183180393
600.7003348138187,454.20362909209393,48.03486050241553,132.56565802960773
604.2066401574751,459.6688913311714,48.19875156604879,132.05479602703875
606.3063498807736,455.295847961365,48.37687461517939,131.7415966490978
614.8053446129596,454.6866741684219,48.37501704777982,134.39392458070998
613.3065578628447,480.5139195275563,48.71882320067403,133.4442640321189
620.9046003718984,479.71782665420585,48.55921527149478,133.24126600101064
619.7277883254061,472.9060219729271,49.10795862622097,133.8909192554749
630.7814128485783,466.4683363545979,49.69063381998893,132.3190954390327
632.5848569897407,472.1735668530888,49.152572689916305,132.2883989989357
641.6444415465969,468.7960329626795,49.659959972688235,131.64710018353244
641.8875082589861,471.38264505802215,50.061261924553854,129.3139767580753
642.1346249819549,469.20752597086977,49.292765245670104,127.99017556851898
652.6406917500697,530.3597989987694,48.86487739120322,127.54667535012209
652.7997851707116,534.5105491794776,47.77684875971995,127.47077809234344
651.7027927119557,530.2402616034194,47.69951214212141,127.11542009321471
642.9242745314632,470.06945874837555,48.33325634307215,125.16121128914224
656.3574707761215,470.4202523644928,48.200607521358144,126.05159783849338
644.3394285917119,470.77049796553194,46.62793487113433,127.38399671782071
642.2383435215029,471.1992807766553,46.537845318406724,127.62633610961217
642.7628234693149,462.18135029159475,46.160241385535954,127.14524837978202
640.3596144743182,478.88942041186885,46.056959935526876,127.59894685383345
640.1269662999263,520.4423742135162,46.905383675649084,126.88492310063641
638.4469762464255,519.382000593075,47.4284423291748,126.75919273760647
635.0281120547165,518.0532976676061,47.326539727332495,127.3226518932164
633.5237341031967,512.2709084680772,47.3120612630017,127.38273439994025
625.5496768780826,518.4713357091408,48.385991104770476,126.50047370595998
626.3825155356117,515.4985938532419,49.121916534768346,127.99600624588294
623.903963955561,511.5160576714891,49.326774268691764,127.9470872534925
614.9969611256132,522.536922999233,49.339645819090194,129.395573806867
624.7766621441804,512.0590280394858,48.9529007948953,129.50793797562883
625.0192747550113,510.3925245613671,48.951787865761574,129.6167246559875
623.2375271266167,505.1987770844833,48.65650393058024,129.79958780433518
622.8490560659149,502.4622787117911,48.4493058942842,129.77367650681185
621.5862383748821,509.67232549918185,48.360797427930535,129.85338838246983
620.8029564593667,503.66006699732543,47.35711575458212,131.1674475843638
621.7600086687481,504.83727035341406,46.55314915606311,130.77542879161246
627.5750610479092,504.45257729735846,45.76853294601971,131.1834570658083
625.5030394632472,506.48777837381647,44.848248875353526,131.25807110628222
625.8372517759144,501.419969982668,44.33261990753449,131.7825171198412
624.7967301065808,499.4615172921059,43.53717932896554,131.9113935455059
624.870018968153,501.4396199851314,42.86389902298485,131.25596940945488
624.8732021194486,502.36295392882823,42.553918133801886,131.06186676292126
615.4156558729584,447.28374455462324,42.50152519892591,130.60016832383118
615.2961440860043,447.9040822372487,42.81656955751,130.40195149282098
614.9729358790629,445.98425416364057,43.1051244525331,127.33309695507019
615.2185820870383,450.75878951289866,42.88541881236211,126.9393731269764
614.3204625817986,435.851057644366,42.74197665047057,127.10193426089235
613.0887644452316,439.6782161726403,42.75898920892848,126.97051921621511
604.8330231110567,464.95788359473426,42.701044387044014,126.55732542427323
605.7709389947536,480.14733883515066,42.54716100488885,125.20100748799614
604.916847096814,478.31154497360353,42.29590909939799,125.1139971218722
601.0376768290785,478.4802775065077,42.37444483292813,124.66453958514379
599.5042846628882,471.8698642386576,42.37046176265973,124.66859690239913
589.3763840231138,467.80277076546014,42.34294738363917,124.6378010530788
589.8613716792846,466.3101320831878,42.40889567149432,124.52319462283896
590.6982792878453,462.4094674354764,42.409057233357025,124.52198075496213
590.5686932311279,461.6131503561361,42.409163778344684,124.52176089066306
586.8408999231356,456.23171186832263,42.41023159931593,124.51644843605314
583.0408520437212,454.9308696301847,42.41255428304089,124.51138266246629
581.1180399123027,451.0013027976498,42.420880391047,124.4991755758881
578.8711115066121,446.29519634451015,42.42123410870857,124.49762734325151
558.0777629726844,424.1113961118861,42.2945293821306,125.07731734707373
555.8331227428448,430.33266519810724,42.290968121228666,125.09373112470475
557.5496510082845,432.04249604972847,42.31214309097482,125.08897640006946
557.8599498941907,431.653805619326,42.31342364510172,125.09444665305958
557.1091732020092,434.63796120797167,42.3125840221862,125.10155642761154
565.3793103601466,430.01451333883085,42.40103094309395,125.43080289678917
564.9655029049071,432.2907952073237,42.42365150886164,125.70083189509401
566.4976586052194,435.71278068865576,42.67213884671665,127.49177151592596
567.4103197712974,426.52444607128695,42.68576416833121,127.91395008904246
558.0376021957645,400.09022591652763,43.18177724603265,128.94549159485015
563.6753227823139,397.64157038043237,43.702059988034044,130.6364110940884
562.3986098891993,420.45388668065846,43.749913455232516,134.30795158933944
561.4359380734005,413.9976495330004,43.49787914760585,136.59539727442592
558.1552851151545,408.2583913715188,43.49898246552598,136.62194921903222
