1782	829	80	57
1784	833	81	58
1787	837	80	56
1787	839	81	57
1791	843	78	57
1792	847	78	56
1794	850	79	55
1796	852	79	56
1797	854	83	57
1799	859	78	55
1803	862	79	53
1801	866	81	56
1803	869	82	55
1807	871	79	59
1806	875	82	57
1810	878	77	57
1814	879	77	59
1815	884	76	61
1820	886	73	58
1818	891	75	55
1822	893	74	55
1822	897	75	54
1823	898	76	58
1826	902	74	57
1827	905	76	58
1829	909	76	57
1833	910	72	59
1833	914	74	59
1833	917	77	58
1837	919	74	61
1839	923	73	60
1839	926	72	60
1841	930	73	57
1843	934	72	58
1842	936	75	59
1848	938	71	60
1848	942	71	60
1852	943	71	63
1850	948	69	61
1852	948	72	63
1855	954	68	59
1854	957	71	60
1855	959	74	62
1859	962	70	60
1859	965	71	61
1860	966	74	62
1862	970	72	63
1863	973	74	62
1868	974	74	65
1870	980	71	64
1874	981	70	65
1879	983	70	65
1880	988	69	64
1883	990	69	66
1885	993	68	65
1886	999	68	63
1887	1001	68	63
1885	1004	73	63
1888	1007	69	65
1892	1010	65	64
1893	1013	66	64
1893	1016	68	66
1894	1021	68	62
1895	1022	69	64
1898	1025	64	66
1900	1028	67	65
1900	1030	66	69
1903	1032	66	64
1904	1035	65	67
1906	1040	62	63
1905	1043	68	64
1907	1045	67	65
1910	1048	67	66
1910	1051	67	67
1911	1052	69	68
1912	1056	68	67
1916	1058	64	68
1913	1062	67	67
1914	1066	67	67
1919	1068	65	69
1918	1069	66	69
1919	1073	67	70
1921	1076	67	68
1924	1079	63	67
1921	1082	68	70
1924	1086	64	70
1927	1089	61	67
1928	1091	62	70
1928	1095	64	68
1928	1098	67	67
1931	1097	61	71
1933	1100	62	70
1936	1099	64	76
1937	1101	71	78
1936	1106	71	77
1938	1114	71	74
1937	1116	72	70
1937	1121	70	71
1939	1123	70	68
1941	1128	66	70
1936	1131	73	69
1940	1134	69	71
1941	1136	67	71
1942	1138	63	74
1942	1137	67	74
1943	1141	66	74
1942	1144	67	74
1945	1145	67	76
1943	1148	68	76
1947	1151	65	75
1948	1150	63	79
1949	1154	63	80
1950	1155	63	80
1949	1157	66	85
1952	1158	63	87
1952	1161	69	83
1952	1165	63	75
1956	1163	60	78
1958	1168	58	74
1960	1167	57	77
1960	1166	60	81
1962	1171	52	72
1963	1173	54	73
1962	1175	57	73
1963	1175	56	74
1961	1177	60	75
1965	1177	53	75
1966	1178	55	77
1967	1180	54	76
1967	1181	56	76
1969	1182	56	75
1969	1183	53	76
1972	1184	52	77
1969	1186	53	80
1971	1188	53	75
1971	1189	55	77
1969	1191	59	76
1971	1191	58	78
1971	1194	61	78
1973	1195	69	74
1972	1199	65	72
1972	1198	62	77
1975	1199	62	76
1975	1204	61	74
1975	1203	61	78
1976	1204	59	78
1975	1205	59	82
1976	1207	60	79
1977	1210	60	80
1977	1210	62	80
1979	1213	57	82
1978	1215	61	82
1978	1217	62	82
1980	1220	60	79
1981	1222	59	82
1984	1224	56	82
1983	1227	59	82
1982	1228	61	83
1985	1231	59	81
1985	1233	60	82
1987	1236	57	83
1987	1237	63	82
1985	1241	61	82
1989	1241	60	83
1989	1244	59	85
1992	1246	59	83
1992	1247	58	84
1992	1248	61	85
1994	1250	58	87
1998	1253	56	84
1997	1255	57	85
1999	1259	56	83
2001	1259	59	82
2002	1260	58	84
2004	1261	58	86
2009	1264	55	84
2010	1264	54	84
2008	1265	60	84
2009	1268	64	84
2012	1268	60	86
2015	1268	57	86
2015	1269	61	89
2018	1269	60	91
2021	1272	57	86
2023	1273	58	86
2026	1275	57	86
2026	1275	65	88
2029	1275	64	89
2029	1277	60	88
2033	1277	56	86
2036	1277	58	86
2036	1279	58	87
2037	1277	60	89
2040	1279	56	87
2043	1279	56	87
2046	1280	55	87
2047	1281	58	85
2048	1281	60	89
2050	1284	56	86
2054	1283	54	85
2054	1284	57	85
2056	1285	56	85
2060	1285	55	88
2062	1287	53	86
2061	1287	57	86
2064	1287	58	87
2066	1287	55	87
2068	1288	56	85
2069	1290	58	87
2070	1291	57	89
2073	1291	60	88
2074	1291	61	89
2077	1291	59	90
2081	1293	56	90
2083	1294	54	90
2085	1297	54	90
2086	1299	58	88
2085	1300	61	88
2087	1300	57	91
2089	1301	59	91
2089	1303	59	89
2092	1304	62	91
2094	1304	59	94
2097	1304	57	95
2097	1305	59	94
2097	1308	60	92
2099	1310	67	92
2102	1309	59	95
2103	1310	68	94
2105	1311	62	93
2105	1313	65	91
2107	1314	65	94
2106	1314	65	93
2109	1316	63	95
2111	1319	67	89
2110	1318	67	91
2111	1319	68	91
2118	1316	56	94
2115	1319	60	94
2118	1322	62	90
2119	1320	58	93
2120	1322	63	91
2121	1322	63	93
2122	1323	62	92
2123	1323	59	92
2125	1325	60	92
2127	1325	56	91
2127	1325	62	92
2130	1326	58	94
2130	1326	58	94
2131	1328	61	92
2130	1330	65	90
2133	1328	62	94
2133	1329	64	92
2136	1331	61	94
2133	1333	66	93
2135	1332	66	93
2135	1335	65	95
2136	1336	66	91
2138	1337	64	94
2143	1339	61	93
2141	1339	67	96
2142	1340	66	95
2147	1341	59	96
2145	1343	65	95
2150	1343	56	100
2152	1346	56	97
2150	1348	64	94
2151	1350	60	96
2150	1352	63	96
2149	1352	61	97
2150	1354	66	97
2151	1358	62	97
2150	1359	67	96
2152	1358	62	100
2150	1363	63	97
2153	1365	63	97
2153	1367	62	100
2153	1369	64	99
2152	1368	63	105
2150	1373	66	100
2152	1375	63	100
2152	1378	63	100
2151	1381	65	100
2151	1384	64	100
2154	1385	66	103
2155	1388	60	105
2158	1391	59	104
2157	1394	62	105
2157	1397	65	102
2158	1402	62	104
2157	1404	66	107
2156	1406	67	103
2157	1411	66	106
2159	1414	65	106
2159	1417	67	105
2162	1420	64	104
2161	1423	63	109
2159	1427	69	105
2161	1429	65	109
2160	1433	67	108
2162	1437	64	105
2162	1440	69	109
2165	1444	63	107
2165	1447	63	108
2163	1451	64	108
2164	1453	64	108
2166	1458	65	107
2164	1460	66	112
2164	1465	65	108
2163	1468	67	108
2162	1470	68	111
2163	1472	67	114
2164	1477	68	112
2162	1480	70	112
2165	1485	70	112
2165	1488	69	110
2164	1494	70	109
2163	1497	75	111
2162	1501	74	109
2165	1503	70	112
2161	1508	76	107
2165	1509	68	112
2164	1514	70	112
2165	1518	71	111
2165	1522	71	114
2163	1525	69	113
2167	1525	67	116
2164	1531	70	114
2165	1535	70	111
2167	1537	66	115
2167	1542	65	113
2167	1546	66	113
2168	1550	63	110
2167	1555	66	112
2166	1557	68	114
2166	1561	74	111
2164	1562	84	115
2165	1567	84	115
2165	1572	96	111
2166	1576	98	109
2163	1575	99	117
2164	1582	96	114
2163	1584	100	115
2163	1588	95	114
2163	1590	95	117
2163	1595	95	115
2163	1593	81	120
2163	1599	67	114
2162	1602	68	116
2161	1604	71	118
2161	1605	69	120
2158	1608	75	117
2158	1609	70	121
2158	1612	68	121
2154	1614	72	123
2157	1616	72	121
2154	1620	73	122
2154	1621	72	119
2152	1623	73	121
2144	1626	80	118
2146	1627	74	118
2148	1631	68	116
2149	1633	69	119
2143	1633	73	119
2144	1636	70	119
2144	1638	71	118
2139	1639	75	121
2138	1642	73	116
2139	1642	70	118
2137	1646	71	116
2134	1645	73	121
2134	1650	70	118
2130	1650	73	120
2130	1653	73	119
2127	1655	73	117
2128	1656	68	118
2122	1656	76	119
2124	1658	72	115
2119	1661	76	115
2120	1660	71	120
2116	1662	74	119
2117	1661	72	120
2116	1662	72	123
2114	1662	82	123
2111	1666	79	115
2111	1665	77	119
2107	1667	77	122
2108	1668	75	121
2101	1669	79	119
2106	1667	74	123
2104	1670	76	120
2103	1670	78	122
2103	1672	72	120
2101	1676	78	121
2095	1676	80	115
2095	1675	82	120
2092	1674	86	119
2092	1675	77	120
2092	1675	77	123
2093	1673	72	125
2089	1676	79	122
2089	1675	76	122
2091	1678	73	119
2085	1676	77	121
2086	1674	74	120
2085	1672	76	125
2083	1671	78	121
2083	1667	76	123
2079	1662	81	125
2075	1659	81	123
2079	1653	78	122
2077	1645	79	129
2077	1642	74	122
2074	1637	77	124
2074	1629	74	128
2071	1626	77	125
2070	1620	75	123
2070	1613	74	126
2069	1607	75	126
2069	1596	73	130
2068	1589	73	130
2068	1582	74	129
2067	1574	72	130
2067	1565	73	129
2061	1556	77	127
2061	1542	76	131
2061	1532	76	130
2064	1520	72	130
2059	1509	76	130
2059	1495	74	132
2056	1485	78	128
2058	1473	74	127
2050	1461	82	131
2054	1449	76	127
2052	1438	78	130
2052	1427	77	130
2051	1416	75	130
2048	1406	77	132
2051	1395	76	130
2048	1385	77	131
2045	1375	79	133
2047	1365	75	132
2044	1355	79	131
2044	1345	79	133
2042	1336	81	130
2043	1330	76	132
2042	1325	76	133
2042	1321	78	136
2038	1321	86	131
2041	1317	79	133
2038	1319	84	132
2041	1321	81	133
2038	1322	81	139
2037	1326	82	137
2038	1331	86	132
2035	1332	87	140
2034	1338	84	139
2034	1342	83	142
2033	1348	82	136
2035	1352	76	140
2032	1359	80	141
2032	1362	79	138
2031	1368	82	139
2031	1372	80	139
2032	1378	78	142
2030	1382	83	142
2028	1389	87	141
2033	1394	80	140
2036	1400	81	145
2038	1407	81	144
2043	1413	78	146
2043	1422	81	139
2044	1427	85	145
2048	1431	80	147
2049	1435	80	148
2047	1442	85	149
2049	1450	79	147
2051	1454	76	151
2050	1462	74	150
2051	1468	73	150
2047	1472	81	154
2047	1479	82	152
2048	1486	80	153
2045	1493	87	152
2047	1496	82	158
2048	1501	83	155
2047	1508	82	155
2048	1512	85	151
2046	1514	81	148
2048	1514	75	157
2048	1508	76	156
2045	1506	78	155
2043	1494	78	158
2043	1482	78	161
2044	1472	81	158
2045	1455	76	165
2044	1441	80	169
2043	1426	78	169
2043	1416	77	165
2043	1398	80	164
2042	1380	80	171
2043	1367	80	169
2042	1355	79	167
2041	1335	81	167
2043	1321	78	167
2040	1311	80	164
2043	1306	75	160
2042	1298	76	162
2039	1293	80	162
2040	1285	80	167
2042	1283	78	168
2041	1287	78	166
2036	1280	83	183
2039	1283	81	185
2028	1293	92	177
2031	1304	91	175
2026	1308	96	175
2028	1317	89	178
2030	1323	90	181
2028	1340	95	167
2029	1349	91	164
2037	1366	73	154
2037	1378	70	156
2038	1387	68	151
2033	1386	85	163
2030	1396	73	160
2028	1397	72	172
2025	1411	78	167
2022	1415	79	170
2005	1419	91	169
2027	1422	104	181
2004	1411	128	187
1997	1404	148	209
1998	1428	141	201
1994	1448	133	189
1995	1454	140	191
1995	1453	143	202
1998	1467	137	199
1995	1493	137	174
1992	1509	134	161
1994	1521	134	161
1996	1530	129	162
1995	1538	126	170
1991	1550	129	167
1991	1561	136	164
1989	1571	128	173
1990	1577	126	179
1994	1587	128	185
1994	1603	125	178
1982	1610	138	206
1992	1613	135	206
1988	1630	149	179
1991	1641	135	179
1986	1651	129	202
1996	1651	119	215
1987	1664	142	197
1991	1677	133	193
2019	1683	104	183
2024	1693	98	188
2024	1702	87	197
2029	1709	90	189
2030	1719	91	185
2029	1725	90	178
2030	1730	86	183
2030	1729	87	183
2033	1724	84	186
2028	1715	91	190
2031	1708	90	194
2032	1692	87	193
2030	1679	86	196
2030	1663	83	197
2031	1650	83	201
2028	1636	100	189
2029	1619	89	190
2031	1598	87	195
2035	1578	83	199
2033	1563	85	192
2032	1547	83	191
2035	1526	84	194
2035	1508	77	196
2034	1489	83	198
2038	1471	77	200
2036	1453	80	199
2037	1435	77	199
2037	1418	80	201
2036	1406	75	194
2037	1390	77	193
2038	1380	75	193
2036	1373	79	191
2040	1372	83	183
2037	1369	81	177
2038	1366	80	180
2039	1365	77	181
2038	1366	74	191
2041	1365	72	189
2041	1371	75	192
2039	1377	75	191
2039	1379	76	190
2037	1382	82	195
2034	1386	82	194
2036	1389	88	198
2036	1391	85	191
2035	1398	88	191
2037	1400	88	197
2036	1404	88	190
2039	1404	86	196
2040	1408	84	197
2040	1414	88	195
2043	1414	90	189
2043	1422	89	188
2046	1417	86	193
2045	1418	90	201
2047	1422	93	190
2048	1424	92	195
2051	1419	89	194
2050	1426	92	190
2049	1429	96	188
2048	1426	92	188
2054	1428	92	186
2051	1432	100	188
2052	1425	93	195
2054	1427	93	190
2054	1431	92	185
2053	1428	94	185
2052	1430	94	189
2053	1422	95	193
2056	1424	96	189
2055	1427	93	188
2058	1421	88	189
2057	1420	93	193
2057	1417	89	196
2058	1415	89	189
2057	1418	95	185
2059	1416	94	186
2062	1415	98	187
2065	1409	89	194
2066	1411	87	193
2067	1409	93	188
2069	1409	97	185
2072	1405	90	190
2075	1402	91	184
2077	1402	86	187
2078	1399	97	194
2079	1396	96	194
2084	1394	94	192
2087	1400	86	183
2091	1393	89	188
2094	1388	95	191
2096	1392	97	185
2101	1389	95	188
2103	1382	100	192
2106	1387	103	191
2112	1377	90	194
2114	1383	100	183
2119	1378	94	193
2123	1378	91	184
2124	1377	92	184
2129	1373	88	190
2130	1370	92	190
2131	1374	93	190
2134	1370	96	191
2137	1371	98	183
2140	1367	95	189
2139	1367	93	186
2140	1365	95	188
2144	1364	97	190
2145	1361	99	192
2147	1364	91	187
2147	1362	98	187
2152	1359	87	192
2153	1359	82	183
2151	1360	95	188
2153	1354	91	194
2154	1353	95	195
2154	1352	95	191
2156	1356	92	182
2155	1350	98	190
2155	1351	102	188
2159	1351	97	191
2157	1351	98	191
2159	1352	93	189
2160	1349	90	190
2158	1347	91	192
2162	1345	88	189
2161	1349	88	187
2162	1349	87	185
2163	1350	86	184
2164	1349	85	185
2162	1347	84	188
2164	1350	85	186
2166	1350	82	184
2166	1348	84	190
2168	1348	79	187
2168	1352	76	190
2169	1351	80	189
2164	1353	85	190
2166	1355	90	189
2165	1353	84	194
2167	1356	84	192
2168	1360	78	190
2169	1361	79	190
2169	1362	83	194
2169	1363	88	189
2170	1364	83	193
2168	1369	84	192
2169	1373	84	190
2170	1373	77	193
2168	1377	80	195
2170	1377	83	196
2170	1382	81	194
2171	1384	83	195
2171	1386	77	196
2172	1392	77	191
2171	1394	84	195
2173	1398	81	195
2170	1398	85	192
2170	1403	88	193
2170	1405	84	195
2172	1406	83	198
2171	1414	82	195
2172	1416	87	190
2171	1418	81	193
2171	1422	82	193
2170	1425	82	198
2172	1428	88	198
2172	1433	90	196
2171	1434	91	201
2173	1441	90	194
2173	1442	91	194
2172	1448	91	192
2175	1449	80	199
2170	1456	92	191
2176	1456	85	200
2173	1462	87	197
2174	1467	88	192
2172	1466	90	195
2173	1469	86	195
2170	1471	95	196
2175	1480	85	190
2174	1479	86	192
2174	1480	85	195
2173	1482	87	194
2176	1481	85	198
2177	1481	87	201
2175	1485	91	194
2179	1488	82	195
2178	1487	83	199
2176	1489	83	201
2177	1492	89	197
2176	1490	87	203
2176	1493	91	197
2175	1491	91	201
2175	1495	93	194
2175	1496	96	200
2175	1495	90	202
2176	1498	94	196
2176	1499	84	199
2178	1498	86	192
2173	1500	94	200
2178	1496	89	202
