1047	239	111	60
1049	241	107	59
1048	244	107	56
1046	244	111	60
1044	244	108	59
1043	245	112	59
1040	248	115	56
1039	242	118	65
1035	247	117	61
1038	243	115	69
1036	247	113	65
1034	249	113	65
1033	251	113	65
1029	249	114	66
1031	251	117	68
1026	254	121	69
1024	253	120	68
1025	253	114	67
1026	255	118	69
1022	255	119	70
1025	257	114	67
1024	256	119	70
1021	258	122	69
1019	262	125	65
1021	264	122	64
1021	264	121	67
1025	269	123	64
1024	272	119	59
1025	270	122	64
1027	273	117	61
1026	275	116	58
1025	275	121	59
1029	276	119	58
1028	274	119	66
1031	276	115	62
1029	274	116	65
1031	277	117	62
1030	279	120	63
1026	282	124	60
1030	280	123	62
1029	281	122	64
1028	283	124	64
1027	284	125	62
1023	284	129	65
1026	286	124	61
1024	288	122	62
1020	291	126	60
1020	291	123	62
1024	290	119	63
1022	288	117	64
1021	290	123	67
1020	292	122	64
1021	297	121	60
1019	298	123	61
1021	296	121	65
1016	302	127	58
1012	298	128	63
1016	301	123	58
1012	300	123	60
1012	301	125	62
1012	301	125	62
1121	254	118	63
1121	254	118	63
1121	254	118	63
1010	304	126	66
1004	311	128	61
1006	313	127	58
1002	316	129	56
1120	256	143	64
998	318	132	56
996	320	128	56
995	321	126	55
990	319	131	59
990	322	118	57
989	318	118	64
984	324	126	59
981	330	119	52
978	327	124	55
978	324	115	59
969	327	116	54
968	332	123	56
957	333	130	53
953	337	138	53
952	339	136	53
947	339	139	55
940	341	138	52
938	339	135	58
935	342	132	57
935	343	134	58
929	345	137	59
924	348	145	61
920	346	145	61
922	349	142	61
915	347	149	71
916	351	137	55
912	354	141	54
911	356	141	54
905	357	134	56
904	357	139	65
904	358	126	55
901	359	122	55
902	365	128	47
897	366	130	52
898	367	128	53
893	367	140	57
889	366	144	58
891	366	141	58
892	367	138	58
893	367	142	62
893	366	143	64
896	365	136	67
895	371	145	63
896	374	140	60
900	375	138	61
903	376	141	63
906	377	144	66
908	379	144	64
912	382	147	64
916	387	151	59
921	392	154	58
928	396	149	54
937	390	146	61
941	397	150	57
946	405	156	51
953	408	155	52
962	404	158	58
970	411	157	52
975	415	160	49
983	413	165	56
993	419	162	51
1003	422	162	49
1016	427	166	46
1027	428	164	49
1040	429	161	52
1050	432	162	49
1062	439	170	46
1070	441	166	45
1084	438	166	50
1093	445	168	47
1110	443	169	48
1117	441	172	52
1129	442	174	53
1142	448	168	49
1155	451	171	47
1168	457	175	42
1182	456	174	46
1194	456	178	47
1210	455	172	51
1221	458	172	49
1227	455	173	55
1235	457	172	53
1235	457	165	54
1237	457	172	55
1234	457	164	57
1229	458	166	53
1230	459	167	54
1226	458	157	52
1226	459	145	50
1226	456	142	54
1219	456	143	53
1220	456	142	53
1218	456	141	53
1216	455	152	55
1210	457	152	53
1207	457	154	53
1206	458	156	52
1202	461	161	49
1203	458	160	50
1196	458	164	51
1198	456	159	52
1194	456	163	54
1194	456	165	52
1194	452	157	56
1190	456	162	52
1188	453	153	52
1188	452	156	55
1183	453	161	55
1183	452	167	57
1178	453	163	54
1178	451	162	56
1182	452	162	55
1176	447	164	61
1175	451	159	57
1175	451	166	55
1172	453	168	53
1173	451	162	54
1171	451	160	54
1171	450	157	56
1168	448	159	58
1167	448	160	58
1168	446	159	60
1164	449	158	56
1168	448	157	56
1164	449	157	57
1164	445	158	61
1162	449	160	58
1164	448	160	59
1163	450	154	56
1161	450	159	58
1159	449	158	59
1162	450	154	58
1158	452	151	56
1160	449	158	61
1154	451	159	61
1157	451	163	59
1155	451	152	59
1158	449	159	64
1156	449	157	65
1154	451	157	62
1153	452	157	61
1156	452	160	62
1152	454	160	61
1154	454	157	63
1152	454	158	64
1149	455	162	64
1151	457	157	61
1149	458	162	61
1148	459	163	61
1148	459	159	61
1150	461	163	61
1149	460	157	63
1148	461	160	62
1148	462	163	61
1143	463	159	61
1146	463	158	60
1144	464	158	58
1143	463	161	62
1144	463	158	61
1139	464	161	60
1143	464	166	60
1141	462	164	64
1143	463	163	61
1138	463	162	60
1140	460	162	63
1140	460	164	63
1140	458	165	62
1137	459	166	60
1139	457	165	62
1136	455	163	62
1135	455	167	60
1135	453	167	58
1131	450	167	61
1133	448	167	63
1133	446	168	63
1133	445	169	62
1130	442	173	61
1132	440	165	60
1128	438	173	59
1129	434	172	64
1130	432	171	63
1128	429	172	63
1127	426	171	64
1126	423	171	65
1125	421	176	66
1123	419	173	62
1122	418	179	62
1120	414	178	65
1123	411	174	63
1120	408	172	62
1119	406	177	62
1119	404	179	63
1118	399	180	67
1119	397	177	64
1119	393	174	69
1118	391	176	66
1118	386	177	71
1119	384	177	72
1117	380	178	73
1118	379	176	73
1120	377	174	68
1116	374	175	72
1116	373	177	67
1113	368	180	71
1115	367	176	69
1110	366	180	66
1117	361	172	71
1116	357	172	72
1116	356	173	72
1115	354	174	74
1120	351	168	76
1113	351	176	74
1113	349	172	74
1115	347	171	74
1113	346	173	76
1114	345	172	75
1112	341	175	78
1107	339	180	82
1110	340	177	80
1112	339	173	81
1111	341	171	79
1109	342	170	79
1108	342	171	83
1106	340	170	85
1107	341	166	83
1104	341	173	87
1108	343	170	85
1106	341	174	91
1104	346	171	87
1102	345	176	93
1102	348	175	92
1104	352	170	93
1100	356	178	92
1098	359	177	93
1100	361	177	96
1099	362	175	101
1103	371	170	98
1103	368	168	101
1097	377	174	99
1099	376	170	103
1097	384	174	101
1096	387	175	103
1100	384	168	109
1103	391	165	107
1105	394	165	103
1106	397	164	105
1105	400	163	106
1106	400	158	110
1107	404	161	107
1105	407	157	109
1108	405	160	112
1107	410	153	114
1112	413	152	110
1116	416	146	112
1109	419	152	110
1113	421	148	111
1114	422	144	112
1118	424	145	112
1118	425	143	113
1122	430	135	113
1126	433	134	108
1118	442	139	102
1131	449	125	101
1134	442	118	110
1133	450	120	102
1141	457	110	98
1151	462	96	98
1155	466	90	96
1151	475	92	90
1149	480	94	88
1149	489	95	81
1147	493	96	82
1148	500	94	76
1147	504	96	75
1146	509	94	73
1146	513	93	73
1145	521	95	68
1145	531	94	60
1146	544	94	52
1141	548	98	45
1141	555	95	44
1140	557	100	44
1139	561	99	46
1141	562	94	45
1140	566	93	45
1141	567	89	46
1139	572	93	47
1138	574	93	46
1138	578	92	42
1138	578	91	44
1137	585	89	43
1136	586	93	42
1136	587	90	41
1136	592	89	45
1134	594	89	41
1136	595	89	42
1136	597	87	43
1135	600	86	41
1135	602	87	39
1136	603	86	41
1135	606	85	38
1135	609	85	40
1135	611	85	39
1135	612	85	42
1134	615	83	38
1135	618	84	38
1135	620	82	40
1134	623	81	39
1135	623	81	40
1134	626	81	39
1135	628	82	38
1134	628	81	39
1135	630	80	37
1135	632	80	36
1134	633	80	34
1136	634	78	34
1136	634	79	37
1135	632	79	39
1135	631	78	41
1133	633	77	37
1134	632	79	37
1133	632	80	38
1134	633	80	37
1135	634	77	38
1135	635	77	36
1135	637	76	36
1136	640	75	36
1136	643	73	40
1135	645	73	43
1137	645	69	47
1135	646	72	47
1136	658	72	45
1136	651	68	56
1134	658	69	50
1135	666	70	49
1136	661	68	59
1134	667	67	57
1135	676	66	55
1134	675	65	58
1134	681	64	52
1132	691	68	46
1132	685	66	52
1132	684	65	57
1131	685	65	55
1131	683	66	57
1132	681	63	58
1130	680	65	56
1132	677	62	56
1132	669	60	56
1132	662	59	53
1129	657	62	50
1129	644	63	52
1129	633	62	51
1130	616	60	56
1129	609	61	52
1127	594	62	52
1126	584	62	49
1125	568	63	49
1125	555	62	49
1125	542	62	47
1126	527	61	49
1124	513	62	49
1124	498	62	53
1122	484	62	53
1124	470	61	55
1121	461	63	52
1123	448	60	55
1122	432	61	60
1122	428	61	49
1122	414	60	53
1122	404	60	53
1122	394	59	52
1122	388	58	51
1121	380	60	51
1121	376	59	49
1121	368	58	51
1120	366	59	47
1120	365	59	46
1119	365	61	42
1120	363	60	42
1119	361	60	44
1118	363	62	38
1119	364	60	37
1118	364	60	35
1119	362	60	36
1119	362	60	34
1119	357	58	37
1118	357	60	35
1119	357	59	34
1119	356	59	34
1118	355	58	35
1119	351	57	36
1119	353	57	33
1119	350	57	34
1119	349	56	34
1120	348	56	33
1118	347	57	31
1118	345	59	33
1119	345	57	33
1118	345	57	30
1118	346	59	29
1119	347	56	31
1119	349	58	32
1119	350	58	32
1120	349	56	38
1118	352	58	39
1119	346	56	46
1118	352	56	42
1118	355	56	44
1118	361	56	41
1119	369	55	37
1118	375	58	36
1117	375	57	38
1120	373	56	44
1119	377	54	44
1118	388	58	40
1117	384	56	44
1119	388	54	45
1117	397	58	40
1120	396	55	45
1120	402	53	44
1119	408	56	39
1118	412	56	40
1121	414	54	41
1121	412	55	46
1122	416	52	43
1122	416	53	44
1120	421	56	39
1121	419	56	43
1123	421	54	41
1122	422	54	40
1122	420	55	42
1124	421	52	42
1122	422	56	39
1124	422	53	40
1124	422	55	37
1123	423	56	39
1124	423	54	39
1125	426	55	37
1123	425	58	37
1125	425	56	39
1126	428	55	37
1125	429	56	38
1125	428	57	38
1127	433	54	36
1125	431	56	38
1128	433	54	38
1127	432	56	40
1128	437	55	38
1128	439	55	35
1130	442	54	35
1128	439	55	38
1128	443	57	36
1131	438	53	41
1131	438	53	42
1131	447	54	34
1130	444	56	37
1132	440	54	42
1132	443	53	38
1130	441	55	41
1133	445	54	39
1131	442	54	41
1134	444	53	40
1133	445	54	38
1131	443	56	40
1133	442	53	43
1134	447	54	37
1133	445	54	38
1134	445	54	41
1132	447	58	39
1134	444	57	40
1135	447	55	40
1136	448	54	40
1135	444	56	43
1135	448	57	40
1136	447	55	39
1138	444	54	43
1138	448	54	40
1137	448	55	37
1139	451	53	38
1138	447	55	38
1140	448	52	41
1137	446	56	43
1137	452	59	37
1138	448	58	41
1132	456	67	34
1130	453	68	38
1131	453	66	40
1131	453	66	40
1133	450	63	43
1133	454	64	39
1131	453	66	40
1133	455	65	38
1136	453	60	40
1132	455	66	37
1135	454	62	39
1141	453	56	36
1141	449	54	42
1137	454	59	40
1134	449	63	38
1132	450	65	36
1132	449	65	37
1135	451	62	35
1133	450	63	36
1134	451	61	35
1136	451	59	36
1135	450	61	38
1131	451	63	37
1132	451	65	37
1133	450	61	39
1132	448	61	42
1131	449	60	39
1130	450	63	37
1132	450	59	38
1132	450	59	38
1131	450	59	38
1132	451	58	37
1131	448	58	41
1128	443	61	46
1129	442	60	47
1127	444	60	44
1128	445	59	42
1125	441	61	47
1126	441	60	48
1126	445	58	41
1127	448	55	39
1122	447	61	41
1121	442	61	44
1119	440	64	47
1117	437	67	50
1118	438	62	49
1118	436	62	49
1118	442	60	44
1120	442	57	43
1119	441	56	43
1114	441	62	43
1116	440	59	44
1115	442	57	39
1114	441	58	41
1114	440	57	42
1114	442	56	40
1114	443	52	37
1112	441	54	39
1113	442	50	38
1108	438	57	41
1109	438	56	41
1107	437	56	42
1107	436	55	43
1106	436	54	41
1105	437	55	41
1104	435	56	42
1106	438	51	37
1104	434	53	42
1102	433	55	43
1102	433	53	42
1102	435	52	38
1101	434	53	37
1101	436	51	35
1101	435	51	36
1100	435	52	33
1100	433	51	35
1098	435	51	30
1097	434	51	30
1097	435	51	30
1095	433	52	31
1095	433	50	30
1094	433	52	31
1094	433	51	30
1093	431	51	32
1092	431	54	33
1092	431	52	33
1094	431	48	31
1092	429	51	36
1093	429	51	38
1092	429	51	36
1090	429	52	36
1091	428	49	35
1092	430	47	31
1089	428	50	31
1090	428	50	31
1090	428	48	30
1089	429	47	30
1089	429	50	27
1090	430	47	27
1089	429	48	36
1090	428	47	35
1089	430	46	35
1091	428	46	35
1088	429	48	35
1090	427	45	39
1089	422	49	42
1090	414	50	50
1091	413	49	53
1092	411	49	57
1093	413	50	53
1095	412	50	55
1096	412	51	52
1098	414	53	51
1099	414	52	51
1101	413	51	55
1102	415	51	52
1103	414	52	51
1104	414	52	51
1105	414	51	52
1106	412	52	53
1106	414	51	52
1108	413	49	53
1108	414	52	53
1109	412	53	54
1112	413	52	53
1113	412	53	55
1115	414	52	51
1119	415	53	49
1122	414	51	53
1123	415	53	50
1128	415	53	53
1130	417	52	49
1132	415	51	50
1135	415	51	53
1136	414	50	56
1138	416	50	52
1139	414	49	55
1138	415	49	54
1139	415	51	53
1140	415	49	53
1140	417	51	53
1139	415	53	54
1141	417	52	54
1141	420	51	51
1143	416	50	54
1143	415	52	58
1145	416	50	58
1146	417	50	56
1145	418	53	55
1146	416	51	56
1148	421	50	52
1149	418	49	55
1151	420	47	54
1152	418	46	55
1150	417	51	56
1150	416	51	56
1152	415	49	54
1150	413	53	56
1154	414	49	54
1155	410	49	56
1154	410	50	55
1155	409	51	55
1155	407	51	55
1154	406	53	55
1158	406	49	52
1157	403	52	55
1159	402	51	55
1159	399	52	56
1160	400	52	57
1159	400	52	57
1163	400	50	57
1162	399	51	57
1164	400	50	55
1165	399	47	58
1162	399	53	56
1167	401	50	56
1166	403	51	54
1165	401	51	56
1167	401	52	57
1166	403	52	57
1166	403	52	57
1166	404	53	57
1161	405	59	55
1168	409	52	51
1164	407	57	52
1164	407	56	54
1168	408	52	54
1169	409	51	53
1172	410	47	53
1170	409	48	55
1172	411	47	54
1172	413	48	51
1172	417	50	48
1170	414	54	51
1172	412	52	54
1174	414	50	53
1174	417	51	51
1173	416	55	53
1175	417	53	53
1177	421	50	49
1178	418	50	53
1179	420	51	51
1178	422	52	50
1178	417	53	56
1178	418	55	55
1181	418	52	56
1178	419	55	55
1178	420	57	56
1180	421	54	56
1182	421	51	57
1178	421	54	57
1178	421	52	57
1174	425	57	54
1177	423	54	57
1173	424	58	56
1174	426	57	55
1176	426	55	56
1177	426	55	57
1177	428	56	56
1180	428	53	57
1182	430	52	55
1181	430	53	56
1179	430	56	58
1179	430	58	58
1177	431	59	58
1181	430	57	59
1181	432	57	57
1178	432	60	58
1178	434	62	57
1182	434	58	58
1183	436	57	56
1183	435	56	57
1183	436	56	56
1182	435	57	57
1181	436	56	58
1179	437	54	57
1172	436	60	57
1169	437	57	58
1164	438	58	55
1158	436	60	58
1155	435	57	60
1154	436	53	59
1148	437	56	58
1143	437	58	58
1143	437	54	58
1140	439	54	57
1136	438	55	59
1132	440	55	59
1128	438	56	61
1123	439	58	60
1123	440	55	61
1122	443	52	57
1118	441	53	61
1113	443	55	61
1113	445	50	61
1111	446	50	60
1108	449	49	57
1104	449	51	58
1101	451	51	58
1098	452	54	60
1091	455	60	58
1096	457	53	57
1096	457	53	59
1092	460	55	59
1090	462	58	58
1094	465	52	57
1094	465	52	58
1096	470	49	56
1093	469	51	56
1095	471	46	58
1093	473	48	56
1096	474	45	56
1095	474	46	57
1095	477	44	55
1091	478	47	56
1092	478	47	56
1092	480	45	55
1092	480	44	56
1089	481	47	55
1091	484	44	54
1089	484	45	53
1088	486	44	52
1088	486	45	55
1086	487	46	53
1085	488	46	54
1088	491	41	52
1086	493	44	50
1085	492	44	52
1086	493	42	52
1083	493	45	52
1084	493	45	52
1083	493	45	52
1085	494	41	51
1082	495	44	51
1084	496	41	51
1085	496	40	51
1084	497	40	50
1081	498	43	49
1081	496	44	50
1081	496	43	50
1081	496	43	50
1078	496	45	50
1080	496	44	49
1080	496	42	49
1078	496	44	48
1080	497	42	48
1078	495	43	48
1080	495	40	47
1078	494	41	48
1078	493	42	48
1077	493	42	48
1078	492	41	48
1075	491	43	48
1078	489	40	48
1077	490	40	45
1076	488	41	45
1079	483	37	47
1077	481	40	46
1076	477	41	46
1076	475	40	45
1074	469	42	47
1077	467	40	44
1076	460	39	44
1076	456	38	45
1074	448	41	46
1076	443	39	45
1076	434	39	47
1076	429	39	46
1074	420	40	48
1075	419	38	41
1075	412	39	40
1074	398	39	46
1074	392	38	45
1075	387	38	43
1073	381	40	45
1072	377	41	44
1073	373	40	44
1073	370	41	44
1070	367	42	43
1071	365	42	44
1069	363	43	44
1069	362	44	44
1069	361	43	45
1070	361	42	44
1068	360	43	45
1070	359	42	45
1072	359	38	43
1070	357	41	46
1069	358	43	44
1068	357	43	44
1069	357	42	43
1070	357	40	42
1067	355	44	43
1071	355	39	44
1069	353	41	46
1068	353	42	46
1070	353	40	45
1067	352	43	45
1070	352	40	45
1067	351	42	45
1067	351	42	44
1070	350	40	46
1066	349	43	45
1067	349	42	46
1069	349	40	46
1070	349	38	43
1068	348	39	44
1066	348	42	43
1067	348	41	44
1065	348	42	43
1067	348	40	43
1066	348	42	43
1066	348	42	42
1064	347	44	42
1067	347	40	43
1068	346	38	44
1068	345	38	42
1066	345	41	42
1068	345	39	42
1066	344	41	43
1068	343	38	43
1067	343	39	42
1069	343	37	42
1065	343	42	42
1065	343	42	42
1068	342	39	43
1068	342	38	42
1064	342	42	42
1066	343	41	42
1066	346	39	42
1067	349	39	43
1067	352	38	45
1065	358	40	45
1066	365	40	44
1066	373	40	43
1065	381	40	43
1066	390	40	43
1065	402	40	38
1066	417	39	32
1066	429	39	29
1065	432	38	36
1065	444	39	34
1068	461	34	27
1065	462	37	35
1064	477	39	29
1064	476	38	38
1066	487	37	34
1063	489	39	38
1066	491	36	41
1065	496	37	40
1064	499	38	39
1066	501	35	39
1064	502	37	39
1065	503	37	39
1063	502	39	39
1064	503	37	36
1063	501	37	39
1065	502	36	38
1065	500	36	38
1065	499	36	39
1064	499	37	38
1064	499	37	38
1062	498	39	39
1063	498	37	39
1065	496	35	39
1062	496	39	38
1062	496	40	38
1063	498	39	35
1063	495	36	38
1062	495	38	37
1063	494	37	38
1063	493	38	38
1060	494	40	35
1062	493	39	37
1062	492	39	37
1064	491	36	38
1063	490	37	38
1062	490	39	38
1064	490	35	36
1063	489	37	38
1065	488	35	38
1065	487	35	38
1063	487	38	38
1062	486	38	37
1064	487	36	37
1063	488	36	33
1065	489	35	31
1065	493	33	26
1065	493	34	26
1063	490	37	27
1063	491	37	26
1062	488	37	27
1063	492	37	23
1064	488	35	26
1064	491	36	22
1065	488	33	25
1064	478	32	32
1064	478	34	33
1065	477	32	35
1065	477	32	33
1064	476	33	33
1061	478	37	31
1061	481	39	27
1062	484	37	22
1063	481	35	26
1061	473	36	32
1060	473	37	31
1061	469	36	34
1062	469	35	34
1063	468	34	34
1062	468	34	34
1060	466	36	33
1059	465	38	34
1061	465	36	34
1061	464	35	34
1061	463	35	34
1063	463	33	34
1060	462	37	34
1060	462	36	32
1060	460	35	33
1061	460	34	33
1062	459	34	33
1061	458	36	34
1062	457	34	34
1061	457	35	33
1064	456	32	33
1062	457	33	30
1062	455	33	32
1060	453	34	33
1063	453	32	32
