886	1623	677	520
932	1625	639	496
939	1597	664	493
966	1572	657	497
972	1558	639	485
1022	1539	606	455
1055	1516	588	456
1079	1482	569	456
1110	1466	549	439
1130	1444	596	427
1145	1432	662	426
1175	1410	625	419
1183	1392	615	411
1209	1363	628	426
1233	1358	617	396
1251	1344	564	406
1264	1332	544	382
1301	1319	515	387
1322	1309	481	368
1336	1303	478	349
1354	1292	481	338
1361	1273	471	339
1384	1237	434	358
1406	1230	401	338
1417	1218	408	324
1452	1198	374	331
1506	1182	321	336
1526	1175	288	321
1533	1159	260	322
1531	1139	270	317
1529	1139	274	307
1544	1116	295	317
1553	1101	260	325
1583	1095	336	308
1591	1095	401	284
1592	1110	417	244
1600	1109	397	227
1621	1104	398	216
1641	1094	381	217
1663	1073	369	223
1668	1048	372	250
1672	1050	382	235
1690	1031	389	248
1685	1025	378	236
1696	1012	381	226
1724	1000	359	255
1757	990	347	312
1752	988	350	301
1743	968	367	327
1777	959	341	330
1790	943	339	324
1825	930	306	283
1880	924	257	293
1892	920	258	247
1899	908	250	238
1903	899	262	231
1905	897	263	220
1905	886	281	215
1886	870	291	223
1898	863	296	209
1893	851	291	218
1909	851	293	206
1914	846	302	202
1912	846	298	199
1914	830	305	231
1948	812	281	216
1949	817	288	226
1942	770	308	253
1967	804	281	238
1979	798	278	224
1990	795	262	206
2009	782	265	218
2000	778	256	207
2016	776	262	191
2016	768	262	196
2027	760	262	194
2033	757	259	190
2037	754	260	185
2048	746	258	186
2056	739	254	184
2063	733	257	186
2068	727	250	182
2076	719	251	180
2083	717	253	169
2094	705	245	177
2094	694	247	182
2108	687	245	174
2105	696	244	154
2122	684	235	160
2123	678	239	155
2129	683	239	144
2142	659	229	167
2153	663	224	158
2154	659	226	151
2157	644	227	159
2171	641	219	163
2177	611	215	180
2192	579	196	201
2193	572	203	211
2198	571	193	201
2201	573	209	193
2198	571	200	193
2202	566	170	167
2256	615	167	142
2264	614	164	119
2253	605	177	121
2247	607	189	114
2247	599	192	122
2251	596	192	123
2259	593	190	119
2260	589	194	127
2282	577	178	136
2304	566	162	136
2319	576	155	119
2313	566	164	118
2326	563	155	113
2341	565	141	101
2372	594	118	90
2386	589	105	91
2392	585	102	94
2397	583	102	86
2400	581	102	85
2407	577	101	95
2412	549	95	113
2415	548	99	117
2425	543	94	115
2419	548	102	102
2427	553	96	88
2428	556	103	81
2430	549	102	85
2433	553	102	71
2444	535	95	85
2449	532	92	87
2460	522	85	94
2464	518	83	95
2467	510	84	103
2454	499	85	108
2454	499	85	108
2454	499	85	108
2505	700	83	97
2607	534	78	84
2607	534	78	84
2607	534	78	84
2607	534	78	84
2625	542	83	79
2625	542	83	79
2625	542	83	79
2625	542	83	79
2607	554	74	70
2620	540	81	70
2620	550	76	57
2612	554	80	67
2612	554	80	67
2612	554	80	67
2616	543	72	61
2616	543	72	61
2616	543	72	61
2612	552	60	53
2623	545	63	46
2625	539	57	45
2625	545	54	44
2625	549	46	42
2637	545	42	40
2636	547	34	34
2637	544	33	29
2638	546	32	21
2640	545	28	18
2640	544	28	16
2639	544	29	15
2640	543	29	16
2642	542	28	17
2641	540	29	16
2640	540	31	16
2639	539	32	15
2639	538	31	15
2639	537	31	16
2638	536	32	17
2640	535	32	16
2640	534	31	16
2639	533	32	15
2639	532	31	17
2640	532	31	15
2641	531	30	15
2642	530	29	15
2641	530	29	15
2640	528	30	17
2640	528	31	16
2638	528	33	16
2639	527	31	16
2639	526	31	17
2640	525	31	18
2640	524	30	16
2639	524	31	16
2640	524	30	15
2640	523	29	15
2641	522	29	15
2641	522	29	16
2641	521	31	16
2640	520	31	17
2639	520	31	16
