861	348	27	36
862	349	23	35
858	349	24	36
856	352	25	34
855	352	24	37
853	352	24	38
851	353	24	40
851	355	25	37
849	357	26	37
849	359	25	36
846	360	27	39
847	361	25	36
845	364	26	35
844	365	28	35
844	366	27	30
842	366	28	32
839	366	30	33
842	367	26	29
844	367	24	27
845	367	23	28
843	369	24	28
842	369	23	31
843	369	23	31
840	370	26	32
835	370	29	36
836	371	27	36
836	371	27	40
835	371	26	42
836	373	26	41
836	374	24	41
834	375	27	45
832	376	29	46
833	378	27	46
832	378	28	44
830	380	29	47
828	381	30	46
829	382	27	46
830	384	26	43
830	389	24	38
829	391	26	39
829	392	25	39
830	393	24	36
829	395	24	36
830	396	24	37
830	397	24	36
830	399	24	36
829	400	24	38
829	400	24	41
828	400	24	40
828	402	24	39
828	403	24	40
828	403	24	41
827	407	25	39
826	407	26	40
826	408	28	39
825	408	28	44
826	409	27	45
825	409	26	43
822	409	30	45
824	411	29	43
824	412	27	43
822	411	30	49
822	413	29	45
822	413	31	46
821	412	31	50
819	414	34	49
819	414	34	49
819	415	32	49
819	415	33	48
817	416	35	50
819	417	33	50
818	420	33	51
818	421	35	49
819	422	31	49
817	424	34	50
818	424	33	48
817	425	33	49
817	426	32	52
816	428	34	50
816	432	33	48
816	432	33	49
817	433	31	50
815	433	33	52
815	434	33	56
815	436	34	59
814	438	33	58
813	439	34	62
814	441	34	60
812	443	33	61
812	445	33	62
811	448	34	58
811	449	33	62
811	452	33	61
810	454	35	58
809	457	35	57
810	460	35	54
808	461	36	56
809	461	34	61
808	464	36	59
809	466	35	60
808	468	36	62
808	470	35	63
808	470	35	65
806	472	36	66
807	474	35	65
806	475	37	67
806	478	37	65
805	480	37	65
805	482	36	66
806	484	37	65
803	485	38	66
804	488	36	64
803	490	39	67
803	492	39	68
802	493	37	69
802	496	38	70
801	498	37	65
799	500	40	69
799	501	39	69
798	503	40	72
799	505	39	72
799	507	37	70
800	510	38	71
798	511	39	67
797	512	39	72
795	513	40	75
794	517	40	73
793	518	40	75
793	518	39	77
789	522	45	77
790	524	40	76
789	526	41	69
784	528	44	69
786	530	43	73
787	532	39	71
783	534	40	80
782	537	39	75
780	539	42	76
778	540	43	71
778	543	42	70
778	546	41	76
772	548	43	77
773	551	41	72
771	554	44	78
766	556	47	89
762	560	47	84
762	561	43	89
759	564	47	88
757	568	48	85
757	569	46	96
752	574	48	91
749	578	47	92
747	581	49	92
749	584	47	87
744	587	46	90
744	590	48	92
740	594	48	95
736	597	50	97
736	600	49	100
736	604	44	91
736	607	47	97
732	610	51	105
731	613	52	104
732	617	53	105
728	621	53	105
725	624	51	104
726	628	49	102
719	633	52	104
721	636	52	109
719	641	52	103
720	646	51	106
715	649	51	107
714	654	52	111
715	657	53	107
712	661	55	115
711	666	52	107
709	668	57	120
706	674	53	115
707	679	56	99
701	685	57	92
703	690	52	98
701	694	54	102
700	697	58	116
694	702	62	108
691	708	55	103
690	713	56	102
683	719	59	109
678	723	58	113
675	728	59	112
675	735	57	122
671	741	59	123
667	746	59	123
664	753	56	114
660	757	61	119
654	763	63	118
652	769	58	116
644	776	64	126
644	781	61	129
638	787	61	121
635	794	62	126
636	800	60	124
631	804	61	123
623	813	65	138
625	820	64	138
622	827	63	136
617	831	62	141
613	838	63	136
613	854	67	142
609	863	64	142
604	874	69	130
604	878	64	131
601	889	61	135
596	896	65	125
592	903	66	144
590	912	69	149
588	921	70	143
586	930	65	132
