780	152	76	58
801	158	81	65
827	166	83	61
847	172	81	64
867	175	78	68
889	186	71	65
903	195	75	58
912	203	75	63
918	212	78	59
916	223	85	62
917	232	92	68
920	242	93	71
919	250	93	77
922	261	95	77
927	273	95	73
933	283	91	71
932	294	86	70
932	309	96	62
930	318	95	65
928	331	96	61
925	339	95	63
922	350	99	62
919	359	98	63
919	369	90	61
913	380	94	61
910	389	97	60
908	398	94	62
903	410	93	57
897	418	94	59
892	429	96	57
889	436	94	60
880	449	97	56
882	456	91	57
877	468	86	56
871	476	90	57
867	485	88	53
858	492	93	48
851	495	94	52
868	499	77	50
869	502	67	49
872	504	57	47
873	505	54	46
870	505	52	46
867	502	50	49
864	500	49	48
861	497	49	49
861	498	46	44
858	494	49	48
861	492	48	47
861	489	46	49
863	487	46	46
871	486	44	46
874	485	50	42
879	481	50	45
886	480	50	44
893	476	51	41
903	476	51	39
917	470	51	43
926	468	58	46
941	464	62	46
965	465	56	45
985	462	57	47
1003	461	60	45
1023	461	58	43
1043	459	59	47
1063	457	55	47
1078	455	49	47
1084	453	52	53
1093	454	45	46
1092	449	46	49
1091	447	47	49
1090	445	45	52
1089	444	45	51
1087	442	43	50
1081	439	46	51
1081	441	42	48
1079	435	42	53
1075	434	44	52
1071	431	46	53
1069	429	45	56
1085	451	43	63
1066	429	41	52
1062	427	42	52
1058	425	42	52
1051	423	45	56
1043	422	47	55
1035	422	46	50
1025	424	48	40
1012	423	47	43
1000	420	48	43
987	419	46	44
974	417	49	48
957	418	52	48
946	419	49	42
930	419	50	44
921	418	46	41
908	418	48	45
902	416	45	47
893	416	46	47
890	416	46	49
885	418	43	46
885	418	39	47
880	415	43	50
877	414	42	50
871	413	48	53
873	414	41	50
871	414	40	51
870	414	41	50
868	415	41	49
864	415	44	49
860	413	43	50
857	414	45	50
859	414	42	49
857	412	41	50
856	410	40	49
853	410	41	52
851	411	41	47
849	407	40	50
845	405	43	54
845	405	41	53
844	406	40	54
840	407	43	49
841	405	39	50
838	403	39	52
837	401	43	53
833	402	40	50
831	401	41	51
829	399	42	53
828	397	40	53
823	396	43	55
824	395	39	53
821	394	40	53
820	393	40	55
817	394	40	50
814	391	41	51
815	389	38	56
808	389	43	56
810	387	40	57
807	388	41	56
804	388	43	53
803	387	41	54
803	388	39	50
798	386	41	52
798	386	39	54
796	386	38	54
791	384	42	53
789	383	43	55
788	382	43	58
787	385	42	52
781	383	44	54
780	382	41	57
780	383	44	57
777	382	43	55
774	382	46	58
771	381	46	59
769	382	47	60
765	381	48	60
763	379	49	60
761	379	48	62
761	380	47	63
757	381	46	57
756	381	44	63
754	385	43	60
750	387	42	62
749	388	40	64
746	393	42	62
744	397	39	61
742	403	40	61
737	411	43	60
736	417	43	62
734	422	43	64
731	430	43	60
732	438	41	66
728	443	43	64
726	452	42	63
724	461	43	62
721	468	43	62
718	476	43	61
717	483	41	62
715	491	40	60
711	498	43	61
709	508	43	64
706	513	46	61
702	519	46	65
701	522	41	71
699	527	38	70
697	534	39	68
695	539	40	69
690	542	41	67
687	547	42	68
685	550	41	64
684	554	39	63
680	555	40	64
680	559	40	66
675	559	44	67
672	562	46	66
668	562	47	72
668	565	45	68
664	566	46	72
665	566	43	73
662	567	44	74
660	567	45	73
658	568	47	76
654	569	46	77
653	570	44	78
650	572	38	75
647	572	39	75
646	571	38	76
645	573	36	75
643	573	38	77
644	573	34	79
643	574	33	76
641	590	34	68
643	584	32	69
640	578	34	72
639	592	39	67
641	600	36	59
639	591	36	65
637	586	40	70
638	581	37	72
637	579	45	77
637	579	39	77
636	578	39	78
636	581	40	75
635	580	45	76
635	578	40	78
633	575	35	79
636	575	31	77
633	578	37	79
634	574	34	76
634	578	32	76
637	574	32	77
638	572	31	76
638	570	33	77
637	577	34	73
640	569	32	78
638	578	37	72
640	572	38	75
643	567	37	81
643	564	38	81
647	562	37	82
646	558	42	87
650	560	39	84
653	558	40	82
655	557	39	82
659	556	37	81
661	556	39	80
667	552	37	81
668	551	40	80
675	550	34	81
676	548	38	80
682	548	38	78
686	545	39	81
691	545	38	81
696	544	38	85
699	543	40	79
705	541	40	79
712	542	49	75
712	542	54	76
719	542	67	76
731	539	69	77
734	536	71	77
742	533	65	77
746	532	69	78
755	530	61	77
759	526	64	83
766	526	61	76
771	523	60	77
775	521	53	73
783	517	48	78
791	513	46	79
794	511	49	82
806	509	44	76
811	506	50	81
813	505	56	78
820	498	55	83
832	495	49	83
838	494	52	81
843	491	59	81
852	491	63	71
856	485	69	73
866	484	63	72
874	479	62	76
881	475	60	77
883	472	63	75
885	466	70	79
893	462	62	81
894	459	58	82
898	457	63	77
903	453	54	78
908	451	48	78
913	449	48	78
915	443	53	80
919	442	53	78
927	440	51	78
936	435	52	78
941	433	53	79
949	430	57	81
959	425	52	80
963	428	54	76
972	425	62	76
980	424	61	73
985	422	71	75
993	420	64	74
1004	418	69	73
1010	414	62	71
1018	413	60	75
1022	413	65	72
1029	410	61	74
1040	405	67	73
1046	405	60	73
1057	406	52	71
1061	405	53	72
1070	403	54	71
1078	402	54	73
1087	398	54	75
1095	396	57	72
1101	393	57	75
1108	394	58	76
1116	392	54	76
1123	390	52	76
1134	390	58	67
1137	390	61	63
1145	387	58	68
1147	385	63	67
1150	381	60	71
1147	379	61	68
1146	375	60	65
1136	374	64	62
1121	373	67	60
1104	369	69	59
1085	365	68	57
1058	362	65	59
1030	360	66	54
1002	356	65	59
971	354	66	53
938	351	67	55
904	349	69	50
870	348	69	51
836	346	70	53
801	346	70	53
765	346	70	57
729	348	67	54
695	348	77	55
661	351	78	57
629	351	77	58
606	350	72	62
592	351	64	66
583	353	60	69
588	348	51	70
589	344	49	72
592	343	49	67
592	341	55	74
597	337	51	75
600	334	50	78
606	329	50	81
609	326	49	80
615	323	49	79
620	318	48	80
623	319	47	75
624	313	48	79
629	312	46	76
631	309	47	77
635	310	50	73
638	306	50	72
642	302	49	75
644	302	50	73
648	299	49	70
650	297	49	71
654	296	47	68
658	291	46	68
660	289	45	68
662	286	45	70
664	282	47	74
670	283	42	71
671	281	39	70
673	279	40	71
676	276	42	73
679	276	38	70
682	276	38	71
684	275	39	71
686	275	40	72
689	273	38	72
692	273	38	69
693	272	38	73
696	274	40	66
698	274	39	67
703	275	38	61
705	276	38	58
708	277	37	58
712	277	36	55
711	278	38	59
715	278	38	63
718	280	38	61
721	281	36	58
723	283	37	61
726	284	35	62
730	284	34	63
732	283	34	64
734	286	34	63
736	285	35	63
737	286	34	64
735	289	34	58
723	290	38	59
703	293	42	58
674	301	42	50
