814	48	37	70
825	66	37	68
834	81	37	69
842	98	40	67
849	113	37	67
854	131	40	70
861	147	41	71
863	162	45	65
865	180	48	63
867	195	46	62
865	210	45	61
864	222	51	60
862	237	50	60
860	250	49	60
855	261	51	59
850	273	52	57
846	285	53	55
840	295	52	54
833	305	54	53
824	316	58	50
816	322	64	50
806	330	68	49
796	337	68	46
787	341	68	46
778	345	68	46
770	351	64	42
760	352	67	44
749	357	68	39
737	358	67	40
725	362	66	43
711	362	67	41
697	367	68	46
683	372	67	37
670	382	66	36
653	381	67	36
639	388	70	44
625	393	67	38
612	397	65	48
598	404	68	47
583	411	71	52
570	419	66	53
557	428	67	52
543	443	66	51
530	454	67	51
517	468	67	46
505	484	66	45
490	498	69	47
477	512	70	52
465	528	67	53
453	540	68	56
441	560	63	47
426	574	71	55
413	590	70	56
401	604	73	54
388	621	71	54
377	635	69	58
363	652	70	53
349	667	77	52
337	676	77	57
324	685	78	55
310	687	83	54
299	685	82	51
299	671	75	43
295	658	71	40
287	643	70	37
281	626	67	37
278	606	65	35
272	587	67	32
270	567	64	33
267	542	63	43
267	521	62	49
260	496	63	60
253	471	73	71
243	447	82	78
247	421	81	92
258	396	73	89
267	371	66	94
278	347	59	82
282	320	60	82
289	293	57	82
297	270	54	87
305	245	59	85
315	221	58	86
327	196	55	89
337	171	52	86
349	147	50	85
364	124	51	85
380	101	46	87
393	80	49	87
413	60	42	83
435	41	39	79
451	25	38	80
475	11	33	76
496	0	42	77
496	0	42	77
540	-13	51	78
552	-7	57	74
572	-6	71	76
572	-6	71	76
415	109	60	77
471	187	61	77
476	134	61	75
530	208	55	83
554	226	51	79
582	246	57	73
599	257	73	82
620	275	76	84
633	293	81	85
652	315	74	86
666	345	73	81
677	369	71	82
690	396	66	79
697	422	66	79
702	452	68	75
707	479	66	77
711	507	64	76
714	535	62	79
716	563	62	77
715	589	67	81
718	612	64	87
719	640	65	89
720	679	65	80
722	698	65	90
725	735	63	83
726	762	64	85
727	788	65	91
728	814	65	96
728	838	67	105
727	868	67	106
727	892	71	115
729	926	70	114
731	945	71	129
731	945	66	126
731	945	69	125
733	973	71	104
733	973	71	104
733	973	71	104
733	973	71	104
733	973	71	104
733	973	71	104
733	973	71	104
733	973	71	104
733	973	71	104
733	973	71	104
733	973	71	104
733	973	71	104
733	973	71	104
733	973	71	104
733	973	71	104
733	973	71	104
733	973	71	104
733	973	71	104
733	973	71	104
733	973	71	104
733	973	71	104
733	973	71	104
733	973	71	104
733	973	71	104
733	973	71	104
733	973	71	104
733	973	71	104
733	973	71	104
733	973	71	104
733	973	71	104
733	973	71	104
733	973	71	104
733	973	71	104
733	973	71	104
733	973	71	104
733	973	71	104
733	973	71	104
733	973	71	104
733	973	71	104
733	973	71	104
733	973	71	104
733	973	71	104
733	973	71	104
733	973	71	104
733	973	71	104
733	973	71	104
733	973	71	104
733	973	71	104
733	973	71	104
733	973	71	104
733	973	71	104
733	973	71	104
733	973	71	104
733	973	71	104
733	973	71	104
733	973	71	104
733	973	71	104
733	973	71	104
733	973	71	104
733	973	71	104
733	973	71	104
733	973	71	104
733	973	71	104
733	973	71	104
733	973	71	104
733	973	71	104
733	973	71	104
733	973	71	104
733	973	71	104
733	973	71	104
733	973	71	104
733	973	71	104
733	973	71	104
733	973	71	104
733	973	71	104
733	973	71	104
733	973	71	104
733	973	71	104
733	973	71	104
733	973	71	104
733	973	71	104
733	973	71	104
733	973	71	104
733	973	71	104
733	973	71	104
733	973	71	104
733	973	71	104
733	973	71	104
733	973	71	104
733	973	71	104
733	973	71	104
733	973	71	104
733	973	71	104
733	973	71	104
733	973	71	104
733	973	71	104
733	973	71	104
733	973	71	104
733	973	71	104
733	973	71	104
733	973	71	104
733	973	71	104
733	973	71	104
733	973	71	104
733	973	71	104
733	973	71	104
733	973	71	104
733	973	71	104
733	973	71	104
733	973	71	104
733	973	71	104
733	973	71	104
733	973	71	104
733	973	71	104
733	973	71	104
733	973	71	104
733	973	71	104
733	973	71	104
733	973	71	104
733	973	71	104
733	973	71	104
733	973	71	104
733	973	71	104
733	973	71	104
733	973	71	104
733	973	71	104
733	973	71	104
733	973	71	104
733	973	71	104
733	973	71	104
733	973	71	104
733	973	71	104
733	973	71	104
733	973	71	104
733	973	71	104
733	973	71	104
733	973	71	104
733	973	71	104
733	973	71	104
733	973	71	104
733	973	71	104
733	973	71	104
733	973	71	104
733	973	71	104
919	784	74	88
924	783	62	86
924	807	60	76
924	822	59	74
922	826	60	83
919	847	61	76
917	860	61	77
916	877	61	75
913	889	63	79
911	906	63	78
908	915	65	85
906	912	66	106
905	906	63	128
903	916	66	136
901	929	68	141
900	938	68	143
900	951	67	127
899	967	68	109
893	982	73	98
893	982	73	98
893	982	73	98
893	982	73	98
893	982	73	98
893	982	73	98
893	982	73	98
893	982	73	98
893	982	73	98
893	982	73	98
893	982	73	98
893	982	73	98
893	982	73	98
893	982	73	98
893	982	73	98
893	982	73	98
893	982	73	98
893	982	73	98
893	982	73	98
893	982	73	98
893	982	73	98
893	982	73	98
893	982	73	98
893	982	73	98
893	982	73	98
893	982	73	98
893	982	73	98
893	982	73	98
893	982	73	98
893	982	73	98
893	982	73	98
893	982	73	98
893	982	73	98
903	816	79	107
909	791	74	102
848	623	57	93
849	651	50	77
845	666	51	76
844	683	48	71
841	701	51	69
839	715	49	72
836	728	47	72
833	743	49	71
829	757	53	72
827	770	51	72
824	781	52	75
821	788	53	79
817	802	55	78
814	812	55	79
814	822	53	82
810	832	56	82
807	843	55	82
803	853	58	85
803	864	53	86
800	878	53	84
797	883	56	90
792	898	59	86
789	911	59	88
785	917	59	95
782	938	60	89
777	957	63	88
773	977	64	89
772	984	61	92
771	991	61	89
773	975	62	95
778	985	54	94
774	1005	58	84
770	1007	61	74
770	1007	61	74
770	1007	61	74
770	1007	61	74
770	1007	61	74
770	1007	61	74
770	1007	61	74
770	1007	61	74
770	1007	61	74
770	1007	61	74
770	1007	61	74
770	1007	61	74
770	1007	61	74
770	1007	61	74
770	1007	61	74
770	1007	61	74
770	1007	61	74
770	1007	61	74
770	1007	61	74
770	1007	61	74
770	1007	61	74
770	1007	61	74
770	1007	61	74
770	1007	61	74
770	1007	61	74
770	1007	61	74
770	1007	61	74
770	1007	61	74
770	1007	61	74
770	1007	61	74
770	1007	61	74
770	1007	61	74
770	1007	61	74
770	1007	61	74
770	1007	61	74
770	1007	61	74
770	1007	61	74
770	1007	61	74
770	1007	61	74
770	1007	61	74
770	1007	61	74
770	1007	61	74
770	1007	61	74
770	1007	61	74
770	1007	61	74
770	1007	61	74
770	1007	61	74
770	1007	61	74
770	1007	61	74
770	1007	61	74
770	1007	61	74
770	1007	61	74
770	1007	61	74
770	1007	61	74
770	1007	61	74
770	1007	61	74
770	1007	61	74
770	1007	61	74
770	1007	61	74
770	1007	61	74
770	1007	61	74
846	855	69	75
846	855	69	75
846	855	69	75
846	855	69	75
846	855	69	75
846	855	69	75
846	855	69	75
829	925	55	75
834	935	45	77
843	944	32	79
844	955	30	80
842	963	32	83
843	977	31	81
842	986	30	82
841	994	32	80
841	1004	33	74
841	1004	33	74
841	1004	33	74
841	1004	33	74
841	1004	33	74
841	1004	33	74
841	1004	33	74
841	1004	33	74
841	1004	33	74
841	1004	33	74
841	1004	33	74
841	1004	33	74
841	1004	33	74
841	1004	33	74
841	1004	33	74
841	1004	33	74
841	1004	33	74
841	1004	33	74
841	1004	33	74
841	1004	33	74
841	1004	33	74
841	1004	33	74
841	1004	33	74
841	1004	33	74
841	1004	33	74
841	1004	33	74
841	1004	33	74
841	1004	33	74
841	1004	33	74
841	1004	33	74
841	1004	33	74
841	1004	33	74
841	1004	33	74
841	1004	33	74
841	1004	33	74
841	1004	33	74
841	1004	33	74
841	1004	33	74
841	1004	33	74
841	1004	33	74
841	1004	33	74
841	1004	33	74
841	1004	33	74
841	1004	33	74
841	1004	33	74
841	1004	33	74
841	1004	33	74
841	1004	33	74
841	1004	33	74
841	1004	33	74
841	1004	33	74
841	1004	33	74
814	928	29	71
814	928	29	71
814	928	29	71
814	928	29	71
814	928	29	71
814	928	29	71
814	928	29	71
814	928	29	71
814	928	29	71
814	928	29	71
814	928	29	71
814	928	29	71
814	928	29	71
814	928	29	71
814	928	29	71
769	830	38	65
780	861	37	51
772	885	45	46
765	913	54	44
765	913	54	44
765	913	54	44
760	980	59	41
760	980	59	41
760	980	59	41
760	980	59	41
760	980	59	41
760	980	59	41
760	980	59	41
760	980	59	41
760	980	59	41
760	980	59	41
760	980	59	41
760	980	59	41
760	980	59	41
760	980	59	41
760	980	59	41
760	980	59	41
760	980	59	41
760	980	59	41
760	980	59	41
760	980	59	41
760	980	59	41
760	980	59	41
760	980	59	41
760	980	59	41
760	980	59	41
760	980	59	41
760	980	59	41
760	980	59	41
760	980	59	41
760	980	59	41
760	980	59	41
760	980	59	41
760	980	59	41
760	980	59	41
760	980	59	41
760	980	59	41
760	980	59	41
760	980	59	41
760	980	59	41
760	980	59	41
760	980	59	41
760	980	59	41
760	980	59	41
760	980	59	41
760	980	59	41
760	980	59	41
760	980	59	41
760	980	59	41
760	980	59	41
760	980	59	41
760	980	59	41
760	980	59	41
760	980	59	41
760	980	59	41
760	980	59	41
760	980	59	41
760	980	59	41
760	980	59	41
760	980	59	41
760	980	59	41
760	980	59	41
760	980	59	41
760	980	59	41
760	980	59	41
760	980	59	41
760	980	59	41
760	980	59	41
760	980	59	41
760	980	59	41
760	980	59	41
760	980	59	41
760	980	59	41
760	980	59	41
760	980	59	41
760	980	59	41
760	980	59	41
760	980	59	41
760	980	59	41
760	980	59	41
760	980	59	41
760	980	59	41
760	980	59	41
760	980	59	41
760	980	59	41
760	980	59	41
760	980	59	41
760	980	59	41
760	980	59	41
760	980	59	41
760	980	59	41
760	980	59	41
760	980	59	41
760	980	59	41
760	980	59	41
760	980	59	41
760	980	59	41
760	980	59	41
760	980	59	41
760	980	59	41
760	980	59	41
760	980	59	41
760	980	59	41
760	980	59	41
760	980	59	41
760	980	59	41
760	980	59	41
760	980	59	41
760	980	59	41
760	980	59	41
760	980	59	41
760	980	59	41
760	980	59	41
760	980	59	41
760	980	59	41
760	980	59	41
760	980	59	41
760	980	59	41
760	980	59	41
760	980	59	41
760	980	59	41
760	980	59	41
760	980	59	41
760	980	59	41
760	980	59	41
760	980	59	41
760	980	59	41
760	980	59	41
760	980	59	41
760	980	59	41
760	980	59	41
760	980	59	41
760	980	59	41
760	980	59	41
760	980	59	41
760	980	59	41
760	980	59	41
760	980	59	41
760	980	59	41
760	980	59	41
760	980	59	41
760	980	59	41
760	980	59	41
760	980	59	41
760	980	59	41
760	980	59	41
760	980	59	41
760	980	59	41
760	980	59	41
760	980	59	41
760	980	59	41
760	980	59	41
760	980	59	41
760	980	59	41
760	980	59	41
760	980	59	41
760	980	59	41
760	980	59	41
760	980	59	41
760	980	59	41
760	980	59	41
760	980	59	41
760	980	59	41
760	980	59	41
760	980	59	41
760	980	59	41
760	980	59	41
760	980	59	41
760	980	59	41
760	980	59	41
760	980	59	41
760	980	59	41
760	980	59	41
760	980	59	41
760	980	59	41
760	980	59	41
760	980	59	41
760	980	59	41
760	980	59	41
760	980	59	41
760	980	59	41
760	980	59	41
760	980	59	41
760	980	59	41
760	980	59	41
760	980	59	41
760	980	59	41
760	980	59	41
760	980	59	41
760	980	59	41
760	980	59	41
760	980	59	41
760	980	59	41
760	980	59	41
760	980	59	41
760	980	59	41
760	980	59	41
760	980	59	41
760	980	59	41
760	980	59	41
760	980	59	41
760	980	59	41
760	980	59	41
760	980	59	41
760	980	59	41
760	980	59	41
760	980	59	41
760	980	59	41
760	980	59	41
760	980	59	41
760	980	59	41
760	980	59	41
760	980	59	41
760	980	59	41
760	980	59	41
760	980	59	41
760	980	59	41
760	980	59	41
760	980	59	41
760	980	59	41
760	980	59	41
760	980	59	41
760	980	59	41
760	980	59	41
760	980	59	41
760	980	59	41
760	980	59	41
760	980	59	41
760	980	59	41
760	980	59	41
760	980	59	41
760	980	59	41
760	980	59	41
760	980	59	41
760	980	59	41
760	980	59	41
760	980	59	41
760	980	59	41
760	980	59	41
760	980	59	41
760	980	59	41
760	980	59	41
760	980	59	41
760	980	59	41
760	980	59	41
760	980	59	41
760	980	59	41
760	980	59	41
760	980	59	41
760	980	59	41
760	980	59	41
760	980	59	41
760	980	59	41
760	980	59	41
760	980	59	41
760	980	59	41
760	980	59	41
760	980	59	41
760	980	59	41
760	980	59	41
760	980	59	41
760	980	59	41
760	980	59	41
760	980	59	41
760	980	59	41
760	980	59	41
760	980	59	41
760	980	59	41
760	980	59	41
760	980	59	41
760	980	59	41
760	980	59	41
760	980	59	41
760	980	59	41
760	980	59	41
760	980	59	41
760	980	59	41
760	980	59	41
760	980	59	41
760	980	59	41
760	980	59	41
760	980	59	41
760	980	59	41
760	980	59	41
760	980	59	41
760	980	59	41
760	980	59	41
760	980	59	41
760	980	59	41
760	980	59	41
760	980	59	41
760	980	59	41
760	980	59	41
760	980	59	41
760	980	59	41
760	980	59	41
760	980	59	41
760	980	59	41
760	980	59	41
760	980	59	41
760	980	59	41
760	980	59	41
760	980	59	41
760	980	59	41
760	980	59	41
760	980	59	41
760	980	59	41
760	980	59	41
760	980	59	41
760	980	59	41
760	980	59	41
760	980	59	41
760	980	59	41
760	980	59	41
760	980	59	41
760	980	59	41
760	980	59	41
760	980	59	41
760	980	59	41
760	980	59	41
760	980	59	41
760	980	59	41
760	980	59	41
760	980	59	41
760	980	59	41
760	980	59	41
760	980	59	41
760	980	59	41
760	980	59	41
760	980	59	41
760	980	59	41
760	980	59	41
760	980	59	41
760	980	59	41
760	980	59	41
760	980	59	41
760	980	59	41
760	980	59	41
760	980	59	41
760	980	59	41
760	980	59	41
760	980	59	41
760	980	59	41
760	980	59	41
760	980	59	41
760	980	59	41
760	980	59	41
760	980	59	41
760	980	59	41
760	980	59	41
760	980	59	41
760	980	59	41
760	980	59	41
760	980	59	41
760	980	59	41
760	980	59	41
760	980	59	41
760	980	59	41
760	980	59	41
760	980	59	41
760	980	59	41
760	980	59	41
760	980	59	41
760	980	59	41
760	980	59	41
760	980	59	41
760	980	59	41
760	980	59	41
760	980	59	41
760	980	59	41
760	980	59	41
760	980	59	41
760	980	59	41
760	980	59	41
760	980	59	41
760	980	59	41
760	980	59	41
760	980	59	41
760	980	59	41
760	980	59	41
760	980	59	41
760	980	59	41
760	980	59	41
760	980	59	41
760	980	59	41
760	980	59	41
760	980	59	41
760	980	59	41
760	980	59	41
760	980	59	41
760	980	59	41
760	980	59	41
760	980	59	41
760	980	59	41
760	980	59	41
760	980	59	41
760	980	59	41
760	980	59	41
776	992	48	38
776	992	48	38
776	992	48	38
776	992	48	38
776	992	48	38
776	992	48	38
776	992	48	38
776	992	48	38
776	992	48	38
776	992	48	38
776	992	48	38
776	992	48	38
776	992	48	38
776	992	48	38
776	992	48	38
776	992	48	38
776	992	48	38
776	992	48	38
776	992	48	38
776	992	48	38
776	992	48	38
776	992	48	38
776	992	48	38
776	992	48	38
776	992	48	38
776	992	48	38
776	992	48	38
776	992	48	38
776	992	48	38
776	992	48	38
776	992	48	38
776	992	48	38
776	992	48	38
776	992	48	38
776	992	48	38
776	992	48	38
776	992	48	38
776	992	48	38
776	992	48	38
776	992	48	38
776	992	48	38
776	992	48	38
776	992	48	38
776	992	48	38
776	992	48	38
776	992	48	38
776	992	48	38
776	992	48	38
776	992	48	38
776	992	48	38
776	992	48	38
776	992	48	38
776	992	48	38
776	992	48	38
776	992	48	38
776	992	48	38
776	992	48	38
776	992	48	38
776	992	48	38
776	992	48	38
776	992	48	38
776	992	48	38
776	992	48	38
776	992	48	38
776	992	48	38
776	992	48	38
776	992	48	38
776	992	48	38
776	992	48	38
776	992	48	38
776	992	48	38
776	992	48	38
776	992	48	38
776	992	48	38
776	992	48	38
776	992	48	38
776	992	48	38
776	992	48	38
776	992	48	38
776	992	48	38
776	992	48	38
776	992	48	38
776	992	48	38
776	992	48	38
776	992	48	38
776	992	48	38
776	992	48	38
776	992	48	38
776	992	48	38
776	992	48	38
776	992	48	38
776	992	48	38
776	992	48	38
776	992	48	38
776	992	48	38
776	992	48	38
776	992	48	38
776	992	48	38
776	992	48	38
776	992	48	38
776	992	48	38
776	992	48	38
776	992	48	38
776	992	48	38
776	992	48	38
776	992	48	38
776	992	48	38
776	992	48	38
776	992	48	38
776	992	48	38
776	992	48	38
776	992	48	38
776	992	48	38
776	992	48	38
776	992	48	38
776	992	48	38
776	992	48	38
776	992	48	38
776	992	48	38
776	992	48	38
776	992	48	38
776	992	48	38
776	992	48	38
776	992	48	38
776	992	48	38
776	992	48	38
776	992	48	38
776	992	48	38
776	992	48	38
776	992	48	38
776	992	48	38
776	992	48	38
776	992	48	38
776	992	48	38
776	992	48	38
776	992	48	38
776	992	48	38
776	992	48	38
780	1015	44	44
768	1025	42	52
771	1021	45	57
771	1021	45	57
771	1021	45	57
771	1021	45	57
771	1021	45	57
771	1021	45	57
771	1021	45	57
771	1021	45	57
771	1021	45	57
771	1021	45	57
771	1021	45	57
771	1021	45	57
771	1021	45	57
771	1021	45	57
771	1021	45	57
771	1021	45	57
771	1021	45	57
771	1021	45	57
771	1021	45	57
771	1021	45	57
771	1021	45	57
771	1021	45	57
771	1021	45	57
771	1021	45	57
771	1021	45	57
771	1021	45	57
771	1021	45	57
771	1021	45	57
771	1021	45	57
771	1021	45	57
771	1021	45	57
771	1021	45	57
771	1021	45	57
771	1021	45	57
771	1021	45	57
771	1021	45	57
771	1021	45	57
771	1021	45	57
771	1021	45	57
771	1021	45	57
771	1021	45	57
771	1021	45	57
771	1021	45	57
771	1021	45	57
771	1021	45	57
771	1021	45	57
771	1021	45	57
771	1021	45	57
771	1021	45	57
771	1021	45	57
771	1021	45	57
771	1021	45	57
771	1021	45	57
771	1021	45	57
771	1021	45	57
771	1021	45	57
771	1021	45	57
771	1021	45	57
771	1021	45	57
771	1021	45	57
771	1021	45	57
771	1021	45	57
771	1021	45	57
771	1021	45	57
771	1021	45	57
771	1021	45	57
771	1021	45	57
771	1021	45	57
771	1021	45	57
771	1021	45	57
771	1021	45	57
771	1021	45	57
771	1021	45	57
771	1021	45	57
771	1021	45	57
771	1021	45	57
771	1021	45	57
771	1021	45	57
771	1021	45	57
771	1021	45	57
771	1021	45	57
771	1021	45	57
771	1021	45	57
771	1021	45	57
771	1021	45	57
771	1021	45	57
771	1021	45	57
771	1021	45	57
771	1021	45	57
771	1021	45	57
771	1021	45	57
771	1021	45	57
771	1021	45	57
771	1021	45	57
771	1021	45	57
771	1021	45	57
771	1021	45	57
771	1021	45	57
771	1021	45	57
771	1021	45	57
771	1021	45	57
771	1021	45	57
771	1021	45	57
771	1021	45	57
771	1021	45	57
771	1021	45	57
771	1021	45	57
771	1021	45	57
771	1021	45	57
771	1021	45	57
771	1021	45	57
771	1021	45	57
771	1021	45	57
771	1021	45	57
771	1021	45	57
771	1021	45	57
771	1021	45	57
771	1021	45	57
771	1021	45	57
771	1021	45	57
771	1021	45	57
771	1021	45	57
771	1021	45	57
771	1021	45	57
771	1021	45	57
771	1021	45	57
771	1021	45	57
771	1021	45	57
771	1021	45	57
771	1021	45	57
771	1021	45	57
771	1021	45	57
771	1021	45	57
771	1021	45	57
771	1021	45	57
771	1021	45	57
771	1021	45	57
771	1021	45	57
771	1021	45	57
771	1021	45	57
771	1021	45	57
771	1021	45	57
771	1021	45	57
771	1021	45	57
771	1021	45	57
771	1021	45	57
771	1021	45	57
771	1021	45	57
771	1021	45	57
771	1021	45	57
771	1021	45	57
771	1021	45	57
771	1021	45	57
771	1021	45	57
771	1021	45	57
771	1021	45	57
771	1021	45	57
771	1021	45	57
771	1021	45	57
771	1021	45	57
771	1021	45	57
771	1021	45	57
771	1021	45	57
771	1021	45	57
771	1021	45	57
771	1021	45	57
771	1021	45	57
