969	214	25	45
967	213	28	46
968	213	25	48
968	214	24	47
968	214	26	48
969	213	24	49
969	213	24	51
969	214	26	50
969	216	26	48
969	215	25	52
968	216	26	49
967	215	28	53
968	217	27	50
968	217	27	52
966	217	30	52
967	216	29	53
967	214	28	56
969	218	26	52
968	218	26	55
969	215	25	57
970	211	24	62
969	218	27	58
967	217	25	58
968	213	24	64
969	219	25	60
968	217	26	61
968	216	28	64
969	213	26	69
968	221	28	62
968	226	28	56
969	226	27	55
970	230	27	49
969	231	26	48
969	232	26	49
968	230	27	51
968	231	25	53
967	232	25	53
965	234	26	51
965	237	24	48
962	238	25	49
960	239	25	47
960	238	24	49
959	239	26	50
958	240	25	48
959	242	25	49
959	243	26	44
959	241	25	51
960	244	25	49
959	246	25	46
958	249	27	46
959	247	27	49
957	249	26	49
959	250	28	49
958	249	29	53
957	249	28	54
959	248	26	58
957	249	27	57
958	251	27	57
958	251	25	54
958	258	29	50
958	253	27	55
962	255	24	54
961	255	23	58
960	258	25	60
959	252	27	62
957	259	28	59
960	256	27	61
959	255	27	63
959	254	28	67
960	255	27	65
959	256	27	66
962	258	27	64
960	261	30	63
959	262	29	62
960	260	27	67
959	259	28	69
961	258	27	71
959	260	28	70
960	260	29	70
959	259	29	74
960	260	28	75
959	261	28	72
960	262	28	72
959	264	29	69
960	264	29	71
959	264	28	72
960	266	29	69
960	263	28	75
961	268	27	68
961	269	28	70
959	269	30	70
960	267	28	74
960	270	29	72
960	273	29	67
959	272	30	68
960	276	29	65
959	276	30	66
958	275	29	68
960	275	31	70
958	272	31	74
954	279	33	65
958	275	30	71
955	280	33	66
957	279	33	68
956	279	34	70
953	280	35	68
955	279	34	73
954	280	35	71
954	282	35	67
954	282	33	69
953	282	36	68
953	282	33	69
954	281	33	73
954	277	32	79
950	283	39	73
950	286	38	71
949	283	40	77
950	282	39	79
948	282	40	78
949	282	38	80
949	279	38	84
944	278	43	87
946	283	43	80
946	281	43	85
948	282	39	86
947	282	40	84
946	284	39	87
948	283	40	85
948	280	37	92
950	287	36	84
948	287	36	83
949	286	35	86
951	287	35	84
947	293	38	78
945	291	42	81
946	286	43	91
945	285	42	95
945	286	41	96
948	283	39	102
948	287	37	96
946	286	39	96
947	282	39	103
945	287	39	96
946	287	41	96
944	287	36	95
949	294	36	93
948	295	37	94
946	293	38	95
945	293	39	96
944	299	40	92
946	305	37	87
945	305	39	88
946	304	40	90
944	302	39	98
942	302	40	97
943	306	39	91
942	306	41	91
941	308	39	86
941	307	40	89
941	306	43	96
942	307	40	94
941	307	38	98
942	309	38	97
940	311	38	94
941	313	38	92
941	312	36	95
942	313	38	95
939	314	40	94
940	314	40	94
939	316	38	94
936	323	40	86
939	319	39	91
937	319	40	92
938	323	39	91
931	321	46	95
938	319	40	101
936	325	41	97
935	331	40	91
938	335	39	88
933	335	45	83
934	334	43	87
926	327	50	94
930	328	46	95
928	322	48	106
928	320	47	113
932	320	46	117
927	323	49	109
927	325	48	109
930	326	45	105
926	325	50	109
926	324	49	114
929	323	45	116
926	323	47	117
927	323	47	119
923	322	54	124
926	326	46	119
923	326	49	118
927	327	43	114
923	334	49	115
920	326	52	123
922	325	51	134
924	323	48	139
922	319	53	147
919	329	54	134
915	331	57	136
919	329	52	130
920	326	53	140
919	331	52	138
914	330	57	145
915	328	56	145
921	326	48	148
921	323	49	151
916	342	52	147
920	341	52	145
915	343	49	132
917	339	50	134
913	354	54	146
910	347	57	146
915	348	54	136
910	344	52	133
913	355	51	137
910	350	57	130
907	344	59	146
912	347	52	151
909	355	59	144
911	357	55	133
904	361	57	124
907	362	55	123
907	362	56	128
903	361	61	131
904	361	60	143
908	365	52	148
904	362	58	143
905	368	59	136
905	370	57	128
904	371	57	127
904	371	56	132
902	369	59	134
905	372	57	134
903	375	57	132
903	375	56	124
901	383	55	130
901	380	57	133
901	382	57	129
904	384	58	114
903	409	50	111
902	400	50	118
901	412	50	111
901	410	50	112
899	425	47	103
900	422	47	106
900	423	45	104
901	432	41	100
897	431	47	95
899	431	48	92
896	432	49	94
897	432	46	106
896	434	46	103
894	435	46	108
893	433	50	113
893	436	46	108
892	439	49	112
891	445	46	106
891	438	48	116
890	445	48	113
890	448	46	110
888	448	46	116
889	445	46	121
886	452	52	112
885	457	50	114
886	471	51	104
886	464	46	108
885	474	47	104
883	479	49	96
882	483	50	90
877	485	51	90
881	488	52	87
878	491	52	87
879	494	51	79
878	497	51	84
877	498	52	82
876	501	53	83
876	504	54	81
876	505	54	75
874	511	51	70
873	515	50	57
874	514	46	56
874	518	49	55
872	522	52	57
872	521	47	61
870	524	48	60
870	528	47	62
870	531	47	57
868	534	48	56
867	535	49	55
865	536	47	57
864	541	51	57
862	544	51	58
862	549	54	58
860	547	54	61
859	547	50	64
858	553	55	62
858	551	50	68
856	558	53	66
854	556	54	68
853	564	56	62
853	569	58	60
851	570	57	63
851	566	55	71
850	575	55	66
847	579	58	68
845	582	62	64
845	583	62	68
843	591	60	63
841	587	63	71
838	592	68	74
839	602	64	65
836	599	62	71
835	601	66	72
832	611	70	69
833	615	67	68
832	613	63	73
830	612	71	80
830	616	69	81
825	617	71	83
823	627	71	76
821	624	69	83
821	638	69	75
819	632	72	84
819	644	67	83
819	643	65	89
818	630	63	104
814	629	67	113
812	634	78	117
810	655	77	98
807	643	81	113
812	638	61	123
810	645	67	122
805	647	66	125
804	661	64	113
800	657	73	122
798	653	72	132
794	658	91	131
792	674	90	122
786	672	82	111
791	678	73	104
787	683	74	100
785	685	68	91
783	679	69	95
782	679	80	92
778	656	80	111
777	664	78	96
775	656	75	100
775	645	76	107
770	643	76	97
769	632	72	108
765	632	76	99
763	632	73	94
763	617	79	104
759	620	69	95
773	595	65	102
759	599	71	96
752	603	74	87
760	595	89	93
745	587	103	99
742	580	95	94
742	570	94	100
737	563	95	98
733	562	115	107
728	558	117	107
728	553	106	106
728	550	87	91
734	547	103	89
721	541	98	89
720	544	88	73
723	537	100	84
713	530	100	81
710	524	109	88
706	521	116	96
702	514	124	103
697	510	125	99
697	514	103	78
700	509	109	74
690	506	118	62
682	501	121	72
681	499	119	67
675	541	104	50
675	541	104	50
675	541	104	50
675	541	104	50
675	541	104	50
675	541	104	50
675	541	104	50
675	541	104	50
675	541	104	50
675	541	104	50
675	541	104	50
696	524	101	58
655	591	105	60
659	596	108	60
659	596	108	60
659	596	108	60
659	596	108	60
659	596	108	60
659	596	108	60
659	596	108	60
659	596	108	60
659	596	108	60
659	596	108	60
659	596	108	60
659	596	108	60
659	596	108	60
659	596	108	60
659	596	108	60
659	596	108	60
659	596	108	60
659	596	108	60
659	596	108	60
659	596	108	60
659	596	108	60
659	596	108	60
659	596	108	60
659	596	108	60
659	596	108	60
659	596	108	60
659	596	108	60
659	596	108	60
659	596	108	60
659	596	108	60
659	596	108	60
659	596	108	60
659	596	108	60
659	596	108	60
659	596	108	60
659	596	108	60
545	745	130	59
521	735	144	56
519	717	138	58
514	698	141	59
508	680	141	59
506	661	140	57
497	634	141	66
495	615	133	65
494	591	127	67
493	568	128	69
492	540	121	77
493	505	114	96
496	481	101	94
497	453	96	102
500	429	90	105
498	401	85	103
502	380	78	96
503	353	71	98
502	322	71	105
505	294	59	106
506	274	72	100
505	246	68	97
504	227	82	89
502	198	81	92
500	176	78	94
498	157	79	87
492	140	78	87
484	113	80	100
475	110	86	88
468	93	88	84
456	94	91	71
447	84	85	68
435	70	81	75
423	60	90	75
415	29	83	97
401	29	87	95
392	17	77	95
381	20	86	84
366	20	96	82
355	29	95	64
348	24	92	67
337	30	93	55
328	23	95	62
322	22	93	59
315	20	97	62
310	16	95	62
304	14	95	60
302	13	94	58
299	18	92	55
296	18	93	51
291	16	93	56
290	14	94	54
286	19	94	48
283	17	97	47
280	15	99	52
282	18	93	43
281	16	94	49
277	18	94	48
282	16	90	49
289	9	85	54
280	24	88	42
282	25	85	42
277	17	90	52
290	6	81	61
285	22	89	50
282	11	89	59
275	30	90	44
277	28	85	48
274	24	84	57
271	41	86	43
266	32	87	52
266	44	85	44
265	38	81	51
258	51	87	44
255	45	85	53
249	62	90	40
248	62	84	42
245	60	83	47
241	75	85	41
238	66	82	48
236	83	82	44
232	77	81	49
230	92	79	45
224	89	80	44
218	103	82	43
215	98	78	44
213	111	79	51
205	114	81	46
199	115	81	44
199	121	77	51
201	118	72	50
189	138	78	43
177	141	85	40
181	149	78	49
178	152	76	46
180	153	71	45
174	168	73	49
168	171	72	45
158	172	80	41
154	183	85	53
145	184	89	61
136	194	92	59
139	195	89	68
147	200	77	69
152	202	67	75
147	209	69	69
155	210	62	73
148	219	71	63
163	231	75	56
180	217	81	48
209	226	83	42
220	206	71	53
300	214	68	43
343	194	65	47
389	201	60	41
399	182	42	47
399	182	42	47
399	182	42	47
399	182	42	47
399	182	42	47
444	257	56	40
486	254	66	40
486	254	66	40
562	256	78	30
562	256	78	30
562	256	78	30
562	256	78	30
562	256	78	30
562	256	78	30
562	256	78	30
562	256	78	30
562	256	78	30
562	256	78	30
562	256	78	30
562	256	78	30
562	256	78	30
562	256	78	30
562	256	78	30
562	256	78	30
562	256	78	30
562	256	78	30
562	256	78	30
562	256	78	30
562	256	78	30
562	256	78	30
562	256	78	30
562	256	78	30
562	256	78	30
562	256	78	30
562	256	78	30
562	256	78	30
509	170	74	38
509	170	74	38
509	170	74	38
412	225	71	52
406	222	71	57
422	225	59	52
422	225	59	52
375	232	52	49
375	232	52	49
375	232	52	49
375	232	52	49
375	232	52	49
368	221	56	46
370	218	51	57
260	106	55	62
257	110	62	51
277	113	60	46
284	116	52	36
288	116	50	31
294	117	45	26
301	118	38	21
305	117	37	21
311	115	34	22
316	114	35	21
320	113	37	15
330	110	35	15
338	109	38	16
349	108	39	17
360	106	39	20
372	103	37	21
383	101	38	23
393	99	38	21
405	98	37	22
415	97	37	21
424	95	37	19
434	94	34	23
443	93	33	19
450	92	36	19
458	90	36	20
467	90	36	18
476	89	35	20
485	87	34	20
494	86	34	22
502	86	35	20
510	85	33	19
515	84	36	20
521	85	34	18
527	84	31	19
529	83	30	19
530	85	30	14
529	85	31	17
529	87	30	15
528	85	31	16
530	86	29	15
531	88	28	15
533	87	26	17
532	86	27	16
531	87	28	16
533	87	27	16
532	87	28	19
531	88	28	15
530	87	28	18
530	90	28	16
533	91	25	14
533	92	24	13
536	95	23	15
536	94	21	18
534	92	23	19
532	91	23	20
532	90	20	20
531	93	20	18
536	94	19	16
537	96	18	15
535	96	21	16
535	96	25	16
534	97	28	15
534	94	32	18
527	98	33	17
529	100	30	13
531	99	29	16
531	101	30	16
531	102	30	14
530	102	29	17
529	102	33	20
531	104	32	18
533	103	32	17
536	101	32	19
538	101	31	19
534	106	28	20
534	107	27	20
532	109	27	18
531	111	28	16
533	111	26	17
534	111	25	17
532	112	27	17
533	113	26	15
532	113	28	17
534	115	25	15
533	118	25	17
532	118	27	17
531	120	28	17
529	120	29	17
529	121	30	16
530	122	29	15
530	125	29	14
531	125	29	17
530	126	27	18
528	127	31	16
529	128	30	15
528	129	31	17
528	131	29	16
528	132	31	14
527	133	31	16
527	134	31	16
527	135	31	16
528	136	29	18
528	137	28	16
528	138	28	17
528	140	26	18
528	141	28	19
527	142	28	17
527	143	25	16
528	144	26	16
528	145	24	15
528	147	24	14
528	147	24	14
528	150	23	14
528	151	24	15
528	153	24	14
526	152	27	16
526	156	27	18
526	157	25	16
526	157	23	17
524	158	26	15
523	160	27	14
520	160	24	16
519	160	24	15
518	162	25	14
520	164	23	17
520	165	23	17
523	170	25	15
524	173	22	12
524	174	19	11
525	175	16	10
524	177	17	12
525	178	15	13
527	180	13	11
525	182	13	10
525	183	14	9
526	185	12	12
527	186	10	13
526	189	10	11
527	191	10	10
526	192	10	11
527	194	11	13
526	195	12	12
527	197	9	12
526	198	10	11
526	200	10	12
526	201	11	14
526	203	10	13
524	204	12	14
521	206	13	15
519	208	12	15
515	210	12	12
512	214	11	10
511	215	10	11
505	217	10	13
503	218	9	14
508	225	9	15
508	225	9	15
508	225	9	15
484	230	11	12
479	231	14	12
478	234	14	12
478	234	14	12
478	234	14	12
478	234	14	12
478	234	14	12
478	234	14	12
478	234	14	12
478	234	14	12
478	234	14	12
478	234	14	12
478	234	14	12
478	234	14	12
478	234	14	12
478	234	14	12
478	234	14	12
478	234	14	12
478	234	14	12
478	234	14	12
478	234	14	12
478	234	14	12
478	234	14	12
478	234	14	12
478	234	14	12
478	234	14	12
478	234	14	12
478	234	14	12
478	234	14	12
478	234	14	12
478	234	14	12
478	234	14	12
473	255	16	10
501	273	13	13
501	273	13	13
501	273	13	13
501	273	13	13
501	273	13	13
501	273	13	13
501	273	13	13
501	273	13	13
501	273	13	13
501	273	13	13
501	273	13	13
501	273	13	13
501	273	13	13
501	273	13	13
501	273	13	13
501	273	13	13
501	273	13	13
501	273	13	13
501	273	13	13
501	273	13	13
501	273	13	13
501	273	13	13
501	273	13	13
501	273	13	13
501	273	13	13
501	273	13	13
501	273	13	13
501	273	13	13
501	273	13	13
501	273	13	13
501	273	13	13
501	273	13	13
501	273	13	13
501	273	13	13
501	273	13	13
501	273	13	13
501	273	13	13
501	273	13	13
501	273	13	13
501	273	13	13
501	273	13	13
501	273	13	13
501	273	13	13
501	273	13	13
501	273	13	13
501	273	13	13
501	273	13	13
501	273	13	13
501	273	13	13
501	273	13	13
501	273	13	13
501	273	13	13
501	273	13	13
501	273	13	13
501	273	13	13
501	273	13	13
501	273	13	13
501	273	13	13
501	273	13	13
501	273	13	13
501	273	13	13
501	273	13	13
501	273	13	13
501	273	13	13
501	273	13	13
501	273	13	13
501	273	13	13
501	273	13	13
501	273	13	13
501	273	13	13
501	273	13	13
501	273	13	13
501	273	13	13
501	273	13	13
501	273	13	13
501	273	13	13
501	273	13	13
501	273	13	13
501	273	13	13
501	273	13	13
501	273	13	13
501	273	13	13
501	273	13	13
501	273	13	13
501	273	13	13
501	273	13	13
501	273	13	13
501	273	13	13
501	273	13	13
501	273	13	13
501	273	13	13
501	273	13	13
501	273	13	13
501	273	13	13
501	273	13	13
501	273	13	13
501	273	13	13
501	273	13	13
501	273	13	13
501	273	13	13
501	273	13	13
501	273	13	13
501	273	13	13
501	273	13	13
501	273	13	13
501	273	13	13
501	273	13	13
501	273	13	13
501	273	13	13
501	273	13	13
501	273	13	13
501	273	13	13
501	273	13	13
501	273	13	13
501	273	13	13
501	273	13	13
501	273	13	13
501	273	13	13
501	273	13	13
501	273	13	13
501	273	13	13
501	273	13	13
501	273	13	13
501	273	13	13
501	273	13	13
501	273	13	13
501	273	13	13
501	273	13	13
501	273	13	13
501	273	13	13
501	273	13	13
501	273	13	13
501	273	13	13
501	273	13	13
501	273	13	13
501	273	13	13
501	273	13	13
501	273	13	13
501	273	13	13
501	273	13	13
501	273	13	13
501	273	13	13
501	273	13	13
501	273	13	13
501	273	13	13
501	273	13	13
501	273	13	13
501	273	13	13
501	273	13	13
501	273	13	13
501	273	13	13
501	273	13	13
501	273	13	13
501	273	13	13
501	273	13	13
501	273	13	13
501	273	13	13
501	273	13	13
501	273	13	13
501	273	13	13
501	273	13	13
501	273	13	13
501	273	13	13
501	273	13	13
501	273	13	13
501	273	13	13
486	268	11	11
487	267	11	10
487	267	11	10
492	265	10	10
497	268	12	10
500	267	12	10
502	266	12	10
507	269	13	10
509	268	11	10
511	266	10	10
515	268	9	11
519	270	7	9
523	271	7	9
525	269	8	10
528	269	7	10
533	271	8	8
536	272	7	9
539	272	6	9
542	273	6	7
545	272	6	6
548	272	7	7
551	272	7	7
555	273	6	8
555	273	6	8
562	273	6	7
562	273	6	7
562	273	6	7
571	275	7	6
575	276	6	8
579	276	5	7
579	276	5	7
579	276	6	8
586	276	7	9
591	280	7	9
591	280	7	9
591	280	7	9
600	281	7	8
600	281	7	8
600	281	7	8
600	281	7	8
612	283	7	7
612	283	7	7
618	284	6	8
618	284	6	8
618	284	6	8
623	285	8	9
623	285	8	9
632	288	7	8
632	288	7	8
632	288	7	8
632	288	7	8
639	290	9	8
643	292	10	9
643	292	10	9
631	290	10	7
631	290	10	7
631	290	10	7
631	290	10	7
631	290	10	7
631	290	10	7
642	292	11	6
642	292	11	6
642	292	11	6
642	292	11	6
642	292	11	6
654	296	11	7
654	296	11	7
654	296	11	7
654	296	11	7
663	300	11	9
663	300	11	9
663	300	11	9
663	300	11	9
663	300	11	9
663	300	11	9
663	300	11	9
663	300	11	9
679	310	13	11
679	310	13	11
679	310	13	11
679	310	13	11
679	310	13	11
679	310	13	11
679	310	13	11
695	325	11	11
695	325	11	11
695	325	11	11
695	325	11	11
695	325	11	11
695	325	11	11
695	325	11	11
695	325	11	11
695	325	11	11
695	325	11	11
695	325	11	11
710	336	10	11
710	336	10	11
710	336	10	11
710	336	10	11
710	336	10	11
710	336	10	11
710	336	10	11
710	336	10	11
710	336	10	11
710	336	10	11
710	336	10	11
710	336	10	11
710	336	10	11
710	336	10	11
710	336	10	11
710	336	10	11
710	336	10	11
710	336	10	11
710	336	10	11
710	336	10	11
710	336	10	11
710	336	10	11
710	336	10	11
710	336	10	11
710	336	10	11
710	336	10	11
710	336	10	11
710	336	10	11
710	336	10	11
710	336	10	11
710	336	10	11
710	336	10	11
710	336	10	11
710	336	10	11
710	336	10	11
710	336	10	11
710	336	10	11
710	336	10	11
710	336	10	11
710	336	10	11
710	336	10	11
710	336	10	11
710	336	10	11
710	336	10	11
710	336	10	11
710	336	10	11
710	336	10	11
710	336	10	11
710	336	10	11
710	336	10	11
710	336	10	11
710	336	10	11
710	336	10	11
710	336	10	11
710	336	10	11
710	336	10	11
710	336	10	11
710	336	10	11
710	336	10	11
710	336	10	11
710	336	10	11
710	336	10	11
710	336	10	11
710	336	10	11
701	318	11	11
701	318	11	11
704	326	14	11
704	326	14	11
703	330	17	13
703	340	20	13
703	340	20	13
697	335	25	13
697	335	25	13
698	339	26	12
697	342	26	11
696	344	27	11
699	354	26	12
698	347	27	14
698	347	27	14
698	347	27	14
698	347	27	14
698	347	27	14
698	347	27	14
698	347	27	14
698	347	27	14
698	347	27	14
698	347	27	14
698	347	27	14
698	347	27	14
698	347	27	14
698	347	27	14
698	347	27	14
698	347	27	14
698	347	27	14
694	359	28	13
694	361	29	11
701	360	26	11
704	363	24	13
701	363	21	16
703	361	20	18
706	376	20	18
710	383	16	16
707	387	17	20
701	384	22	17
703	388	21	14
699	390	24	13
716	398	22	14
725	407	18	16
723	408	16	14
730	416	14	15
730	416	14	15
734	420	10	15
735	430	11	17
737	430	10	15
739	436	9	13
739	436	9	13
742	446	10	12
742	446	10	12
744	456	12	13
748	462	10	11
749	466	12	14
750	471	12	15
752	476	12	14
754	482	12	16
755	485	13	15
757	492	12	14
759	498	12	15
761	503	13	17
763	510	15	16
765	514	15	18
766	520	16	18
768	526	15	15
772	533	13	17
773	541	13	15
775	547	15	14
780	557	19	13
780	562	18	16
783	568	16	17
786	574	15	17
788	581	14	17
790	587	14	20
793	594	15	20
795	604	17	18
797	613	18	17
800	620	18	20
803	627	18	21
805	633	18	23
808	640	17	23
812	653	18	21
814	662	21	20
818	671	20	20
820	679	21	20
825	686	19	20
829	695	18	20
832	705	17	24
837	710	14	25
841	721	15	22
846	728	13	22
851	743	14	19
854	750	14	18
861	764	13	18
864	769	16	15
869	783	15	15
872	791	17	14
878	804	20	12
885	819	18	12
890	827	18	12
890	827	18	12
901	849	18	14
908	863	19	16
915	872	18	15
921	886	19	15
926	895	19	14
933	909	18	13
943	922	18	14
949	934	20	12
960	948	20	12
968	966	17	11
974	976	19	12
980	991	22	15
989	1004	28	15
985	1047	31	19
988	1053	36	22
993	1059	36	22
995	1062	41	21
986	1063	41	17
986	1063	41	17
980	1031	37	17
996	1043	33	18
1004	1059	30	20
1041	1067	32	16
1084	1027	29	17
1090	1032	30	19
1098	1040	29	18
1105	1047	30	17
1112	1054	29	19
1120	1060	31	18
1120	1060	31	18
1120	1060	31	18
1120	1060	31	18
1120	1060	31	18
1120	1060	31	18
1120	1060	31	18
1120	1060	31	18
1120	1060	31	18
1120	1060	31	18
1120	1060	31	18
1120	1060	31	18
1120	1060	31	18
1120	1060	31	18
1120	1060	31	18
1120	1060	31	18
1120	1060	31	18
1120	1060	31	18
1120	1060	31	18
1120	1060	31	18
1120	1060	31	18
1120	1060	31	18
1120	1060	31	18
1120	1060	31	18
1120	1060	31	18
1120	1060	31	18
1120	1060	31	18
1120	1060	31	18
1120	1060	31	18
1120	1060	31	18
1120	1060	31	18
1120	1060	31	18
1120	1060	31	18
1120	1060	31	18
1120	1060	31	18
1120	1060	31	18
1120	1060	31	18
1120	1060	31	18
1120	1060	31	18
1120	1060	31	18
1120	1060	31	18
1120	1060	31	18
1120	1060	31	18
1120	1060	31	18
1120	1060	31	18
1120	1060	31	18
1120	1060	31	18
1120	1060	31	18
1120	1060	31	18
1120	1060	31	18
1120	1060	31	18
1120	1060	31	18
1120	1060	31	18
1120	1060	31	18
1120	1060	31	18
1120	1060	31	18
1120	1060	31	18
1120	1060	31	18
1120	1060	31	18
1120	1060	31	18
1120	1060	31	18
1120	1060	31	18
1120	1060	31	18
1120	1060	31	18
1120	1060	31	18
1120	1060	31	18
1120	1060	31	18
1120	1060	31	18
1120	1060	31	18
1120	1060	31	18
1120	1060	31	18
1120	1060	31	18
1120	1060	31	18
1120	1060	31	18
1120	1060	31	18
1120	1060	31	18
1120	1060	31	18
1120	1060	31	18
1120	1060	31	18
1120	1060	31	18
1120	1060	31	18
1120	1060	31	18
1120	1060	31	18
1120	1060	31	18
1120	1060	31	18
1120	1060	31	18
1120	1060	31	18
1120	1060	31	18
1120	1060	31	18
1120	1060	31	18
1120	1060	31	18
1120	1060	31	18
1120	1060	31	18
1120	1060	31	18
1120	1060	31	18
1120	1060	31	18
1120	1060	31	18
1120	1060	31	18
1120	1060	31	18
1120	1060	31	18
1120	1060	31	18
1120	1060	31	18
1120	1060	31	18
1120	1060	31	18
1120	1060	31	18
1120	1060	31	18
1120	1060	31	18
1120	1060	31	18
1120	1060	31	18
1120	1060	31	18
1120	1060	31	18
1120	1060	31	18
1120	1060	31	18
1120	1060	31	18
1120	1060	31	18
1120	1060	31	18
1120	1060	31	18
1120	1060	31	18
1120	1060	31	18
1120	1060	31	18
1120	1060	31	18
1120	1060	31	18
1120	1060	31	18
1120	1060	31	18
1120	1060	31	18
1120	1060	31	18
1120	1060	31	18
1120	1060	31	18
1120	1060	31	18
1120	1060	31	18
1120	1060	31	18
1120	1060	31	18
1120	1060	31	18
1120	1060	31	18
1120	1060	31	18
1120	1060	31	18
1120	1060	31	18
1120	1060	31	18
1120	1060	31	18
1120	1060	31	18
1120	1060	31	18
1120	1060	31	18
1120	1060	31	18
1071	1037	28	21
1071	1037	28	21
1071	1037	28	21
1071	1037	28	21
1071	1037	28	21
1071	1037	28	21
1071	1037	28	21
1071	1037	28	21
1071	1037	28	21
1025	998	27	18
1043	1000	25	15
1062	1002	23	18
1079	1006	22	16
1097	1009	20	17
1113	1012	20	18
1131	1016	20	17
1147	1020	21	17
1164	1025	21	16
1181	1028	21	17
1198	1032	21	16
1215	1038	21	15
1232	1040	21	15
1250	1045	21	15
1267	1050	23	14
1285	1054	23	15
1304	1058	23	14
1322	1062	24	16
1341	1064	22	15
1360	1069	23	12
1376	1071	24	9
1393	1075	22	9
1393	1075	22	9
1393	1075	22	9
1393	1075	22	9
1393	1075	22	9
1393	1075	22	9
1393	1075	22	9
1393	1075	22	9
1393	1075	22	9
1393	1075	22	9
1393	1075	22	9
1393	1075	22	9
1415	1065	22	13
1381	1045	22	16
1381	1045	22	16
1381	1045	22	16
1381	1045	22	16
1348	1012	19	20
1348	1012	19	20
1348	1012	19	20
1340	999	20	20
1349	999	21	19
1349	999	21	19
1367	1006	22	17
1367	1006	22	17
1367	1006	22	17
1367	1006	22	17
1367	1006	22	17
1367	1006	22	17
1367	1006	22	17
1367	1006	22	17
1367	1006	22	17
1367	1006	22	17
1367	1006	22	17
1367	1006	22	17
1367	1006	22	17
1367	1006	22	17
1367	1006	22	17
1367	1006	22	17
1367	1006	22	17
1367	1006	22	17
1367	1006	22	17
1367	1006	22	17
1367	1006	22	17
1367	1006	22	17
1367	1006	22	17
1367	1006	22	17
1367	1006	22	17
1367	1006	22	17
1367	1006	22	17
1367	1006	22	17
1367	1006	22	17
1367	1006	22	17
1367	1006	22	17
1367	1006	22	17
1367	1006	22	17
1367	1006	22	17
1367	1006	22	17
1367	1006	22	17
1367	1006	22	17
1367	1006	22	17
1367	1006	22	17
1367	1006	22	17
1367	1006	22	17
1367	1006	22	17
1367	1006	22	17
1367	1006	22	17
1367	1006	22	17
1367	1006	22	17
1367	1006	22	17
1367	1006	22	17
1367	1006	22	17
1367	1006	22	17
1367	1006	22	17
1367	1006	22	17
1367	1006	22	17
1367	1006	22	17
1367	1006	22	17
1367	1006	22	17
1367	1006	22	17
1367	1006	22	17
1367	1006	22	17
1367	1006	22	17
1367	1006	22	17
1367	1006	22	17
1367	1006	22	17
1367	1006	22	17
1367	1006	22	17
1367	1006	22	17
1367	1006	22	17
1367	1006	22	17
1367	1006	22	17
1367	1006	22	17
1367	1006	22	17
1367	1006	22	17
1367	1006	22	17
1367	1006	22	17
1367	1006	22	17
1367	1006	22	17
1367	1006	22	17
1367	1006	22	17
1367	1006	22	17
1367	1006	22	17
1330	1021	20	14
1330	1021	20	14
1330	1021	20	14
1330	1021	20	14
1330	1021	20	14
1330	1021	20	14
1330	1021	20	14
1330	1021	20	14
1330	1021	20	14
1330	1021	20	14
1330	1021	20	14
1330	1021	20	14
1330	1021	20	14
1330	1021	20	14
1330	1021	20	14
1330	1021	20	14
1330	1021	20	14
1330	1021	20	14
1330	1021	20	14
1330	1021	20	14
1330	1021	20	14
1330	1021	20	14
1330	1021	20	14
1330	1021	20	14
1330	1021	20	14
1330	1021	20	14
1330	1021	20	14
1330	1021	20	14
1330	1021	20	14
1330	1021	20	14
1330	1021	20	14
1330	1021	20	14
1330	1021	20	14
1330	1021	20	14
1330	1021	20	14
1330	1021	20	14
1330	1021	20	14
1330	1021	20	14
1330	1021	20	14
1330	1021	20	14
1330	1021	20	14
1330	1021	20	14
1330	1021	20	14
1330	1021	20	14
1330	1021	20	14
1330	1021	20	14
1330	1021	20	14
1330	1021	20	14
1330	1021	20	14
1330	1021	20	14
1330	1021	20	14
1330	1021	20	14
1330	1021	20	14
1330	1021	20	14
1330	1021	20	14
1330	1021	20	14
1330	1021	20	14
1330	1021	20	14
1330	1021	20	14
1330	1021	20	14
1330	1021	20	14
1330	1021	20	14
1330	1021	20	14
1330	1021	20	14
1330	1021	20	14
1330	1021	20	14
1330	1021	20	14
1330	1021	20	14
1330	1021	20	14
1330	1021	20	14
1330	1021	20	14
1330	1021	20	14
1295	1053	18	14
1296	1055	16	14
1296	1055	16	14
1296	1055	16	14
1296	1055	16	14
1296	1055	16	14
1296	1055	16	14
1266	1042	14	13
1266	1042	14	13
1266	1042	14	13
1266	1042	14	13
1266	1042	14	13
1266	1042	14	13
1266	1042	14	13
1266	1042	14	13
1266	1042	14	13
1266	1042	14	13
1266	1042	14	13
1266	1042	14	13
1266	1042	14	13
1272	1012	16	13
1272	1012	16	13
1272	1012	16	13
1272	1012	16	13
1272	1012	16	13
1272	1012	16	13
1272	1012	16	13
1272	1012	16	13
1272	1012	16	13
1272	1012	16	13
1272	1012	16	13
1272	1012	16	13
1272	1012	16	13
1272	1012	16	13
1272	1012	16	13
1272	1012	16	13
1272	1012	16	13
1272	1012	16	13
1272	1012	16	13
1272	1012	16	13
1272	1012	16	13
1272	1012	16	13
1272	1012	16	13
1272	1012	16	13
1272	1012	16	13
1272	1012	16	13
1272	1012	16	13
1272	1012	16	13
1272	1012	16	13
1272	1012	16	13
1272	1012	16	13
1272	1012	16	13
1272	1012	16	13
1272	1012	16	13
1272	1012	16	13
1272	1012	16	13
1272	1012	16	13
1272	1012	16	13
1272	1012	16	13
1272	1012	16	13
1272	1012	16	13
1272	1012	16	13
1272	1012	16	13
1272	1012	16	13
1272	1012	16	13
1272	1012	16	13
1272	1012	16	13
1272	1012	16	13
1272	1012	16	13
1272	1012	16	13
1272	1012	16	13
1272	1012	16	13
1272	1012	16	13
1272	1012	16	13
1272	1012	16	13
1272	1012	16	13
1272	1012	16	13
1272	1012	16	13
1272	1012	16	13
1272	1012	16	13
1272	1012	16	13
1272	1012	16	13
1272	1012	16	13
1272	1012	16	13
1272	1012	16	13
1272	1012	16	13
1272	1012	16	13
1272	1012	16	13
1272	1012	16	13
1272	1012	16	13
1272	1012	16	13
1272	1012	16	13
1272	1012	16	13
1272	1012	16	13
1272	1012	16	13
1272	1012	16	13
1276	1015	12	14
1276	1015	12	14
1276	1015	12	14
1276	1015	12	14
1276	1015	12	14
1276	1015	12	14
1276	1015	12	14
1276	1015	12	14
1276	1015	12	14
1276	1015	12	14
1276	1015	12	14
1276	1015	12	14
1276	1015	12	14
1276	1015	12	14
1276	1015	12	14
1276	1015	12	14
1276	1015	12	14
1276	1015	12	14
1276	1015	12	14
1276	1015	12	14
1276	1015	12	14
1276	1015	12	14
1276	1015	12	14
1276	1015	12	14
1276	1015	12	14
1276	1015	12	14
1276	1015	12	14
1276	1015	12	14
1276	1015	12	14
1276	1015	12	14
1276	1015	12	14
1276	1015	12	14
1276	1015	12	14
1276	1015	12	14
1276	1015	12	14
1276	1015	12	14
1276	1015	12	14
1276	1015	12	14
1276	1015	12	14
1246	1008	12	15
1240	1023	14	16
1233	1055	15	15
1239	1060	17	13
1250	1062	20	11
1254	1066	18	12
1262	1064	18	14
1265	1064	19	14
1275	1061	20	17
1294	1050	24	17
1300	1049	28	19
1307	1054	30	18
1313	1056	33	19
1321	1058	33	20
1329	1057	33	22
1343	1042	35	24
1351	1044	35	25
1359	1046	34	26
1367	1042	40	32
1372	1043	44	36
1380	1045	43	34
1388	1047	42	33
1397	1048	42	33
1397	1048	42	33
1435	1017	40	35
1465	937	35	36
1472	947	35	29
1478	952	38	26
1488	960	35	21
1496	967	34	17
1503	969	36	15
1511	973	35	15
1518	973	38	15
1527	973	38	17
1537	982	34	14
1544	971	33	17
1551	973	38	20
1560	977	39	22
1568	976	36	20
1578	979	36	22
1584	981	38	25
1592	979	38	27
1597	983	40	24
1607	985	39	27
1615	985	37	27
1623	987	38	31
1629	989	39	28
1637	992	40	29
1645	995	40	29
1652	996	39	30
1658	999	43	26
1666	1001	42	24
1676	1003	40	25
1682	1008	40	21
1692	1005	38	26
1697	1009	41	26
1703	1007	41	30
1710	1008	40	30
1716	1009	40	30
1721	1009	40	32
1726	1009	40	34
1731	1009	41	34
1736	1010	39	34
1741	1010	41	35
1746	1013	40	32
1751	1014	41	31
1757	1016	39	33
1763	1016	38	29
1768	1018	39	29
1774	1018	37	29
1781	1018	39	32
1787	1020	40	30
1796	1023	41	29
1805	1025	39	29
1813	1029	41	27
1821	1030	42	27
1833	1035	40	29
1840	1035	42	28
1850	1038	40	32
1857	1036	43	34
1872	1042	38	33
1880	1045	36	30
1888	1043	31	30
1890	1044	29	33
1890	1044	29	33
1890	1044	29	33
1863	1005	33	35
1863	1005	33	35
1852	1007	38	30
1852	1007	38	30
1852	1007	38	30
1852	1007	38	30
1852	1007	38	30
1852	1007	38	30
1852	1007	38	30
1852	1007	38	30
1869	1047	34	32
1869	1047	34	32
1869	1047	34	32
1869	1047	34	32
1869	1047	34	32
1869	1047	34	32
1869	1047	34	32
1869	1047	34	32
1869	1047	34	32
1869	1047	34	32
1869	1047	34	32
1869	1047	34	32
1869	1047	34	32
1869	1047	34	32
1869	1047	34	32
1869	1047	34	32
1869	1047	34	32
1869	1047	34	32
1869	1047	34	32
1869	1047	34	32
1869	1047	34	32
1869	1047	34	32
1869	1047	34	32
1869	1047	34	32
1869	1047	34	32
1869	1047	34	32
1869	1047	34	32
1869	1047	34	32
1869	1047	34	32
1869	1047	34	32
1869	1047	34	32
1869	1047	34	32
1869	1047	34	32
1869	1047	34	32
1869	1047	34	32
1869	1047	34	32
1869	1047	34	32
1869	1047	34	32
1869	1047	34	32
1869	1047	34	32
1869	1047	34	32
1869	1047	34	32
1869	1047	34	32
1869	1047	34	32
1869	1047	34	32
1869	1047	34	32
1869	1047	34	32
1869	1047	34	32
1869	1047	34	32
1869	1047	34	32
1869	1047	34	32
1869	1047	34	32
1869	1047	34	32
1869	1047	34	32
1869	1047	34	32
1869	1047	34	32
1869	1047	34	32
1869	1047	34	32
1869	1047	34	32
1869	1047	34	32
1869	1047	34	32
1869	1047	34	32
1869	1047	34	32
1869	1047	34	32
1869	1047	34	32
1869	1047	34	32
1869	1047	34	32
1869	1047	34	32
1869	1047	34	32
1869	1047	34	32
1859	1054	32	29
1859	1054	32	29
1859	1054	32	29
1859	1054	32	29
1859	1054	32	29
1859	1054	32	29
1859	1054	32	29
1859	1054	32	29
1859	1054	32	29
1859	1054	32	29
1859	1054	32	29
1859	1054	32	29
1859	1054	32	29
1859	1054	32	29
1859	1054	32	29
1859	1054	32	29
1859	1054	32	29
1859	1054	32	29
1859	1054	32	29
1859	1054	32	29
1859	1054	32	29
1859	1054	32	29
1859	1054	32	29
1859	1054	32	29
1859	1054	32	29
1859	1054	32	29
1859	1054	32	29
1859	1054	32	29
1859	1054	32	29
1859	1054	32	29
1859	1054	32	29
1859	1054	32	29
1859	1054	32	29
1859	1054	32	29
1859	1054	32	29
1859	1054	32	29
1841	1046	31	28
1841	1046	31	28
1841	1046	31	28
1841	1046	31	28
1841	1046	26	23
1841	1046	26	23
1841	1046	26	23
1841	1046	26	23
1841	1046	26	23
1841	1046	26	23
1841	1046	26	23
1841	1046	26	23
1841	1046	26	23
1841	1046	26	23
1841	1046	26	23
1841	1046	26	23
1841	1046	26	23
1841	1046	26	23
1841	1046	26	23
1841	1046	26	23
1841	1046	26	23
1841	1046	26	23
1841	1046	26	23
1841	1046	26	23
1841	1046	26	23
1841	1046	26	23
1841	1046	26	23
1841	1046	26	23
1841	1046	26	23
1841	1046	26	23
1841	1046	26	23
1841	1046	26	23
1841	1046	26	23
1841	1046	26	23
1841	1046	26	23
1841	1046	26	23
1841	1046	26	23
1841	1046	26	23
1841	1046	26	23
1841	1046	26	23
1841	1046	26	23
1841	1046	26	23
1841	1046	26	23
1841	1046	26	23
1841	1046	26	23
1841	1046	26	23
1841	1046	26	23
1841	1046	26	23
1841	1046	26	23
1853	1051	27	28
1853	1051	27	28
1853	1051	27	28
1853	1051	27	28
1853	1051	27	28
1853	1051	27	28
1853	1051	27	28
1853	1051	27	28
1853	1051	27	28
1853	1051	27	28
1853	1051	27	28
1855	1026	31	30
1855	1026	31	30
1855	1026	31	30
1855	1026	31	30
1855	1026	31	30
1855	1026	31	30
1855	1026	31	30
1855	1026	31	30
1855	1026	31	30
1855	1026	31	30
1855	1026	31	30
1855	1026	31	30
1855	1026	31	30
1838	1029	32	26
1840	1020	32	28
1846	1023	33	32
1852	1021	33	33
1856	1022	34	31
1856	1022	34	31
1865	1013	37	35
1865	1013	37	35
1865	1013	37	35
1865	1013	37	35
1865	1013	37	35
1865	1013	37	35
1865	1013	37	35
1865	1013	37	35
1865	1013	37	35
1865	1013	37	35
1865	1013	37	35
1865	1013	37	35
1865	1013	37	35
1865	1013	37	35
1865	1013	37	35
1865	1013	37	35
1865	1013	37	35
1865	1013	37	35
1865	1013	37	35
1865	1013	37	35
1865	1013	37	35
1865	1013	37	35
1865	1013	37	35
1865	1013	37	35
1793	1003	39	34
1804	1011	36	28
1804	1011	36	28
1821	1014	32	28
1825	1017	31	23
1833	1016	28	22
1841	1017	30	21
1846	1018	30	21
1852	1019	30	20
1859	1019	29	21
1864	1020	28	20
1872	1021	27	19
1877	1023	24	21
1883	1022	26	22
1888	1023	28	21
1891	1051	26	20
1891	1051	26	20
1878	1025	22	26
1878	1025	22	26
1878	1025	22	26
1878	1025	22	26
1878	1025	22	26
1878	1025	22	26
1878	1025	22	26
1878	1025	22	26
1878	1025	22	26
1878	1025	22	26
1866	1022	21	19
1866	1022	21	19
1866	1022	21	19
1866	1022	21	19
1866	1022	21	19
1866	1022	21	19
1866	1022	21	19
1866	1022	21	19
1866	1022	21	19
1866	1022	21	19
1866	1022	21	19
1866	1022	21	19
1866	1022	21	19
1866	1022	21	19
1866	1022	21	19
1866	1022	21	19
1866	1022	21	19
1866	1022	21	19
1866	1022	21	19
1866	1022	21	19
1866	1022	21	19
1866	1022	21	19
1866	1022	21	19
1866	1022	21	19
1866	1022	21	19
1872	1048	25	15
1872	1048	25	15
1872	1048	25	15
1885	1061	20	18
1885	1061	20	18
1885	1061	20	18
1885	1061	20	18
1885	1061	20	18
1885	1061	20	18
1885	1061	20	18
1886	1068	18	17
1888	1060	16	16
1888	1060	16	16
1890	1054	20	14
1890	1054	20	14
1895	1056	20	15
1895	1056	20	15
1902	1059	16	16
1902	1059	16	16
1902	1059	16	16
1902	1059	16	16
1902	1059	16	16
1902	1059	16	16
1902	1059	16	16
1902	1059	16	16
1902	1059	16	16
1902	1059	16	16
1902	1059	16	16
1902	1059	16	16
1902	1059	16	16
1902	1059	16	16
1902	1059	16	16
1902	1059	16	16
1902	1059	16	16
1902	1059	16	16
1902	1059	16	16
1902	1059	16	16
1902	1059	16	16
1902	1059	16	16
1902	1059	16	16
1902	1059	16	16
1902	1059	16	16
1902	1059	16	16
1902	1059	16	16
1902	1059	16	16
1902	1059	16	16
1902	1059	16	16
1902	1059	16	16
1902	1059	16	16
1902	1059	16	16
1902	1059	16	16
1902	1059	16	16
1902	1059	16	16
1902	1059	16	16
1902	1059	16	16
1903	1062	16	18
1903	1062	16	18
1902	1056	14	20
1902	1056	14	20
1902	1056	14	20
1902	1056	14	20
1872	1039	16	17
1857	1047	15	19
1857	1047	15	19
1857	1047	15	19
1857	1047	15	19
1857	1047	15	19
1857	1047	15	19
1857	1047	15	19
1857	1047	15	19
1857	1047	15	19
1857	1047	15	19
1857	1047	15	19
1857	1047	15	19
1857	1047	15	19
1857	1047	15	19
1857	1047	15	19
1857	1047	15	19
1857	1047	15	19
1857	1047	15	19
1857	1047	15	19
1857	1047	15	19
1857	1047	15	19
1857	1047	15	19
1873	1060	15	19
1873	1060	15	19
1879	1055	10	16
1879	1055	10	16
1879	1055	10	16
1879	1055	10	16
1879	1055	10	16
1879	1055	10	16
1887	1063	8	17
1887	1063	8	17
1887	1063	8	17
1887	1063	8	17
1871	1062	8	16
1878	1064	9	16
1873	1059	8	16
1873	1059	8	16
1852	1067	7	14
1835	1072	7	11
1835	1072	7	11
1835	1072	7	11
1840	1062	7	9
1845	1062	5	10
1857	1063	6	8
1856	1060	7	8
1864	1063	8	7
1871	1063	8	6
1871	1063	8	6
1872	1069	10	6
1879	1071	9	7
1887	1069	8	7
1890	1072	9	5
1895	1072	9	4
1902	1072	9	4
1905	1072	10	5
1910	1071	9	4
1911	1065	8	5
1910	1069	8	5
1910	1069	8	5
1910	1069	8	5
1910	1069	8	5
1910	1069	8	5
1912	1063	7	5
1904	1052	7	5
1904	1058	8	5
1895	1064	8	7
1896	1073	7	6
1888	1073	6	5
1888	1073	6	5
1895	1073	7	5
1895	1073	7	5
1895	1073	7	5
1895	1067	5	5
1896	1064	6	4
1896	1073	7	5
1887	1065	8	5
1887	1065	8	5
1887	1065	8	5
1895	1072	8	6
1896	1072	7	6
1885	1064	7	8
1885	1064	7	8
1872	1072	8	7
1879	1065	8	7
1888	1069	10	8
1888	1069	10	8
1879	1063	8	8
1879	1063	8	8
1871	1056	8	7
1871	1056	8	7
1871	1056	8	7
1871	1056	8	7
1871	1056	8	7
1871	1056	8	7
1854	1064	9	7
1854	1064	9	7
1838	1064	9	7
1824	1073	8	6
1831	1065	8	7
1831	1065	8	7
1831	1063	8	8
1823	1072	9	7
1831	1071	8	7
1830	1072	10	7
1840	1070	8	6
1834	1063	8	7
1823	1067	8	6
1832	1056	7	6
1839	1063	8	6
1839	1063	8	6
1847	1070	9	8
1847	1070	9	8
1848	1071	7	9
1843	1063	8	7
1843	1063	8	7
1843	1063	8	7
1843	1063	8	7
1843	1063	8	7
1843	1063	8	7
1856	1072	8	7
1863	1063	8	8
1863	1063	8	8
1863	1072	8	7
1850	1064	6	7
1850	1064	6	7
1850	1064	6	7
1856	1071	7	8
1856	1071	7	8
1856	1071	7	8
1856	1071	7	8
1856	1071	7	8
1856	1071	7	8
1855	1063	9	7
1855	1063	9	7
1840	1064	7	6
1847	1071	8	7
1848	1070	8	8
1848	1070	8	8
1848	1070	8	8
1839	1066	8	8
1824	1055	7	8
1824	1055	7	8
1816	1056	7	8
1816	1056	7	8
1816	1056	7	8
1816	1056	7	8
1816	1056	7	8
1823	1047	8	9
1823	1047	8	9
1823	1047	8	9
1823	1047	8	9
1823	1047	8	9
1823	1047	8	9
1823	1047	8	9
1823	1047	8	9
1832	1047	9	8
1832	1047	9	8
1823	1047	9	8
1823	1047	9	8
1823	1047	9	8
1816	1049	7	8
1807	1056	8	8
1800	1047	8	8
1807	1045	8	10
1799	1055	8	8
1799	1055	8	8
1792	1047	7	8
1792	1055	7	8
1800	1047	7	8
1814	1056	7	7
1814	1056	7	7
1807	1066	8	7
1808	1064	7	7
1808	1048	7	7
1816	1056	8	7
1817	1055	7	8
1808	1054	6	8
1800	1040	7	8
1791	1047	8	8
1792	1058	8	8
1798	1063	9	8
1791	1066	9	7
1784	1063	8	8
1776	1048	7	8
1767	1055	7	8
1771	1046	6	9
1776	1047	8	9
1776	1047	8	9
1783	1047	9	9
1783	1047	9	9
1773	1055	9	8
1761	1063	10	9
1761	1063	10	9
1767	1071	9	7
1767	1071	9	7
1760	1054	8	8
1760	1054	8	8
1767	1072	8	7
1767	1063	7	8
1767	1056	8	10
1767	1040	9	11
1749	1039	9	9
1766	1031	9	8
1767	1023	9	7
1759	1033	9	6
1759	1024	9	8
1759	1024	9	8
1759	1032	9	9
1762	1023	8	8
1759	1016	8	8
1753	1023	7	8
1751	1016	8	8
1751	1016	8	8
1760	998	8	8
1759	998	9	9
1760	999	8	9
1760	1007	7	8
1760	1007	7	8
1767	999	8	8
1760	999	7	7
1760	999	7	7
1761	999	7	8
1750	1007	9	8
1743	1015	6	8
1736	1023	7	8
1737	1024	6	8
1730	1030	4	9
1730	1030	4	9
1730	1030	4	9
1728	1031	4	8
1728	1031	4	8
1736	1038	4	8
1730	1039	5	7
1721	1031	6	7
1728	1032	8	7
1719	1039	9	8
1719	1031	8	8
1728	1022	8	9
1727	1017	8	10
1711	997	9	11
1711	998	10	9
1711	998	10	9
1719	1004	8	8
1712	999	8	8
1719	991	8	8
1727	992	8	7
1727	992	8	7
1736	992	7	7
1735	991	8	7
1743	999	7	8
1743	999	7	8
1743	999	7	8
1743	999	7	8
1752	991	7	8
1743	993	6	7
1751	992	7	7
1745	991	6	8
1745	991	6	8
1735	983	7	8
1728	976	8	7
1735	984	9	8
1735	983	9	8
1727	990	7	9
1720	975	8	8
1728	967	8	9
1728	967	8	9
1721	975	7	8
1736	983	8	8
1736	983	8	8
1743	974	7	9
1751	975	8	9
1767	984	9	9
1775	991	9	8
1775	991	9	8
1776	983	8	8
1776	983	8	8
1760	990	7	9
1752	983	7	8
1752	976	8	7
1760	973	7	7
1760	976	7	7
1760	976	7	7
1753	963	6	9
1743	966	7	9
1743	966	7	9
1743	966	7	9
1743	967	7	8
1728	967	6	8
1728	960	8	9
1728	966	8	9
1736	967	6	8
1745	975	7	8
1751	970	8	6
1744	968	7	7
1743	959	7	8
1736	962	7	6
1735	959	7	7
1743	966	8	7
1735	975	8	8
1738	975	7	8
1743	959	8	8
1743	959	8	8
1754	959	10	8
1743	951	9	8
1743	943	9	7
1743	943	9	7
1735	928	9	8
1743	937	8	8
1751	928	8	8
1736	927	8	8
1728	944	9	9
1728	944	9	9
1720	935	7	8
1719	927	8	8
1728	935	7	7
1735	938	7	5
1736	945	7	6
1747	952	5	7
1747	952	5	7
1747	952	5	7
1752	950	6	6
1753	952	7	7
1753	952	7	7
1743	958	8	8
1743	958	8	8
1753	967	7	7
1744	959	8	8
1743	967	8	8
1735	959	8	8
1735	959	8	8
1744	967	9	7
1735	967	8	8
1742	976	7	8
1751	976	7	7
1743	967	8	7
1760	959	9	8
1760	959	9	8
1768	959	8	7
1760	973	8	6
1760	973	8	6
1760	973	8	6
1760	973	8	6
1760	973	8	6
1759	975	8	8
1766	991	9	7
1774	993	10	6
1783	1000	10	7
1775	999	9	8
1785	991	7	7
1783	984	8	6
1784	976	7	7
1775	974	7	6
1767	967	8	7
1767	983	9	8
1767	983	9	8
1767	983	9	8
1775	982	9	8
1775	992	9	7
1783	1000	8	8
1791	991	8	8
1792	975	8	8
1783	976	8	6
1783	976	8	6
1792	991	7	7
1801	983	6	7
1799	984	7	7
1792	975	7	8
1800	983	6	8
1800	983	6	8
1800	983	7	8
1799	982	8	8
1799	982	8	8
1791	975	8	9
1784	979	8	10
1783	992	8	8
1783	990	8	8
1791	993	8	6
1792	1000	7	7
1793	1007	6	9
1799	1007	7	8
1801	1016	7	8
1808	1000	7	7
1808	1009	8	7
1808	1009	8	7
1808	1016	8	7
1800	1024	7	8
1807	1009	8	8
1814	1001	9	9
1807	999	8	8
1808	999	8	8
1808	999	8	8
1815	1007	8	10
1825	1007	6	9
1816	1011	7	10
1824	1006	7	10
1832	991	8	8
1824	999	8	9
1808	991	8	9
1799	1007	8	7
1797	1016	11	7
1790	1023	10	8
1791	1008	9	7
1799	999	8	7
1799	1007	8	8
1811	1018	7	8
1799	1008	9	8
1799	1016	8	7
1799	1000	9	7
1807	992	9	8
1808	992	8	8
1816	999	8	8
1824	999	7	8
1823	1016	8	9
1806	1022	9	10
1811	1038	12	10
1821	1039	11	12
1805	1038	11	10
1809	1048	14	12
1813	1066	15	12
1799	1064	14	12
1789	1053	12	12
1786	1068	12	11
1766	1067	10	11
1760	1063	11	12
1760	1063	11	12
1760	1063	11	12
1760	1063	11	12
1758	1055	10	9
1743	1046	9	9
1743	1055	8	9
1750	1056	10	9
1735	1056	7	9
1736	1046	7	8
1744	1054	8	9
1737	1063	7	8
1735	1056	8	7
1735	1055	7	8
1744	1047	7	7
1759	1047	8	8
1767	1039	8	8
1776	1039	7	7
1776	1032	7	7
1775	1039	8	8
1784	1039	7	8
1800	1048	6	7
1800	1048	6	7
1792	1055	7	8
1800	1063	8	8
1791	1063	8	7
1791	1055	8	8
1791	1055	8	8
1799	1047	8	8
1799	1037	8	10
1799	1028	9	10
1782	1015	9	9
1782	1015	9	9
1791	1005	8	9
1791	1008	7	7
1776	1016	7	8
1776	1016	7	8
1783	1024	8	7
1792	1016	6	8
1792	1016	6	8
1799	1031	8	9
1792	1039	8	8
1792	1039	8	8
1792	1039	8	8
1792	1039	8	8
1792	1039	8	8
1792	1039	8	8
1792	1039	8	8
1792	1039	8	8
1792	1039	8	8
1792	1039	8	8
1792	1039	8	8
1792	1039	8	8
1792	1039	8	8
1792	1039	8	8
1792	1039	8	8
1792	1039	8	8
1792	1039	8	8
1792	1039	8	8
1792	1039	8	8
1792	1039	8	8
1792	1039	8	8
1792	1039	8	8
1792	1039	8	8
1783	1031	8	7
1783	1031	8	7
1792	1031	6	8
1792	1031	6	8
1792	1031	6	8
1792	1031	6	8
1784	1039	7	8
1784	1039	7	8
1791	1029	8	9
1783	1033	8	7
1775	1039	8	8
1775	1037	8	6
1775	1039	9	7
1775	1047	7	8
1775	1047	8	8
1775	1047	8	8
1775	1047	8	8
1783	1054	8	9
1783	1054	8	9
1774	1046	9	8
1782	1050	9	10
1789	1060	9	8
1793	1067	10	7
1786	1070	10	8
1782	1070	10	7
1782	1071	9	8
1782	1071	9	8
1783	1071	8	8
1791	1056	7	7
1791	1056	7	7
1791	1047	7	8
1791	1047	7	8
1791	1047	7	8
1791	1047	7	8
1784	1040	8	8
1784	1040	8	8
1784	1040	8	8
1784	1040	8	8
1784	1040	8	8
1784	1040	8	8
1784	1040	8	8
1795	1040	8	8
1791	1031	7	8
1800	1032	7	7
1799	1031	9	9
1799	1031	9	9
1815	1038	9	8
1815	1038	9	8
1815	1047	7	7
1816	1047	7	7
1815	1047	7	8
1815	1047	7	8
1815	1047	7	8
1815	1047	7	8
1824	1048	7	7
1824	1048	7	7
1824	1048	7	7
1824	1048	7	7
1824	1048	7	7
1824	1048	7	7
1823	1040	7	6
1823	1040	7	8
1823	1040	7	8
1816	1055	8	9
1816	1055	8	9
1815	1064	8	7
1815	1064	8	7
1815	1071	9	7
1808	1063	7	6
1808	1063	7	6
1807	1055	8	7
1807	1063	8	8
1807	1063	8	8
1806	1072	9	6
1806	1072	9	6
1823	1064	9	8
1815	1058	8	6
1808	1055	8	7
1808	1055	8	7
1790	1063	8	9
1783	1061	8	10
1783	1061	8	10
1782	1056	9	8
1791	1069	9	8
1791	1069	9	8
1791	1069	9	8
1782	1071	10	9
1776	1069	8	9
1776	1069	8	9
1776	1069	8	9
1776	1069	8	9
1776	1069	8	9
1776	1069	8	9
1768	1063	7	8
1768	1063	7	8
1767	1071	8	7
1767	1074	8	6
1767	1072	8	6
1767	1072	8	6
1775	1063	8	6
1775	1063	8	6
1775	1063	8	6
1768	1056	7	7
1768	1056	7	7
1751	1047	7	8
1752	1047	7	8
1752	1047	7	8
1760	1039	9	8
1768	1025	8	8
1760	1015	8	8
1758	1016	9	7
1758	1016	9	7
1759	1025	9	6
1759	1024	8	8
1767	1030	9	8
1759	1038	7	8
1776	1047	6	8
1785	1055	6	8
1776	1048	6	8
1784	1040	6	7
1784	1040	6	7
1776	1034	7	7
1768	1041	9	6
1767	1040	7	7
1759	1048	8	8
1776	1049	8	7
1776	1049	8	7
1775	1055	8	8
1783	1055	8	9
1783	1055	8	9
1783	1055	8	9
1784	1047	8	8
1775	1042	9	9
1767	1032	9	8
1775	1041	10	7
1775	1047	9	7
1759	1042	8	6
1759	1042	8	6
1759	1047	8	7
1743	1057	9	7
1751	1047	8	7
1751	1047	9	8
1744	1062	7	7
1743	1072	8	7
1743	1072	8	7
1743	1065	8	6
1743	1065	8	6
1733	1072	10	6
1733	1072	10	6
1733	1072	10	6
1743	1072	8	6
1736	1071	8	7
1736	1071	8	7
1736	1071	8	7
1728	1072	7	7
1728	1072	7	7
1728	1072	7	7
1728	1072	7	7
1738	1063	8	7
1735	1071	7	7
1734	1064	7	8
1734	1064	7	8
1728	1064	8	8
1719	1061	7	10
1704	1065	7	9
1703	1064	8	8
1704	1062	7	10
1695	1055	7	9
1704	1064	6	7
1696	1071	7	8
1679	1063	7	8
1679	1064	7	8
1688	1065	9	7
1687	1055	8	8
1694	1055	9	8
1712	1063	11	8
1713	1071	14	8
1712	1064	15	8
1712	1064	15	8
1719	1054	16	8
1719	1054	16	8
1707	1067	15	10
1709	1055	13	9
1697	1063	14	9
1704	1072	15	8
1689	1065	14	7
1680	1073	14	6
1680	1073	14	6
1678	1072	11	7
1687	1064	10	8
1679	1063	8	8
1661	1058	9	8
1663	1071	9	8
1655	1064	7	7
1666	1056	5	8
1666	1056	5	8
1664	1047	7	8
1664	1047	8	8
1655	1038	9	9
1638	1030	9	10
1629	1029	10	10
1639	1015	8	8
1630	1024	9	8
1631	1033	8	9
1631	1033	8	9
1632	1039	8	8
1640	1047	8	8
1631	1047	8	8
1624	1040	7	7
1616	1055	8	8
1622	1056	10	8
1623	1056	9	8
1623	1056	9	8
1623	1056	9	10
1616	1063	8	9
1615	1064	9	7
1623	1072	9	7
1615	1071	9	8
1614	1062	8	7
1617	1055	9	8
1615	1064	7	7
1607	1055	8	7
1607	1055	8	7
1607	1055	8	7
1616	1056	7	8
1607	1047	7	7
1600	1063	8	7
1607	1063	8	9
1607	1063	8	8
1601	1071	7	8
1607	1070	8	7
1599	1071	7	8
1599	1071	7	8
1584	1071	7	8
1584	1070	7	8
1583	1064	7	9
1584	1065	8	9
1575	1055	9	8
1568	1055	10	8
1559	1039	9	8
1559	1047	9	7
1560	1055	9	7
1560	1055	9	7
1551	1063	9	8
1558	1072	9	7
1559	1071	8	7
1560	1072	7	6
1552	1072	7	6
1552	1072	7	6
1561	1064	6	6
1561	1064	6	6
1561	1064	6	6
1568	1063	8	6
1568	1063	8	6
1568	1065	7	7
1576	1064	8	7
1575	1072	8	7
1591	1063	7	8
1600	1056	8	7
1600	1063	7	8
1591	1071	8	9
1583	1063	8	8
1583	1063	8	8
1575	1063	9	8
1576	1072	8	9
1576	1072	8	9
1576	1072	8	9
1584	1064	8	10
1591	1071	7	10
1607	1071	8	8
1607	1071	8	8
1607	1071	8	8
1616	1071	7	7
1608	1070	7	7
1608	1070	7	7
1600	1064	8	7
1600	1064	8	7
1608	1065	8	8
1608	1065	8	8
1608	1065	8	8
1608	1065	8	8
1607	1055	8	8
1607	1055	8	8
1608	1056	8	7
1599	1040	8	7
1599	1041	10	8
1606	1039	9	8
1592	1039	8	8
1583	1048	9	8
1574	1037	9	10
1558	1048	9	8
1575	1047	8	9
1584	1048	6	9
1584	1038	4	8
1584	1038	4	8
1585	1047	5	9
1591	1040	6	8
1591	1040	6	8
1586	1032	6	7
1583	1039	7	8
1591	1039	7	8
1578	1047	6	7
1578	1047	6	7
1583	1055	8	9
1583	1062	7	8
1589	1055	7	7
1593	1056	6	8
1584	1047	7	8
1584	1047	7	8
1584	1047	7	8
1583	1056	8	7
1583	1056	8	7
1583	1064	8	7
1566	1063	9	8
1566	1063	9	8
1566	1063	9	8
1566	1063	9	8
1566	1063	9	8
1566	1063	9	8
1566	1063	9	8
1566	1063	9	8
1566	1063	9	8
1566	1063	9	8
1566	1063	9	8
1566	1063	9	8
1566	1063	9	8
1566	1063	9	8
1566	1063	9	8
1566	1063	9	8
1556	1072	10	7
1556	1072	10	7
1556	1072	10	7
1567	1070	9	7
1567	1070	9	7
1568	1064	9	7
1564	1064	8	8
1564	1064	8	8
1564	1064	8	8
1564	1064	8	8
1574	1065	10	8
1574	1065	10	8
1574	1065	10	8
1559	1060	8	7
1567	1067	7	6
1566	1072	9	7
1566	1072	9	7
1559	1065	9	7
1567	1072	8	7
1563	1063	8	8
1566	1068	11	10
1551	1055	9	8
1559	1064	8	8
1559	1064	8	8
1568	1055	8	8
1568	1055	8	8
1576	1065	8	6
1576	1065	8	6
1576	1065	8	6
1576	1065	8	6
1583	1067	7	4
1583	1067	7	4
1584	1058	7	5
1584	1058	7	5
1584	1058	7	5
1584	1058	7	5
1584	1058	7	5
1576	1064	8	5
1584	1072	7	7
1584	1072	7	7
1584	1072	7	7
1584	1057	8	6
1583	1066	8	6
1583	1066	8	6
1583	1066	8	6
1583	1066	8	6
1583	1066	8	6
1583	1073	8	6
1590	1071	9	6
1590	1071	9	6
1590	1071	9	6
1590	1071	9	6
1590	1071	9	6
1599	1073	8	6
1599	1073	8	6
1599	1073	8	6
1599	1073	8	6
1599	1073	8	6
1590	1071	9	7
1590	1071	9	7
1590	1064	9	8
1590	1064	9	8
1583	1057	8	9
1591	1048	9	8
1591	1048	9	8
1581	1047	9	9
1575	1030	8	9
1578	1035	7	9
1581	1040	7	8
1584	1044	7	9
1583	1039	8	10
1589	1053	7	10
1592	1058	7	10
1595	1063	7	9
1598	1068	7	9
1601	1070	7	9
1599	1072	5	7
1599	1073	5	6
1607	1073	7	6
1607	1073	7	6
1607	1073	7	6
1608	1071	7	7
1592	1067	7	7
1592	1067	7	7
1599	1055	8	8
1600	1040	8	7
1609	1048	6	7
1616	1039	7	8
1609	1040	7	8
1599	1049	7	8
1600	1039	7	8
1600	1023	7	8
1608	1032	8	7
1607	1033	9	6
1606	1023	8	7
1608	1033	8	6
1607	1023	8	7
1607	1023	8	7
1615	1031	9	8
1598	1031	9	8
1596	1024	11	8
1607	1040	8	8
1607	1040	8	8
1601	1047	7	8
1591	1046	8	9
1599	1056	8	8
1590	1063	10	8
1591	1072	9	6
1591	1064	7	7
1575	1064	8	7
1567	1071	8	8
1575	1069	9	8
1575	1055	9	8
1591	1047	9	8
1598	1032	9	7
1607	1023	8	7
1616	1031	8	8
1624	1024	8	8
1632	1007	8	8
1625	999	7	8
1624	999	8	8
1624	991	7	7
1626	984	5	8
1626	984	5	8
1632	976	7	7
1640	968	7	8
1640	968	7	8
1649	977	6	6
1648	983	6	7
1647	984	8	8
1664	966	10	8
1655	960	8	9
1655	967	7	7
1664	973	7	7
1671	968	9	7
1671	968	9	7
1680	975	8	7
1679	976	9	8
1671	968	8	7
1662	967	7	7
1657	955	6	7
1647	952	5	6
1647	945	5	6
1650	943	5	7
1642	937	6	6
1632	936	7	6
1632	936	7	6
1626	928	6	7
1626	928	6	7
1631	920	5	7
1640	912	7	7
1640	912	7	7
1639	919	9	8
1639	919	9	8
1639	919	9	8
1639	919	9	8
1639	919	9	8
1645	911	10	8
1647	903	9	7
1647	904	9	7
1639	904	8	7
1631	913	8	8
1639	917	8	8
1639	917	8	8
1648	912	8	9
1639	910	8	9
1639	910	8	9
1640	915	8	11
1632	908	7	11
1623	895	8	9
1624	888	8	8
1624	896	6	8
1623	903	7	8
1632	914	7	6
1632	912	6	7
1631	919	8	7
1639	920	8	8
1647	911	8	7
1639	895	8	8
1639	888	8	8
1639	895	9	8
1647	887	8	8
1656	879	9	9
1663	887	10	8
1672	896	8	7
1671	896	8	7
1663	904	8	8
1663	904	8	8
1663	912	7	8
1664	913	6	7
1664	913	6	7
1664	913	6	7
1663	903	7	8
1656	887	7	8
1665	897	6	6
1657	895	6	8
1657	895	6	8
1664	895	7	7
1664	888	7	7
1664	888	8	7
1672	880	6	8
1679	872	8	8
1695	863	8	8
1696	863	7	8
