1061.5,536.5,42,100
1061.0796117480775,534.4503808434005,41.64548522309852,100.10034386015032
1060.6393533723028,537.2623018720903,41.612811252182475,100.09137521204173
1062.160889928272,541.8101020930604,40.68734835638481,102.04199459584636
1061.7847590245972,541.0957112891377,39.60410074429336,103.23587842625346
1061.757884385272,538.5349484482973,39.677816280679664,102.53212010372292
1059.981820415387,538.9786577201666,39.17955302324506,102.13152762218701
1060.663178676168,541.7746977724466,38.66425016077892,102.72121784233381
1060.534049825862,539.9063678218188,39.11267579509334,102.8363155010816
1060.837338380087,541.2242729494994,39.47097653050018,103.91200755933421
1060.8679414689966,539.7777365610629,40.126267773945685,103.65893618451966
1060.492896147443,540.9456840647979,38.61003818847644,103.98053548361393
1059.9060531374762,541.1293574190164,37.6650399165703,103.10323855459202
1058.6055471578347,540.0663754421116,37.5343478791945,102.44287824578255
1061.1607308975292,548.0806542929828,37.05404488726279,102.03573758963357
1061.2396304486947,546.7956838227785,36.582452274733306,102.6364518120931
1062.730606074569,546.8677842947357,36.763722620656125,101.86878491292154
1057.0828358162198,548.0803057778326,37.02765264846292,101.4217632108038
1059.8914028839185,548.1275475973531,37.12911735568639,102.58593261646351
1066.2924129308549,550.5351692886597,37.454196298984385,102.75804351241447
1066.736335278288,548.7570761475026,37.554032456531516,104.74320215820092
1072.971440973102,560.8301229261222,42.10437084107284,99.50648283802232
1067.301797169687,555.0215623973324,41.29779300753449,100.18367965548937
1066.7658522724655,548.7009510586976,39.83180190445548,103.59437254760296
1074.5081193395326,546.4688456446281,38.19898858025768,107.91162304275213
1075.036835025538,551.1683276832254,37.94875799769859,107.36450375315528
1075.1047510366782,547.9305777322586,38.191962282753295,106.85625283492888
1076.6350798472295,549.4811470638572,38.84087387742533,106.63107929014006
1076.7874017478362,549.362312355756,39.04591040696526,107.8100346145645
1077.3409207814664,542.9933463395909,38.66276455161886,108.55610816453398
1077.5252920840896,541.8558422732917,37.425925475539394,109.9094185613458
1078.1603889203986,541.9048386751434,37.72865701292048,110.08012284063865
1076.6749664653812,545.2543504523164,37.63347928844924,110.03638464472174
1077.2212834053967,540.6014132756194,37.666320099809354,110.00557477112605
1070.515403972077,549.9204279125884,37.26725266487415,110.33413828588445
1077.7789384690045,546.0318023957303,36.78633673956139,110.29657665938326
1070.9499548215217,549.5888027439372,36.462627932842345,110.25336386961618
1072.1047397143884,551.0005083558538,35.607289409315754,111.50897314596604
1073.0696838679025,549.5879800171759,35.39194277594798,112.53559306241928
1071.825823014607,550.5678016989702,35.32041031307488,114.57447913303497
1071.877271890729,544.995981753999,35.629065437065066,116.99637925399539
1071.501876779017,545.8614902520064,36.00784620433133,116.84645664217396
1069.646499690224,544.2246234581751,35.831047166890514,116.44010623973955
1068.9453647984058,544.1647343807476,35.73083084079342,115.6503626360381
1068.6118741259424,542.1306188207662,35.342242179349434,115.57528654698595
1067.8843094137842,535.3727101879182,35.2440879122596,116.82172896527013
1067.2800631160856,534.0890033701846,34.92834323253325,115.78709658785876
1066.970064713292,532.4580693446636,35.12616674667582,115.18597855110164
1065.5221607253818,528.4202018927994,34.75382463132472,115.66065306435789
1064.3429132939777,529.443197196294,34.899132753257675,116.89878969278115
1064.0294112435204,528.2181413454989,34.90445045518953,117.57207000589776
1064.3283433834467,525.046911536472,34.84400209702483,119.11706286903826
1063.2719330297186,531.133315500675,34.544969491034735,119.44170481551015
1060.8375216748657,528.6763765775099,34.4973579127159,119.20749659082587
1060.3112935550075,523.9923381662842,34.432418989849836,117.41167971363137
1062.4028138263566,525.3384339358004,33.91582107982666,120.31936410157057
1062.9156424869816,525.5396536588531,34.379278281511006,119.03880363705528
1062.347864375095,523.2168066100037,34.61875788565891,119.56606568977114
1062.631228279541,524.9530695072392,34.28673662760357,119.68457144666121
1062.498202605066,522.27834104437,34.35146366267451,120.59807713948959
1064.686898987811,523.5154871980338,34.24085985668784,119.80163245598688
1063.6312439511225,521.780438491687,34.39648836764064,119.71754233244084
1063.4847923335421,513.7950712493466,34.77776673160741,118.19092230967553
1063.4311222120493,525.9085048462322,34.409098201743014,118.71318917962505
1063.6216985988517,524.157877931148,34.31138804460073,118.1850798544282
1062.1791241845435,519.6690319966659,34.648214910860666,116.7524171091347
1060.4693251441959,524.9402570313624,34.445183349069126,113.6261896120684
1060.6887069404547,525.8821749233194,33.84218392624457,113.5063926293477
1060.9755463812928,529.9193006988614,33.22479651151963,112.69664217308176
1061.245630988722,530.6461252338852,33.02407738778473,112.62230657196733
1060.4109377338266,536.2790245706171,33.45446453081537,112.14065897577396
1060.9216297768385,536.0127306754739,33.455250869253234,110.62873687836503
1061.3538497218594,535.4479091720694,32.734616408550835,112.11326629779458
1061.0636694395457,541.0434627824553,33.10546028399654,111.41070163378541
1062.7743325920455,540.648672738586,32.64498326412281,108.54634748118282
1062.7329142324936,539.0973894429925,32.76034126461799,108.92037341341916
1061.076497584477,544.4349245073616,33.48099478541325,106.87114347175365
1060.6801957057155,549.1625457483647,33.92125230146198,105.81118850348041
1060.798322600943,549.4169474052655,33.72336183362271,105.3077117848361
1061.6262526875278,548.8854842282038,34.06005859004138,104.84073389262922
1062.4052879445783,542.8695368487893,34.060171269147105,106.06635137637284
1061.3348256424676,546.0952032931191,34.44653993274072,107.01958477570778
1060.1383010044965,548.993459083572,34.25172004135473,108.54963130789989
1059.8446910780192,548.0090251891611,34.53335737096357,108.73740692982128
1059.7308163821679,550.3666708129954,34.312956038493745,109.00219485619428
1059.790866549468,552.2044829798091,33.79741634732791,108.01421667315586
1059.9243192918707,550.8826476322054,33.38125077372128,107.59617248074429
1060.0413391540037,550.722708111058,33.006852526920625,107.89622955138432
1060.0252160409002,550.7807895520905,33.0060282223853,109.64379555020159
1059.7194515678948,550.4982339634527,32.527940631302215,110.55952559654335
1061.236358160522,551.5970855257939,31.854992085329854,111.68898855233573
1060.6717286661576,552.6649109642773,31.53940205977642,113.70945463780183
1061.365458492296,546.9582881795989,31.467435156713563,114.78469132654355
1060.0509834144843,552.9910903668969,31.510758233327174,114.21682674381759
1060.8986656433933,551.6865093947958,31.59287151675077,113.12740341618418
1060.1148830706404,553.4795313915268,31.204793127595956,111.32019042781862
1059.2867174412386,549.7019558667329,31.29662202796331,111.24121386052441
1059.3260671227088,554.5703391233452,31.714069135331016,111.18632448353009
1059.8348272061876,555.4160523469476,31.162271708069877,111.33977909406454
1059.0697385362087,560.5613162553938,31.992724135384368,109.5182034561274
1059.4604587221015,558.2861675847024,31.535825898598695,108.30605296349518
1059.2623952354063,563.847278849775,30.91815117807316,107.23662298248333
1060.069392168912,567.1044660437723,30.887849265674546,105.86880449506248
1060.645359529461,569.0089827608167,30.90688903760281,105.8481583595577
1060.1875972169576,569.7878757612986,31.26744673603504,104.82909135702599
1060.084180225856,571.1802274479261,31.67114791599018,103.88190178820665
1060.2737570448137,576.1459124433713,31.367287759425054,105.4032629298236
1060.690508107374,573.4015877334284,30.91008421089804,105.00726259613896
1059.5774190618697,578.3585771361797,30.679193381770737,107.24846376805314
1058.5531829689999,576.3226183338139,31.1655555010964,106.62035247645298
1059.3271394331991,581.5885116544523,31.417557886418756,103.5720763294084
1059.465061473044,584.8883804635719,31.10875808570823,101.975629364398
1059.7874951702313,583.7420603455305,31.104273696475843,100.56056529483205
1060.3582932654515,588.218454051557,30.917352167195144,101.64020567055974
1059.0706786315525,592.451750318229,31.87092489793723,99.427263802499
1059.1859358343427,595.5739507274427,31.46766614371162,98.98958705557433
1058.303378119815,600.6849204201611,31.0375856594521,99.92924110733219
1058.900533578193,600.1517215387503,31.131994515988637,102.58671238318489
1059.5911154867151,598.9690774109141,32.07441120240805,103.81334438027429
1059.5685074783314,599.5239250721824,32.09958354618193,103.76974381386407
1058.826757944342,601.4460460674419,31.831091103769232,103.79551362983312
1057.7404046414506,601.9845410866765,31.48407977780471,104.37326571306048
1056.8569442315745,601.273583913388,31.45249076135988,104.8509419333594
1055.6546706657118,601.431738875076,31.910167089252404,105.1722528166774
1056.2046383292989,600.4344112961036,31.551946418431406,106.71108991756203
1057.3261493227005,600.1192344291258,31.6749162624538,107.03586777408965
1056.1338491954764,600.6928386607509,31.002117959239243,107.55945129444382
1054.035632312718,598.3203476317016,31.09416301091902,107.7482447691684
1054.1438962020954,597.8533781408893,31.27177011127673,106.5087924086299
1054.942659937011,595.8165391888851,31.367123033520045,106.43080939344863
1054.7611827110354,599.4591302435762,31.237292389302503,108.24240520002125
1053.9562610432843,599.266533762912,31.244021596691987,106.27781998599572
1053.5487692357863,593.1221260494616,31.208659063673977,105.32795266600925
1053.5300140970796,589.4221260743291,30.964886051893192,104.74021782165757
1052.1738317927307,596.7803252165368,30.875088013343962,104.10009440906822
1052.1849052006103,596.5332115314217,30.85305177137484,104.01978223710037
1051.4357404580117,600.8688595915332,30.823460533610422,104.48473661278776
1051.7664213941268,597.0458794186437,30.676404491382037,103.68673200037601
1050.6617779676837,595.2709597028346,30.863074957854828,102.86006939494597
1051.0260922465736,588.6318089926544,30.48988490071787,103.49679977038438
1050.6710268348716,596.3960050263571,30.60831266683285,102.88405139499562
1049.8437574573377,597.7809918465695,30.693650310106925,103.05943054731074
1049.9066435959544,595.8265845293929,30.503298531125566,102.0163761707385
1048.9849691330876,592.1164859972799,30.621347264026063,101.52335092203727
1050.058795447267,599.6446568865457,30.0976608527086,102.16953714338368
1050.8141381026794,593.1667187892526,29.76889738159742,102.36930791499628
1050.5513317443397,595.0092762889292,29.589195581255677,101.9462926585324
1051.3108975939406,586.6780276267243,29.492157750309737,101.95733315005653
1049.784491075821,592.5008361428406,29.634956634021954,101.43875221248938
1049.9596762483754,592.4422919690727,29.09697539447161,100.26393837553879
1049.8088383276727,592.0110737989398,29.016047173319965,101.14370746338328
1049.380344529944,592.4340426439087,29.57173561401867,101.69773100658448
1048.9532591147304,591.1599746889432,29.28390958394186,102.22208776269157
1048.3003301455171,589.5855556903293,29.113772697005157,102.67916974986375
1048.2882454699195,584.8700515210832,29.110726597198322,102.99698839109047
1047.8488573855138,589.1737178593107,29.19171134459602,100.9703880602164
1048.4620280087888,578.028616739443,28.9937172326362,102.20387147365788
1048.4479707916473,582.391504312937,29.29934087941323,102.62511571296167
1047.738133687872,574.2032355626174,29.189628924205895,104.81436683664766
1048.3587854741088,570.2132212732066,29.137861804025633,105.20721193997468
1047.5775339410789,582.39842247346,29.119444650664153,104.62316169706081
1046.7474750540114,574.5856593514447,29.398351978441617,104.40561028148429
1045.4273773359625,583.1063428590144,29.54117478728079,104.84245180821509
1045.1840404143852,578.7353799656184,29.34215381670724,105.17244751077855
1046.1045547621143,577.4350655999496,29.018910789622264,105.20563597073878
1044.9603193116902,574.39747466913,28.980608762232322,105.19462903919536
962.7656349958801,551.7297372404829,29.37409726689944,100.87396452271035
914.5866242157873,567.1054143355958,29.928056937436537,98.22180581283133
912.3826803513099,571.9153689194592,30.038676752573046,95.64725577977855
913.4438836901388,570.7597243599807,29.610147295068973,93.73613231252338
914.2149458738705,568.9415018871522,29.76300176080411,93.34613473040943
914.1097270178141,566.6119387267648,30.20281432867392,91.65527545166634
914.0205523939239,569.6744424980093,29.94407905063048,92.37079115212775
914.4925170074254,566.9372522438274,29.735780812702448,92.61557838351413
914.151341242929,570.3498764561983,29.509529805970484,91.69724085507337
914.5671524346363,567.2720438300894,29.52782483436003,90.30195081172864
914.6486194736183,570.3701506628062,29.057032468107952,91.57975428954464
914.1598198685307,567.4612914832603,29.43513304871316,90.41769626618986
914.2611276455543,566.2426818566444,29.55326686690983,88.933437009519
913.637779546338,569.2436773737468,29.093428322033322,89.67116345883454
914.7157938866243,566.9758834664872,28.783528939671044,90.8820735675891
915.2132675948121,562.9491689582661,28.671887609358787,91.06557470088302
915.5097842908054,566.7888633150736,28.168383485815546,91.39668880251445
915.5834559416106,563.27845962338,27.976793946480313,92.88622139036963
915.2988866959437,566.9655390347575,27.59628524962759,92.77306701555162
920.8993648415741,557.6362429838373,27.393677194450667,93.28972567622995
920.4982030517745,559.6528245299571,28.126670528793447,92.2305079632475
921.2389963226319,554.4934366029057,27.912127935252126,91.23913271719158
920.4917233519348,567.8311540111613,27.67816683471524,91.12166604032876
919.8187574327383,571.4443796398931,28.17533395552941,90.25607942214744
919.131741326166,571.8375979741419,28.30010979622225,90.91975807671662
917.9787482562493,570.0294352817566,28.594109918828366,90.81354260607942
918.4818595101024,571.8168074245525,28.612843399052522,91.12956112642632
917.5523017217863,566.3079182661569,28.10301528443088,91.10473499680653
917.4016924046346,564.5675511054619,28.003592447587028,88.72099216060371
918.0829476966246,564.2140237796411,27.879122787679,88.24211775226283
918.3605805166197,566.3757971252087,27.598031480307533,88.2456083955699
920.13750058156,560.5021569091557,27.20857261606728,88.0413106874172
919.0593884244273,559.7075680671272,26.903343254109007,88.84099039993924
920.4676266106776,560.0739015987602,26.583922173737946,89.93674314124631
920.2691686913519,556.9871958177478,26.554776441744888,89.89808280767201
920.925265952493,558.3118377789798,26.35962243440865,90.73825839982588
919.6927995278935,549.3232259785989,26.83728302103452,88.56906438278968
918.9662258542942,553.3220231046843,26.785017789650233,87.62297331207658
919.3303071757356,555.2707910487084,26.86195511090931,88.06890656694225
919.0991179491264,555.3855580880928,26.7095537341489,88.48265788188806
919.1342831066164,551.6918866806222,26.93612616513087,88.45003256862483
919.0310372086802,551.2075852855793,26.766181369854905,89.47689034571226
919.1622466684212,555.6085564111199,27.123650458013866,90.60118996932579
919.5787716255894,553.1517831647553,27.20622641390513,91.44392328303893
919.5520381040657,547.8496224938189,27.447676940028703,91.59077659207485
920.2549460005208,547.7135002943616,27.305506438446805,91.9100314648966
919.6513980270287,543.4258421337289,27.793205317407498,90.21863559744115
919.3667215564916,544.1386750136725,28.375162921630203,87.96422214782993
919.7455230022841,551.0714510978795,28.07399758798085,89.08985898240667
920.7725612055402,543.7910409458718,27.77225100782347,89.4229780992882
920.6274586336518,542.2629505230241,27.566211482639776,89.25212079991844
920.9023523534108,536.5970274826839,27.526510341110683,87.09307828501781
921.3712792673546,539.8490727284558,27.760874001511986,85.09122034504868
921.6466300238989,542.8903026122618,27.97834546777839,83.15989697575205
921.7075114320862,544.1889955985595,28.00969390061219,83.21193674816706
921.2064426266156,545.9390152117131,28.01203720718251,83.15619149768986
922.8075915732076,548.4876764562983,27.51586671916514,84.30700457523076
922.7492042772519,546.0928185849929,27.67183965006181,84.13938722992063
923.6489359316405,548.8109975459917,27.259194631041435,83.61134830435245
923.3485580658681,550.0221378674723,27.291705845736736,82.82338827811323
922.779416427022,551.8218417613834,27.275962853516248,82.85947567614319
923.3271851925942,551.9866215579598,27.34945277007217,82.42620396382844
922.9256079380317,550.0060518425498,27.259740250484228,81.304193007838
923.1235239781419,549.5650086753593,27.36544310907607,80.15475229983011
924.0544105449295,548.3827804208029,27.16298615763725,79.25999393086062
924.1826020449244,554.7582851249226,26.52869173897114,80.50618453482812
923.7606653501726,555.9197601012945,26.317782618670897,80.53284324182867
924.8450002824844,562.1682560610559,26.05093663233571,81.50530418027701
920.3328945422247,564.1830327052064,26.100259311280265,81.98890587549654
922.3123135180936,564.4567310328517,25.879898112777393,82.22823211868922
924.2728425399241,565.9855073080096,25.615923342050223,82.19914698513682
926.1846509450197,566.1901357719262,25.211088050795205,82.176131940343
926.559469002137,567.396082901439,25.607219863730478,81.63745633690382
926.6372278700444,565.6651606206235,25.632547060710312,81.74197629831501
926.8104063797266,567.3150736765922,25.88953293208526,80.75562770255195
926.9807486649878,570.3890055847397,25.808209718059725,80.72394669036458
927.5448371281936,569.3213780637462,26.196326078925225,81.17197257585732
927.7158993279586,570.1738778264231,26.40714902179125,81.68160985317704
928.6272203208599,566.747207181822,26.483316707390422,81.70903580577037
928.5896333803972,567.3554529725258,26.543555252240125,81.62120728741206
929.0716266221596,567.4521566427451,26.313759828781688,82.80291856021651
928.0152490138574,568.2353141823411,26.314020338278315,83.22855458900325
927.7019106299009,566.396573717793,26.708059581586713,84.03961954062152
927.3080471718033,563.4118250880458,26.795278141687398,82.93214860706169
932.3505487092795,552.0847978514804,26.68590773427673,82.33862350560761
927.0977278028876,560.228639807844,26.688525445803172,82.28293231443784
928.0387377117574,562.3586241927818,26.692031569912235,82.1861539094
928.0294763616668,561.4311786976122,26.627131065373447,81.89124245337392
928.6285873476729,562.1050179894878,26.286312788944535,82.59163239302964
928.7433717742452,560.6581757381216,26.190968156910124,82.79607405594889
928.8838041595698,558.8036532941942,25.99576019308782,82.03509102021962
928.5344749722657,558.4161123595999,25.952056843319166,81.19695863502899
928.621448247731,557.0887756068847,26.22826927585762,79.66119768458765
928.7021777621846,558.7049420058693,25.706473317390532,79.89953892455196
928.7400800955704,558.5346781002015,25.648453993029232,80.15517473860982
929.3357739392536,558.4453565279412,25.58615423062023,80.18265463292254
929.9381780309164,555.5452496716839,25.494260609519845,79.23401943033697
930.1038959349729,557.275374478513,25.33074917574897,78.49119826249478
930.0351808362138,556.4235242998684,25.171500979187794,78.50539554609156
929.9409182703586,556.4656469125548,25.3886194629629,78.1266524731617
930.4522853924864,556.8634112940802,25.15071555050973,78.4685463909659
930.7292265822831,556.2554532208059,25.21592104580563,78.25763486837086
930.2585148820873,559.5648494159063,25.292574391380032,78.4965018180747
930.5476105204406,558.1917794114838,25.20447777638596,78.55211271887211
930.901436982034,557.8136411636013,25.162728600280957,78.53295442259547
931.0650284235661,557.5166549601886,25.146964429355837,78.70721577604954
930.4989777231563,556.9776680137734,25.24165926641671,77.64654521201648
931.3867241993681,557.818596482675,25.428528603421597,77.47467992002605
931.6970903710751,558.2938910345189,25.409408470281505,78.00780074771198
931.5492845561942,556.2239673370956,25.726712070570507,77.29113464234499
932.0407459522221,557.5682193719749,25.77514239455018,77.37620158699072
932.1508013579781,555.2831385871372,26.01233036848614,76.49433392845566
931.4901029474506,557.4212583131168,26.070329853534936,77.02457726839711
931.6116521959143,558.7304675054087,25.995775336133256,76.83572622084947
931.7897277397833,558.5160658042973,26.355600069413367,76.8115148618626
933.1885390353672,561.3526772396248,26.236846248845076,77.33735338494552
933.1940491309562,557.6590873840131,26.32568689721274,76.09174825272399
933.2053610199539,559.1880818592786,25.90004398898743,76.28276533513692
932.3823444841896,557.1699262324972,25.975611734206648,74.60340075785852
932.3212329915985,563.858204607838,25.690402252643448,74.77906435172032
931.8158842376326,565.5880963565733,25.402717955155296,75.8704488191851
931.8592975821974,566.481101823493,25.257328871794194,76.25762108808934
931.2047118419845,568.1720431456984,25.582881735162246,77.12867337638723
930.5767210191892,564.859247362234,25.63695407708761,77.5984870121027
930.5547239512091,557.2023572000354,26.112771496481805,75.16660273994212
930.3808467127599,564.7531880164191,26.115914179623744,74.387343107602
930.3708168521414,565.8255055219596,25.77396225959673,74.42609156133432
930.0646214370867,565.7295035113036,25.71457840432354,74.37988581351658
930.5328494808266,566.3712204328747,25.505550574308863,74.24678060654378
930.0120450602515,568.2309227269333,25.432083231186354,74.51325615491652
923.216068085737,601.8045747215743,25.689539728433232,74.86722627452102
919.0577675878093,611.0935603358422,29.09178067790183,69.53173341665175
918.5253401907917,605.9668915877746,29.670045146104663,69.06108237976702
918.9593536016497,617.9444866670616,32.72680870677382,64.24983219311675
918.4033767968876,611.2069485558375,32.52872351129003,63.45946270633668
918.0675816807146,621.2056607830829,34.30689543156328,60.529796812026404
917.7157790130547,618.6378646776833,33.46843562329816,60.127185306547446
917.0730221731716,620.0665034682605,33.06886603299138,59.942120087682525
917.0312173918653,619.3193896887167,32.55901271117774,59.327844066676775
916.0857540168338,623.5038963487613,32.25428721476557,58.9270299996699
916.4666325211002,619.5471342548631,31.492012729358848,58.938305804897865
918.0920522609815,623.5433234089196,31.12991665016996,58.64187657439098
918.5004258283225,621.6261343852875,30.68566233551246,58.87008945098572
918.9751032677276,621.5839109310655,30.39542038700005,59.546782593846835
918.1628178776857,623.891910659956,30.171600230232237,60.134782655413815
917.6068636591149,623.5285057342751,29.85995925369306,59.25107119024724
912.3707924665223,625.8052310453089,29.762372787559755,59.11150091638532
917.5287919866815,624.7129863476514,29.233243749987842,59.43683668335092
918.3546612103851,623.2795634161093,28.86124396720781,59.83961818677026
917.484550872363,626.4333686615557,28.45250357605235,59.49793815776092
911.3293470019988,635.0560128891235,30.549408432869463,56.71153584917086
912.5029000481287,633.1470111780417,30.329386834246883,56.71750490281943
913.7904789849172,630.1982747267639,29.840979229606027,56.25027987217804
913.2501164564561,635.1122323817182,29.253469103766008,56.2838309700452
907.050092340514,640.4368581363376,30.39648970961266,54.821993630117944
913.1642718744454,635.1172030759419,29.674074893764182,55.495243112481525
907.24504872615,646.0491448289582,29.33803598375075,56.317295580570146
912.6202789840727,644.0936819225517,28.941940816721406,55.721198535717114
913.661889242207,639.7159046198286,28.4520924070047,55.15060415434678
913.8417771141903,640.5896157469267,27.402782058488846,56.75912653363446
914.1204882752396,637.9993044641034,26.423327648348987,58.232428409126314
909.4296501203702,647.680107143092,26.71125014339052,58.093889381105015
903.3925751233708,658.3184718182035,29.96231912084875,54.17051353124822
900.5098308177505,660.8418924913416,32.38507697151492,51.22832220557151
900.2933146000057,663.1465738633152,34.19090713458938,48.843629156524784
900.9336913029427,661.6645018198886,35.21863518356458,47.34230245251479
896.4031985955129,665.7258405588746,36.21860070096348,45.48265598040236
896.6336033128775,665.6099871731158,36.27150164583462,44.45116628356668
893.155560105991,665.600021369145,36.36582648963109,43.45901901024456
893.7446775246531,666.3715485014386,36.99483166161461,41.97825665094119
890.0860938731028,667.7194722290906,37.18401682512792,40.97318947765784
890.4486542915399,666.3313013967762,37.37283749082464,40.71380244927802
889.6718173017186,663.7060792123093,37.021254126221365,40.79993588605251
889.4421369190436,665.7842724464624,36.87067245535315,40.31981084276468
889.0934271335418,665.0539657332799,36.83318767750653,39.53394976465881
886.1300796343273,665.0567616187948,36.527936684419245,39.84233368542446
888.0506283689973,661.1764746480231,35.82571708373161,40.062304466109545
888.965482319643,662.7086481557263,35.75429077099469,39.80994222815367
883.8296017953569,657.5287473068674,36.33035498881727,39.55102005654778
883.8718746116612,662.8919966977786,36.71803883695232,39.97934362427368
884.1556883249408,657.2549986552149,36.527204586328736,39.9939727202654
882.1718772159919,656.5784134156826,36.60103536707746,40.12724342573244
882.0624963987113,654.5176460301881,35.454368196287405,40.4227181400349
880.9938802140928,654.7681248892254,35.39817467174091,40.28275929090256
880.3710616887045,653.9116984965864,35.20713235926688,39.659385612862685
881.8697435457939,655.2442551401098,35.643577687064784,39.28546008903013
881.9881102646192,652.7709778943328,35.33224089299334,39.79491464695984
880.0433242623008,653.5931192257859,35.397445136018106,39.94396813708375
876.9299739590117,653.1761962335648,36.20306706065057,38.859765620511396
878.062667935138,652.1336541319247,36.337486084716076,38.52798542865003
878.4208286049976,652.5140700637813,36.70437557091709,38.38687295103747
874.9536738147776,651.249416429395,36.70734350325535,38.13256200806408
871.6246270750029,651.0655496911545,37.201363038713,37.85686471510135
871.6697958080812,652.1818614046211,37.1631048403563,37.65471809671602
871.7389368965337,653.2930434624305,37.94272334494681,37.06217277820892
869.7039507655991,651.6508438038968,37.83054762707988,36.92310350549359
867.8984350384425,655.4239211897326,39.12459562001293,35.26899709273934
867.9033750329894,652.3039450405289,38.81818365564985,35.61190187146275
867.6788457461516,649.8522537043068,38.59313533340169,36.01247501937088
866.6908005202848,649.7167552289592,38.364404913782295,36.23448057676811
866.1009499428513,649.0915817555895,38.041704478301924,36.05861020592637
865.5653919446778,650.0601013618203,37.984919397378434,36.20217840771027
863.8232680330306,649.5916204482841,37.96207879789772,35.56186102469219
861.8253926909945,651.3491054386054,37.73634625137902,35.36085254993942
862.7254959050854,651.6581431334687,39.12414670109641,33.469915083453635
860.3451012123134,650.7694060395527,38.625430814728844,33.33019180538885
862.1788531436445,649.8876660054422,38.46572490853334,33.19798846582645
859.0848736006574,649.6483079609542,37.992711876129675,33.28706905151034
859.3866907226549,650.4344999459697,37.208577378099704,33.56551539802284
856.8740937620935,650.024287119095,36.741985296109696,33.56399985485376
856.2204156703534,649.0455205859724,36.19183043604127,33.93952193667822
854.5303345119363,649.074427581087,35.80667793544702,34.19191897907818
853.7616658981176,648.4900925090651,35.284503978391925,34.3365829948106
855.2194294713435,648.2412697964678,34.78360366871692,34.24608888600874
849.9765711458681,649.9611912667277,33.6912182078512,34.610248707329745
848.6226004723089,648.7172498380005,33.582593802940224,34.60653891913898
846.6325207115583,647.7806721769635,33.31634629242842,34.473294371294024
847.4294383179284,649.5535946622284,33.175107744116936,34.44598120008067
848.1806393249149,652.8669134006349,34.41400249833254,33.19827333828864
842.1218374229642,653.0951126951716,34.5090976810181,32.92057790830912
834.8147028551517,657.1841464662778,36.38563774407233,31.018862771644656
834.8607032764992,656.5587203613806,37.64314292192324,29.317849785211028
831.2101769445852,655.6281375550576,36.82090170910328,30.314521789382297
834.5359094564542,654.2802750825435,36.258976213258414,30.23397300699336
831.2887575712441,655.4901857294594,36.35992509094786,30.06115908315683
830.5324828933011,657.4806983667906,37.73158377403085,28.81564463460514
826.7992805032313,657.2889283071752,38.43175415628222,28.23629418844064
822.4910042448811,657.959414196786,39.23535367768256,27.50363287026341
821.4183640403196,658.8346011272673,39.93255485840422,26.65341133493104
819.0183810571299,659.2251823013172,41.3024580539403,25.757195497026856
817.0865411707518,659.3102981120602,41.95184744621845,25.4163416906684
815.23198372741,658.5757799376246,41.386589278397636,25.50076464480227
816.6534121028247,659.9857533392966,41.17613566286783,25.30917453663355
814.84560507548,659.5368926694697,40.994373561704094,25.024346995710154
816.9554429180464,660.6769048235536,41.66767034590113,24.55349162236443
806.1731589606155,661.4274478338501,42.25037523891238,24.231317168505768
808.5920503421527,661.6586605979572,42.021925991005304,24.108009495125042
805.0755559549478,661.7409345056222,41.68387012964226,23.945409731415428
803.7338914607876,662.1079277403552,42.7142510960739,23.460938050338676
803.3851904409612,661.7683689002348,42.98500147909903,23.42959155106356
800.3995423237293,663.5825459167228,43.04157622461031,23.30759757210369
798.3801661914756,662.9120851212368,42.89004805164808,23.217083458844332
794.5894150421094,664.783619405243,42.86951578159399,23.273291481179392
791.9561619973481,664.2009592106459,41.98455597832477,23.287513022984385
792.4565146716992,664.733547191993,42.11759343891831,23.31596344025693
782.909181061435,664.5342491746022,42.11789649318696,23.660644704554414
786.5007645000131,667.2030229238748,42.814498464449784,23.618750549210013
783.5401050003906,661.2123086770016,41.701359780131774,24.44557413115221
782.5718134912252,664.1037077709329,41.97664356979436,24.406160781393634
781.1869398485782,667.0396636537406,42.18954066015729,24.25954122158893
779.566986214377,661.1243501632785,40.3089020644543,25.919084752195875
767.2989739333352,667.9547877937177,41.02859667048325,25.537441516463826
769.1843202175525,667.9970536878519,41.831768562040125,25.013074477817717
763.3175396985819,671.1013378293801,42.66762547553071,24.52938021438428
766.599113533938,670.5772670314976,43.06504814020671,24.165851244544015
755.4456912703722,671.3828963231233,43.65827724985763,24.036686829955684
757.5513876481588,670.3634222544849,44.07290826366327,23.78712941303331
754.5132751359316,671.07444899231,45.19701155349839,23.463109246365974
753.685943604214,671.6778210051468,45.852518797517675,23.43947295441876
751.9730126734332,675.7711029458388,47.44240215108367,22.42360104004529
747.6087771367542,674.873004786475,47.86873871058679,22.407926068565942
747.8439699830575,675.4477769067294,48.16617683332587,22.20517323850347
743.2750049938219,678.7842283601753,50.24072227886868,21.1740044548415
739.4387564992487,678.7969739823527,50.911207015207324,20.97465471692019
735.9911273921715,678.1856863915241,51.45905645784686,21.371628678446616
730.5448691020606,677.8868961824894,50.846591043439616,22.133333779061605
731.2884754923683,682.1446634292577,51.52932111865929,21.818475249880436
728.8798589998407,678.1832005101169,50.6834300192418,22.493163001461657
728.6718657602188,682.4599891529502,51.218298893812836,21.91503766205347
726.30234375194,681.3479061093233,51.226479816040325,22.19052346766831
721.9701488102847,685.1684098012541,52.28682335459389,21.886881711095313
716.6344096547883,684.761585703784,52.468549849790776,21.875234159709105
716.7278724631727,683.0227515584713,51.21536675621546,23.41425029255107
717.524188664986,681.6102489971105,51.173042580127905,23.466449009251708
717.2759298287547,684.915520936184,51.15077298776658,23.48974807620356
718.3807102072504,686.3489594891968,51.14289146051145,23.49882369082008
729.1800934441073,670.3623524069736,49.71390190330159,25.265969816325985
729.204830560163,667.5197987420315,49.50317122375583,25.542232198395162
725.2695660523818,663.638230951898,48.885007002013424,26.392874072912715
719.2587706372021,678.8700175176589,46.309286812475456,28.935904182357792
721.9488938173167,666.9592693317077,43.770968695883326,32.688869517883134
722.1509912886248,666.5213697882652,42.88882201800912,34.066478380597275
721.9763015518843,659.6125778484472,41.103495232716384,36.5830788312782
718.6911462920626,648.7086317566656,39.368709126077974,38.98913652692661
719.838023983555,652.0272902409588,36.75403193461189,43.03527597923846
719.3233422760053,652.0063084202147,34.698058187693405,46.289175379317356
714.9958079842776,647.0948277143909,32.66559720724519,49.287032077525055
715.507646387322,643.5698394585436,30.69485939890175,52.92893421025246
710.9197484344342,636.8167271703951,29.182405716664746,55.911679324879486
712.8311754674878,641.7436135065052,28.523469907317157,58.202015424937095
713.2420314751888,640.4879463860508,27.816354579172383,60.67475508465915
711.8988435458315,633.2441040995888,27.477947780263676,60.84401257170675
707.854043876432,628.9772641966017,27.45467785636732,60.52023712407973
708.2802800197805,634.0487005535778,27.522887165472618,60.7029421460287
713.2525637562755,634.6898522986187,27.353002691139796,61.42882904939451
707.0710492881992,646.618932818217,27.325727061862896,61.803879527532075
707.1658074350622,651.1171927064394,27.085707115594072,62.272988375049636
706.3409946381609,649.0895961404714,26.625902634705007,63.47109270274069
703.069172065363,647.9562219572877,25.498394711758326,64.99815350711933
703.9384395755548,650.5699913950157,24.55375809501921,66.54464627076237
703.8709206848415,636.4515689733365,24.050491642894674,68.13155634544387
704.0930434760783,642.528089431386,23.449558279206535,69.23696784481126
699.6545571094875,647.8334027355083,23.496376593442577,69.09608305785554
700.5656590363294,641.9206532042786,23.30608079887897,69.54994191493198
701.3350832475998,634.6024567176665,23.287296968699824,70.73182801407137
697.2735581982748,640.708511490721,23.563010298245743,70.18629771448347
698.1774988755773,634.4970949941072,23.965162121970273,71.05846866700068
697.730057762399,630.0732072408189,24.336918580618853,72.06930436187073
697.4765179293341,630.8580759040017,24.755531118173746,72.42708635694686
696.4701500595698,632.3739419395165,25.101160586912222,72.929248586378
694.4284624186148,626.5784973225968,25.609963782488215,73.87503055093026
693.0422654354054,625.9842731533074,25.331960829656595,75.45253190641014
692.5176474463983,625.5759938869081,25.31198210601815,76.35564248544807
692.0206021955636,625.4276355548286,25.549821928194714,76.72402471229644
692.3844084296708,625.815719055444,25.256904286583172,77.28928384517508
688.4410196834086,626.1993004132917,25.199617638787586,77.92305475279373
689.3297498829417,626.6174441597545,26.11346621494143,77.70109647873238
689.8469764132869,626.4178966225911,26.144775197250155,77.61455886525208
688.9203063066444,623.3552180611052,25.98565041038259,79.11216416098395
688.7924422788209,624.541912026599,26.286508905132244,78.3357055417487
687.8501062712004,623.2555926590234,26.50475247360357,77.82233596658192
688.5160850615739,624.5483499668891,26.180173709461172,78.35437291602078
690.7064249852247,626.6908654274786,26.328998161323508,78.24309430273371
698.2333758083558,621.8608717798767,26.020318606735938,78.82486885990026
706.8309572147633,618.7638379038829,26.60151344467783,78.79879853892054
722.0271410529737,618.3017813547697,26.48703120526873,78.20753053935321
735.7536377875551,617.5326717655395,26.37458148305401,78.0120692311345
756.871265785992,607.3710676245961,26.518582688328678,77.86516566609748
776.9269079232226,599.364407738695,26.163073865527636,79.09576677945243
802.9584042970338,600.7673070653988,25.986841829575223,78.97416602872428
814.221218102562,628.5195626023864,28.707378540418226,76.01263514884097
815.419947655774,624.8796911192312,28.749909954471555,75.9852596993186
813.0953079682979,629.3172817177788,28.751463270463805,75.98703734926943
814.7193697882431,630.2465302172106,28.749916893451903,75.98961169859602
815.503449165622,636.3277207397026,28.739432904280893,76.01161023124884
815.0030137931361,639.5033409320456,28.7402771847904,76.01064536307284
813.9634156183798,639.9802639833911,28.74108508177305,76.01004400611316
815.0900930557584,641.2011744746401,28.741284551193136,76.01029207726506
813.8896525137391,641.2103465971691,28.742814515236695,76.00904678056673
812.2567829735175,638.4889510918795,28.74361238016465,76.00896049851269
810.1618199831014,639.145745598617,28.7446283535201,76.00803694753155
807.8894889109004,644.0328537079832,28.74568326296739,76.0083311124051
805.2405698366381,642.6751772820205,28.74462748296401,76.01173556955527
795.3588370448834,642.2270916917008,28.84835643317244,75.8505646977348
783.0161866976849,647.0371193530242,28.962812477300876,75.98554477547873
784.6350068440313,647.8730937394726,28.96397032608772,75.99058603477809
783.4665817873323,651.0815845614437,28.96564564052025,75.98845891735559
783.9035699769948,654.1364789893743,29.235977351405154,75.71967109527735
777.8453196051452,665.5968354545031,30.20443923096868,74.87147365269053
785.4985903054004,655.2886071860503,30.344120135756103,74.71862782143222
777.1124529794618,661.9589366954975,30.67154577335127,74.46298219212501
776.0452303255004,674.9689609345945,30.70725717929639,74.4832932110014
775.5488625421094,672.9054997537673,30.707769662105527,74.50211277419393
775.6783843704563,674.3618438217985,30.894555188274715,74.27525022445049
773.3930067551942,675.9164012540587,30.96672996301916,74.2193725597136
763.4816862313849,686.3996707139991,32.642516610003,72.57150772735707
767.3065438472403,680.938448418827,35.61257524303823,70.06845049427598
766.7592998705995,685.7372814957702,35.66598319830334,70.02748790789458
766.8194639517096,686.5067426241884,35.684072294941835,70.01541229832064
714.3442825366401,680.5196789019355,35.14151520320603,70.89367449319252
728.5268422524847,677.9403899083254,33.474023792756874,73.60366840067033
729.7880614284626,680.5219331193883,33.2923211147056,73.9643117797225
709.1704140104517,684.6216157375616,35.12018339457485,72.07837065378854
708.6939731456033,684.8752235943197,36.212566681025926,70.82946138396375
724.2212415210104,679.2708882244012,35.88884391031434,71.05856078133236
717.696278470861,682.8566565887678,37.50076265587676,69.0251804666311
727.1944461581537,677.1766134626168,35.44120630350822,68.67950099475104
707.3826067992701,691.0208797378302,37.304837108677766,66.18456623790324
715.5581409189513,687.7118616537783,36.11849989501105,67.9191900448621
716.530602228592,684.1162594012285,35.198119249797315,68.2993369823653
716.6214711448079,688.0479383314997,35.00610237844463,68.39597200741234
724.2105325809445,683.8321737258683,33.563327253974165,70.13728420054773
726.3006698688537,681.9455417193614,32.12290772919642,71.40771150930765
720.6083965727611,678.5649268410392,31.631486341950495,71.62539554299042
709.2313525510126,679.8223617409697,31.586557432932715,71.27387346422944
711.2254637015009,682.7352121536057,30.003830775571885,73.03647382075042
717.9914174455267,678.8814972526055,29.94727557481261,71.84067104828796
718.5090409665765,682.7023818752365,29.80171666690658,71.69006124211299
706.2744984316499,693.8092940204114,30.377037240910084,71.09054626267628
701.7311397800983,693.8422730649104,31.523758778327334,69.61676473026546
716.3609773525651,687.3187463617046,31.34201599118182,69.87573506019993
717.9047240820845,685.9802089080226,30.739160746254356,70.90716506438096
715.1198176321047,681.6580829381505,29.372583723118133,72.72849095966102
702.5400815957223,699.712985569453,29.84387677976965,71.94120309207553
708.6430790122566,698.9551399667355,29.299186420578103,72.8874596547189
702.7385857160801,696.0851272768983,29.430058121878872,73.40316605322245
703.3740231151203,697.2312616788415,29.492574036536663,73.82985133563999
703.9986722131754,692.6158773131034,29.55739446415993,73.82463240384699
703.8786477132302,686.6902683697764,30.536464646110506,72.99392547055479
703.8820502996194,686.4320650407416,30.395420425566254,73.26388404391248
703.61183174827,685.5943690777108,30.383468085344504,73.31440662335542
701.8947682467851,686.3269504183133,30.375649058651156,73.34364980781945
703.3114224834727,670.2911896211147,29.91955692438724,74.31080891442397
702.9059874494374,676.5500146926049,29.902375961822226,74.35744500343799
696.5292467907483,681.2445403633693,29.740667536158377,74.73867163889898
698.3199389110243,673.0981738599431,28.46716822717045,77.35816684515312
691.9684760586259,678.2295890418729,27.772266783529922,79.667025133332
691.2041526611291,677.0873483286662,27.711180335534983,79.71401805152108
685.6618667412622,681.4843542044133,27.639608033117824,79.92230370145502
686.8450931511381,717.3700544321276,27.25515234566739,82.51934196672954
686.1524768921862,725.0333279868962,27.736487101272488,81.78601747529545
681.631260580427,714.5432252331539,27.619696168272476,82.20345023192557
675.4824699109037,721.5937629915347,27.561173610224348,82.68378798420692
676.6239308315136,720.7002865296497,27.537421585975387,82.74961387474329
671.7025442876347,707.5085343468589,27.415190706447984,82.90547427365001
673.5696059612652,705.9081018325699,27.070792329050832,82.69502529160812
667.7255509230473,718.6536172240955,26.90704522012285,83.38799070911833
656.1333511320319,726.2961694182721,27.46719057546927,84.14784634273778
670.5116714323792,723.5436552943272,26.924693727826213,86.10937607454468
665.7891178744737,711.3510148828448,26.971934594552778,86.23442206474594
666.300509564047,710.4119086954547,26.964263615460986,86.24298610216195
659.9764805043955,712.8888470792781,26.945479274131863,86.36214934306003
666.6513448910997,712.4697416374264,26.716684033438185,86.92587195648073
666.3277670458484,714.7119748151134,26.713177420970027,86.93507368048287
662.3917846094777,711.0068588981255,26.53767887665814,88.91251666558176
654.6626828537242,725.7971205346513,26.88174569230332,88.93044119221273
625.7236343065364,741.1102777536361,28.45766535747978,87.9629783777785
655.2200671764796,723.1531972697245,28.298001979653826,87.30075766225197
655.9320128178887,723.4560041768708,28.295561073346363,87.30039921333103
657.0234901755232,723.3455791658862,28.055127453353094,87.79735705318853
658.1414614153696,719.5853362127037,28.03429861349205,87.77189302364026
658.1175401850103,721.6826323683871,28.021666611403397,87.90475575606638
651.6756023544752,722.1691652135597,27.983851331616453,87.92718657718054
645.5092387811547,726.818175476511,28.32686194841139,87.05768816126334
653.5250068391407,717.2029138684219,27.827680187297876,87.32111504870605
654.5740067797884,713.0957195660908,27.743158823534813,88.60707500346592
656.3143665472176,707.0939422060239,27.298342027247713,90.39790789895376
650.924203976844,714.1452268890911,26.946639541957197,91.17501725901566
637.4968295049994,712.908362244798,28.004158718800674,89.60688882818039
641.6461652433713,720.376404602785,28.30559920342139,89.23468884731402
651.7448939721663,699.1050836655123,27.86818584373193,89.49827798748431
652.3607595944949,688.0708595634621,27.75196661251019,89.67066334063246
650.566666163142,687.4137245299854,27.780116100719415,89.74104491023337
650.8296268242392,684.2662900297173,27.803501350008744,89.74000593652634
652.0302226198921,685.9677780776178,27.75350843195112,90.03772225596285
653.1422641722133,686.9489186265862,27.656111661918686,90.62068942806071
654.4705165522341,697.9385922894396,27.651204163306005,90.67736810333054
654.9138315764257,695.5299388078485,27.64336115563338,90.74325886015298
643.2197983894656,719.7696533813661,28.380207207898124,89.87978125120365
645.0441499939992,726.3660383596608,28.987990414694025,89.37198882604727
650.7272603263581,724.3475319923309,28.94544490561584,89.70096656848905
650.600467333674,722.3319460361931,29.46932421616985,89.30796083412763
642.0399795289203,719.2211459050144,29.806627492913467,89.07188754683314
