868.5,474.5,74,50
863.4707827658978,475.55703643909686,71.21662614911274,50.944271485972514
859.0426588102878,475.1538646572963,72.56312226361027,52.87668614504024
855.2826010494211,477.96128445947227,73.93927111053884,53.185628412484036
847.9304302252262,480.62367955550474,72.79896153669964,54.15737371236246
843.022362941227,482.8060647204898,71.0865554934309,54.96226061276945
840.8314625571136,485.080448430942,71.53944409887703,53.818586623337865
837.3582018686611,488.32394367592383,72.06747220490786,53.86555933680437
830.9705220144787,488.2073223393662,72.69504291180803,55.155342856744234
825.274920565919,492.58416341441824,73.41072014364408,56.06782605850791
820.7351105152773,491.72524099735153,73.56849671618019,56.90631736938688
819.5731755452423,495.13686811165513,74.30320049185173,57.67540313330289
812.7338494792532,498.0195025273029,73.47815141380796,58.71743010126268
814.1564904632016,495.0673361209392,70.5866732347818,59.50483815126421
818.9168419688938,491.81135572349683,67.6748884134,62.20367405105326
806.6510236786546,499.6253458317485,68.14210238645649,62.701758135086955
797.8081688697991,506.02963513822283,70.00627689369375,61.262135134321
783.0370654355972,510.9215689534553,74.89546290333271,55.82287390339213
777.9145938773036,514.2054470496596,74.31506479524987,56.01370650187711
770.8460305484061,518.0250604968521,73.38664923197523,56.7944148339324
765.970336377028,521.1542635628657,73.71624268337415,57.25033508358871
757.723561245692,521.3062340395528,74.71121773547482,57.35918922685018
750.901234839741,526.4161963013112,76.20697909840216,57.77765238338728
742.7198768813594,529.6853666525978,77.92223407766554,58.16477583410365
737.6953667783018,534.1999395555703,80.10601323306035,57.09571255913413
728.5310445483954,535.3167083468356,80.23386156555395,57.0233175642652
725.3069016664612,538.4112831641527,78.68396598634376,57.761756869297905
721.7651766374006,543.6443488195115,78.66459183334428,57.92173182078728
707.3766946010965,547.265013446917,77.31916897357956,57.4963644037447
701.9385214694754,548.6575321842809,76.63958033081586,58.24885091392609
697.4700321722307,553.538339332787,77.06274686018071,58.52820646554676
685.9876215124186,558.5239496165483,75.26873143358895,58.54821877003328
680.0100718375274,561.4068790000456,74.05377825499005,58.857140944048254
675.8271970501971,565.4032469266839,74.02254182196025,59.214388306103785
665.8287611446233,574.2719937120531,75.15864626860599,59.347042440443346
654.2657806161158,576.1069046201413,77.92524186236409,59.3022938187708
643.5566393176757,579.4505752258943,80.15470648133899,59.08498386870887
635.1738872929474,583.2986811751548,82.88828246835666,59.5321311544531
621.6867972179241,584.9737549910132,81.67596206908689,59.65253930505447
614.081371197426,587.8751622369762,83.2902879641478,61.31470923009021
606.1897824152314,589.3810585853287,84.55846327786578,63.05804396334722
593.2272065312678,594.4366173651159,84.63858330751172,63.47361879421469
581.0951613780064,593.6096269968518,85.2008742213342,65.59666105441877
573.8852244326308,600.7241679633435,86.35815675008607,67.40498032077623
558.1291510351988,608.9131939515676,87.33522931094117,67.76683084066593
551.2688829226167,609.2015829189891,89.44071712759714,68.46766916825902
538.4537639580569,609.2447089996883,91.42706086116013,69.44132635057983
526.2849915540927,619.1513397307853,93.19602885634443,71.13853241768288
512.7505329618069,617.4252754392728,95.22022825221971,75.35942460248779
501.056793470609,624.8398226695784,97.94969484447874,77.87636133084132
486.81087786869773,630.4827683618829,101.12395631563521,80.09466706689895
469.9020509879929,637.0006138100641,103.20468495192284,81.66267966937676
455.1737895010525,647.0564971197745,105.28284527016395,83.5930349371632
440.09713403085226,656.3384642411035,107.59545415367968,83.55195836052079
426.77074198469865,666.3072376248873,110.46731630995181,83.66681408929091
404.5663940377333,674.7125844950989,112.26771294851142,83.69067311376024
391.52710604134097,683.7353222470269,112.16481997767303,82.40095780277522
373.8088712112447,691.7399354255355,111.68035305339285,82.717266266315
359.1836166487363,696.4028686757216,110.30326055487456,83.10803737733188
342.1825512505824,704.9086463603414,109.80850795884838,84.28249427615854
324.0208089542492,716.1187752331155,112.4374582497569,83.82332852584967
303.80208382053024,717.7645898350889,113.01933677036865,85.09634318176617
286.0008987578476,732.7464894342988,112.98733799924959,84.94666522968423
268.7757214071401,736.0676072041607,114.90209013108452,86.84358278902047
241.75788481767304,748.9755675583606,116.52333459908114,87.68858127007387
223.1498363103152,761.0516153362072,118.4375441015898,88.22907452053302
197.973847352619,771.0574308519808,123.13477119300757,87.64546968832647
178.63028016789167,775.0857821948679,123.98806233126106,89.70857519957401
159.27302908083462,789.597439638634,125.16394832495524,90.24761916824284
136.89627850735275,790.511616201875,127.27948331591315,92.94970494175475
122.93690036190446,807.4830225402739,127.35262994189269,94.5180998455235
126.99052512422587,811.4956671744757,129.6378250278456,94.87087091800115
119.74606506042667,818.8178018650281,128.83346550761684,95.66528027835139
131.72496689608278,821.3207941236667,131.0058631760263,96.31050177761462
146.43341557392688,824.7089693121801,131.02438299563107,95.28096088316228
167.1546485515424,828.5324680852606,132.27802681212853,93.81178449636423
190.87183312439686,825.7863242746398,130.64910047647825,92.24364254454667
213.54486620081713,827.0155752369313,132.46643688101076,91.1864123208227
237.65774429815434,832.6563247848666,129.03816985259607,91.77341202713731
265.5891441145934,827.4988243155642,125.21785450316519,93.84605857273672
288.7535936964276,824.2815049426849,120.31398890883277,93.74356600898581
324.1243326599474,826.864101947817,118.0796139481017,92.38703322117976
345.5709436320053,826.8237710322222,115.71208780476715,89.49265533183396
374.96496726740537,825.7314032593727,113.5253627080393,87.86664683036804
410.4083142066677,824.2850044681837,111.17052918107726,87.00764935926395
429.9396345149134,823.2039824822538,109.01172386121665,86.59353075444854
458.0452658028018,819.564694430336,107.97019242557653,85.74491626837923
481.6155289499419,819.6235548122999,106.50678252533926,85.26801481559343
506.65510993523316,817.6071979500664,109.0634047039267,81.36040900194385
528.6997449218525,812.9132736275292,108.55934362351037,81.51661301658615
542.0352108858341,812.2624022712109,109.11620062071806,80.82827048504402
568.4613708924087,810.2034153180321,109.83158385463923,80.02033439536896
602.9894797569239,798.1896060839323,108.34937888195645,80.51105711161536
611.9333295067838,806.1994226329803,107.95034400931175,80.59790365829475
624.8482365242917,802.7641776938126,107.92625697930077,80.61259863001395
636.839726184911,799.7566567718977,107.91758757932688,80.61936210394013
643.1497818622986,794.9295445314249,107.92390292132903,80.6120837467511
648.6626360427077,799.4791257503007,107.9220030398198,80.6131810898832
655.7388836790351,797.199219399191,107.91988027235323,80.6146999726753
663.3051690466822,803.501641290106,107.91687572968587,80.61716171757844
668.04030318278,808.1307254217281,107.9077728856518,80.62502376591871
673.5217623131697,809.7058172621572,107.90584553063427,80.62538425162543
671.9241406770734,809.263794492261,107.90797452212614,80.62285087391463
681.2108446544555,806.7933167785424,107.90910002988635,80.62137199043887
691.8479990577264,802.7814598392046,107.91343769246069,80.61572795895813
703.8114051619965,800.1212537568119,107.93253116934542,80.59496790542069
706.2728760947531,790.2731128806934,107.91737185845872,80.6130212793618
725.8304040887367,793.0969458651772,107.92967716809876,80.60278454776004
732.1215550952297,793.6674808978591,107.93356061043505,80.6001662970476
740.0426402258547,791.706630089452,107.93426010779103,80.59961311306535
737.0323175354439,790.3459693802956,107.93660400164359,80.59784984319141
730.5869550300586,790.60154485854,107.937173220178,80.59737515146554
724.6826284924974,791.4890101555138,107.93742804853505,80.59706067976376
723.2608365329438,791.6458238810397,107.93902912615066,80.59574395416233
726.341739602624,784.4949306579548,107.93899428424507,80.59579929071316
735.8011663062669,780.7191626689485,107.9404213335025,80.59487173723168
732.9625803924332,778.5775025004928,107.94374453217189,80.59287799104365
731.3684908927687,775.0357709513324,107.94653854271613,80.59114221012237
736.7705228355934,780.6846080465004,107.94682932473033,80.59083797675666
741.3070490548101,786.3553477895534,107.94809481842577,80.5898593222545
747.5782601347219,788.125055486446,107.9490400444666,80.58918837808517
747.6444994202695,788.3806627310299,107.95032077825228,80.58832810978416
743.8418072957865,791.2685946294572,107.95124526464514,80.58740623416381
748.7349442129224,792.8866382895206,107.95252903230205,80.58592017326856
756.3795398138504,795.8714488547758,107.95902932061928,80.57558668619075
774.4151022584749,798.507358403978,107.96240928366521,80.57263412678795
787.9723991035747,798.0820664690615,107.96428783772826,80.57083676722026
792.7585504151951,799.8062347788232,107.9666302569069,80.56882974135522
797.9777665242369,801.6882390082875,107.97377375293458,80.56121757606694
810.2047196084939,802.3012972133433,107.9876600954072,80.54718557852996
820.2044769729326,807.0070794284968,107.99300147614865,80.5397740184013
825.6075810778874,816.3204595222121,107.99010842889784,80.54193343241116
837.1200762782618,820.6566623345332,108.01364860676236,80.52675913864049
847.0854831074676,826.1870201729917,108.01981233482537,80.52107428447754
845.4228309565017,825.9389088748925,108.02617456674993,80.51301607508803
851.36648830527,827.4943805339828,108.03475201246272,80.5077770644634
855.6834856082378,829.6946533425328,108.05833778219858,80.47656757559847
857.533430917469,832.1553528546967,108.06742224041167,80.46954290277202
862.571941978017,835.0772246263655,108.06888370085863,80.46817225372165
865.1516713558949,836.0498260084319,108.07377259372335,80.46502244998467
871.3935891221282,840.6073582162934,108.07272133249701,80.46550998280885
873.0326172970653,838.1554318977694,108.07089674836989,80.46691587303083
868.2753693550231,837.5446782432506,108.07383314606507,80.46465315967602
870.3432990513545,837.2087614920266,108.07937981266747,80.46041293213221
867.7531840244495,833.232872404323,108.08278291258941,80.45849247243824
870.3695026795461,832.8335586792223,108.08308484571279,80.45833316326289
877.3594159944921,826.9584352940481,108.0833006734015,80.45842448469779
878.9820245719824,823.9206894496994,108.08188415852722,80.46019667189981
880.7907190881533,827.9724885889652,108.08111137526977,80.46087600414702
877.1017847240466,833.6601954014143,108.08162071322431,80.4614561078866
885.0860546241129,832.9739674515741,108.08182900574309,80.46285270905159
889.7892477644004,828.38995353726,108.08075240229218,80.46466559474767
894.7023160218117,828.8444662645793,108.07882700807505,80.46744857125749
900.6907921345879,826.7789909791293,108.0719255942901,80.47318790329663
904.5900371009941,828.8249468074814,108.07594496933915,80.46989833979295
912.3807120668728,824.3200816253686,108.08498142826772,80.46065058512198
921.8088309258861,824.8250045610187,108.07612530203802,80.47205686912588
930.4708007904071,826.3945769969422,108.07358144701946,80.47451212926734
941.261412929371,825.5629238732533,108.07944861501458,80.4707535906878
947.2276918350536,825.5987261921023,108.07258526928649,80.47617385241313
947.0262796551215,822.3081522936554,108.07089725355773,80.477970700973
952.306572585664,816.6003806704905,108.06551292292917,80.48376873093332
953.0864046599105,818.3515457357615,108.05978096437751,80.48837252792708
954.5192004930913,816.8876902215558,108.05364631400712,80.4931766807283
957.4999231299197,814.5597154978215,108.0520103436341,80.494820670128
959.4140895654871,813.9389957659203,108.05103881779048,80.49691541785842
964.9543472338627,810.7745047162584,108.05876601186199,80.49123794076601
970.44908006572,808.5306499961409,108.05190056024469,80.50012801073117
976.6933767431401,811.1941279394396,108.04794828053848,80.50386012385931
980.8132661640807,811.9978338394285,108.05617912035905,80.49984366670839
985.3294919089645,813.43484777804,108.05389044187069,80.50393239715144
990.3281806285313,814.9731871363311,108.05880754314246,80.5013947061123
994.4394814566343,814.5348450888213,108.05762808237091,80.50220094392382
998.7933595140275,817.6123711936657,108.05473933056044,80.50625594248687
1000.8183856394401,812.6248558856552,108.05384326870023,80.50777486264617
1006.2883905857226,809.1354709183538,108.05183786984858,80.50995034915925
1007.3997854864971,811.6938460435842,108.0575913498548,80.503855406468
1007.9641104320386,811.7814163743412,108.0567239227992,80.50548841228972
1010.3430891514458,815.8856052747205,108.05507837744778,80.50736718806922
1009.8797473812391,813.1470637137322,108.05904148557991,80.50393101530699
1008.949881749463,807.7079529036024,108.05613999766737,80.50763042639913
1011.998145816091,802.5020719297485,108.05361744912808,80.51112344557929
1014.6337445811708,800.8454307544437,108.05249524016584,80.5124236413425
1018.8562439391698,802.2949364216236,108.05447127850154,80.51119606323896
1019.6603692451414,801.7039663184544,108.05568280854891,80.50993900967434
1018.6573983381318,800.6778575629342,108.06335649512678,80.50321992479792
1019.0813308396632,802.691653715701,108.06147064617387,80.50423308038481
1020.055464387999,798.8835886722663,108.06021811973854,80.50587504240694
1026.9100894128876,798.249312363792,108.0646893452908,80.501888282143
1029.6150990894805,802.1768359620617,108.05834316410231,80.50636247461125
1024.0965242135117,798.9349309742291,108.05483968727984,80.5108538315019
1025.5924406268102,803.5910916298116,108.05026195711854,80.51422256092538
1027.6640123106374,805.2033268981414,108.0472867794664,80.51772286281252
1029.943980050816,802.5933422748581,108.04302585202674,80.51951812866629
1028.6983548430655,800.0237630838963,108.03742601537637,80.52281416012598
1031.6092389167916,796.4913346516693,108.03289238406788,80.52659342982292
1039.997045216679,801.3939050790659,108.03487530431276,80.52298245936811
1040.5500646193684,801.1560014331172,108.03204253740883,80.52671357366839
1047.2640294005505,794.5543778558683,108.02254616443679,80.53347425508271
1049.381323493349,784.9744545869041,108.01899178087216,80.53858904252282
1053.1263094993037,783.039903866141,108.01267140699377,80.5472509450933
1054.817299983707,778.2774769324524,108.00658760730052,80.557813049165
1057.367530361208,774.4109797635083,108.003610964084,80.56335272473005
1060.7516531560198,766.0430114832021,108.00117967881252,80.56638675848697
1060.203640177561,757.9219908971892,107.99731945675958,80.56992542807139
1061.5527732487583,751.2290901383252,107.99338090721481,80.57434209625093
1071.8187721103643,743.0959071217915,107.99269612650787,80.57641064396697
1079.5846414182954,736.1606849505846,107.99070165889988,80.57922498149777
1079.1007301732373,735.5404297257106,107.98973731334574,80.58140828566924
1077.8148859853552,729.8220564615103,107.98891592348491,80.58249635917488
1079.570580429491,735.2591750022771,107.99195398185347,80.58025234252192
1088.0642646987137,733.6209308532557,107.99853914824192,80.57774751083441
1100.0149452838784,730.9300026704434,107.9946122125317,80.58675059734507
1104.3351800785665,723.4665763714326,107.98591371080171,80.60446642321108
1111.9625841734508,724.5675555587517,107.9913212803106,80.60015156702065
1112.3169329637537,725.8013906736952,108.01185565332588,80.58993387276284
1122.0728775572863,723.5802977408861,108.02165111286693,80.58421419791485
1126.9665266086613,723.210678063829,108.05950636094728,80.54443324258078
1123.0583035770676,728.4042959061322,108.08701533230729,80.52819307951975
1123.5889749662388,728.5196482260972,108.08146858114856,80.53805022290365
1127.733753712101,730.2616283360538,108.09040066004158,80.53155134103355
1131.4740723051223,731.6930742332705,108.07860121203628,80.54751477502418
1128.280607376692,733.7894499541221,108.07614870653099,80.55264550876657
1129.1782301785304,733.1296091425063,108.081019403437,80.54720859028062
1137.5349049180154,734.6790393398186,108.08411584731834,80.54152670632196
1145.289394272316,735.7401762613691,108.10051727330001,80.53296207457035
1154.447515325291,737.2810679418558,108.09964191234491,80.53509966925492
1156.3197039704237,743.5310146323326,108.0933429778687,80.55060526748848
1152.3001230567052,744.9622408652219,108.08765731690248,80.55815912457051
1147.95228221728,743.6372369814012,108.09570834237141,80.55175190655513
1145.6907934210503,740.4511342318947,108.09330818443392,80.55381876039604
1149.9565013382685,739.6236654068146,108.09613879469991,80.55093070216701
1157.1349240189006,743.4822932276741,108.09497485280808,80.55345121401251
1156.0303308022214,739.2753838620246,108.09020349960652,80.56116395013319
1156.4659902387702,746.2897449246394,108.08324901211364,80.56543132685671
1166.9493843848272,747.2712798501675,108.09322158425779,80.55850187477984
1170.5592183926458,747.6326314895695,108.09140186955459,80.55963841540716
1172.2330408174976,751.1294890518351,108.11254168591243,80.54682930054996
1178.3149893770817,753.1445344717721,108.16207306405842,80.51853995145966
1178.8445841369432,754.0102133028928,108.15684255636708,80.52875133142396
1179.6270032613927,751.314393690687,108.15025282736562,80.53420634028997
1178.8495349307059,756.2934279512567,108.14569725832385,80.5388396166359
1173.3837018191289,755.705753791748,108.14473675723474,80.54204042321757
1174.5533742026776,759.6401315713263,108.15368577141774,80.53212580644359
1181.6313841230726,765.9262161475785,108.16163973891624,80.52470637165162
1180.1466082993309,772.1227591138681,108.16012181204373,80.52531340934813
1174.719174484828,777.0912208292511,108.15970856488967,80.52652989404845
1174.3773767373607,778.7303213228174,108.16973616870337,80.51916263761368
1174.7102267697353,782.0056438270309,108.16250113176328,80.52285131601525
1175.9072495853918,785.5829408309471,108.16481041416174,80.51619508284108
1177.2023535086666,787.7700952022727,108.17140933221464,80.51013957123833
1187.3298809404696,790.7710336773849,108.17676859214421,80.50315617188677
1188.5385295925325,793.6048323810634,108.18741785555368,80.49341999728738
1193.0832005966822,795.4177372825727,108.29906843148255,80.41273043352646
1193.1476018889812,794.8429192188115,108.29515545908248,80.42265279685823
1201.2022499732163,798.4342907732308,108.30815848494827,80.41329864599696
1210.6614926902437,796.8843539177741,108.33239346410173,80.39547917110409
1204.9902002118922,802.7979931613988,108.32351033456202,80.40854034449913
1199.570911538696,805.51941561231,108.32016682829332,80.41268259477648
1199.7490431855238,810.1156397559209,108.30797238968508,80.42049828460547
1197.274080995448,809.5045087580332,108.29811941464251,80.43142295242357
1194.6960152176912,812.789797464657,108.26829926040844,80.44691703041767
1195.4528978638511,815.6572599288647,108.26656147014849,80.44853194270024
1204.831537923544,817.1289839951295,108.28676242986485,80.43028522618647
1205.5600715436522,818.8508088806806,108.31132420366333,80.39990282912305
1201.0643763201238,822.8171779461445,108.36242896804188,80.3600356012103
1195.1607344338552,823.3403261249114,108.39107771555489,80.32945520036445
1203.379423631743,824.6106135975131,108.3983633212436,80.32359781497549
1204.9259230748592,827.4425214164822,108.41895682125723,80.30877471548939
1213.2442650551316,824.6604215736656,108.57210020751428,80.10848284304768
1214.3148008501523,827.7444143146441,108.59394861564157,80.08789726343427
1222.3183473848537,827.4849021311737,108.60132087827023,80.081894295685
1230.39926508895,828.2078281061306,108.59993735911584,80.08380197406733
1234.2305453590345,822.742374003538,108.59926255731952,80.08625387279501
1232.1645613407256,821.5559019702107,108.59913382651145,80.08769673209774
1236.8166800973818,820.2406830630293,108.61069030428828,80.0788964273351
1239.5469995896588,824.4939124995614,108.62604113830741,80.05795505610223
1241.4890282876825,827.186037000503,108.63372477962886,80.0528883929334
1244.735169651205,822.9649963654604,108.63711284802406,80.05024271904915
1242.9188382032562,823.5743501272879,108.64354455037927,80.04453215508026
1249.2725225282497,824.3373207262412,108.64611013501164,80.04285481596881
1256.5681048629006,827.3520436732812,108.64854478516783,80.04030778282022
1266.2226974614537,828.078328518112,108.65228874150395,80.03574365021886
1267.4717151408177,824.6139882589363,108.65090717801809,80.03714946459071
1273.11925554189,823.4189918502353,108.648268697651,80.03877605961101
1279.2069299637171,816.8083326566987,108.64678707964374,80.04068259670889
1281.1095852715957,817.1168717061419,108.6418702836953,80.04446120015028
1281.4002837187934,813.0637223803742,108.6395906874263,80.04701248382652
