1315.5,760.5,51,146
1314.8952594214436,760.8143671306032,52.16514042739925,149.87662252742902
1313.3640300600957,757.7356256414843,54.9175480665305,153.47336360426897
1314.4622795201633,760.2774743932109,56.99230225537357,157.51592018254172
1314.2881138498497,770.3368159633231,57.708886439619164,164.6657192505692
1313.0369359538288,754.4400177607548,57.739024671846565,171.33153664874803
1315.7677643252814,748.4197533272484,57.719673016984515,176.4335484221023
1317.2937905973026,754.9061101767329,60.53952389243682,178.22473929466642
1319.2309760680519,754.5499240320521,60.76873867100033,177.65656193860417
1323.48444118826,753.4035317794153,61.09796432200237,181.0281069486004
1326.1965463965773,760.65921223537,61.85956399447941,182.01079224793386
1327.6017234895517,761.1122703864844,63.6403343431374,185.08917706913326
1330.1038672674854,751.3021524737318,64.81373252487995,185.75439961949195
1329.6201336828713,746.5813932562551,65.3336190883629,186.58903405176
1330.2304320810147,757.9650031633468,65.45718749803143,189.55425518606285
1332.4067578051117,761.457981748382,66.24899291324078,191.24949232141228
1333.4606189798785,759.8341938340545,65.84972839127539,191.19885514500135
1335.3494401792434,762.3096677108149,65.73762668773583,191.92642091839704
1336.7113934917677,766.9132515521355,65.78003266186943,194.81676738828273
1339.2767474252826,768.6772201798012,66.04465999228844,196.31792053746182
1340.5817046125887,770.9841149238492,66.44644600944528,196.5937475387762
1342.170178678384,776.7358093855736,66.92695165326083,194.86404883902136
1344.384573747665,770.8449056623949,66.94108696788514,197.49551906614033
1343.7675268846367,774.6254642100394,66.8862066472343,199.4113049325823
1346.0950489486004,778.5164216406141,67.22823569282968,200.2578109012058
1345.8492284832312,787.8218343537426,67.74877912071108,201.34559196603766
1347.9080956630476,787.5993843796513,68.08449353350852,203.74783441967534
1347.4997501618377,785.7255528802318,68.5924021372274,203.38236541854494
1348.3433212320538,779.8520064801429,69.61334458007768,203.12501600375683
1350.688329969023,776.8911614761723,72.12273802151421,201.694537928507
1350.8001437830596,776.9431360870635,71.46532257071745,201.09505714773414
1353.0306288710585,777.8151765332249,71.73823196091229,201.56876209067755
1354.8682929335282,790.7670632842392,72.38875289221686,198.2713709586442
1352.473835704888,795.4967008881033,73.93955799929294,200.2876683369754
1351.1324387017555,790.5050460440358,76.41293129475584,201.8414240395148
1349.2574651245714,792.1095791886675,78.3831415726361,197.59173158200036
1351.4041218425955,792.0466956120075,79.07716667952604,199.5162021674034
1355.4171732664347,793.8764074294609,79.41125708441116,200.14554348611
1358.5900719118874,793.4083319701695,79.27326113551632,198.8271274968102
1356.9913082663263,793.2902356092759,81.26179868722068,198.3522242298468
1355.2041363531566,778.2414534648816,79.71277711133823,205.46476502010032
1356.1940972838709,793.99422901557,79.54452626851015,211.07989186672154
1355.6551678664596,787.2232024950632,80.50422081731563,216.22490358693418
1357.2273112808562,778.1284792219964,81.83457531161187,218.66185341370755
1358.9890748721014,788.7330529277442,80.31150160125901,220.18308129212886
1356.7653590006241,790.1556744121581,80.72831086191374,220.32918968934422
1358.905313112011,798.5448773359,81.6870033700357,224.57827827240243
1363.612747421152,789.7038528183491,82.8668603605795,222.7257146518646
1367.9590799721875,785.8143368254806,79.80879065264288,222.06505318667377
1367.839164060446,796.6789172453433,78.87829743530911,223.7730890785158
1369.276559672147,792.6443048815312,77.62732687440513,224.1015077033873
1370.7316037130288,800.0863231107297,77.36107195304217,221.4913226396436
1372.93508103382,801.3111084869679,77.3090376987276,216.94575717624508
1373.6781485389013,799.8755975887194,75.2895693870208,216.26184733211693
1374.3152506880222,794.8462992932102,73.44573059161367,213.20234280314037
1375.023743687316,804.166669200981,71.27763058221483,208.34406987602654
1376.12175210162,803.3470115766614,71.01780662374728,205.84196142242553
1377.7080630930582,804.669217126804,71.85806591986241,204.60219099673137
1380.0464293922842,811.936720741855,72.97605683215252,207.87072876479846
1378.8979935909626,815.4504195596808,75.05278311986385,211.66850069244038
1380.2403815384844,809.9937012359355,75.82245115639968,213.46186783614658
1380.9135062698474,810.4840708979907,76.03819421972825,213.52246373714152
1384.8712610491825,814.4051016327433,73.7423145209821,216.36399315661353
1385.8016006365729,819.3641439870488,74.89737478711942,218.61865701367626
1386.3305075294218,826.208197676919,75.24416031038955,216.64494229598424
1385.0013452781093,829.6734819436282,75.42018381623404,217.15054767842886
1382.4688481743663,825.6478057106748,75.96152499332429,221.18894781660742
1382.856668620031,829.8071476551685,76.16787569106403,225.33071696106734
1385.4400027478507,829.6624425491816,76.66925963192753,228.323318453406
1384.7053622349013,818.7716447050773,77.17174807436112,233.342445803602
1384.9742569484367,820.4840391428223,77.8112259602937,236.19634631257236
1384.0017018286255,823.6044505172745,77.55704759327244,240.0646849406212
1384.5433245266138,819.4161083862982,77.5201986912074,245.5076307324963
1385.0284210931818,817.3248643895326,78.61800134473825,246.32480257345478
1382.4901042515507,812.0799529595466,79.78838002121006,241.53209274147116
1284.579962872487,741.5362336707618,79.35808294535376,233.1964966510721
1283.265779164758,743.881379225575,78.68987791398808,227.52669684345918
1285.7232375420917,749.3427511193562,78.31923024425126,224.98144405321116
1283.9246018543818,747.0815760896838,77.59576091990314,223.2429141191172
1282.8457039215996,749.871411347358,77.48338180530372,222.8269279719023
1281.4114377000762,750.4891975281053,76.33179505813449,221.79388705245395
1280.9760322991717,750.4958031631289,76.17209340781784,221.11336232587132
1281.0515575872985,745.2847998703593,75.75154066863114,216.94388293423773
1281.604361710611,747.7778935979692,75.23378758224214,216.61154508076353
1279.3148992357183,748.12614359753,75.16403422926292,215.8095585545566
1278.852460538215,750.5861047324939,74.63464233429917,213.81687308005417
1278.4725458911723,749.6899005720901,74.5737126299904,211.18880067271246
1276.590318651598,751.6766713557694,74.45793549025788,209.89576605001028
1274.8284061689694,756.7441042324975,74.4265810979866,211.66872958122187
1273.3892584090054,757.9606926664634,74.06813984346971,213.02633754910553
1271.6813781044366,752.2081479578126,73.53744211291621,212.88367611191512
1269.161183488361,753.9287142507242,73.71419008301268,214.57551052133113
1265.6725907580148,759.4263051712697,74.25953369342456,211.88147328015447
1263.0300891442919,753.837651202274,74.57486090310952,211.1861234422671
1264.5399881304434,762.4617980424409,74.57517639897648,212.2841356091012
1260.551222025659,757.4355421726729,75.25111435119072,212.96099217438197
1260.160907778981,760.5245077911787,76.3477361535675,213.97772064730066
1258.272712166897,753.6585025879868,76.32301854060798,217.02500910696804
1257.0655906640968,757.1056402421498,76.46553708369906,220.3082345234348
1257.1118907641905,753.3392353503637,76.97741411024552,222.09985625769056
1253.834765481466,757.2940741586965,76.82671815775007,222.2350776278412
1250.377147504154,755.9924683630416,76.70157363446904,219.26608224512174
1246.5011992938948,758.2998076047504,79.17015201223222,218.57551322062739
1245.9923184293539,760.0410529519912,78.87107869549979,218.99001020276611
1245.8410390882343,757.3447587176196,79.22768252965811,215.31465319116268
1242.964808664675,759.586883878381,78.80139381546694,215.29713251060073
1239.3707228890587,757.7859430709607,79.26979350466962,216.42075456199512
1240.0876362978233,758.6401150638372,79.13350747102238,214.7158978300365
1235.7900215705945,753.8542351511454,78.87108140027232,214.65655509346945
1235.293685092022,751.7387596375409,78.78934463413529,215.53006517219234
1232.2735801000322,753.1196388800007,78.89681965183696,218.95123620311125
1233.1516952283334,755.2594892822174,80.45814887590183,220.91855707378772
1237.7174190398637,751.5707235504208,82.0517445496553,222.1281040517546
1231.8589093986034,759.79413641329,84.96361570748127,226.7518178005036
1230.7623285122884,756.2987359000747,85.85798809813012,227.94300249011178
1234.1859738479902,752.361528212741,88.33544546597186,234.93134433505884
1232.0958692573206,749.0222813543971,92.35057964321055,238.9442022275431
1230.2848299519571,750.6054119848385,93.88896474960379,244.57106516557383
1225.6209027150057,749.8851165359414,96.21842521105566,245.23321564750884
1223.1132225509095,756.6460720938608,98.59924545822398,252.81897436199233
1223.760567301689,748.4995932490342,98.46213072949952,257.49486280726074
1224.6096669727713,746.8689756983609,97.64398174849146,260.57263141452376
1223.2393384630657,751.0556351175001,95.76303384846901,257.970677265119
1222.8009485814391,752.5509695354629,94.83796150467431,256.5100770651338
1220.7767631921465,752.6881036820836,93.74571252846809,253.60959450606893
1218.6779272076426,760.1133725413379,92.03621372492363,251.98359654433534
1220.8128710953138,749.56460486916,89.62006354227843,243.48415846950155
1219.2275838312612,753.0070164036189,87.96689377335572,239.39256641102082
1213.9537287419,758.283909247254,88.04030642857983,237.5917027818562
1213.7107410551407,762.6128679783471,87.2362528723878,234.4468783143598
1212.9701936350154,766.0004006881103,85.6808913661265,232.86842048455523
1213.8974047151828,764.4891299611495,83.78472521948312,232.142098718262
1213.5462550155837,770.489031618919,82.57548399120179,232.2673182909067
1214.523895255404,764.5262768528848,81.12437351211439,231.5528913758311
1211.6494453252085,763.7871537957197,80.13598203644585,232.39205243576393
1209.3667538199707,773.9575136967097,82.78664141220173,233.03637139110816
1202.981838453378,773.0634848103051,84.05673631317248,236.30139912126904
1204.0560475668265,778.1546827394236,83.60170785964465,235.79640575936992
1204.181881412135,778.1072593983154,81.99769088771676,233.0140277578247
1201.6130411295724,777.257940121513,81.86562991765521,230.12813881890622
1201.8318114826652,784.0983872175306,82.63770468044808,229.87768648325553
1201.4861444562205,781.3112768015794,84.88230370888549,229.0430623673429
1199.0821056520822,785.7755608465491,89.5837215546006,227.6602453722216
1193.359809257871,781.3737033622517,92.228725185919,230.9673549445457
1193.4025245871226,778.8138697756456,96.91355486143037,228.80709009566306
1189.9868743729478,776.9538265723639,98.91007459672595,228.16531861114368
1186.3355337084784,770.4605322703411,101.32241559744814,227.10070158011848
1187.7009069649994,775.4836709893204,103.11168146309873,228.5463350766081
1166.2611615106352,789.120896054683,108.50354724975656,222.9664821901456
1179.4170737448926,772.2474961011146,111.6564807005536,217.75231407970423
1178.4129434864053,777.0476822883385,112.91364198866921,213.7119669204056
1182.3739882192883,776.0938199281843,113.53169553590368,208.92728164849595
1184.5405019714008,778.612433301778,116.24108555792375,200.7244658071465
1188.5779856572703,782.511179199091,113.60624889678652,194.87790377345348
1192.146137884026,784.8000491656077,109.5978533883586,194.762975787289
1199.0176488803277,785.4879532092897,106.1508480888707,192.60016614972733
1196.3131687600392,783.3857561467275,102.80272252927651,192.81654223896302
1200.6132212998125,782.7724932246946,97.07540301796722,194.6375995595265
1200.7696142682623,780.3143986181589,93.13766095008629,193.24219810105873
1201.3565093539896,779.5127023778213,89.38946153218704,193.73707400782797
1201.1246831375217,783.3305232475318,86.50856240185998,196.2299265311021
1200.213488857052,779.4224535737983,82.70136998822063,195.94125134915032
1197.8796997275772,778.9261357995197,81.89048459742027,194.68101276173627
1198.7201298958946,776.2145195944449,78.73825487506603,194.0426082471423
1194.2802210277239,781.1345118938898,77.18011484773567,194.37564877947815
1194.1908091295034,781.9909374200373,75.76288587833037,192.3056513150488
1193.2768302580344,783.9123868894361,74.21591943837667,195.010892425232
1189.0680139360638,780.7625946520436,73.73487425639011,194.62814629164916
1186.7788634549293,783.0597339892732,73.6924987011727,196.47900893264995
1183.792382454025,782.6964642677847,73.85701858719716,199.0072798428742
1184.303396058544,775.6883149066356,73.90593854841696,201.5795659232656
1180.5161665126043,775.9804765265922,73.27440494162673,202.07348891919997
1179.9971376397157,774.7208702941577,73.12862205496533,200.28789705896492
1177.5829365803183,776.0058241480806,73.63798292162414,199.24711075004518
1176.2361763729093,777.0165284076982,73.4797908711556,199.7439259933222
1172.965783908385,781.943513617722,74.28190545108347,198.7564487983721
1170.5984609668703,780.8040552045702,75.46207769557816,197.76249913717277
1169.3680460595067,779.3486429990153,74.71790472557613,196.85597745224362
1169.2491410383898,776.4529369694073,74.55676270091178,194.2687798541719
1166.5669849359629,779.5344828611114,73.1396289256937,192.88422343682208
1162.144838735187,781.5000219515069,72.51358727420555,192.3543155097847
1162.4208780017,784.914021833648,73.10902356127852,194.74691968837365
1159.1092408596164,770.0131019650458,72.3172888236866,192.99708362906918
1155.488036116031,777.0722871454166,72.9397957000787,194.7906519356252
1154.56593251823,771.3585913865204,72.49521171602387,193.83776295872755
1151.5926244526463,769.462463985717,72.75582702321668,193.15219164186522
1149.4239264776265,776.1726457605102,72.29721867790718,193.1224588143245
1147.0524499744085,776.2360192601733,72.12986475380102,193.82482106649772
1143.5828142363478,774.4337964218745,72.55256089346634,194.1076970619277
1138.908320876217,779.874806227125,73.01642054616212,197.63212200098724
1137.286270940452,768.5975546516853,72.34106918096708,197.60709634327284
1133.3915024705068,766.2154442661974,72.17320961359437,199.41068073691406
1128.0155937856339,771.4334675071908,71.78069600494632,196.9843645939775
1126.2692856856008,773.3219484205254,71.21728431576074,197.2716699258168
1124.5279088509806,775.5142515138068,71.34016850486861,194.85855054612335
1120.5557687687274,776.724183195882,72.22029785913315,190.35471544315752
1118.2428054446968,777.5844744938225,72.07496376882125,189.56050787874784
1113.3446494366422,775.5272691797918,71.64974010225238,189.42380223102188
1113.4252113201155,781.7474172423294,71.48820316065208,191.1646203027239
1111.7378091019575,774.6305793013562,72.80482106590146,192.85017854703614
1106.0101420227222,785.8177510980132,72.75793983893469,193.54626761668607
1104.5068048405628,785.2153021144387,72.28022156027875,193.6432790310244
1100.565954954615,782.0670384377006,73.7163441875516,191.63712827628513
1096.4033447914699,789.4729732891973,75.32479005018811,190.1933635079842
1092.0886278616101,794.7531451084847,76.09210661941106,191.98050541170693
1090.9064789869064,794.4583554906172,74.93828980201513,191.2261582176932
1092.024098249908,796.9568823948664,75.07189340095103,191.091717133499
1084.4116064792054,802.8354264158903,77.11932281180246,189.29409984035266
1084.3227252869306,809.0568688332166,75.94957545456892,185.3527694948358
1078.2705139082082,808.6039547866397,77.02035830417665,186.68287793342947
1074.232561166439,814.9753775949696,77.30650033709264,187.50181515368388
1071.8032703394847,811.820355303239,77.26967431430432,188.52596868108407
1070.1980564696923,809.2702994670964,75.99785327077753,184.7548769308231
1067.1299721901994,813.4675077768732,74.21742255608143,185.70215514311747
1066.7237038904582,815.0328684175755,72.75971717977964,185.61615761087364
1067.0990971911895,818.1060521132426,70.7919775391477,185.52567362713205
1065.8479791628172,815.590483459989,69.08231193115843,186.88914497523493
1064.683765719287,822.576232448952,66.6955264730953,187.1910902193546
1062.210835768293,816.8038877422346,65.5625003429792,188.4025992052383
1058.3120726208142,822.1726114363761,65.02123955907949,190.1238481823119
1053.011496483188,824.0643261281813,65.18663801200509,191.8579020331069
1050.735751188306,828.4001566676684,64.8505248420031,191.7548387477119
1047.880883773405,827.9663550119602,64.89810595094986,193.85831444701415
1046.3983551341175,829.3953475732786,65.33669757515167,192.63920886195976
1040.7605480396594,829.5831725426555,67.0014337733451,193.5432800640677
1038.9276174481186,829.8738003514168,66.98963878272077,194.67136883359944
1033.7129395730433,833.5379166990404,67.70271454935076,197.03957778874297
1032.2327815825251,832.4907061879043,67.43913927214726,198.29414099431898
1029.4876461040133,838.8408382690235,67.60398937269541,200.2717227869754
1025.6798938097556,828.4611916066268,68.2147923468307,200.70813059846319
1019.2341468487974,825.2397971501206,68.19177554181837,201.6475754524851
1018.1513090887349,830.1773286933811,67.3780528113634,200.552981306699
1018.1802929102316,830.7656678607572,65.72878253508455,202.98231197844703
1013.3453242891894,833.7243438392647,66.99755190760101,206.17783405249872
1008.7538629786138,834.7657543525318,67.23383069940667,203.51918727513697
1001.738973963161,836.402223653276,67.94430712508763,202.62428374216043
997.1632552513063,841.7172119727118,70.5769180641168,204.18940884126516
996.3433191134692,838.1828455333814,72.57260718091644,205.07144519053728
989.2942791585615,839.5717940301083,74.42423189816603,203.48166045599464
985.5544367679215,843.802489678788,76.17354520422622,201.6910893948414
984.9816999842197,843.9044381479556,78.03617857931178,201.62086663105336
979.1902770248668,850.7706914970126,81.16379187777852,197.72455301765615
971.2277976520749,852.7122556293655,82.14493825306198,189.47891168761217
966.1826912641252,854.1237021809316,83.02592251333624,188.0632508690259
962.3614263109873,861.4086649278051,84.75343147692409,186.48140635367238
957.7512026699312,864.5555585598593,87.72464551318664,188.62434756704226
955.6833833580605,866.1780126535944,88.7888873092305,192.2656212109319
952.7756448637671,864.511608164161,88.04703225893778,192.4975509974463
948.7791723269683,864.1453749441602,86.23381068367074,194.6866324086088
946.0677906343192,864.3497083888849,83.52144032568265,195.58561477395833
946.6665401042079,860.9142597615137,80.1524597765608,197.1308999605243
946.7440778768539,862.31213883583,76.70306507843682,199.2129041295493
945.2893874581101,857.556288408801,74.26110705255151,197.62009944466672
939.373312990446,856.5512869288681,73.13405703615842,196.9434294785836
941.3413753089487,854.6210618882087,73.54457012498312,197.13059002247235
933.989689208253,857.3901472481914,73.07615887910902,196.3982144952256
930.1556371719468,858.8367913935141,72.54536177526903,196.96883177747154
928.5981635883995,861.0555420405736,72.38425265269046,198.57395495692404
924.8705397935427,859.5339011229757,71.70653992288526,198.15446609166526
920.8910636439002,855.8154449589466,72.91239754901336,200.71451637062063
918.5333694396331,854.1850027692155,71.86173085043087,198.15661317531487
912.1348564575161,853.2744573814065,72.3912483078901,198.0902776937995
908.705121319661,852.0603622223942,71.22715996696196,198.87774180313704
906.8226184501677,851.890129691913,70.24420370796271,199.84367678711908
895.7505097447759,842.3296298712617,69.24167162228642,200.09591345845084
892.9989146522582,848.3822536385929,69.01225158164432,200.53822661562185
891.9832817458246,842.044498245957,67.08822159334882,199.77635756385766
891.9971199460857,837.4643314807392,65.7809719906933,201.8795001992125
884.4267627175461,838.0102407900703,64.54956082216222,200.50016626811725
884.1908878877443,835.2555052120262,62.38178888294978,201.02727515385035
875.411782672089,829.0875768770017,61.66961166472442,201.99511462724405
876.1782920227885,829.6640373258671,60.47013846932603,204.53859031879225
866.040532769419,821.2753170090302,60.93846131261277,203.60353133393568
867.2729547489398,817.4556277272031,60.6339517022497,201.7208189857246
859.724803409881,818.2269726177013,62.39333841051862,200.90333343408315
856.6614904785964,820.9571232996344,65.18870383035414,196.28622071367252
851.0712988197051,812.0521727948501,66.93909637970408,194.3271130867666
843.9991501890607,812.587774134344,69.7123437600114,192.8913548998802
840.9678567257752,814.5888989807554,71.58742067300226,191.72482741508063
835.6777747532152,814.3932004539588,73.66076870778289,187.59474629255686
830.1045427281961,805.6571916686844,75.35165776850215,188.01963709308617
825.0372301598819,803.2698431951151,78.4042011103918,187.4243761163358
823.2772013977375,805.4710145532276,78.33017961704144,187.38202447371884
822.0231881673236,803.7253986326162,77.82620051031857,187.52651058549526
818.7846442972417,798.9616706718667,77.42812660268584,186.00955580142795
818.9137419071673,785.8865139082978,75.19295093506541,189.6161319170667
818.2152872661121,786.9588214505111,71.07510735233804,187.88258673243752
810.7079607801186,786.4583120678067,68.52294590171775,186.9940931973552
811.1175388076704,785.8779851181044,66.90056796522462,183.29569443867862
809.0925354878308,777.3520520769919,62.98084565821804,181.01906168057167
808.6363776338881,776.7669767524029,60.66054565679855,179.70635534084275
806.5212650543211,781.8802769477752,58.67471208485336,177.02716448455254
798.2642208257336,776.1579476608724,56.83662769046598,174.38797887348244
798.3659857709248,769.2056649672761,55.39437619096784,175.62754334514773
795.9963000165878,770.2799117912487,55.14110958852743,176.0974507477704
792.8669456244216,763.3473428714972,55.24285788549396,176.47200230645063
790.2903193308389,765.4672731141094,56.02878325937209,177.04135641320607
786.908282238858,764.0096299246115,57.65939549112452,175.04837672469705
780.2528443110211,755.544395366502,59.59903836034794,173.64847016952922
779.4381595559827,753.9643865734199,61.94864035714987,173.38641558352865
774.2222766850919,755.904602452996,63.279208856194614,173.7061605402273
770.203600079932,760.046406858889,63.82718599839899,174.4290309917469
768.9404488990604,750.6721048474934,64.05340257713772,171.0302465562861
757.70960637278,751.6856002076473,65.37474300994752,168.1732541241328
764.5005184662969,747.0762640862605,67.08394779935406,163.16444833956282
752.7928703926212,752.6516016746484,67.6068107802014,158.56705017847304
753.8014869436996,737.7760628019246,64.96096748431515,160.2590859469919
744.2446172982883,731.483958750704,63.177055102774546,160.40879049413527
743.3399549989252,741.6792104449233,60.47338112056805,162.79149953855793
731.2771772140857,735.2732061290485,58.29254592791818,165.5931073982128
727.2225951025044,730.3335084391357,56.97406828248938,164.09818751619756
710.8752603767097,732.4780770533719,56.87201532196947,158.62077959966845
696.0065497670311,725.907278680015,56.61811688495449,158.96764615991975
681.1588558960831,736.7510424217937,58.86240141640123,155.9545952998974
665.1279500531645,740.5738767390598,59.84029548444068,152.69892653185087
645.9182526088499,748.8049317637297,62.80166730178069,145.90349205013803
627.3716732092017,752.8096850044441,65.85513036133109,141.0210753075551
606.5704624255503,751.9257115489827,66.64198491203233,140.83121277023577
584.4462552765526,759.5720827518988,68.72648166852387,136.78218183596087
565.8559728906373,765.2034201833035,69.63566887687774,136.0241342009349
540.742989243856,767.7640542363959,72.66300488381937,133.48236963097446
517.2111893851326,769.5235094119785,74.27091231000637,135.03930976656463
499.5403124438575,774.0607772673802,74.44995791008596,136.36763183621764
482.1626339507869,772.0843519120422,75.06358744871721,136.20889931401416
471.42367524268104,772.7352491014219,77.55757999920635,135.7928504606147
459.0090187764591,775.015190515517,78.62694610853023,137.34248997510645
443.7280857449217,777.1709605672809,78.84239760556493,138.55715541128205
436.95788693930814,779.6433022748207,78.658152463191,140.13213866795536
432.8316949389869,787.2206385261161,76.46038597402631,141.61117321187328
429.27381222433644,780.5214202965379,73.23554662122272,145.74502989808053
424.09703747164446,776.1983513266518,70.12039190297386,150.27762146639262
421.1819329854588,783.0961499061332,69.80852629038425,152.48893081682942
421.7030695442597,787.1029029261908,67.59822875204426,151.49300719324856
425.6930346379299,787.8817838892285,66.82973149851128,152.34961437346593
417.80694295248867,791.418843657976,65.48316715821201,155.7509253245574
415.47769522020064,788.4111135741421,64.51279833445795,156.0830096568066
413.4997148633013,788.9915241868239,63.898514259133236,157.8840204779517
413.4724690475307,790.0782627774556,63.79194876117212,156.81469847952664
412.2602723295712,790.9375985356908,62.22186015668586,155.7615358889712
408.7196008450233,791.5313038421476,61.40511133272132,154.06071065470428
406.99813440828774,797.0338532244268,62.28574972300758,155.73652390796826
402.426347562535,797.5828578016127,61.46261904592182,158.20081352831556
399.1478515799585,793.7550151154526,61.109593997524925,160.49505633471793
395.28456333591066,790.1024572836044,61.547639182214866,159.26829829541128
391.117912458191,789.0090542859003,61.862645649568265,160.82578861651444
389.12330738573854,795.5986015807687,61.745714704080115,163.38712962705867
386.02027016450893,792.1604237538174,62.24936986553348,164.74324449726956
384.31240447629835,796.0983626953719,61.96578640926724,165.01374227028862
379.47553697835184,792.5271213341771,63.39190940564853,165.4661586550928
375.1686357388776,792.5722294251715,64.80849442015011,165.19692783503774
371.74955667827885,791.9161457881978,66.81979259032818,166.81425667452734
365.589018853412,793.3990441432237,69.39491754120934,164.94043410368917
363.6170757041557,794.501474863191,71.75269324783363,162.04358783146776
359.20342475461285,793.4424404921904,72.3687229072342,162.44556386774238
352.52801437274195,790.1045831014186,74.93557569917425,162.37663114638673
350.9454477720427,798.3636769605517,76.01115840542498,161.91589467628924
347.2696501823252,797.6332275679054,79.05106802272623,161.33490951611714
342.9809434189704,796.9608511361778,79.6583015147984,162.7381685852501
340.0367049361495,793.8974539166443,80.2349727553426,163.18237015551216
334.64207823347454,796.6798347685427,82.20581528727942,160.6046027182254
330.4108682587219,794.182596005043,83.89431708492918,158.835861365525
327.1262429478708,800.7857767138627,83.91539475588674,156.67461255774904
323.36526700766376,802.379680449279,82.44819182062696,153.578158346897
316.62892095534266,807.10150244903,83.94056299478825,151.11854602464098
311.397653683381,810.2455585395795,84.84605637049862,149.5772695521602
307.4115237231371,806.0711444336505,83.72242815316903,149.1771954431565
304.3699242239146,803.8097853032604,82.78154592145046,148.27452775194095
302.81538976097886,806.2621274124162,81.7926605740981,148.61685471832152
305.5453802470787,799.3766514510788,79.00237903236422,151.80898641241976
309.85508439229864,799.5082907897397,76.88007109516522,154.84348324207124
318.697896850181,793.8228290427242,74.15283260060417,155.14704395076288
327.7648224177075,794.597310208272,71.18596888467962,157.42280224077635
337.0879121092761,789.712928914718,70.00756866108824,157.7416441735875
355.51873934304547,790.5480495856605,69.23638736859837,157.7229396540214
372.83752368040615,789.9338223253038,67.54730120730468,156.27806410614647
388.3535046973373,782.0437755335715,66.25531796372562,153.5491778922478
406.01379299705536,775.3995361169857,64.5513070686352,152.0439917931684
422.645697685391,773.0294292959093,62.61860387787706,150.52160739760154
441.3448384741964,771.3026282892446,60.385048557590416,150.5978340466275
460.6168004431475,761.04593819312,58.66796788140697,148.88237627195753
478.9123700668102,757.932799378381,57.48256364995072,148.63325440726453
503.0662549755238,756.9962938378223,56.531227700931694,146.57739743303816
516.9513317836128,748.869383717773,55.856164950842704,145.25289240153063
539.3231871439791,745.1145188984617,56.517643744270075,143.7770940479046
555.0597353790836,739.4493238877391,56.16581459278683,141.36993524122477
571.0025578909231,738.119360466517,56.19254215821918,140.10643474030024
584.8004232707353,733.1648777132634,56.004829510777284,139.03944523734717
598.5135814925638,733.3038356981618,57.0514554194151,139.19972720813828
606.8684887073308,730.5198357367792,57.859892408948596,136.66585468675066
613.9859346830208,730.8565314215899,59.19550464610619,134.6412859823438
619.9068318430342,732.1143654772497,59.173992308501184,133.2278993222494
622.615017754457,729.3338455879741,59.36854663693131,132.83404551178103
624.1823480489659,731.5075128352318,59.426740213944456,129.55921529926323
624.1339768965632,733.9272788965179,59.790604727821844,127.84295082729531
622.5475017623403,733.9435922251055,58.54424585701605,127.70228133393096
620.2545029609162,728.6031516281157,57.92298761956273,126.86425211989028
616.3006477454842,731.8654027083617,58.80830387012875,126.84763636915802
612.4395734828381,729.4517087251896,58.678919459324725,125.99118310701684
610.4440267031221,728.4106597796398,57.789533682972014,124.49821061695204
605.7480158418809,726.1215985178617,57.152671471433266,122.77154884256518
602.1550064741328,724.198842918545,55.98277036897768,120.17003235794051
598.208592201793,721.708514917299,55.375458723533086,117.31835002730256
596.744946695007,721.8894182832877,53.40527401765306,118.86184927696135
593.0980807848064,717.0938929921168,53.49709248127335,119.43702022826045
593.870280833399,719.459583107603,53.52810346540207,120.22679249362612
597.1214461273197,718.5406819993227,53.24992496572589,121.30852731497637
599.1460466941015,717.5651353849355,52.818417017968635,121.40446745994942
609.0202196892051,715.9128816088685,52.10047416496855,119.73789089419404
614.3754438882482,711.8421486147016,51.6028172097533,119.87681057210315
625.6146738783709,709.0283430204375,50.220932012833096,118.17531781394544
635.9561678038466,708.6388897801295,50.159959161271516,116.94041461362278
638.1010828610082,708.6813517068637,51.50698274186408,115.33421309406255
651.2670723324113,705.9368684261225,50.35662535057136,114.21730750130898
660.0566743122032,705.0975093725432,49.54537717101704,113.31424851267305
661.3221132737225,702.798956074363,48.37057596535514,114.14089116555192
664.5938728217203,698.4741907862215,48.20029257187422,113.24119688831925
666.2669794375332,696.4899991933273,48.32337126567862,113.95563162401908
622.4853260549909,678.4911914146895,48.62423448828272,114.63810359608956
620.0035405178044,677.6779177185696,48.91770439688424,116.15248043363206
620.2799364188663,674.0575691768692,48.098582054580255,118.15813685236013
618.4696634042392,677.2071302295087,47.925842952380044,118.43111538642404
612.2837867561719,670.6955027420219,47.652076038248445,118.5167244492275
613.8917141732743,670.4306126351611,46.78354295277723,118.27982764096882
611.890271152176,667.7432123625118,47.42280585273138,117.81555691246356
604.6332133161147,663.8712410383883,46.41938917622106,118.06661492478516
602.7359475261308,665.662524633296,46.22051851352855,117.9660006406248
647.997831192525,679.0881499985281,47.29401833161891,119.42494774036071
640.0414201637582,673.725191799813,47.67702948369601,119.81362201132595
643.2979103078053,666.90536442035,46.65165715153446,121.29946913017656
642.6954057961815,669.1842260166463,45.7365578087694,121.4861731417158
639.3828763663696,669.8201848846668,45.68221908538539,121.59608121038534
638.3863233950937,670.627305039788,45.295008770460456,120.76038461085155
629.3522696507139,664.2643312688076,46.44728946173484,118.72504732462623
629.0987168049431,663.9112930796084,46.33144585107964,118.53239807417185
621.0855513591096,660.1805283283767,47.04735289173358,117.83473453769496
622.46551131571,659.0655472073746,46.04687375821864,117.79413293883296
621.8541569296821,664.0279203681688,45.49249090792209,117.37489504009612
620.8732550081902,664.4478850600483,44.77246529839115,118.36177685075711
620.317292312795,668.5214247927615,43.363208628940015,122.74442722847024
619.5173651167348,667.8406959863379,42.1212597087585,124.37549894177369
618.309452381162,667.2221576241936,41.18969071350401,124.87531866227809
616.7387650441539,661.8789432726978,41.305345744881166,125.88249283340933
615.9904630757701,662.4767092572429,40.96795457781264,129.27810781027245
614.0432401546454,659.7986011831293,40.520469076983424,129.61764038000848
613.2479285545238,663.7162854873937,40.0706138092854,129.00900974755376
611.2920777088246,668.8819471832378,40.343702276654,128.85816445187396
610.2647310018494,670.9455513769293,41.08475652663361,127.80780552509282
608.2185624188991,665.6415762730282,41.963307328932515,127.73501919114676
606.6999995362983,662.2634375633651,42.45438063823213,126.09446128332482
596.7683787748177,658.9656127685414,44.90620515374695,122.66382188676612
599.3510305680096,664.3268056507595,45.15385732831902,122.25201732960517
600.0640770812412,662.4303112686706,44.284876638014666,123.00833874682866
598.4902032245911,664.9553654714648,45.11432672672658,122.05569967107438
595.8946988694528,655.2010415765474,45.9702719795143,121.03086777035732
591.5887226469631,659.0053087995481,47.513520773065366,119.85447796623218
589.841265609984,656.7153343336255,47.97844846549277,120.20244895847169
536.0834205865679,646.7747552330418,48.05787447423919,123.19321676352097
533.6396141923556,647.8423761999841,48.13589978402608,124.3270862245186
530.0968812622866,639.0042554269631,48.610302640624,123.54854909929583
529.5189160067448,648.0030470274907,48.738601034436265,124.95784532328959
529.812171000905,647.4714646607272,47.58719029023348,127.19985307820946
526.5060249043714,640.7347581196652,47.52953724328003,128.11904309972527
525.2677492587763,646.8360168391574,47.477356473084015,131.3948228943225
524.9400982752353,642.8059180220109,47.41694273381759,133.41183195668546
523.7426362562273,644.4635447134427,47.93124545778483,135.272603964447
523.2890124114572,642.5396528619096,48.37182755155524,137.01242243657146
521.5969639600851,645.470381000163,49.15583323535105,137.74413680291735
518.913607589083,643.4733602768291,49.929418249846705,138.85315608619416
519.4189043628835,641.4847768874927,49.98852840040396,139.32414305529664
517.3206170452686,648.7184593159488,51.1475614077498,139.67711263289345
514.9577809108533,649.1407578213195,51.94786036076916,140.64075281716714
503.8714418366628,644.2388391912982,53.57917956139632,140.2575583312992
502.5935836938023,643.2325333478777,54.1405543544645,140.03921894735456
492.8251557821448,636.9105766428222,54.6702557130578,138.84076804624726
494.9574744905709,637.8827941823923,54.82100592666824,138.55229078513844
496.4744294507236,638.4508372869186,54.825185996978725,136.66710257966398
495.947472337128,637.77004690417,54.92127343097618,135.34454862340525
495.3538611639135,643.8850210774905,54.90693682984193,135.11348829251136
481.90666459347153,645.3308570776655,56.71567475832359,135.4875900653546
480.6193124205151,639.8507976445039,58.11086898765925,134.038698044532
466.53365296186894,637.4460904366952,61.923961128828566,131.53452145673137
468.6760350947701,635.4980142522073,62.47210740074597,131.61424039598907
537.815715745366,658.0091388863613,62.559094366155755,131.81833237523983
537.9855746766426,658.5648901319105,62.71261998929164,132.59389469870905
535.2709080695449,661.9879771498269,62.7646820281025,132.5880727212869
466.3186090102506,648.864282072682,63.1406546584099,136.27044899007834
464.20138712215396,636.2295590748107,62.77849504104846,139.0229787107967
461.6215167392713,639.8330291121504,62.72443633019016,140.8350425042204
460.45946449574717,636.8948168067383,62.4284744128959,142.31390699541564
459.72747756611943,635.9594689885146,62.033521379870784,144.9792975323757
459.8661032872539,645.3147750788921,61.42822623833734,149.220250140439
459.4045731586077,642.6601921420346,62.007988060418484,153.6835747851921
458.5535174880863,626.0295669064366,61.55073589323679,154.81007107547998
456.8628007296767,648.6871619876371,61.84916278964901,155.44541954833295
457.4341812414319,638.965818961094,61.3356555112176,156.6401388350617
456.16980941856275,641.0892460298186,60.87968131103916,157.81775655277602
455.71542985820906,636.9366303580942,59.96117850700288,159.6823007166592
456.4366656515212,628.1064492591477,59.081356766455585,161.43763361767733
456.8575488777269,625.7349140754087,57.61736258567727,163.48590527719335
454.62805875717686,623.8562523094201,57.67657065957157,163.78385819607237
454.9712767888733,622.0091306665936,58.01587724621071,163.66933702402278
451.9274049684574,625.1748795957453,58.273396373035,161.5361147318203
449.5030550715399,626.0431407421827,58.282902822753734,160.68433362604137
448.0665501094692,626.3943618250788,58.97370420883972,160.313483424017
447.11392142506253,629.4281834658743,60.206540360688365,160.6822086078496
444.3802343972494,635.2293452038084,60.60994242000717,156.5935093232655
442.7462181391282,628.4445722100975,60.80963129687585,154.4710482458681
439.4537012686214,640.5510963012887,61.70155314137461,150.7596117730805
435.4721840687865,633.999719832738,62.73113112014601,149.87897962412205
434.8002638311785,641.0746426885395,64.32908136542156,151.49465305467015
434.9262063769904,646.254042037302,63.06370380877844,154.72346269454727
434.297181693645,644.763417337844,60.67036333820426,161.2138790494115
491.4288716021097,664.5933257745662,63.93750109939985,158.46619443915063
502.3264754811263,664.2132871879955,64.7203763796968,157.62122915471122
499.4096128991119,673.212654491346,64.8818870356689,156.76048931424572
498.92820819276443,676.0815899429981,64.67203109077411,155.66984665190822
497.010635620558,679.6557148078374,64.86742956923239,153.77086450035475
493.97067201328537,683.7199359430389,64.75985773745201,153.63326361865407
492.2284250108314,682.2561451792765,64.78330528506925,153.24692083358735
464.87782576225106,648.811368156088,65.86371139331396,155.41661861775734
452.36079099339725,633.9420549774297,67.50274614098248,157.2112409162359
451.1904801514011,649.0533560980156,68.5191004375846,159.21863440260336
451.0045918682686,651.4113202608464,68.93343726459246,161.42587998136057
452.2472542940459,652.0243434624397,69.01479570542686,163.85396451384298
450.52902786194414,658.5120460694943,69.07303301825401,165.64366740825432
395.1835951260783,669.9663199965828,68.81022417357954,161.90767929223654
397.8309094803804,665.8774298932159,66.54446342495142,163.68085601767757
398.3059334079961,664.3640404976231,66.47562208217116,163.30738437398765
455.35520520243995,674.9412289247002,67.44234033410387,162.3311329013032
450.69127008295175,678.411152624568,68.61111671626867,161.2365818844716
450.61047296811705,681.3737505882968,69.91564526829534,159.82796415449323
451.2516882078498,688.669269119016,70.0136392883416,161.82365805008612
448.84777212780233,683.6588784389182,71.547456975475,160.06450929553554
448.9185687358672,670.9339281914372,72.43290173751762,161.46958137558067
446.3856786235095,683.3132804672766,71.79478639338542,163.84452283525437
442.50422379284385,677.4077105463435,72.75557870699934,166.94646181805064
441.41389815232185,689.7117029704538,74.16799168199779,166.80732042991326
392.79866462162397,674.5365678020819,75.5065062287452,168.24623097966972
433.9110164660712,702.1728381303083,75.88811815264361,171.42133360324627
434.099598485303,698.3850519616906,76.5316434824281,173.69545044274
429.9231879232091,694.7345502271216,75.44949661192584,172.95615831098667
429.43680548441677,692.8214174753258,74.9667633901835,174.09052737597975
396.3522073264282,689.0535234455707,79.08100136265476,168.9780867901653
384.0950041552157,684.7468423498635,79.70096228576824,166.71173210841062
388.6153868054204,686.5963645105417,80.91220446979477,165.64843092822855
388.89717558781643,691.055775816272,79.03432159952182,171.0630223945267
386.60103819599857,694.8422979294062,79.53364031702593,171.70506510520897
387.8725944080652,693.4453112629462,80.89674761373311,173.13964019231753
391.6537875355053,694.6274232554283,82.5702555620391,173.17503793243586
385.7549914828131,690.1039333715389,84.70332168170563,172.9404844589427
383.7192354899279,694.6030245121917,86.84921621103987,176.61131901571082
383.511418141116,696.406213066723,86.71268295660293,180.79945656271505
383.63011800065317,696.755218230383,86.21381113154872,184.24238117954786
383.6896775724922,694.2417666277897,85.37220233285274,186.89274062443482
381.86378538271555,703.6225989854963,84.98687638373174,188.1413488887578
385.7754111422205,703.314012352703,86.09829817404805,192.28436148311044
385.87735813208786,701.4164007616748,86.75332983489638,193.71015126215153
382.9345849736642,704.5808563479761,86.8465616223248,194.64263125242135
376.58883156694725,693.0796588538824,86.52997746285827,195.34768394019375
374.781604838145,698.5768442049716,86.05823163686291,194.6303241556789
373.546213103856,705.8885461450423,84.8016789371517,198.64778560146533
371.91954528575366,700.5982493041336,85.1488780606,197.45794490370517
368.59515507878285,700.4096898799359,86.40780213604071,197.9915703798986
368.41894601975406,705.3173054225226,87.3137980348218,195.37662997465674
369.1386387522396,717.0096194855387,86.31338435754184,195.76198132555334
373.25524582814995,720.1107315908395,85.7233934913962,200.24171340615044
377.71613339121393,722.0027795986759,85.3855359830661,205.66641484531146
378.5010381890716,724.5862987590324,84.6652225135257,209.594767798097
375.74531026452644,717.6105603886149,85.74310797763675,212.12336436620274
375.66330034001584,727.921473887079,86.60123190208978,214.18957905628614
376.2664596807406,729.37010442412,86.45476784729586,213.27197539377954
373.77821907379155,723.9001203173781,86.97735683020638,213.3029632376954
373.37426372197547,717.062326979578,88.54869318205104,209.2449531115379
378.1648505625606,728.5589260915286,92.02960179153011,208.12288678460905
380.905330138964,724.795179861886,94.32779741625015,205.93942171673382
394.3900844961627,728.1408415679647,96.62102216132547,205.23258869916862
399.53840950137635,743.531979742386,98.75796113252659,208.00847122483776
404.21978935428234,741.042755334864,99.24933884736893,208.09251181386864
428.4323686044019,727.1244351196643,99.96743367354573,207.91637110107945
437.1724938819203,741.5748560220135,100.13420536582348,207.97699703930107
437.48736799068104,754.025081495711,101.30427804826533,207.26809920775068
475.7471085464645,722.9506569269668,102.8982078864054,209.26029780202623
483.06448829094813,712.1355915962797,103.85786692313395,209.05087272304408
499.536316935085,714.9427760520543,106.04304722030949,207.0865370470446
521.6121176198119,712.6195582977074,106.89904854250611,206.181246214491
555.1569757580652,721.3028408974554,105.12045897498388,204.87487312314926
573.1843616708487,721.8919213383565,104.6827220615262,205.22629986780427
571.6184591698988,729.5861729786212,105.38407376295007,205.69746341161567
575.6667147911046,725.6501959408099,105.50412002328504,205.6289076910956
587.6562342057381,734.1013820782338,106.93678430375927,204.84174118101853
644.6053783522257,714.5801429359087,107.2349834375419,201.5358727554636
654.9219018262851,717.8070550348231,107.77010932572668,200.5797816737848
670.3289813206883,718.1572857000441,106.77729471253055,199.31699152788244
685.9710672275448,727.2528987433899,106.84837039637614,198.94091665579052
701.559818411043,727.7665868662734,106.83745967366696,198.84253655574855
694.3256146174867,733.9445649293136,110.4017725647345,197.48120361387245
705.4903991103366,729.5732629643782,110.49285596856117,197.87507936381164
720.153279164455,723.5318980653332,111.3892771805149,196.46977205252668
738.0239360599203,722.7962214596662,109.37171827239683,192.8952277800349
752.2180044766329,723.770149205528,106.68586339087574,187.78751716097673
743.8594720178053,725.6130961038284,111.13483424572598,179.19118196575525
735.5255273070587,735.0079818010643,115.58220364768775,174.68348549956727
758.7996689006488,733.2196617953792,107.15975587920866,174.63649737144138
760.7627494670108,736.4121664037898,100.451750845804,173.72274870225817
766.4420070328349,739.6909189293118,94.50327609272645,175.19167568856784
769.0682065505133,742.8070108135679,88.68740848189219,179.76903839069777
768.462630710485,747.2479530735693,85.10096179997986,183.4114344187907
772.1379401596429,743.7117151194207,82.41611295552758,185.144328837525
774.1126779778701,742.7971403687937,79.07304692839088,188.99469043976143
771.7485652539211,737.4336728996894,76.27775667499486,188.28722958786986
774.7940906704077,744.7227069905954,73.35465504169827,189.9773556046664
775.1381403290118,744.536381372754,70.97085174118311,190.27549995404567
772.2167599909789,742.868004953938,70.09555478480284,184.9896779854643
774.1581468811041,744.1991168807194,68.9384663625998,182.86451916104573
773.7963665051753,744.8220357683232,67.80123233181862,180.35136802467042
774.78558568208,758.3402823198302,65.807804682035,182.06937626442982
775.4604843867567,757.5456108037365,64.8783805336567,183.46619784371333
775.9362278696461,754.8985817722294,64.77829328759267,183.9468070007829
774.6843029467752,749.4220388612838,66.69346858804646,179.2238950886042
775.1438337154854,748.8352974853821,67.72902395488501,174.82449661863646
773.7918431621019,758.9050754031201,69.25086566498435,170.8101925531798
769.4135164329507,764.6265153539442,70.9448007318684,170.9364673909115
769.6700105597486,761.7369964576552,72.37533886548735,168.9373994477108
770.0178671086535,763.1456511659499,73.12171842476674,169.29048254439647
768.776093304014,765.5624135298792,73.01175850574057,169.54043674415018
767.6099450215032,768.2940121731227,75.10342502522892,168.97976726680628
767.0448926722288,777.381442815183,74.70529130805978,172.32971295900393
766.4982545630326,775.5719420834021,74.2855309177562,172.23809568820607
756.198943390633,779.557094507683,76.5075377382635,171.96668057200506
755.6373341498745,780.6715630155715,78.70123215571623,172.9689785835415
753.3547366827012,781.4575741819172,80.76353459586124,173.56574015397194
751.8660544685845,786.1945403493355,81.33594053753757,177.17384288383255
738.7649754460202,771.5306989552283,86.37714315358897,172.71886423405869
737.9995046244827,771.8648210665757,89.24235432028476,171.67480041769585
726.8207626276961,777.952683073684,93.25406270960985,167.99728349576435
733.0728256365935,792.3704039263793,94.69249498038936,173.12071553915317
735.5743806511185,787.6774873453497,94.86357785676522,176.66041022388683
738.493622254379,785.0265721301269,95.35553850934454,181.77532808790926
738.8529829949207,778.6438179122632,95.56510066006295,186.04527778492795
737.5416707541916,783.3481637984468,96.55022783565094,185.574568571765
736.6702911667161,779.5864001100684,97.32248844874294,184.4455376218005
735.4728376452836,779.6134738411429,98.05228979111506,184.8203582613914
738.4705027286254,789.7724574794604,98.851780886791,186.99405205653377
739.70225583095,793.842991872162,100.64844228086626,189.64638689661882
739.9014309127358,774.3550397680701,101.5400755090563,187.30276824713667
749.2876984274515,789.9842561003293,101.42029812427828,188.1926357535167
735.8859237455328,802.5166539899379,103.87221823091373,186.55917923821542
753.5655904058148,797.1327092966335,104.058443839793,185.7209961989819
723.0276096841591,778.2849174313521,102.80405249990112,185.96068164463247
752.9949959255991,798.5477968794075,104.84063926995071,184.00248866649045
767.8586382503205,811.4139509208546,103.94783872084992,186.53262221872825
772.8961645096961,811.8506563121744,106.72372690644434,183.29099325257138
774.6185716346365,798.3331830082742,109.76997529770742,178.37233039381877
790.2666005556983,812.0647080218616,107.58904501906026,179.08786351178563
778.8343669956814,804.2229038442458,108.93851656414296,177.01573646967844
807.2474206671949,817.5596581264647,105.77277146476825,177.26284024044577
802.7391444391751,813.5645303602589,105.2756768413402,177.1685201197811
792.522331474003,801.9007001914168,106.8373488074511,173.2478036111518
782.2790922795886,804.2567216740568,107.63876097313535,171.401170496946
805.3141487014462,821.8256699724085,105.60843923659765,172.33400220224453
811.0264264142902,828.40598158957,102.43638625231604,173.14917280642254
812.187562493161,827.8908446825689,101.14259963114979,173.23609559007514
813.9391598658635,835.6263787932708,100.89687883136229,173.08334001362977
822.8046960230037,842.2912008499512,97.94004605718206,172.51837771636994
819.845156179266,842.4143501158093,97.12422002490027,172.45688970387235
823.5839211470887,848.7777430164269,96.8978182859712,172.4635786340822
827.4041441089935,862.6119681980822,94.86858032419798,175.13085214772482
830.9525351876163,859.8559942839487,90.415543350897,180.9475155497796
833.3683288645761,858.9520702584816,85.90333136294986,186.66303314493373
834.8414945801704,857.4864503910071,82.24029949707645,191.19884946755968
837.353426241548,857.3188059779449,80.60323145668508,192.82521209281745
837.3934369570562,856.2839646520061,79.6255823143726,191.9845601575978
840.0633794919381,858.9621644373457,80.30997588535581,192.10149346884631
841.9178482107649,857.6703161467942,80.30660723813813,188.25712379628692
840.3174521184148,856.515871691507,81.30327950210769,186.79281362544071
843.8017731667921,861.0120945699691,81.15799021907368,189.40076497850163
843.004396033839,862.9859173248808,80.01179485424271,193.13939256667038
844.3829517492723,862.602149324498,78.773139644003,198.28419783547182
846.5274797194086,861.2388255749813,78.26805358288073,198.24983754870803
846.112461633655,855.899996017957,77.6036151049587,200.30922674240742
849.0168714744459,861.9446368607481,76.16758862100865,203.34667692938385
850.964088910602,859.1387700624455,75.7025580074246,204.82695033616994
852.8754684323906,858.467239974722,73.79258354026342,205.75398821089652
854.747120256518,858.2676390999652,72.74715276912967,207.61893982022013
855.3389352842381,861.8670424176785,72.35299523404063,206.3641834968357
857.814655801096,860.3543441394313,71.84445914951306,204.41136817359995
858.9794776633246,864.5970616895418,71.77242002405495,201.59070081553585
860.7819480684958,862.6174623456291,71.17166512870578,200.17639772571238
861.5187542581926,866.1661467374773,70.3561154457691,196.48104605856255
863.9506278152436,867.0428660472217,69.44528304648051,198.77586431315837
866.7371138504981,861.1462851816681,68.24982581514391,197.53212933863804
867.9500373412832,865.8445288271661,68.2585119527752,198.4097795445903
870.3921122952734,862.8218135532346,68.94162564800527,197.3838785914461
873.0077377617124,859.558078666503,69.49291455964024,197.99976160343488
872.321014232082,862.2464042395733,69.0700496443756,201.21966712080732
873.892603480072,867.6993826631264,68.74062236909866,199.70709329982427
875.0477291356058,865.5256731355173,70.04749394659629,200.63518700332736
877.0446979943908,866.0832928385752,70.74609449043973,201.21357149762503
879.2229777220244,864.453528330533,71.66425236610502,204.11119419385267
880.4059717103839,856.3342527917384,72.73827350651243,205.37851190352197
880.791529982279,859.9380420831586,72.80715187010144,206.23037107245165
882.7450408167006,858.959377273129,72.63048403350331,208.53897387156502
884.2644361479619,850.0764931887039,72.86291643921795,207.54177206971204
885.2657602719694,853.0477179817107,72.25353939901234,206.34082429186515
883.2223274330063,863.0453831843986,72.77103194614034,205.6393514609521
884.295966782864,863.2449863674282,73.27971928989716,204.15526951124428
884.4018796099836,858.750365167427,74.662244688896,204.2293917864296
884.5511724641885,843.3545041379352,75.29570271169868,201.19485804707344
883.8003988296108,863.2074053745292,75.07475037186063,202.5434569715906
884.3528093788725,862.2720038634912,74.61441725036511,203.26243098937874
801.7775349476339,867.9227317240807,72.83874235795957,205.5163522747306
886.5117999008,852.1056145266768,72.98581303756467,205.21985012779035
888.3842670266074,849.6418271427507,73.79675980935694,203.06931896912903
887.2785519882515,856.9640239667084,74.20282778069924,205.8233380256814
890.6312308654627,850.3845387435414,73.57841456439314,207.75847252688587
891.4660584279108,850.8002059777918,72.96231361678142,206.29808506174965
892.649070485814,850.0024315782204,71.8458556983702,203.93632747585235
890.5219767534015,844.8110360674539,71.85125814427413,202.46094226600087
892.044935921488,844.90734808855,71.05968284093811,202.32198775843236
892.3338071572641,842.877396132578,70.4336416230386,204.4198357488216
893.9008142619381,838.3323083670767,70.14164792531783,205.06500777030288
897.3998683943348,838.5226262179206,69.31597112948789,206.3746783745005
896.8560456157554,834.1578425387131,68.61667551595436,203.86021859515907
895.1118140278184,831.3353232486459,69.03432694332376,204.13889317306567
897.4636552520684,833.658355048131,69.01790083103579,204.2664868960253
829.3293648868802,826.9344647608002,67.89538353895138,204.82219383940048
831.8743200402873,816.1505518913623,67.3281096457112,206.51248661929182
832.2464002704726,813.0951692053203,68.10666248890682,207.03498371134657
835.853876731307,823.4641283880892,68.16446375959028,207.78767737583811
837.7648788550088,817.7151566458883,69.54457838578284,207.18294256128962
907.5295441386681,808.6875961184171,70.87515687608132,209.33910064168364
910.4325037710224,810.996972084137,71.03964652784607,210.69568764609585
913.4744839228904,810.6154027705802,70.75894798100724,210.9710068996019
916.2363038007912,807.2183902584993,70.05990653758349,211.13642369698752
917.3568378305634,799.7291045193684,69.88677322954968,210.98995798195105
919.3620803966297,794.0793812891657,70.18761174014772,211.48276191000787
921.5397265934314,791.0791271727948,70.64225253212176,210.57706258125685
921.099065974224,794.5820997084046,72.91226901055738,208.07838450832807
924.7288440386172,792.8660729717535,73.46124798080044,206.1486187143572
925.5123218801746,798.7152297251043,72.90160030397247,205.9404537519673
927.3925460914003,798.1351608199735,73.18611238033087,206.3850673656041
929.4741590067395,792.1643588429523,73.22394112271141,207.64834757391904
930.6224457262962,795.8059807725492,73.12370037669807,208.0639305045811
930.6392885986523,791.8803955727085,72.60513478064448,207.49121555880367
849.8422191648287,794.9544530877308,71.5769286775884,209.589697818798
935.7146275252974,790.2140799283716,71.54600966172943,213.5784287757306
936.9783341950088,792.3279774815372,70.23332765794657,215.2657471184959
941.1231874566149,785.2422115867228,69.52948472497484,217.36911408268531
942.8950038257827,780.9312712247768,69.82395361208157,218.11808955221346
945.2271599172551,773.6543954963971,70.41897980804308,216.15482936651668
943.5984817161145,775.7086378792003,71.27268091972061,212.54138120293047
946.1246944391609,772.6490405121027,73.36609897948739,209.9936638582683
950.5271531459446,760.7577842632344,72.21307661215417,206.56084051005772
953.9477878182221,766.329333662016,72.22710674040789,203.8222369517524
956.1276278332613,759.8592562948112,72.00903065701522,200.64153635474108
957.2864257568428,763.685624304728,71.83943886487538,199.05683927533713
961.1592490736472,770.6392457735083,70.71992901105173,204.54646408985178
964.0958126875587,760.7889137839159,69.13836434044936,208.96735912524989
966.0765410458473,754.5130352467828,68.78688343869135,209.0448854332197
966.6989437817974,750.92042484072,68.82066340075114,207.84964741355816
967.5441456101223,749.9847023517116,69.03807436602655,206.4965795760995
968.8087343472612,750.0685861850164,68.67671639171833,203.5386574523976
970.6520249751112,753.3036448678405,69.41992372549592,203.185271253589
976.1727288527915,749.8855934242399,70.10851837339459,205.95574275117224
979.291453439527,749.3713683370745,71.29317022073651,209.06203086953386
981.0997205113152,753.1129259457655,70.36285481571593,211.67208391081886
985.4296026351674,729.7973378443996,70.03077497047755,211.3681710022224
988.3931839492458,729.9763528008473,69.65928927942392,210.29295505560142
991.7576157613793,733.7480393946554,69.78334237268629,210.99262862854425
993.9918774049081,734.3407505902536,71.47829841378424,213.69317349198644
999.097555423346,717.1061530458013,71.06360470753577,213.21108989436766
1001.6806196694964,718.0974906054522,70.64628555285088,209.6099129926486
1003.0720480543288,723.7495234872888,71.48799605346518,209.16760069272055
1005.1788776328195,728.4181627953087,72.1043167930291,212.50525074184185
1009.760428438916,708.1587944183304,71.4479261870006,214.52241965522222
1013.8840969619184,701.8490584854288,72.02563568030249,215.7708902774341
1016.8228868489083,693.899056866937,73.22330414774737,213.9627064111462
1021.0621859782348,689.7400537511933,74.30929538952157,212.19116262432323
1020.8803439730638,685.3775413880628,74.54968343705312,210.61917978985423
1023.2853431285569,692.4704597299636,74.12817818713248,207.7912484939308
1025.8187845992861,687.028913173532,73.67704412796772,207.64235918491914
1029.4398947951631,686.8106940201122,74.16599725153375,205.49992838737327
1031.3476775914596,688.0684611425258,74.2769427082112,203.6968568658012
1035.1432999846352,688.4205430640801,74.2851384965063,205.26815183540643
1034.4741382109776,684.7351483731181,75.71469311428012,206.36355583753894
1039.1700382757883,683.8597352088206,75.11063559940487,210.90315808700203
1044.2326031416787,679.2339765211933,75.01847820343946,213.81504628897787
1046.3455625131771,670.5447196181385,73.56000311736386,218.96787974383017
1049.302959647764,666.8781861305305,72.73288966484049,223.0235705441194
1052.4726812681517,668.0324143331536,72.51623389965087,225.61480381325055
1055.0322189280582,660.5041552805461,72.07666059018342,229.18453889081667
1057.6711850613165,657.8648683711907,72.15229878494007,229.9910982823424
1059.6005043737925,660.333944030668,72.22272348014798,230.04702893741734
1062.9318431489023,653.29209496937,71.30470392324511,232.31107164161722
1067.42920591702,651.7274912016363,71.48020543779099,236.33329360808443
1069.6972746739862,659.5754521594962,71.61641403897096,241.37806001633925
1072.4719843049106,650.9325467148466,72.25740062276427,246.21783361315806
1072.9890382974581,645.7455641816184,73.55405263980556,248.43839635112323
1076.4304722357651,648.6446001189275,74.68826697754693,254.71903121783797
1078.9234561253104,638.6959862683606,77.09603031570488,258.20421439382545
1080.1091746763657,634.3219739266423,79.43754058221609,257.27245334880735
1080.712321619327,636.6608849504836,81.5536334379315,254.99404226418326
1083.1529613151017,630.0067516261448,82.6744826474563,248.14183222829047
1086.4578905417093,627.5178178964363,84.66854036245444,246.55250570272216
1091.5464821987407,628.145721994005,84.6446621021021,245.38522933700136
1096.0477581820421,629.3425745570643,83.19535663360756,244.44245814414094
1100.2046620330375,617.1886839844431,81.88490443469878,240.36344615278676
1107.1868540303701,618.0353720835537,80.19661392300486,241.0361817099366
1109.8456171100195,612.6211340909517,79.34593327609645,240.78218584760646
1113.2206486271361,612.9942605910159,79.16317532990597,243.18780595920293
1115.1824167147392,606.6213984513737,80.90397822025176,245.98671284041598
1116.8532990993215,606.2613164923173,81.19777157944401,247.48717958111865
1121.0979657147218,590.538521071167,83.23365445124355,242.23680942488406
1120.9665718351598,595.4616593457889,85.83866060941544,237.34947242794735
1124.0786038086371,594.8761231180854,88.05460387223881,235.46975838814566
1125.3598558814108,620.7318718891867,88.52579089452286,234.6381055114704
1125.451624512779,616.0502544486957,89.70673221989051,234.10756063781372
