1113.5,376.5,30,69
1111.96945456965,376.0058309773969,29.18810311350753,70.58745675477039
1113.3567128211519,375.0231040017679,28.007535451598923,73.16765310429051
1113.2677908367214,372.99537768612583,27.902966057003177,75.24331862429224
1114.3479065109364,376.1949335271913,27.81337074258515,76.63572896822319
1114.4567886807708,371.75961092693046,27.732060567897854,78.1724336627635
1113.4335029474366,375.4777091811959,27.805337538030056,79.75870667480149
1113.6011376318934,371.34833408665537,27.36828294891096,79.38886341905837
1113.0826607463694,374.3605864722674,27.900794266574362,79.11791108466292
1113.9710089133407,373.149563803904,27.607000817114958,79.47469911052238
1113.3675224272174,374.54388367136056,27.304677848962452,80.24619855483901
1113.5217724407755,375.1519758037136,27.181220218033904,79.71257229022066
1113.0404869782785,375.95744183792397,27.016434375373798,78.57829209896472
1112.6698255804479,377.24766034844237,27.126660390734948,78.84551752681107
1112.2890251097822,374.1571852733615,27.665545388014504,79.08135115704471
1112.293040385269,373.98873979347184,27.447162967576904,77.38290180768102
1113.2615228121626,375.29236341659487,27.42243110882296,77.6663274835694
1113.163029595986,378.1775552021961,28.172783665806023,78.63580110917479
1112.9279830056016,379.80343948582583,28.034914953493196,79.42726450602663
1113.4590742381504,378.91759533461624,27.85809296775033,78.19699491507421
1113.7480318198816,379.9463267821628,28.05296960717106,77.90897016752592
1114.0736209277047,379.0221601516355,27.875020263347224,77.32114191048362
1112.6864991002883,379.3151486759353,27.38607126452422,76.9916105081701
1112.5325424661025,377.913954247522,27.443522000852347,75.81900089087561
1112.2628675209396,379.6272250202828,27.8011467616928,75.76427049685843
1108.5132954841106,379.9462233258958,28.27447820946607,76.53204692926504
1110.9332603536602,379.4442933947559,28.483696076262817,76.97824674830515
1109.6926054203243,380.28975786161914,28.04940755044791,77.13802272294966
1110.2144387707076,383.6302153593309,28.51719412059352,78.35140532731864
1110.7466851839395,380.9153995781661,28.762097561067073,80.10436562309242
1111.0779030829376,384.86813967852237,28.883076305745625,80.7184605413985
1111.3690184719067,383.8733166362949,29.05371823326754,81.56156216937157
1110.1407074568722,383.25367527413385,29.500083257644526,81.88151680016479
1109.795594840666,379.75540953587483,29.367390909452617,82.19613776185129
1110.5830036894324,385.4169952752411,29.443213699590533,81.97492932633165
1110.4115741881535,380.96234937997383,29.353946478107265,83.71356825050266
1110.2026027309016,387.23959598283284,28.980573181387477,84.60942866722127
1112.1193031186688,386.14360594835586,29.120279743805106,85.05165967172971
1113.177079884868,386.8523601648651,28.679554263927663,83.81964148929862
1113.2142212117149,383.7240909381706,28.60492160582224,83.11050220449798
1114.2623611468389,391.3660895927892,28.606180922051774,83.06967849450396
1114.1109211886612,392.91836197055375,28.949320408290696,82.01148374126366
1113.4713797701884,393.183986611904,28.908950959469735,81.98131675970299
1115.3139731022952,393.46271415693684,27.97820841757051,83.62823097620168
1113.880430216694,395.41252462872853,28.666160296713457,83.95581292492173
1114.143923183976,396.8487096914545,29.17045964809905,84.82706486406028
1113.8778364451377,394.37125295648565,28.541417224400675,84.38000365595839
1114.0060328346283,395.16677589699185,28.936111491089463,84.33903223306821
1112.710293376336,393.6460057834728,29.105379714314488,84.65195693772165
1112.5690363665644,394.93150577884074,29.577506182072966,85.16237260021454
1111.8024890591469,390.91702778698476,30.042606917590145,84.98174339410717
1111.3597505716846,389.38881940731585,29.974814768483448,83.83944017511244
1108.2573898984847,392.7298704656123,30.010630856704594,83.98274604039212
1108.0425707224472,394.8096698676717,29.529731548657846,83.56613105432756
1108.5755293414963,390.91543178938224,29.636642269620282,84.32622014120433
1106.5146501294162,389.8984672280218,29.26769615734246,84.15522634942022
1107.1444829990871,384.1413134585139,29.105517271600277,81.8550903001792
1106.1491834942472,386.42222747242585,29.41948697639417,82.94469192552303
1106.6807297496225,383.14932579675167,29.574797805029426,83.01646812004155
1107.7247975227708,382.92885826392325,29.052104343998792,83.53730652007755
1106.6256255541314,387.1556539960888,29.120672518719882,83.9528680785126
1106.6034337862147,383.05087164551634,29.27155821498287,85.24568902431695
1101.9614187512063,378.85278815459066,30.389770070583218,84.3575952563514
1103.076996284764,379.6064937854378,30.930295596958597,84.02997031915814
1102.8544059841843,383.66411202021686,31.13746151499067,84.76731201274697
1105.7657871398794,380.5297751366493,31.582686454881987,85.01817162048883
1105.837382904065,382.15309620043433,31.50558984655006,84.54597788769411
1105.261541590471,374.5829826083719,31.062108055517545,84.45372597636
1105.751393176067,379.2090700254434,31.056864472853334,85.36985653925073
1104.0455775942692,375.50420801345496,31.611861496434543,85.06223055712401
1102.8600078058585,374.59514944985597,31.29408057536166,87.57636304229317
1101.7646653288068,374.7887583439129,31.29478859884628,87.88110034374847
1100.5644384141835,371.8744955117317,31.10443808963777,87.50793724163137
1099.7383916698461,370.4506251903991,31.13115130067917,87.23518828697607
1097.6468362816465,370.39835886725854,30.555206939443686,88.42877849799257
1097.4908234799632,368.4161272622266,30.390483152447118,89.1358564541501
1097.591371280191,365.2452553160707,30.440258584467603,87.57272316064036
1096.150454394054,371.267202669395,29.8361795569066,88.4764269113283
1097.5818433763698,369.4238795206428,29.379815147420153,88.75645723631379
1096.8857965577783,371.0193375405744,29.35168089935679,89.4585277324766
1097.568668342573,366.1181869486662,29.969489547251165,89.0321320931728
1095.8705429293777,365.86864957407175,30.24313957980297,89.00691234677912
1096.0779246561124,369.0973155495087,30.40243960623389,88.66857272454895
1095.930113804367,364.58363439051976,30.373152397542867,89.28284529032967
1095.4119997707382,365.2171086844798,29.93947353864528,88.48033099830232
1095.6290761628773,366.9280410834323,29.52078550541718,88.68888211684025
1096.2390056436302,365.6093952122951,29.371239282330116,87.45773895310866
1095.3916134302262,366.10369809726035,29.525152565796734,87.71122316997932
1095.7683686106523,367.7544647555791,29.460555550281548,87.32948560491351
1095.7857507444144,366.53618025040214,29.097841222389846,88.02187894273624
1096.1158431210636,366.34514014696384,29.48880607579619,87.60016565967985
1096.6463759821388,364.29242351209,30.114016789497768,87.24916038801521
1096.475760719155,367.26897495995183,31.0368478026977,85.81414726356223
1097.5407431388537,369.1090517772027,30.29461499226114,85.19783568724239
1099.2815353939973,366.4120186077986,30.026793003718062,85.60287452589802
1100.1064100625565,365.3645252313722,30.0289405009731,87.27824422190409
1101.6704537880325,367.3391432930837,29.223357570437322,86.86049961650174
1102.8265754604413,366.6688136260272,28.44818354629826,87.55165178565962
1108.7166180602076,366.75936494820854,27.812445537622807,87.23556198073344
1108.958733264852,368.6040767093837,27.698098814637895,86.22787397397758
1110.0582422002162,372.73475438686563,27.709816980210313,85.98560068841073
1111.3958018104047,370.8481371483059,27.448508489813594,87.54666885617345
1113.39593864572,371.10456499864506,27.035550140151944,86.04607877811101
1113.8391764226521,376.79545626700025,26.89493552054482,87.25166234552663
1115.3105012298306,372.36807121389427,26.5733372176812,87.91740561915799
1115.8701186424632,371.116764855191,27.203902359228028,87.64012374618675
1116.3374411434943,374.5938457465882,26.79136948828438,88.34233451054192
1116.5819266941096,369.0549599301936,26.47029045567821,87.84146139082875
1116.4268322214632,370.6429773966028,26.510284214833014,86.6789891373011
1115.9854176290796,372.2920266395167,26.329895282840077,85.25378803802423
1117.7011957409918,369.72516413621315,25.70852878298416,85.19707572773675
1117.227898535865,372.9309412563234,24.910723168823367,85.83641622475983
1116.6403870380436,372.49420206669856,24.973952527190498,84.65808886937526
1116.2324525300419,372.8508739786624,24.66090253780013,84.708519202018
1116.3902041848967,373.76498330886324,24.57330833112654,85.41420199463444
1117.0942194400548,374.4488634496352,24.185087424501436,86.20980803083951
1118.0426559423358,373.59045725172336,24.22757027015893,86.14921349573973
1117.7962606147703,372.742203432146,24.062142660710375,86.92918116783439
1117.3993996295037,374.7990373753266,24.15066640288413,87.02993216956527
1118.2934999194922,378.4297357297217,23.994983637543598,87.35738119060296
1118.3369199902297,374.40119811599806,24.17063958004315,86.86171250630703
1118.2172039298653,375.74074442893846,24.250835433563,85.49565429567133
1117.912990242716,376.311626565399,24.843233910024896,84.59996384989768
1118.4467569600622,376.75381672242077,24.451951648352086,84.28926179093543
1118.6475645457897,375.40090813262674,24.671465632056165,85.49534671458775
1118.5983013230668,374.4241242573827,24.403015101107144,86.00800054944173
1119.7003999162926,374.9282288143801,24.701787656476856,84.83633669420732
1119.2723568059346,376.8292656574888,24.909876438285302,83.33008610521895
1120.3010407817633,375.83488252488473,24.635912598490194,83.4869056398133
1120.534415203941,377.5142896969074,24.174282888340528,84.83740468840718
1119.9377014379006,377.69058475917063,24.362203785709504,83.64737454999523
1121.806560779713,376.8992486185103,23.980229225543763,84.21369072074309
1123.057077767433,380.09070765261333,24.334566248486,84.22128654947917
1123.8823694972718,377.7396973984918,24.1272376172615,85.5502468312818
1124.3157187536442,377.6314580672953,24.454276849801815,84.33871729493671
1125.1941205453825,380.0244150057123,24.36869094630261,82.57632722562835
1125.908718140219,381.2016095316277,24.644352748397594,83.10980324032585
1127.1745264314707,378.71719283498936,24.855962217224764,82.66532848998682
1127.2721763285347,377.4044394168252,24.606264866165745,82.36286086380596
1127.6532320768704,377.40431446090196,24.598831022807243,83.83308231324244
1129.236456815018,375.45177236255427,24.97073761226172,85.06016391403642
1128.4152319148116,375.9653900857757,24.656222323830782,85.88070035060433
1129.4262358218753,379.69701464550076,24.882072318769943,84.8091276570881
1130.2466136256326,374.83888174323283,24.454513584920054,84.71457955781533
1129.791049355236,379.25901450179674,24.405440504657776,85.27612087204737
1132.0790637792431,380.52140869235274,24.394299657131597,85.53009149362092
1133.5338448014804,378.30705087799356,24.59785769169795,86.67826164924051
1132.5243049701837,377.2278559546764,24.338960364545052,86.81701677221153
1132.9582076661104,376.56359419718547,24.113752230782858,87.39733891695414
1133.2546304170842,379.54699971401516,24.471121889681655,88.11179276061412
1135.0365979270196,375.0672724560411,24.65727603835966,88.14137762476777
1135.1736753696844,377.14008890928466,25.284188707980896,85.56675399657811
1135.991553029969,375.78306150800694,25.436498344076295,83.22957264648458
1136.471763468031,378.85019382427936,25.984103352580664,81.79028720476616
1141.9156383689317,377.596482415305,25.744991322386028,81.3943639610084
1140.4795025965905,378.3645353820744,25.789822843646228,81.24735822144692
1141.209358763519,378.7040117341128,25.977996905243153,80.40990606787865
1140.9561333601664,380.01338190055003,26.41313824230838,80.19064750838058
1142.5501303351907,379.03514330729104,26.634229566002205,80.08951847465318
1143.18755315026,378.0381389804911,26.228466982776617,79.50094393924252
1144.984031312513,379.34652992342683,26.30472419167228,79.01757965972473
1145.1550823038083,379.3749604915329,25.99424002934485,79.46780980731094
1146.512521668415,374.45898685884083,26.40449076141993,80.88175875879124
1146.37921953009,378.5066131886183,26.697617119415156,80.65835515929479
1147.811828002017,381.16453282348454,26.847719046105695,80.92164749280339
1148.357688451065,378.16237390793657,26.543606235072197,82.19232703730866
1149.634651260159,379.0905177422697,25.78015085938489,82.84077817632064
1150.9121397519255,378.65071163080165,25.78163974003327,82.23922856644737
1152.0631826823696,381.7121327244197,25.502514780405562,82.12381502529882
1154.18169809204,381.4635376112921,25.03634129520131,81.79183860078197
1154.889084681824,383.40117818065124,24.779045375269522,81.88801518186656
1155.7598629425563,381.87414569463397,25.332673227660397,80.94084323831274
1156.1400440179775,384.5770797937836,25.268071267305167,80.74410198932372
1155.842813121142,384.04289745395215,25.272971956201744,81.20371543159418
1157.4270420403682,382.0774627147419,24.789846654446556,82.0805108610188
1159.2469375545259,381.5404645235668,24.569684007860523,82.3958274957874
1159.3718777165886,379.3753791883204,24.737719087577645,81.61651301689673
1159.5667804721495,380.3377305774097,24.76720203289597,82.71869121825617
1161.254196894183,381.4568261831941,24.744630493684404,82.52739646435944
1162.680072730985,377.0095676864993,24.48838668026368,82.8746417292334
1162.9537828700475,379.0023995943924,24.238842491950372,84.85893145043457
1162.5470747738464,383.9424089723237,24.34371741028199,85.57849536669112
1163.2966214361936,380.2329561371163,23.808899505299507,86.41380146969257
1165.046219429038,385.7121084402182,24.057020833758475,84.41642101204833
1165.8886117338427,381.0431313199406,24.4411594590889,83.4723728035679
1166.9121238003247,378.40998135779887,24.638078063704285,82.42213057926115
1167.2491661819936,381.9289301241328,25.03883289234623,80.64753584963289
1168.7713780992283,378.7303112338971,24.716630193970065,80.7991867580034
1169.0939633442695,380.03612513857564,24.66688679977799,80.29127293790418
1170.9500161756948,382.88218465359955,24.320448241648016,80.463269146046
1171.833290753917,382.07538927191314,24.181748068014517,80.66089268339049
1173.5441021089975,382.34503224988475,24.040542084919608,81.29690601428958
1175.269123696589,381.5004759970707,23.99465082624063,82.42052994302865
1176.3699657955146,385.32808171969526,24.127705836610637,81.70841036713372
1176.8522201162925,380.5893814494489,23.929068243028695,83.26344571902777
1177.254938276737,378.9254648036143,23.57947441710433,84.82223639957488
1178.975844206918,375.1520480593563,23.331251767252574,87.35013945291024
1179.29428336941,379.1874699726792,23.797206355667047,89.12437123356423
1179.0941756818866,379.60573558381003,24.54766184206542,89.8747233178059
1180.373826639528,376.0552325189546,24.797734736047488,91.9282378970712
1181.3468089688079,381.1828671740116,25.23166576459124,91.62000914481851
1182.457485722622,380.74732802084463,25.34263175502485,92.36402748482674
1183.1646015605818,380.2209152018062,25.66997090945049,93.01173337598021
1183.1681428474938,377.1480451038739,25.62727741767115,93.21612454230365
1188.8272588549348,377.84760601510374,26.007979957842306,92.37245226522751
1188.835690705832,373.5145027474967,26.49560168438178,94.09053677590539
1187.9276102373858,378.6414974622895,26.390569379200787,93.11855456372696
1188.129009357722,383.5181219377214,26.998749837258828,92.11336393195506
1189.0828263960489,384.000580884236,27.14534311274724,92.32794101592317
1194.901958567364,381.99432726978,27.407032612280144,92.13267885091432
1190.4473171563366,389.8480150320226,27.648753903268034,91.33071600037931
1191.7452020494045,381.13596772367214,27.66375672684312,92.8546736694484
1193.5709077856052,387.13486189862766,27.607345998307686,92.2158378418152
1198.3738187708211,388.42349111330236,28.382258471540563,92.18634800530029
1197.7933868585967,388.48622505594676,28.226629142417135,90.98684101841081
1197.797333502602,393.3806805439882,27.754377465029084,91.26910657125865
1197.8712350954722,393.3985384313622,27.491934155146154,90.5888002994937
1198.114259105496,390.6380666753831,27.47577237844177,91.05295155223568
1204.8550090576243,391.0330789671311,28.20313859357025,89.46421185414617
1199.4189944967732,390.8889251862344,28.168150961122098,89.29792429717834
1201.3143462812302,396.561997078447,28.31788804696293,86.65565891546312
1201.8569781235456,389.97187331441864,27.933569620472326,87.67951911441837
1203.3713606788149,390.28445438852543,27.715382617767855,86.8003677763416
1203.870640298418,388.23942215846137,27.42149100637302,87.25545394209713
1204.4259665593142,385.44209304496275,27.25239064675102,88.36586257726701
1204.9755523903384,392.0107528898336,27.347883939841697,89.86099871333087
1205.3556410276733,387.3971458123979,27.08173404134691,89.14618386887362
1204.6648503540719,382.60520182651436,26.94553162752516,89.7876661399572
1204.5644268745875,389.5188733950814,26.96620767792344,89.65097871113608
1203.8475159220804,382.5530944256456,26.791859312018065,90.73572917014933
1203.6735783714835,376.36929447536056,27.284764330571495,91.77816046110019
1203.3811946726873,376.5536421430112,27.345157481566478,92.6364753758905
1204.4176472714073,382.22215646796053,27.24387212856304,93.62606968894356
1205.2272604296188,381.80632273812853,26.98186491213839,93.83824676355198
1206.110556919239,389.1894294147271,27.207631451902916,91.20139456300382
1207.8134186952805,389.2980256954155,27.129741075479245,90.21313438230321
1208.047783686581,382.6101106196287,27.408607535577698,89.48520286090314
1208.192231339661,375.1601628622074,27.409282769607238,90.15599719471552
1208.1774259016072,389.4992025332602,27.16550445527941,89.29922980329357
1209.4577418618978,386.7571795626723,26.69855005545022,89.55318560317286
1209.1259996124315,378.6957757679076,26.51848452796596,89.94219325831511
1208.8314051404238,372.5431601156899,26.848325645738868,90.69334264594151
1209.0298253816031,376.8582182182888,26.730239904333775,92.3942649157802
1209.7085460977078,371.60622532830445,27.133929877955023,91.06056511072704
1209.059205307603,372.9128629798869,27.16101776824618,90.83510623670037
1209.8656739106823,374.43101784528733,26.90624320361273,91.89835533616059
1209.5188929130488,368.2994240819473,26.914337717266232,91.84206196684464
1210.8032764009058,376.39247191784176,26.799526868718953,91.56681777363237
1210.01514446491,376.90768235581976,26.94342758820679,90.05165589535514
1210.144879884209,367.1697106964674,26.954255856444895,90.66511332843966
1211.5556621263013,368.7915731927972,26.464708555564265,91.80038327749155
1211.6522915088783,374.6982986740812,27.071835921220263,89.34397558121998
1212.7703558208225,372.0746281929256,27.002173056609237,89.65906699748002
1213.4885282598857,368.6710105065461,26.923663352089672,89.7651943914183
1213.3456042735181,374.2006575705535,26.847204998196887,89.50437552890641
1213.4665036591002,370.6443799720296,27.13553709022229,87.9157092598898
1212.9100210692488,374.68763530366687,27.23606969469955,87.49955200924347
1213.347803220998,369.82215630911315,27.336849201759318,87.40038705065801
1212.7705504747719,380.3138153429211,27.564703276002767,88.20354702564462
1214.31658682809,376.50018827617095,27.652210304168467,87.67476478219177
1213.8734576607094,368.49553288194664,27.237195769819724,89.49629900508864
1214.4367971904153,370.8425718723465,27.34977535737297,90.15655585552673
1220.5083827167982,372.26123152696755,27.909882846171975,89.4557609851427
1220.1454946964013,368.3582787944519,27.90829720788876,89.66501203504335
1221.087652512449,378.36878159973946,29.568787102526443,87.52913253835986
1215.8416268175504,377.5037662458719,31.22848490040486,83.58341632837035
1222.277562936574,374.93514452337115,31.564373473209862,81.95597891094508
1217.0509051166632,367.9986673078821,30.956874255548353,83.25529156488459
1223.6299748055296,378.7589204715078,31.751460288277016,81.49135605367326
1217.283216894745,375.65591723409784,31.796340245588414,82.09077368800848
1223.9061261874842,377.956517552484,31.846108246108738,81.83805327584564
1219.5394853157386,359.8638090740456,31.682310521826157,82.2347396113845
1219.485978743071,354.95937803719,31.70957660125967,82.35123413138477
1220.2618056227166,350.20143149299616,31.66002652830152,82.49069193992628
1222.4023413199036,359.0821965364586,30.822478302491383,85.41671525876312
1223.737693533893,360.53549473055125,30.44322628234933,86.68140736087324
1224.0639338717544,356.9634557569032,30.5473995711458,86.98637398004428
1214.016060341928,344.9284194647074,30.772043344055206,86.83637477183336
1219.4393633106679,356.69021491374235,31.854917959249242,87.38853613206422
1218.1171517452804,361.0512294586242,32.96671076566062,87.41920117224431
1218.5814302080034,355.4537824969211,32.77397019973413,87.79689443494493
1212.2418453007297,352.18762526645105,32.829862350097414,88.62540344926033
1211.0261378811792,356.92090618728366,33.35389386648217,88.40686940910885
1219.5358863032923,359.9056085002112,32.88283795548394,89.47263104683412
1226.173558696019,354.13605706149735,32.741106756456425,89.78647318970368
1218.1696815138803,353.9806940209953,32.481056021246125,90.49252442477382
1217.683456322544,346.16889040313407,32.56069272136234,90.56468569949779
1215.996163562949,357.00108299421777,32.82393223415911,91.24898673559206
1216.7548961081086,363.96155638299973,32.927785841769385,91.07537062361659
1216.0356531721418,359.17791472172445,33.01258383127964,91.01431227136239
1216.9024374988364,370.78662414169514,32.78158568780098,91.92553265261246
1210.4439405365122,360.2528092053471,32.83403951235167,91.89956892789648
1212.0578173987433,364.5476025242865,33.178214765855756,91.25191258405445
1213.5147498152076,360.1025311020399,33.21394705321232,91.3782662516068
1213.5534324640607,359.1534250633837,33.2344022461048,91.34725729486921
1213.6076211925438,362.67847104781004,32.64829838924003,92.13274472131067
1215.301629050308,358.35933980138776,32.867866911763855,93.76613775309563
1213.5777164886874,361.9407929910877,32.49904784326331,94.73589033213092
1213.7194619582604,357.213636078348,31.66628812197853,96.03058101155318
1214.2103507126585,352.80357360292527,31.634241188267072,96.17931447527701
1214.5796877718085,355.6629844644493,31.917722354848475,95.77333941284289
1213.5679714178323,359.8222325162123,32.661133276111464,95.41070583144226
1213.7663972794664,352.96008387145616,32.39782440345644,96.98351672416494
1214.2700301041712,365.78828929913874,32.703742061694825,97.11078964565527
1216.0145542116236,365.3856616793543,32.18212944516348,98.08886546821002
1216.2537781438755,362.87486928171796,32.24344610416573,98.0119695620361
1217.0729914829121,363.7683720406548,32.8933478352872,96.3119853056161
1216.5570997532202,366.92784787381294,32.54120537990697,94.79635070930718
1215.8534730280971,364.0426257388536,32.87098006371154,94.59825717176129
1215.3176555611935,365.8918592900044,33.48227473605925,94.46224071681372
1216.114366884198,370.2161270153008,33.2479723397989,94.57186013530054
1217.6319782615956,362.50704141757814,33.61150418171404,94.30622967974485
1216.8635481729245,351.4764567846095,33.96375768772262,93.86150333105805
1217.3226949881216,357.6755264974558,33.13779481113158,96.04655291598566
1217.3942553753059,352.1889888202008,33.30835918571763,95.77197907768564
1216.8591220200992,344.26627051845554,34.4932939823018,94.20443464785089
1218.217869342442,366.38418543261076,33.70030254482293,95.33354927754824
1220.5056984498083,369.18410713161984,33.1168592482274,96.08056342729009
1221.2756629993062,360.91632776458084,33.5126242477042,96.18082896373635
1221.505856712024,357.97321509922654,33.680023756644225,96.09754612336332
1216.0183256554453,357.90829971238236,34.13279182530703,96.1553289854674
1217.560265253982,351.08778037481494,34.200745685637,96.13211156471596
1217.9077689191076,341.1070871574401,34.320796765553695,96.10257316426053
1215.726332885441,342.1404387977012,34.325349073517664,96.09420328064994
1222.0712420676448,340.6365566751881,34.381741761051394,95.8525304319414
1222.524763640975,347.61184575813377,34.468968343051706,95.70677518780299
1223.5256575256687,344.7784755974331,34.76804956170106,95.59877624376246
1224.1023491365336,355.70368748000493,35.453537580587344,95.81441540586489
1224.8414476091095,349.2987255748959,36.56474354948228,94.67900192055068
1231.2608809119267,352.101156942617,36.83618559100391,94.71697146431381
1231.2025075683132,351.66232276674776,35.886167089060095,96.14693556047145
1238.694155341077,352.7274133914176,36.44772761500481,95.5609788117879
1238.4386913712872,354.336574282808,35.19292696171176,97.64570039448563
1238.5758842573257,365.4181942652131,35.90573846956491,96.67818110228275
1239.5200611958749,357.2569364697542,35.976445619039545,96.66785100533443
1240.3755574544819,362.39810637574396,35.979591848087026,96.6668432093461
1246.729061058946,362.92643231202095,36.07649775561412,96.31039690129104
1247.0902029117328,358.7821740570446,36.047312475905755,96.32784769926867
1255.121502011811,376.1116624091661,36.889791256340054,94.83798033950806
1256.1058490563394,361.4955390558535,37.14467943504466,94.49535979759814
1256.1064844739162,374.6251854668414,37.278052795328364,94.26851669791236
1256.3756416134986,378.5486851770253,37.30611311609722,94.17170276719912
1248.099779394449,334.8552850727908,37.471906539181965,93.77404862996494
1247.9082211427042,337.31576320739015,37.5459262294695,93.46279733207975
1247.5349514581706,335.76303825937566,37.547750325156294,93.45986452623491
1245.7790892014134,341.20459575503605,37.55089916079894,93.4519126132222
1244.238677908133,336.2054183580609,37.55581284805263,93.45632705377899
1263.2924467975395,356.666336708811,37.424635390284685,92.40147185862644
1263.0807566394988,364.5427172123484,37.497280936067995,92.22712862956676
1272.0724276570115,371.71409359159236,38.26985740384977,90.45519477214093
1271.609059500977,372.9696247708607,38.182075335753645,90.53283413861024
1270.749271821317,363.133980188107,38.1122390310649,90.53937797330713
1270.425054442505,370.6673026223579,38.08225831141328,90.5217271691364
1271.0201526400328,366.30386660535123,38.10175892449033,90.46670642666048
1270.8834836392627,362.0426730522526,38.034424433049665,90.44067167311655
1279.8289730209783,375.8568359963733,37.84237450262639,90.33927754757036
1278.3376517527324,380.8862974343766,37.862799708185364,90.29162328728648
1278.3937841210427,380.774132527398,36.38190325102182,92.51205579194034
1278.5528926486313,376.37267738875124,36.08095740721567,93.31856618977835
1285.4074823941999,369.6415463687165,36.61010494244552,93.48334764665691
1278.9085483954093,382.97399583745755,36.290061791955324,94.14146582953623
1285.619810740186,380.0242790656089,36.65410860508749,94.19467840307975
1284.5224640594472,379.0329390603731,36.70000183190633,94.0980234392623
1284.9411220216405,379.019198047685,36.71058862272595,94.20810462024332
1284.7050036724863,379.4971847112315,37.17944162891307,91.49569446835177
1285.8117539139653,369.50886314948644,36.166008189259855,93.34878908415148
1284.3172575845354,369.11868681071695,36.16597644740838,93.01366944494852
1283.2029355963575,366.04194347578556,36.34395003840314,93.03870142960011
1289.1238219854129,363.5845993382526,36.28589727677216,92.65741163536067
1287.2383265058616,366.74833971244374,36.347949637242046,93.30231533979813
1284.7425763139534,367.7062768321312,36.49968685653814,93.15830396491751
1292.9095763472997,367.5670872839235,36.61613005766773,92.59749025365852
1292.7521153230002,372.2935654019468,36.70279562736099,92.73357000546598
1285.5381413853036,371.0180883570143,37.14447545923626,92.30927265909745
1286.843343170739,384.8486519020068,37.186371769346735,91.69683827235956
1278.1670418052968,383.9155867809315,37.018260694078855,91.9530136805257
1279.8692477223442,378.700108289244,37.18163603039429,92.2132047871307
1280.514948681485,387.46864965936095,37.139180898039236,92.44576392311751
1272.7661212942007,380.24435284121915,37.32150516723693,93.10485636921553
1273.627557415549,379.4866264488216,37.46498357532753,92.82571403167331
1272.525905391202,386.0109056759601,37.81261574139224,92.41387337372204
1280.3489558855126,378.64804573861943,38.83241593685302,91.50700963023932
1281.835254954337,375.61900051044415,38.83779388295996,91.50462330665214
1279.9374274680215,375.26221581637986,38.88147451133718,91.45809459507211
1277.8782212751958,386.0834070976993,40.13707390107826,89.89295393001623
1279.0592370895613,389.9126814376518,40.4585864312824,89.5863229937941
1321.0211138677498,441.89385953653124,39.92828838027662,91.0504423209376
1343.896079947933,439.8178959275275,40.07621388592602,91.98953446547397
1341.42940767094,440.790266111584,40.440628767670674,91.79078437369766
1340.1974889970804,441.5212810810485,40.89581795827,93.7009828187865
1333.9948749621324,439.5286323767104,40.21663917544395,93.94141576365665
1324.958693258264,434.7558637379161,40.49707524553419,93.9360392305152
1342.4102024963304,444.34252201068125,40.72262732604214,93.74750585759244
1401.7887215314956,405.8609304252617,40.034902305027906,94.11001153819706
1391.7654471383591,428.2636511886884,40.43762746764386,94.33150940343357
1392.2694781206878,420.38988408161566,40.3260957735627,94.47242664370211
1340.3564872289069,443.98005230751875,41.300934673824024,93.79421497827289
1341.4576030964604,446.4920137337885,45.211973221462365,88.9935440794544
1323.7583449946737,438.9170389666337,44.67536216673505,88.90247245745299
1324.711689502351,434.93860096167714,44.2085202630825,89.90135448314366
1324.1771815033972,437.29236026023494,44.07850753059773,90.37018123438618
1325.32660192341,434.1520899288025,43.626585392697336,93.33571802533332
1313.7700302257836,424.5354591595512,43.58356461863879,93.79954177391899
1329.155601973298,439.6633384146149,42.910098354445005,96.21864135705336
1329.5832404468297,441.04262801771904,42.98927113968499,96.62726057041598
1329.2633874744977,439.6473062478656,42.92748262901144,98.28106162088031
1308.7679931547907,427.76517908327673,44.09116860729265,98.2561886002045
1307.0611288726511,432.26770026692384,43.97348075540356,98.67296496612565
1305.3813603299388,447.1819352053201,43.53753425165589,99.66794517783407
1321.6913613430092,449.2207588961045,44.686033507253434,97.15961036874455
1307.5428667195008,453.9227765591089,45.75986677892847,97.78952108002814
1306.7427526921563,456.31287524538885,46.2786369803003,99.68441974247195
1296.673254725785,445.582279450436,45.8818720335264,99.10653357358864
1309.5170744520851,459.33954809929304,49.952111838128275,96.29148014733447
1287.172888531652,439.52119750374044,49.23941403788113,95.98077456964087
1292.537625644281,441.50841849834603,50.926740311585284,93.72350019632017
1320.8647557464487,442.3517958934843,50.16708383649785,93.55852506245387
1321.2579371750853,450.73136515460743,50.4193770947568,93.3446307571265
1312.307882846661,442.25423238938936,50.03551587245516,93.60483500826578
1295.7501193367955,456.87388756758855,51.09529490634604,92.5543655179563
1279.815844908462,449.54886255947326,50.54767555012279,93.56541845624497
1297.8992559867545,459.7418867412178,49.59019635008048,95.34229962766801
1270.362270829335,448.45928443453255,48.02386972888399,98.59402767853854
1297.0030143521649,438.72472501501016,47.224602379269456,100.44142715723176
1307.6305485169776,439.1843861177752,46.50446713985423,101.7621700495105
1300.026746277071,442.0438004312665,46.79859086100024,102.37916019007545
1298.8061868493674,468.9084025256445,47.52805123862454,102.25473810581173
1317.8282491207683,462.57734308688134,46.87202636623259,105.75751326385553
1315.7296401593624,458.04690793709074,47.32789554560566,105.1498330721038
1276.0954600649964,460.8350049391859,51.92521233834161,99.44041334381235
1312.1065474378568,455.4564820896089,51.008605524749655,99.39167577117678
1310.7598819239113,450.4615290598341,50.65227515470698,99.87062029813369
1281.5028207250107,434.27634703709526,50.16110275270341,100.12585296543752
1281.8980598210733,425.29143794819953,50.069455761178006,100.1784901282143
1282.166141969312,417.4575219042699,50.0637396630184,100.1813069954315
1283.5388953233783,406.5035651741815,50.03906697168611,100.21443407865517
1284.8240804400584,397.95605017362027,50.02592196568185,100.23264561359109
1281.8621868756593,398.8383480676409,50.024385131314865,100.22970396411493
1281.3556154226421,393.30291010850453,50.02253758839725,100.23223862719966
1281.4988175711123,391.5277046234162,50.017028166983266,100.2364610044656
1280.4107144253567,390.82720098973067,50.01382829241811,100.23986571370067
1280.1156610145722,383.2269755159535,49.82960068329266,100.43079231585702
1278.3170906329199,382.0255649711306,49.82122835074144,100.43868018177837
1220.2478650123244,400.3900628773542,49.8852777364638,98.90206718183127
1212.3026053362314,395.0504211128728,49.85988922884716,98.81463280002747
1213.48970274726,395.6288590941716,49.17139196233194,96.59839108807063
1214.2900385757246,390.654429846205,49.155749311407504,96.60457113246578
1206.19160498791,391.2324804121521,49.083525834570466,96.44647121841379
1207.4898145466232,397.9398370045978,48.71721688560153,96.6934144132221
1215.946359729161,396.6055961085724,48.44863488234212,96.74701778921145
1219.8906244652467,397.99866307591094,48.471062269759294,96.72158169617862
1228.1937548815276,403.4335518532082,48.16209223919952,96.35508859592977
1226.4103642210762,406.33336098926515,47.64608413902058,95.09899125124514
1229.1715324214383,398.31856193005393,49.00739708750922,93.52541897477015
1219.9577041996342,407.3973122994081,48.154726687855465,92.9715139697043
1222.3299506336675,404.2154854327061,48.14566835195473,92.97854548402265
1239.7559380004623,406.82684829765486,48.7427368922909,92.32660575342325
1224.490196598896,418.7302969246379,50.7201234734996,89.6805018039005
1224.639419068864,411.0316573834174,50.36018757314414,89.95087449138303
1249.2363190477788,417.07047793659666,49.69417768489502,90.59109742158459
1250.5240336781198,416.9356707913089,50.25822591559134,90.09885307005875
1249.3625495009735,414.7457607304526,50.34501730226355,89.97864362786757
1248.5364106795132,411.6480268026868,50.28573326534389,89.89892685205155
1247.6475241428657,417.85215582406477,50.2948585486839,89.88507894265734
1240.2439943495656,408.37672454012693,49.91260615408262,90.14095516714926
1240.7730438108556,408.81189464427473,49.91176536062248,90.1410931716871
1240.3615032770285,439.1376944339755,49.672938183190055,89.68674014379914
1242.550119528748,438.00677166922827,49.66865098843669,89.67943136306728
1251.5767126916367,442.94615132295917,49.52610537921212,89.62637949121338
1266.380416427354,430.9646711307071,49.34860284552112,89.20233883811983
1258.0590420905958,425.12645693505306,49.78588620226553,88.53605864178138
1257.1944218517765,417.7924887744811,49.556552861697305,88.76175806259572
1257.7630365926761,425.74797170691033,49.45787280311548,88.7638027949663
1258.2925833242682,421.6493707385043,49.379340477130796,88.74926328432973
1256.6692950852168,422.2144541253794,49.216422555209135,88.8388703991674
1256.9579206031997,414.1919063528185,49.18030224081241,88.85515735053917
1256.8771526234234,426.8939174726885,48.47260036018971,88.3553404330648
1263.7011891555655,417.842230907597,47.86582616217714,88.85508921937573
1264.080089255523,420.7116490666676,47.80433469429516,88.88047981468671
1273.2618211767099,426.26836150373197,47.28527888719974,89.0219062818055
1273.2138890875258,414.697392233582,47.13965195643517,89.0049893838731
1274.072016931564,416.3598773166956,46.57552079247539,88.86863883129325
1271.943812385936,415.47607427554266,44.97814627624818,90.01810385849205
1272.4340711938266,410.3400293601463,44.506578834321964,90.78448118012959
1265.5816900237498,403.7626587524997,44.19656112991955,90.10396391153601
1266.0484479106801,405.8052767596696,43.82578216531263,90.39987051346813
1264.7158804154235,414.6843279193356,43.3730988002658,89.90960381120153
1263.764846961575,400.2072150900795,43.0585948537758,91.23317799571471
1270.8230522659087,399.20408865658055,42.386228358267616,92.35825617914179
1262.199497441256,389.75299959420715,42.603854212407214,91.96730724395209
1268.8203703673596,386.4928504831147,42.676090370087486,91.85198916364676
1267.4444476074152,393.6976573585448,42.08216219307698,91.72485374530602
1273.7399539525138,404.61552705919087,42.95017202485232,91.78534122694853
1263.9259455276117,394.20365041875874,43.15890405410003,91.35016430151396
1263.1998990228385,399.2314764587322,43.298083407411426,90.91349262928188
1270.4697273262502,403.1108017241844,43.644584790090036,91.24692316832373
1265.4171721309265,407.25676644523116,45.473803876721206,89.18259573123504
1257.0281798634928,400.11133234174264,45.352786336393265,89.21425525901293
1257.1568897042184,386.534486658403,45.20232535714863,89.40761375520883
1254.5879836501526,390.3836343942971,44.98311517981884,89.37271082721342
1257.0751220632696,386.70074498974583,44.966244397591126,89.398386963739
1260.0862918855626,395.00752569683897,44.90663992909205,89.4438984255293
1261.545225086269,397.9323323184274,44.84853738838155,89.47352331101445
1262.750466080054,410.2803921581493,44.647717122994784,89.60487822568683
1263.391869810233,403.68453317650074,44.645088805588884,89.58555283113496
1263.0917193435544,398.04290206411474,44.642095485596855,89.58235704046501
1264.9733421553117,391.7339390194651,44.63259160326228,89.58790310199329
1262.712144679591,385.5458304705954,44.63202589186215,89.5874407792616
1252.6162118510367,386.98839072622604,44.608870415547855,89.609754254664
1242.8211048848796,398.69316868871164,44.576245373862925,89.51801029563524
1235.1172585434658,393.19173754719185,44.436179954273335,89.83545254235888
1259.976728363134,386.3971597388684,44.07657335326708,89.84456531995549
1258.1014133122683,387.22344304668763,43.48045319559928,89.68667314851561
1256.9290963078574,375.59597438620096,43.61930359884544,90.06092466321458
1256.381574857369,375.7914208150816,43.61685833492019,90.06099407833574
1261.6585944308679,382.0931033523654,43.283695881648285,90.57283572221293
1260.2761608629762,387.04603904628385,43.029083981100534,90.67919997585554
1259.7417806707049,378.83411707613027,42.52129638533453,91.95485723250792
1257.8846024970626,378.4372453655415,43.05811195350541,91.7383314886464
1256.467333080973,377.07901078090345,42.82183808350564,92.09883718937091
1256.7682416718885,360.1075029879762,41.54870958280043,93.49581319392654
1255.246734121646,376.1008867874718,39.12523346090328,94.81284808516976
1256.2357797987343,373.37176176712273,38.39276557607975,95.19740008204461
1256.5561768916673,372.78296700694665,37.742931462939815,95.1351800893048
1256.8581025374926,364.5311794134931,37.96975189894662,93.59634537936128
1253.8953620814095,353.0639192007314,37.48666252150067,94.93161691877626
1253.2879267970766,352.07749492645337,36.69079733996864,96.82037998795369
1251.2653917148327,348.5286093394067,37.02812123713732,96.8879254082627
1252.4257485542885,340.54992717361984,36.3943901899094,98.80237248824965
1253.233003500577,344.92843549201154,35.64178611054931,99.38383298617072
1252.3521978909318,342.2197373559984,35.06815243581199,100.00828721107797
1251.976991424314,335.3092504618275,35.48984175959992,99.47929399655109
1253.7206236426289,345.36719977582834,35.95582820798015,99.45994154164505
1252.1221987330734,342.0996421499726,36.0268259190894,99.33565728392658
1250.935891674737,341.25734175222124,35.49215625280358,100.6989432975251
1251.2337147512696,334.9469473301711,35.403699611990874,101.06570286763858
1252.0134101821684,335.8745218534591,35.80453981594332,100.76025968406158
1250.9297763753225,336.399361253713,35.878153035485575,100.78625744395573
1250.2623079753391,331.70790499389483,35.93541933278963,100.84194904684401
1248.6603866396692,336.7197666789104,36.00985793613597,100.70850735405898
1251.200823144885,334.97149887904436,36.31829766984548,100.14304172545847
1253.4146508234721,327.96466538918617,36.13252749791266,100.11162947391273
1253.1109711089955,326.3413231496723,36.435838686681144,99.49235168601844
1252.8271109375644,325.2251267284203,36.71578822180045,97.40692350267398
1252.1572722599503,327.1301419971443,36.790449259661045,97.33470238485808
1251.6253639086085,326.24560239805413,36.804189239245595,97.18665158959956
1251.921809822878,323.1862456347602,36.66196061966824,97.44105008322849
1251.4459485983132,329.35357244388433,37.785662138507504,95.65938547102265
1251.5570960487871,322.8241896734201,38.07765327881964,95.0263709216191
1252.2833834405958,323.43859580364835,37.52303409164894,93.64208627825951
1251.9705620479037,321.8594405344637,37.217238669406825,93.0815597938474
1252.1283508957158,317.96565158833874,37.18304669355899,93.15296308358886
1251.3133712114252,316.5451065769761,36.50201644383888,95.63253764391565
1250.6554880658987,303.1975473292342,36.06372532751255,96.61654888537096
1249.9023619673471,304.64574211014536,36.05653929982314,96.6080670670027
1249.345162493457,299.58887074519015,36.069460982245154,96.58501761399079
1256.3284473474164,305.6408237331015,35.95602924429728,96.55796252928131
1255.3222481598502,302.50828948494507,35.69398446986298,97.36018188542697
1253.9805807301439,310.85460564033025,36.41060363580213,96.43990274695891
1253.2146236047856,309.7808554496514,36.40724862611191,96.44145877139812
1246.1624253948708,307.8739184934563,36.761133876508055,95.84029838965999
1246.942291413037,312.0657346384011,35.521774749482844,96.25304995749744
1247.2850708639573,308.66210279793734,35.497551077516235,96.28391974804414
1247.7623181435906,304.1402127056408,35.54416385334029,96.23949840981001
1247.696227468746,315.79081154164015,35.62872226532025,96.10229648060921
1253.1408834273032,306.77245049964074,35.818116135864834,95.72126725235216
1245.8400811384263,322.28320680775715,35.5960703535111,95.92059699756958
1245.3449540377867,317.918844729768,36.14104352604272,93.56355150022748
1236.9228351251297,305.3999276842628,36.267858866004985,93.54678010722904
1244.7997043713417,313.1758681274846,36.42043617710909,93.0893082097382
1243.2276399982347,315.06810045892576,36.39473102477845,93.10244691561503
1242.6395733762486,317.29155661268726,36.67163498064976,93.03784642907586
1243.002407833976,306.3254814504759,36.11047643449571,93.30830890254647
1241.6459232548602,323.2087601982971,36.251089368667174,92.30215790104472
1242.2517852005683,326.3533261649967,35.84942341535015,88.84059378342619
1241.2609065038844,329.3118169926818,35.06632303970546,88.39310551718552
1239.1285493565263,326.5194041549383,34.58498888395154,88.4528676779631
1232.33917838782,319.2037500342224,34.420715532057166,88.08491215596713
1178.4981353520175,403.73613729756295,34.59346322475646,87.66059478260638
1178.7740515121336,398.99018517528896,35.02245740160177,87.15871603002306
1172.0148606710695,393.03654960741267,35.75542534166459,88.12330203851724
1171.549416300408,384.7005207876158,36.05479339445423,88.82191092475409
1171.8927093625234,382.4545252626822,35.9136097970784,89.61130840963419
1171.1105888740685,400.50749589103725,36.08865366285864,89.67772661947677
1167.7342505123138,394.5479987360581,36.151194430557695,91.48204159288716
1167.673644689191,374.10244646743206,36.68546164573671,92.26818854957293
1167.8566291979594,384.3993825425868,36.812055697066405,94.6559982229938
1166.5818686553885,391.3179762000893,36.53019069288357,95.69121691384825
1166.3119549437124,391.74201013715344,36.81749257802935,97.27905449626289
1165.805175756331,392.18522218590147,36.47423740279673,99.66997319509252
1164.4562439272374,392.50291527843746,37.4993375941492,101.01710270273142
1166.5036741888957,387.7544096557265,38.048714112306016,100.95373778085599
1165.985772782519,386.12170686005084,38.09347252293674,103.45990739408077
1166.4063293043114,386.2121653351801,38.05211076109018,102.35209846126688
1167.757959035218,393.2823900375918,38.60601625441642,103.56785118199274
1166.349490232148,394.7510838747829,39.037425057684864,107.15689745231275
1166.9685798223757,383.59377981704165,40.030471129380516,109.45548956132548
1167.1326669421724,384.1987324901749,39.91383110678706,112.00360270871136
1166.519318665829,384.40836410471087,40.62468736749729,113.75582538051829
1167.326596407273,388.24789176627814,41.577705670391076,113.65437101334689
1167.3375477795869,378.6294769661586,42.31741003626344,115.2920318361201
1166.782466486103,383.28874110718687,41.69389285180792,116.36253401060665
1168.1892300290406,375.5853034598124,40.101371086481635,121.35446561028715
1167.2073202279075,380.9144387369072,38.75963796772415,125.24007551874405
1167.186682587929,367.4805449973099,38.37895414552775,126.65297751515061
1167.1840278880845,370.4023546551577,38.162115842045964,129.86339052519963
1169.0037468725332,370.91720192710665,38.207697604669875,131.41686711052844
1167.6611654786411,348.368928192395,38.11120937240421,131.21930523546925
1167.686845002237,359.344006995802,37.78103711210244,131.65813230883109
1167.7944440857825,354.10451848537036,38.075840485195364,130.78321128129343
1166.9730145239632,366.9759581223927,38.09285644152914,129.26919858439723
1166.7599790171955,346.251390382452,37.74798434984359,130.87939439753066
1166.646543341686,347.1086957748474,37.37454913033274,133.6811725058673
1167.3182430714687,354.2101908390558,37.64025394647047,133.77150589429604
1166.7422397664754,363.4973236275974,37.95046350264331,133.2423777226085
1167.1137746931456,346.3250749574779,38.11446905442382,133.22128210630447
1168.3017337840947,355.9934485312375,38.18009564372018,135.02157795805277
1168.1940487527556,334.75461687121185,38.11281043749065,136.60741846316276
1158.5454061558698,328.59280742190913,38.308893620153775,136.44859450593322
1159.3606408485327,335.35232162204755,38.436200495203906,136.2185561264083
1167.9576608643893,344.4479947645975,38.41042675987764,137.27734144836407
1168.0536583159762,357.7779658977602,38.71879389531622,138.13539692373786
1167.4726412370862,350.1590638170126,38.80716028843264,138.37443513979852
1161.8047908909682,339.32206491454355,41.864029498734865,135.49199449869172
1162.0900826546972,339.4737235140391,41.80460068252358,135.18002037138487
1163.0972319130208,354.11648492271195,41.928344138990276,133.7146574661485
1164.3636653331298,359.6716644856714,41.82273888973002,132.15043519630876
1162.3486687157974,359.7765176425277,41.71312326437859,131.70309279327114
1160.9686023807692,343.53443989653346,42.85189694376611,130.08289342686126
1158.3322678045447,335.52483107337457,44.11815597429732,128.30605241839385
1158.8418437900937,339.1730317222786,44.63820132890575,126.99177687971054
1160.2605253955599,358.9723928170404,44.9146457961959,126.45523807031401
1159.8922130060241,353.0436251672305,45.00825107787289,125.91053070941122
1160.8699783332681,344.49305670570516,44.41891038004992,126.71143379151948
1153.963363275448,342.25123222569874,43.977385475548644,125.44589766623578
1154.3954784580774,340.839711180642,43.34414863448379,125.45856096644758
1155.4439406571682,331.7649605346916,43.77886810379443,124.65512799321151
1153.3515854428977,338.71369406902085,44.77985031425699,123.35568910753648
1153.8134185593879,344.6510891351055,44.88342674179915,123.06824982070407
1151.2776110364703,339.26932489712544,45.3179472899538,122.37120223923017
1142.1894928096397,328.40292920627337,45.35708733858557,121.59561273104165
1143.8381941601756,338.757655624299,44.84440410467679,122.37985420041039
1145.8065716765245,330.13933762979434,43.88306358652074,123.80283242879953
1146.6779789055506,328.7471071044144,44.29402577412876,124.42231783640145
1144.7071523633635,331.2983095309405,45.811370558484825,122.72973878519859
1145.0016817742035,327.3975627454738,45.9292910115548,122.75322914034224
1144.3762712644343,326.3324405058801,46.22724237739128,122.96920596034235
1146.019250501763,324.98269132573046,46.21059747657097,121.74030833408455
