1631.5,470.5,222,282
1576.8513638244472,472.5699316438204,222.96001496585177,280.7292387135494
1509.9851473883755,471.8527967731075,219.87985628526056,276.5733275811043
1459.8666716397106,457.25763945405913,215.4120729803443,282.1039494549188
1424.469030025302,453.855521971513,219.9648330158023,276.0541728843666
1364.4092827627612,448.0960570589935,219.21939834166523,272.55191206609504
1343.3302233649285,443.4164336237018,222.56977025012327,274.8241828853479
1291.564783690285,432.4486523218163,218.65869403300437,275.7897957668287
1265.2654585552546,437.43604120384487,218.9848032569226,281.0118878529304
1235.8817760730599,434.46326909725576,209.5065856407454,281.7073214398879
1230.6452671660645,422.2196829028094,205.0301663133177,275.1169677362513
1219.8058433668632,429.4832102380757,202.68052575254086,273.9783732250205
1213.3603134043967,428.28601461586953,194.62751486143372,281.77211988096235
1210.8987106153547,425.24233988309334,187.15314887579683,288.3373930973922
1216.6074832462864,430.3504953379721,188.25923566349402,290.4609097251712
1218.916761849251,423.0402710636715,187.25071030075034,294.76909287765426
1217.0046935020869,428.5739773399243,187.02744032164696,293.87081446516333
1224.4070057922627,425.2241853312159,180.39732002138575,298.3167192070674
1228.9631223664283,421.7194248560842,182.4797232179646,302.02193555756895
1230.3267446442997,423.44047420118477,179.5754938007287,306.6759844045991
1243.500880924889,417.0223128695062,177.4485843071768,309.78208341225553
1247.7924624415177,421.1833491775964,175.00776717922346,310.2644150548032
1253.2552283949133,424.6601710414477,174.31839936544964,309.18680892475686
1263.3460157802797,429.0414787724006,170.07827757475857,309.92875870180376
1269.0870390182422,426.4682315661655,169.93744527882626,311.3045900912789
1268.6515747444805,424.60726347700586,171.2203131791004,318.67877226798083
1277.7118902128716,418.94646014521953,172.07692948047745,318.93635114529854
1282.107402887455,431.31415581267976,177.31782361068048,323.01489413654997
1286.5009475657992,419.81259158763373,176.22173376189636,329.693315555392
1291.5156384829634,427.2695664346061,176.88946114997987,328.2038596511202
1291.4658343916988,425.2622390084197,178.31660329285157,330.3701567068239
1291.9829640289488,427.41895129535146,180.46668783320138,333.0402459650527
1293.968492902834,418.1795560597475,181.9952362179381,336.4181119443783
1295.3495667157033,429.42576640908396,184.88998995175777,339.56324922910386
1278.3868721349695,430.0597451534272,182.2649907770437,345.1031697578429
1275.3137312810752,417.4666092473324,188.37538639085824,344.217780574549
1246.734120783201,424.5593365544379,187.5713162183938,349.1367895376086
1222.3147765883118,423.8464851842965,187.83629702760575,348.84518959787584
1197.3359468669607,398.4595070437614,186.40892381649914,348.78891516605546
1167.6617458798223,399.8954715848647,186.16306843603985,349.4184947966173
1147.0304650894363,402.8809703938481,186.16203443575702,349.1332390800483
1118.1271340846556,397.509083398077,186.19616302857045,348.8836287103234
1084.689929382783,402.5950197232163,187.0194554889561,347.6405842994857
1081.22729628808,406.48631853000825,187.01936958180482,347.6391785117685
1022.5236165892761,392.9117063089076,185.54470230704916,346.8213771971339
1023.1961774022875,405.8314051100562,185.54161859720986,346.8191320759157
986.7905544569825,385.81422745518046,180.3148319560816,338.7770980729231
957.593313496903,387.40365408008705,179.9956069060258,338.6216653953908
955.7651629881724,388.20807603913113,178.7723546054633,337.30837963188566
958.4903199842674,407.5248536771363,177.88932233629575,337.61725675943967
953.2193208632264,409.2419482654393,176.8372901981288,337.32492949842214
955.0575402544464,404.23791461608016,175.7668790188382,337.8668207641204
953.730087344724,398.4613398177189,174.19827028139815,338.4825647746001
960.00911053009,393.8450724339122,170.37251513228495,336.73987695462813
961.8798199254031,387.4867127602099,164.43239925150962,337.7126387825014
960.3145186174179,385.61406208607315,160.75473427409634,334.7372918420482
960.6598359090291,386.8083168185625,158.924845716913,334.84779174787326
965.4307185969161,403.16067351512265,158.70442853144664,334.821976212419
966.9318122938415,379.48216095408327,156.599172309013,334.32099199611895
972.0325878817621,402.61013712370686,156.0219535611504,334.11041548084626
977.2100240125195,396.6866956463555,155.741669121596,333.8803588527244
978.9388122024808,403.3491680092897,156.1730709845476,331.3662270769902
980.3322496339847,391.25396479557355,156.13262484964352,330.98601010659536
987.0712961608724,402.0324724423856,155.98490365255742,329.9990574503003
987.8304411121512,402.9894887490491,156.4771218104551,328.79627085061475
989.4020969494733,395.34246675331974,155.94329242417163,328.5492477186604
990.4859317547852,398.9097654851777,154.54793748124968,329.2029932076727
994.5348497949137,398.68400856218307,152.52535631813714,329.06398470478126
991.2526098326507,393.0235734166045,151.9006434707516,328.67479010793784
994.1596026552418,397.3477434306812,152.20847922907296,323.829139393673
998.7100221836041,392.3841878406927,152.49213590751665,323.1776897444875
998.8103487734506,402.57218251214294,153.22107581406644,321.95464496640625
996.1890078348414,393.45387981675987,153.21760195245432,321.10039189769975
996.0817738423341,399.4982712546955,154.00890449690957,319.95842355887686
992.0563969534027,393.62573118859734,153.63269637596872,320.19361694943495
989.5332509154177,394.7819521359485,153.2516703557775,320.4501452581323
992.8894423168576,394.91139638091823,152.88731001383522,321.30989075371224
995.1363209268563,392.70640339023845,152.8421521323693,321.31780382857767
993.7068236908821,388.84292064984277,152.19271707703524,321.11682274183363
993.2901504042029,399.68308931123147,152.0269814427139,321.0603066776012
989.4664936038192,394.33789733070546,152.0018878932126,321.06121748649247
994.3264082441032,395.74093423982845,151.9788712423445,321.0732734461548
989.5657216865914,388.82758919976243,151.8486025116649,320.9739362283133
985.6240838533738,367.04099735707075,151.112478153686,316.65181428015177
978.9548961073447,362.70225364603584,151.01588469738,316.2189262978637
984.6537824434392,393.5693132774844,149.42272132389684,316.1177301611872
982.5176657575314,383.201156684739,149.22639209271566,316.06137595776204
977.5473090456053,350.0934939487353,148.51508696950987,316.7141938003749
977.0722910188641,372.61365173508966,148.54136368175222,316.56389669080096
973.8573065395491,372.06386769877366,148.28478202316438,316.77416835096494
971.8897871171216,383.9050892773273,148.15448225641657,316.69567187964867
974.5562926540147,388.70873626473065,148.1026177089671,316.67474551195863
975.3080387267369,390.8314021760549,148.14767640771527,316.4523905646154
970.9879628099225,393.37250037309855,148.64507654761832,315.3767215943867
969.4867978873383,394.34016148271144,148.69212370464578,315.2981998121345
964.8212737759893,358.78160235017697,148.71292641342785,314.4942060166566
958.1665377421641,348.32324533215285,148.53084231347574,314.57106104391573
954.806206645812,374.71104518437653,149.10868510157775,313.62739340733947
955.3947781362909,392.7081759210388,149.28906305853954,313.5918836124818
951.4767585291468,403.8749748086743,151.06093620379704,313.8079207706823
946.3382627529774,396.2827326298965,151.7318276737386,313.5144989011262
923.0872031856071,369.6241610073255,152.17418957581296,312.11169814602414
922.7810046344455,398.1211466342674,153.05995524536453,311.26777419438633
892.3600261216328,375.8430432747407,152.78148609301144,309.83399067906475
874.9484750285785,380.58849072475385,152.66543651520396,309.1926441188822
874.8318255868014,396.3405812732736,153.13823624919718,308.6761224761884
846.3500716455302,388.0183490926381,154.29250951259908,305.56722608916834
821.6212832179527,371.8126423534501,152.79368454280285,301.24306675260294
805.046968385516,390.00421775785907,150.25098425162162,296.2256881910995
804.3888716808949,394.5244129655089,151.2267417387178,289.5683150773594
781.2478657822762,376.7041750633233,148.77892184039877,283.6673899723066
774.0977625224202,388.8335914369465,146.86818895276213,274.40462236483074
767.9359000462618,393.0347639787976,145.51734954350647,266.8752066753736
757.9138971052595,387.90048407144843,141.44349653879254,261.3211527739465
755.0765855604948,399.6246776107264,139.15463248003698,260.06330791645996
748.2238994245813,392.50551733139935,136.81969675320667,256.73915708534355
744.1044948926271,396.50599038221674,135.29221801346517,256.8543122486624
736.7713278277301,390.44818600587377,132.22358777253163,257.1181954230402
734.8864688151168,391.42916547261893,131.13005458849932,253.8828327257788
729.4175369685936,392.4256248282726,129.4541420745755,252.06020624293183
725.0084189226205,391.8746324161933,128.725311477984,251.39814010654953
719.7672816061267,394.30687589570596,127.72488385572251,251.91590250284048
717.358538567581,394.2933714873791,127.24528893916161,252.11165673291683
709.8626377679471,398.0025496562373,128.27043480722816,251.90749898452535
703.7267395640032,393.7135740135524,126.31625903951789,249.58867502422868
700.704547437785,403.63165216976154,127.93430843401379,248.4431410415222
694.3951613562266,397.71146303329107,126.24346450826329,248.92941527240998
686.5144302082498,394.99628650777106,125.10681164613592,247.42181914284703
681.3378891826839,392.57158790497823,125.05278539038295,245.27343888642702
676.8004898374754,388.05740686536274,123.91742001067037,245.28344082771852
672.7363832197617,387.6250254397369,122.71878140131028,246.40997571552276
667.2876106567792,384.12126553201017,121.62818356005126,247.38841847790604
661.9543111505345,385.5263293149142,121.02051442221088,244.8672710980835
656.895807142259,383.85741104187014,120.28365872263653,243.86326117810725
650.3510363397202,381.5930039398329,119.87991991694747,240.10580810160312
646.0292505676456,385.30669233850773,118.83542307120419,238.85112026528247
641.0481125361596,386.0000484125646,118.94669930202275,237.6719156231817
625.9412496709258,385.3113802375838,119.164291228169,236.03706854533252
623.2565037498459,382.6359307132424,119.3855320136576,235.18069363390197
611.7649753919932,375.2163027556503,119.85158471630166,235.76597081983806
611.37307274493,379.3964048074813,120.13484444911433,232.79779552476973
601.6384612330996,378.10848546400973,119.55507531579272,231.6545675918398
596.6714417533651,374.07901337098696,119.29163216619182,229.7626212368087
592.4552580594408,375.80757419173483,118.52972369802245,228.47570065846912
587.1300408036954,383.01390470612273,118.67359025449636,227.27788051867037
582.1837134432477,381.119683087127,118.33657635814302,227.2590434546141
577.104345895485,375.5599628507671,117.25200910839237,228.3268262506371
571.8096549703575,378.70035621856,117.54272400460692,225.19724338582466
568.2693777962801,375.83615425922085,115.7676484318024,225.62108473583837
563.1710096639273,370.0589531845108,115.68520035507734,227.8404172288864
555.9788558766626,370.7716939951641,116.10298857383273,229.05385400739056
553.3992208766399,370.04677607777387,116.89086298595704,228.57293851847106
546.4483256855481,369.3256201550204,117.96954183402214,228.46537617746236
544.2128118176654,370.1908265900503,118.85423510285308,226.91704344215185
538.8219074344569,370.2321840892803,118.41866429926296,228.37893191067957
532.6556317331452,365.8328463147173,119.83370376188365,230.7223648259859
527.0948870065782,368.22116538229113,121.46892421782533,231.3493307214473
521.9590726984954,368.891592357455,122.08353321881764,232.50356630206448
519.9818663086525,365.24579011963414,121.61055542309458,236.3105935987511
518.6326275177214,359.5796483716417,122.21491727085645,237.13165520905477
515.2772465143782,364.13555646263393,121.44041259205689,233.10693667187627
513.5655440986317,368.8159948520574,120.60425683852799,230.48661279525103
509.5842958474157,373.1024907504915,119.93791957020802,226.99718384933493
508.38662883977617,364.3479768384549,119.26316782155584,228.22158185163084
505.53470745596405,371.3876105619348,117.42660054737098,227.46240660590394
506.9526103099547,366.8869255987353,117.18408612204342,229.39806121934527
504.1011039229883,363.88969329825034,116.57177315897688,230.48801389175668
501.4515682220772,362.2129034054946,117.5972759305805,234.62114601777566
500.8005891322645,362.5967335200547,117.63472574362109,234.52213885958213
499.0303831474791,362.77159447277745,119.5793693807105,234.58779176960076
494.9585030948476,361.5529506291219,120.04154655826974,238.1943598667248
492.72734314755985,361.4664804981724,119.43023468938696,240.82090005843327
489.76992310380626,366.63947875284975,118.18854391980791,241.7024359358584
493.8777500887529,364.5705850019697,118.04297261440435,239.03144419796405
492.33917169688385,369.3162290510853,116.73274736765545,237.21847793811156
490.98197262506153,374.96126074220274,115.95227937856382,233.870475503295
490.8939215365747,378.21916532432,115.53342181966713,233.8991447555033
490.8174271271172,372.9868166285288,116.09969193030537,232.77970804521806
490.0353150333327,378.9306842022015,115.68529284688586,232.79678094230616
491.9913979024471,373.1397253989001,116.95849803074573,232.43095417940216
489.9290182259898,369.63204732358787,116.9528185790339,231.80588655530744
489.8602443592049,371.07006826738257,116.64797333751177,229.87154458980285
490.1169036467349,368.17833482858146,118.79025817126524,226.3026688618142
486.61973960033805,376.24194718742285,120.21074707643685,218.87742378127746
486.2510491993147,373.9063644424923,120.9565115139151,217.21425489766443
489.25169897834746,375.57777845721637,120.92404397184076,216.63172440506622
487.2831332921148,370.94838701985236,120.44728784354312,215.13176113263847
487.4418556513344,372.96126684592497,120.05167249029786,212.79703424778913
488.7459052654482,364.58702751920873,120.32281258282526,213.2293660506357
487.77348346417295,365.74066473200094,121.52662769769336,209.8437172392176
489.09180015121456,364.5234492476239,121.08489698207264,209.4488225320073
490.1085683470682,362.49992532227947,120.21117006054202,209.34741905441857
489.99338650583184,364.636660933987,119.62552791701842,210.0982269485877
491.94429137871197,326.0602661135721,119.35880423082844,211.73859593512063
492.9160175169864,352.3725040301281,120.48152836876936,212.38392219551451
490.5484728168256,358.2500240389028,120.68160838493561,210.81919742454713
490.46362194384767,357.29335401593335,120.72746099972457,210.04049964966995
492.1044741817699,357.6346894133097,121.41263875273148,212.24185323655487
492.45496366791247,345.56554421245573,120.6214807766712,212.82008504451275
496.06330743509386,350.92291941419353,120.10833642849622,214.09278619438192
493.5042602919546,348.3389065990798,120.62988168065601,212.698268432428
493.33016134803745,351.5644551265189,121.68545402203489,211.67481801451262
492.81952786995714,344.855834459162,121.18355396407358,214.68545172135777
496.4047785295352,349.67981598859535,119.80799788493822,212.56415387321505
495.4544835273665,358.5025736640686,118.4750576063013,210.47694807732216
496.3790479126078,359.0282228633665,116.78005744690648,210.85164407493608
499.3863922725106,345.646706065132,115.88624551619398,210.43005204579475
499.7458103843013,347.37559546324565,115.84122603312542,209.09926952833027
500.4227152944039,350.96171249552003,116.00454706466584,207.01523126456283
501.87930101076034,345.2934469495967,117.23220519509378,206.13398224318914
503.91409247703655,348.30759755146784,116.46362595707566,206.08319387590328
504.68734625175,339.2534311266927,116.1406218780696,205.8704226757709
504.8915379530096,344.33555487044725,116.06238052653194,204.73540530605965
521.046598516361,337.6662154690766,119.51861300700702,201.92743951651582
513.2529423795763,344.4472000606961,121.06185408306638,200.3960251047001
509.9193970810409,345.68966902905953,121.41137447063406,200.02982534241175
511.05778165501624,349.6029410873356,120.54769698222931,198.1387127062674
509.78674700203175,349.0227862351404,119.38530638257393,198.50208780601298
512.0963024216932,345.9653241611053,118.49047852321632,197.92138235737292
513.2281612644374,350.04870523642154,115.88334429591305,200.3122564677268
515.7637359394815,342.83271815005224,120.19850838424036,195.70081747823392
520.147185863516,341.015993692188,121.90076670877873,194.6833188231617
521.6380375340342,348.7537990013094,123.62746075620073,193.18027862423043
526.9237844154454,338.9458590279362,124.1286817989812,192.60582234355985
521.193821916537,342.25336696012806,125.7725410085291,190.74180879088257
520.5659002675111,346.00586838023753,128.30254624143356,188.12914279606156
513.555417562454,341.59712870183085,132.4583201918919,185.55677344376852
513.1918870623588,344.6705150249703,133.93810125004674,185.59013461706974
515.0115584470662,347.5616324845091,134.44839427241033,185.61069558498545
517.0170698922732,347.19771056830416,133.85037744927243,185.8750332254265
519.1681087196598,328.63245661519227,132.97900915652917,186.11753682867172
522.8882322027438,337.4431522257865,133.3078924203111,185.87373387957803
528.0896981172842,337.6505293783854,134.2204751557444,185.34353019052534
542.9599221750915,341.9636770099356,135.56245120394837,184.09618361593192
543.6074318768576,343.858981806054,135.75290853267018,183.96757944819473
560.6004791608801,350.64269888189585,137.1933581540781,182.76119590228495
571.8700680305487,345.09540305512354,142.82533443695763,176.00999860014113
588.4217406090166,347.2635090151158,144.09022963646723,175.15883330529385
595.1650231214555,347.00768826954396,145.34666559578142,175.06651505722934
612.3244460509751,336.1134905043724,146.30656729533592,172.99914238383718
636.8025188756809,322.1018382924283,145.46507618693994,173.5027152861189
620.1998865255897,336.7265900166665,145.64890991788403,173.36355386339932
615.5306865950064,340.255244100953,146.64682134521277,172.68277920312713
628.896552537266,331.4145808974135,147.3174560988772,172.5852817576671
629.3663856217745,336.6097477724536,147.3934222016268,172.54763584328018
616.5465873502185,344.6467057474248,148.3425127632937,172.59626322829874
619.5150313043664,347.31018685069404,151.4305930022757,172.00585421389897
630.3560223302662,353.70947454951727,151.80152080155023,171.86046084597658
619.6383857365031,344.78878037106205,152.1402077616594,171.68010542847296
620.4576330092499,340.95147187379587,152.48327893004839,171.69242946569938
620.4677698568775,349.4317558173093,153.14162253339617,171.87958191558658
622.928779546987,354.4849618278822,155.60072669596278,173.4369834854442
622.7443694029844,356.9624362282134,155.8444604827274,174.11856889880164
623.2438255844504,346.3153322143244,156.84268614317173,174.37641904694092
640.883086663193,298.6961092805581,153.792557540374,178.41534098869224
641.7089609517446,294.4973156478247,153.48959102580125,178.81671577170678
638.7557672533002,331.9791474205857,153.00284478240087,179.11007126915345
626.7988526877803,339.8987492320783,153.01598383470528,179.10967570586067
632.7433719968492,334.13748330407014,154.16267843952886,178.60242335930124
635.1309473869221,346.91722902334243,154.69931001946,178.3695405785936
633.7361805992289,353.06275495589836,155.25222054606414,179.52092683909214
636.5064103606363,345.202172356937,155.3802614466807,179.5529631612824
637.5691284450933,355.33940720350085,155.41641394658987,179.5894885700834
637.7560061234362,344.8834377404631,157.40402533871378,180.6295936948894
635.8367012179099,338.6507617037929,161.46237869959037,178.64027867686016
640.3553077960927,328.92808622401134,162.27232683625448,178.2427703682348
642.0143086596623,342.6899755778249,162.48707953034932,178.20924320174535
661.6094130079703,337.27446593064246,163.79289973387998,177.74475792610286
662.4665839116833,348.0722758211923,163.8692496598141,177.7806040568684
679.2614010387107,339.2020521267794,163.83858299609136,177.8114872367099
686.2091541743039,333.1403039343337,164.36652624120143,178.16202391243385
697.969603956936,346.12438558667776,164.3318937657809,178.3260570341373
697.8073208013099,353.02305707739765,164.3335110251763,178.32688223507057
704.2628780620671,356.15420831192057,164.33366092321737,178.32986525796815
710.1921938598243,353.1678537717394,164.33707270844016,178.33653372706334
726.4217192244805,341.7146192740191,164.30981519201853,178.42924577975486
726.6657443411351,340.59627727213945,164.15763164839132,178.57509063594642
726.5339755600908,344.4745844747292,164.08954836826152,178.82923653807896
731.4382598307525,337.42135158136966,164.09939737607144,178.97173786251773
734.6648527176297,342.12167097120255,164.10966441832642,178.98386649313034
735.4913277231228,342.34697184095586,164.11416126860732,178.99187811951228
737.7918895945365,345.38947747887886,164.134451233513,179.04095392939016
745.2679515672745,335.2292343315215,164.30926133955086,179.22908930247402
745.4583914370052,330.9021310395289,164.20946545214215,179.48274599784838
747.7096534916732,327.98025649197285,163.5771727328056,181.1552528558694
748.7014160046997,325.6392337512313,163.44726370597434,181.32143825663354
750.3583544740369,340.49303720019617,163.29768315592602,181.64307864263935
755.8442143711598,345.41685232004346,163.29786144059875,181.65243730980515
758.7090039475606,347.0207058079906,163.29286305256755,181.68453650914273
763.2790115280078,326.8576260678736,160.3501020725815,184.58723026061708
764.7406904871833,335.5029729857515,160.34910981966618,184.58862970183873
764.9629082940513,338.68598310362745,160.34900164976824,184.58912939406537
767.0409265882979,331.8858946673695,160.32611373147168,184.7454891279094
768.2725713515852,317.87206110609145,160.27670049998696,184.43061550949872
789.950170009529,317.18003711258734,158.61742222096456,185.23470565368004
794.8124694772034,323.491675434168,158.61399466470485,185.2371518956507
803.3561234592829,334.64704637075664,158.65047744151275,185.24150210926527
817.3536238109336,337.4692282661001,158.65574185967128,185.2444352240959
836.9113984069359,340.1619415006621,158.65722757977613,185.2466249125037
856.1465916188782,340.12122260423234,158.65853991687783,185.25562662598037
859.2786416330417,346.3936033293789,158.6566969877024,185.25862995382442
856.327926648468,350.0269490394618,158.65766766729917,185.26330226885756
859.4810967807673,338.79682152395,158.72377823125274,185.37954217842125
878.2401823925687,323.2432675975406,158.96096284261083,185.34021906200178
882.7901472055413,314.0343765922469,158.5118463193879,185.72478078145153
887.762123474226,326.0621423070204,158.45539931332942,185.81040268747574
889.9532208757162,330.1564978525673,158.45436000122444,185.81500424134043
897.90940778177,331.54246988220143,158.45418044113075,185.81808626506475
894.8581679922067,337.00757684109726,158.45585616817615,185.8206411689894
891.320950306573,341.3868911178015,158.46356199385048,185.87296670951395
885.1201912579999,333.95511972127804,158.5353224005669,186.0114805108617
886.4177484639907,335.3262136061827,158.5372379129779,186.01524463199783
879.3606640423908,334.390810476868,158.54744767262065,186.03204519623785
880.0688889983568,322.1980162466851,158.66075502196495,186.13726675902066
880.7940816243373,330.1981267150462,158.7082385463252,186.1969785310386
888.2632751386474,336.411773575491,158.71317656042976,186.21877767513928
890.2009451234533,336.2368986235798,158.71412738900526,186.23476725782146
888.4252158740497,336.1913942096345,158.7173495177255,186.25992079124597
887.6435103590389,338.6547600024796,158.71851064883668,186.26446838798995
887.7203885287553,338.62922983184035,158.7216602585198,186.27037337169898
896.3551094027154,337.3761828894154,158.73204562851956,186.33590023994722
897.5190267110037,336.947879050771,158.72831389051342,186.34576439316157
893.8298956479911,335.7415066203504,158.730353406065,186.3554259295704
900.1481081461421,333.64585437039057,158.72872169131804,186.3581685131387
899.0621703366778,332.67510486015726,158.72971103209412,186.36130851146487
898.7927831133183,332.3303605466751,158.7347940725633,186.37166461727665
901.9507743815825,332.08340455765915,158.73701879998129,186.38812994981032
902.427919841837,331.0375966336977,158.71898148674546,186.42508428535825
901.9355143835173,330.5999944002274,158.7021896344867,186.4592235243136
904.6935687763158,335.902139236145,158.66827622623964,186.51514923028589
908.3131199318361,336.25172080937864,158.64085289698014,186.5688512194883
907.4168061203933,331.375759590789,158.64047696075315,186.57496124059094
900.864799815552,331.68400883412625,158.64057340222269,186.57533768715925
894.8954883292251,329.07579979478186,158.64087049291857,186.5761919917392
891.8017111367178,329.1606935015429,158.64123577576044,186.57704160464627
900.0421364156444,334.35750435169945,158.64137276673526,186.57849284134488
901.1233510974795,333.9835196106985,158.64267712384452,186.58241408554613
909.222085974495,332.82013051113154,158.5898072843643,186.66775198850704
903.4601830914395,333.76184558666256,158.59043399621507,186.67045550825188
905.0925323447873,337.3023032155022,158.59175650277942,186.68684983995848
905.6238795746397,336.15309458599967,158.59205735767276,186.69221800190246
900.9891991875959,337.67293593314537,158.5926479138647,186.69511042853696
896.8898121119516,339.9293751639009,158.59338396395697,186.69715267854326
895.0624318255034,342.12876691285334,158.59671607577872,186.70240236468985
901.5691281826579,342.2527243536695,158.5935887118115,186.71016425922824
904.8216857976058,342.08600583636104,158.59694544770528,186.72774716166975
904.1319635222261,347.0033461372806,158.60546159174942,186.75776592353924
905.626778128755,345.43863615630386,158.60969453079144,186.77398331362375
896.4937263256322,345.0490749314518,158.61563959821842,186.78875248802876
900.2968347782942,345.8583041852985,158.6163896652455,186.7910482222788
902.6659864372689,346.74957716684867,158.6172402092956,186.79987575046556
898.1315384445458,344.83410835125596,158.61754412320872,186.80034210441414
904.3489222091262,343.37230664770453,158.6149159907153,186.807577503857
907.245310067618,337.60730030193196,158.61530548064087,186.80942819283874
899.2799161884022,327.0271614404269,158.82068849969255,187.09597430268963
898.2446828666423,336.6691592297933,158.8168434099665,187.10233822102717
902.8040753216225,335.9217465340808,158.807694806769,187.11837988575996
901.030988442781,333.46703903458484,158.80758412727238,187.12038950831754
903.8998948790285,331.6353044464218,158.78002449345527,187.1617595234956
907.1252633673336,323.13397448095225,158.76769016958562,187.18153981576285
901.1791748269974,332.6079824629969,158.76847263508463,187.18328810338244
907.5798384539519,328.66489464688357,158.7701591827503,187.19199896433835
907.1159955309106,330.00652921189936,158.715076970056,187.29044236635028
913.7223659981353,332.2157192816751,158.71717310988643,187.31388761666088
906.2505142031996,338.34727372636473,158.75647968895458,187.39752803300664
912.6655999833581,340.8304866651565,158.75471350888668,187.4854964005708
914.7525880797712,339.6253743159636,158.7575881118065,187.50892748552283
914.6544715163009,322.8969164710559,158.08928906606715,188.26096341459603
911.7226236027217,330.0849790377221,158.18546160449867,188.29061239777968
915.0763705956264,332.72939463053524,158.32956874249913,188.49694894439224
916.3192514213117,340.94949429389254,158.4026764530057,188.56747654638858
914.3068499869914,346.0391911708198,158.42535262792086,188.59754495836665
912.9974611407193,347.19021757973843,158.43402981272877,188.6183485667683
908.3856022974226,348.51767668325334,158.44126438317255,188.64343805589024
910.570162963197,330.4254528763121,158.50307605028067,189.11666969687235
910.6724489037656,341.38834837708043,158.0780575378312,190.01522714504264
910.4701320818012,343.59377434265133,158.23411108360787,190.68399319104319
911.554556402666,343.9290408560829,158.2700249006795,191.30138719569715
913.459079533379,340.9418027788139,158.27240003360146,191.31027144273386
913.4232994960379,346.1116504216656,158.17375074518105,191.46050726359783
914.9945295193608,352.03868695971136,158.1785301451752,191.47581227741117
918.7057479588312,335.7489779673007,157.7176258590077,192.12922775979112
918.9415440868597,347.92551908130537,157.6760387063005,192.18809087479926
924.2668388421685,351.74573477409524,157.67630616742363,192.19125423104086
927.144640989545,358.1791474756688,157.67667950328587,192.1929781748175
923.6354384153212,358.1838750226271,157.6767865026244,192.19362833316688
916.5971539664625,352.88505457195515,157.6790737078371,192.1963786400283
917.70599265467,351.0101826538241,157.68378793679926,192.20548326654315
912.752498532348,353.6062829637714,157.6891057255106,192.2157992024347
911.5965502370623,355.7032700982541,157.6906147046929,192.2186814321875
914.1756864885317,361.56850523885726,157.694773918673,192.23197698197492
915.105523587824,358.6694284986804,157.69649484070922,192.23560817686712
908.5960403644402,357.67820006848046,157.6994262075207,192.24165142966973
907.1157068367581,361.41668970141313,157.70290775606423,192.24994981654476
909.5273815326448,363.1534198733195,157.70374707354998,192.25198695693925
911.439780377099,369.23212884797414,157.70379589076012,192.2520587842413
917.3357828864948,371.48863889809826,157.70417788063563,192.2527553816859
912.3370132816914,370.17381343034583,157.70649785959066,192.25663241048304
910.0498234730027,368.9128668510577,157.7083276570217,192.25860903463544
907.4246305886707,374.3964179461313,157.7088335886497,192.25893505188574
906.5505901747201,377.9793148677974,157.7093466436854,192.25972570028316
904.4682170114236,383.05214761976924,157.7095655540493,192.25995901530928
908.4058042060415,382.1300064058606,157.71028189662496,192.26123244807036
906.9704465258634,384.826033258911,157.71042826627385,192.26151368001882
901.9540283931211,388.19471589549494,157.71133742299364,192.26497072206715
906.516265466988,391.3447411320136,157.7117001969518,192.26544257645284
908.9101744159376,396.29798157503683,157.71227770386835,192.2663303503796
909.8143412261267,398.0323421801245,157.7123254025361,192.2664182680119
909.6349772666897,404.04528740446926,157.71257385139558,192.2669579493272
903.1288937146116,409.7377719675005,157.71295640202388,192.26753264650694
901.6700779094942,410.6013091893539,157.71299739412495,192.2677693371385
906.1207846325849,413.1217150536016,157.71326489429393,192.2683971418768
906.7917025541911,417.72285044429583,157.71342023722337,192.26843882997073
912.2493285323955,418.147428321176,157.71314535448423,192.26882152168307
920.6297748288947,415.2736740770236,157.7131608883167,192.26896358161267
925.5825115151382,408.62142802425274,157.713169808005,192.2690762239585
919.7139715154417,406.73682735481134,157.71317400173402,192.269081290945
917.0783954809787,407.2429769630823,157.7131998003659,192.2691070036404
910.36541042912,408.8122668652969,157.71321413168346,192.26911228984835
904.4716306423755,409.68157808215176,157.71323517672974,192.26914423121508
912.3473293540252,313.7143063605612,158.6137428132449,194.6797313755681
913.4075793863713,305.987013812158,153.0217063506189,203.48256113942765
916.7683567388138,305.52521571586243,150.50930625159918,208.04383237893956
917.5132071292683,309.80969974797125,149.86953432658618,209.46678860061058
918.0569290500165,305.63889772559867,151.32637482880935,211.09199249887143
919.8743615397935,302.1521119613971,150.056856519406,215.1137493757852
921.2286699591682,304.3456577232174,148.84112252844255,219.3308772887902
925.3167049658271,303.066331087328,147.86183891878102,222.57998772581016
908.1953026293596,295.11597382409695,147.4005916202803,223.5445936631
912.6010737465106,302.06098476746735,150.07546143431807,222.8012106465984
912.5538454110072,302.1267219914507,151.07798634501395,222.0683121602215
913.0855263627209,301.23572690610735,152.9825349697693,222.80648409551085
913.4801499616348,302.98240436696346,152.92106948495046,223.0262515416575
915.4429574105011,299.4146872359092,153.06892279553097,223.0697973760317
917.4610388815225,298.65212482112054,152.82596916783436,223.65696062723987
914.9593021113099,298.7234739147652,152.25824186063397,225.97181105826724
913.1316031840612,290.85598574349126,152.20319645684563,226.3455279403659
917.160595633225,296.8114355051029,152.1602195312355,226.45201962197652
918.843345500524,298.4655709597759,151.6511360220707,227.8910126210168
918.083999427375,296.1074998315878,151.6361235298876,227.92687037727086
919.7892963460966,290.1015031071842,151.65202691343742,227.931340289396
913.1352513732378,295.8156152543755,151.71498441286596,227.89726672896117
919.9536108685901,298.06914439898173,151.64578270274,228.12515373698992
916.5846223622578,296.81118228255434,151.8477055810356,228.03404996233735
909.9418800422584,292.7093950970077,151.8985205356708,228.0216809969438
907.5408361062466,297.85178240773917,151.88619199915553,228.0860598941576
909.9568808070936,297.31332770577166,151.93429630778851,228.08003634902647
910.8747313938112,295.454428610691,152.36236642990102,228.16353955246294
912.2120358207081,297.0543646957018,152.53249749004755,228.15173505707827
913.2738872803365,299.044109553612,152.61981909357232,228.15002329917414
915.2897140912609,301.0355022894806,152.64069862144265,228.15541822637798
915.3436336604151,291.06803010287547,152.49892074368532,228.47711568186358
916.260693363465,288.1419028671628,152.50760374294313,228.472211015563
909.7441847561068,280.35732557757086,152.49265400056694,228.47683712947597
915.5993486306625,285.64944654974676,152.48002484459528,228.4879816902511
917.212598591063,280.37691193984756,152.44265332268938,228.46769179444897
918.4841634837018,283.58878228762006,152.40866855885074,228.44096714733527
915.222328008501,306.6591004633699,152.3089574177299,228.58206526238843
916.4295470529187,301.6631238239655,152.26439046842086,228.62858969293057
915.6347275222603,295.1962728093127,152.29338776414326,228.60928116315412
913.682822466744,295.4440328696969,152.3179416267017,228.57810968640388
914.761977908419,292.386910817938,152.29548665651404,228.60483986627676
915.6099340215924,289.87747127247474,152.24979732769677,228.63201592375597
910.350523159799,288.19269820801765,152.25689839393505,228.62655275434554
913.644302373819,283.40683157299054,152.25826914222563,228.6256303466044
910.8049262952081,282.2422987164015,152.26366858109392,228.62143766935588
913.3739622331049,286.7689886639369,152.27742451749532,228.61241507408963
915.2060321648568,314.6774426900026,152.46505124029522,228.6337180815286
912.3382630484894,314.5451412311721,152.5726364205094,228.63274141792883
911.8116572541851,311.06587087273294,152.73330135537032,228.6227343137623
913.6637348025237,311.91924503423144,152.74075967536484,228.62340920090935
907.5882790429248,311.84852852537296,152.7567701478096,228.61341430889445
913.8534929730481,313.8005977471538,152.77890976955774,228.6098698613808
911.0031509978105,317.1059644633192,152.7819447179577,228.6089491655612
908.0035021053139,321.0726288537324,152.7915870082608,228.60800296835296
907.9363917020345,318.10176207233144,152.78447769187218,228.63000348366955
910.864738544989,319.90259664522307,152.78046373542475,228.6449734751543
915.7745705980398,325.2618708544445,152.79740279399607,228.65466602350833
915.4365556259919,323.7349928954353,152.8418408816122,228.66083693099813
911.1455199549007,323.29786479957176,152.84553926847227,228.66204481721374
909.8553696056119,323.19880469284374,152.8476348584072,228.663070262384
915.5111320692163,323.94333334440586,152.84889126512178,228.66355496670613
916.868983661843,327.30550516244296,152.85079510120013,228.66430660269617
918.0256400003284,330.39502942917045,152.85315196082,228.66557928582432
923.8889105189252,334.89732783465354,152.85409467301605,228.66584144550026
918.8254617709206,337.89368607380936,152.85441002333434,228.66590755996214
919.2899854192217,340.2934646116681,152.85463078884683,228.66595394646373
912.6326852619077,342.6926126078607,152.85572783809403,228.66631012616725
909.9936281974228,346.53860372189223,152.85664746709423,228.66671023376708
910.9622656886156,353.96263678217866,152.86341397526343,228.67244202579187
910.242248290186,360.6693290947012,152.86581120460247,228.67500626854468
905.0174261183222,364.40979579665293,152.86708556847182,228.67616953669932
905.6610456548162,367.22051958530903,152.8701946676715,228.67846978500958
903.4182289165244,368.47945389398694,152.87095818728505,228.67875245091798
897.1432715577955,366.1281167483933,152.87359640785553,228.67909901383373
898.5372046594227,364.7643258703572,152.87406815053913,228.6790573072289
895.8773181321678,362.2289465518995,152.87329886953876,228.68323135704713
894.8307650328946,352.11990147449177,152.86791268412827,228.69777689516343
900.6926120962402,354.06839467089435,152.86947166260066,228.6986338632592
899.5715933681964,349.10231171760654,152.8687699180962,228.70458745904375
902.3130811341193,332.64817521492125,152.86696742473305,228.7117488616311
903.1357676047619,330.20409204400494,152.93330553252778,228.72034281195369
905.2050644614476,323.36535761466297,152.964424839481,228.7465169623857
905.4851364554078,319.28806508617834,152.9817776782095,228.74819750885695
905.8317465070025,319.5120062323994,152.98802106169134,228.74515764438374
906.4246064344209,316.3520375955,152.89185992744342,228.78942486660785
907.7049393944567,318.6571209857482,152.88397177455315,228.79813502016302
907.7165788541836,313.85223968721874,152.8568645749597,228.83695473849878
913.6023999119399,321.12615578463885,152.85918161929823,228.83601566347062
910.2265979169176,308.78102583889165,152.78389037237366,228.83005134231854
910.6062393090751,310.8999665628722,152.7575561893045,228.81993020929883
910.713585957174,311.28992609993225,152.70966580605722,228.86935814960592
912.8738432424802,312.74082497424587,152.69245256982592,228.86549269200955
913.5947787328829,311.51474895978714,152.6862862971199,228.87037623490406
912.4566052111728,312.319597207569,152.67988559502626,228.87543656192628
912.9469412951653,313.4184244280126,152.67126498791993,228.8875322965152
911.9766986255058,316.5449677939584,152.63351675141803,228.95906962620816
912.8158536118879,315.4222793974688,152.60154476464643,229.00368915409638
911.0448924205642,308.1430027680237,152.5865830969244,229.0253638271712
914.2279258814535,305.43648622576006,152.5827617348383,229.02833221443285
914.1944146218954,300.32267614702215,152.57855211389028,229.03050090248726
912.9463848124634,300.7835599058663,152.5771840308041,229.0314547111501
909.6010508752346,302.5407454777236,152.57178600255187,229.04120103722315
912.5288972066922,303.9208650200094,152.56819752664822,229.0461322884212
912.1493076903216,317.07014324746564,152.56264270843351,229.05211837501258
908.4468505065308,317.3815652799117,152.5731354985615,229.05015002632993
912.2157490787988,319.69395329832037,152.40884346953453,229.41278930323327
910.0696291278815,318.49367866188055,152.3961126300971,229.4449244125234
912.0238070197089,311.25602030230016,152.3933109026099,229.45234753122028
910.4175010611232,305.802359662922,152.38820898692626,229.47408683976175
910.7359639619223,298.0317296182697,152.38088090881212,229.49227182530657
910.926968221762,292.37295810269205,152.36770739131654,229.53115312855664
909.8195936464485,296.62731748862336,152.36287613003233,229.53859150696255
908.7299227852158,298.1415350790188,152.34017408075428,229.5816101359098
912.2534428644924,295.86871433266276,152.33925170479364,229.58321047185308
912.7915291747147,290.3449371830352,152.32498291869203,229.61068801939922
910.4446925304165,288.6356061251339,152.31635518189765,229.62685570465985
911.1208558784659,286.52896393147506,152.30245078423027,229.63686917980718
910.303885230621,284.76359899170996,152.3018062225289,229.6375924122274
910.7916545097993,287.3534368822534,152.29127955887523,229.648824109473
910.2224816338161,288.4430236443252,152.27777437204458,229.66122539726484
910.6139847790666,293.2758052728165,152.26494699561354,229.66735117379054
913.696051136666,293.5199672610844,152.2587107991222,229.67205387104852
914.2952913706645,290.48419537189665,152.24930675477023,229.68322338947527
915.243185242138,290.09664687206015,152.23514049181136,229.68977660929832
928.5704766408548,289.9997465356514,151.67650496000257,230.24672901122273
924.799082323142,291.65945212867035,151.46254921066264,230.5031666430101
919.093815108479,301.50564914988917,151.44154028976888,230.53560513536254
915.7486960112345,298.3156369427335,151.42413545218383,230.57084910457496
917.5242351198432,290.54259733327086,151.3910666591762,230.62693522810233
916.2048055003768,283.09996503517885,151.38738973477888,230.63290638251382
911.6625707755964,274.76258032460584,151.37941476447895,230.65501924848408
916.1513978702178,279.25529454618584,151.37798452085377,230.65488324001646
911.6061109687342,283.29650614604463,151.37142850204341,230.65632997438098
909.4696466032988,281.83307284646105,151.36516859994947,230.65818350820996
905.0786821033143,284.70961159090234,151.35432721417607,230.6683840268347
901.4286478004303,275.84386035962376,151.34048533563012,230.67750871229228
889.4667647997845,289.76085750431304,151.33640824304965,230.68094919159046
866.6891577360567,296.2854524646825,151.3368967235327,230.6805091945575
854.2303180403082,303.215449179942,151.3348087352687,230.6854173067021
842.4196218459277,309.33086925743794,151.33609538062157,230.68436116355116
846.0258850185035,310.739514099402,151.33617165082669,230.6842943132564
842.4947390787037,311.983476407063,151.33565978515645,230.68485861051687
855.2465145050671,315.21848268018914,151.33580537407988,230.68468754451968
847.273365492581,313.50369048475125,151.33581433655226,230.68468314068718
865.5222621467287,315.6394596389312,151.33581613323705,230.68468213625184
881.3216925560464,308.180110299966,151.33583036037825,230.6846767812843
880.6898159443322,307.22440252139575,151.33589144322747,230.68465876088723
874.8196829901713,314.0211130815125,151.33592965226947,230.68465480831728
877.8508766561432,315.1425805375481,151.3358573075081,230.68474138443582
881.5466556682694,320.36855216608365,151.33589035533836,230.68473484916646
885.7494191916968,332.4732945062498,151.3357969632687,230.68487350562626
885.5190948249731,339.58963924092524,151.33586907303797,230.68484146883145
892.8263527525827,349.6102275588737,151.33592574284307,230.6848425825683
900.503638837682,357.4887766190403,151.3357866323367,230.6850600979162
907.4780799932335,364.72655565445336,151.3357416015075,230.6851413703518
912.5531283564922,375.93518628330924,151.33579040569055,230.68513932894876
907.3769312349417,384.2089066736579,151.3358353674806,230.68511714261172
905.8676860619735,394.1914212102844,151.33589524199658,230.68509012929525
910.7131700129056,403.5717566880356,151.3357337289875,230.6852929683486
914.1971698109586,405.14601400121916,151.33564776050596,230.68544877693316
918.0070210851796,415.7070300484814,151.33546826046467,230.6856891738638
920.4084843125057,414.18644455789985,151.33515601784862,230.68643723861456
922.9876851168642,419.584371208089,151.33521836405723,230.68642992364875
920.6869275886925,422.95333417616376,151.33490293791778,230.68708326072317
924.2770104681247,438.52838401772107,151.33468789316484,230.687387554049
924.4706562815809,444.92076474869515,151.33460085371178,230.6875258037097
924.7742448083482,460.5621898091039,151.33450044507472,230.68767090689116
916.2949499762068,471.63546327167796,151.3344605012033,230.68771707561513
911.6922834112605,482.9795672177951,151.334267279167,230.6880029120187
909.2734597484744,504.5634152037744,151.33413889749463,230.68814217565574
908.6532993503588,519.5153555694412,151.33410706311042,230.68817494224692
904.350379254114,527.7067519832055,151.33395303105158,230.68832049972804
900.5599812231851,531.095346857257,151.3337878654924,230.68851026441178
903.2484434122872,526.3600861771895,151.333556736037,230.68877100442973
898.0921807202303,526.5541542989668,151.33351822397174,230.6888309312053
888.4578853970124,526.1878503178198,151.33343020524634,230.68897630852683
884.1694461777458,533.5869444081569,151.33345489164319,230.68897824473487
876.5549806440038,534.2340935568136,151.33350507686407,230.68897418551208
873.7847887106404,539.6884682046708,151.33353707591496,230.68897351650662
871.815854363831,542.7789613385967,151.33357818240628,230.68896983837647
870.4194659337364,544.5119727640135,151.33362328066306,230.6889594654176
874.1131400533477,545.6827115279357,151.3335850695167,230.68903824822695
874.1307722311021,546.9107572008063,151.33363140336766,230.68902471658797
877.2977519456416,546.5315779703035,151.33365873347446,230.68901444704855
875.729170796452,546.3345427191103,151.33371294431413,230.689004459561
879.874072643167,546.7926746463424,151.33375757852082,230.68899703286152
871.1244570536487,547.713944132953,151.3337974733776,230.68898723730618
868.2939882778153,546.9093918135214,151.33369471895324,230.6891460296118
865.8537433611458,545.1964996878876,151.3336150942843,230.68929065151545
861.318617677727,543.9499331011859,151.33356635888796,230.68937038863936
855.3787119683918,537.806411642339,151.3335350193798,230.68942409429718
854.2264415369154,534.9405685056906,151.33351116790078,230.68945906144145
848.6776745982388,531.0339968349366,151.33354519784194,230.68945438125152
840.9936118038327,526.5464706877616,151.33360209158593,230.68946814715918
839.489633571829,523.5626222737748,151.33363614462826,230.68946258636956
836.3858540654439,517.2876418039752,151.33358025871678,230.68957020107825
837.1835009407631,509.48508090797793,151.3335143456408,230.6897906792912
837.0656221783286,508.4777092692847,151.33362101818727,230.68977751556145
827.9016760679674,513.9456713433318,151.33368197059923,230.68975405563847
822.3368502301676,512.8054495593315,151.3337684072463,230.68973607388023
818.518156943108,512.4883836551744,151.3336356217767,230.68993141740785
821.2739894012668,515.7412746429121,151.3336184067226,230.68995302698502
825.7799450467746,504.2847047943439,151.33356319480853,230.6900468409427
822.3649533643995,502.11617056290436,151.33359718059145,230.69004769975686
828.3026137167178,487.3968100025289,151.33348628430443,230.69025792573234
810.0090920983846,487.4627198012234,151.33356968210356,230.69026629372215
800.0290283572177,492.10002306218416,151.33346729078022,230.6905926331287
792.7098893615475,483.9097994533086,151.33340242475958,230.69082706706638
793.0393591388577,487.31808851290236,151.33343656398716,230.6908321044645
787.1290174344774,489.4188206395338,151.33350229696643,230.69082582849654
781.5725421118524,494.7593469343399,151.33365520509477,230.69083116887717
781.0447780399808,501.9073548693396,151.3337605659401,230.69084820445633
781.3234271554785,506.4850856042702,151.3339647238989,230.6908604437016
782.0889634110201,510.61389922215,151.33402991766476,230.6908750002393
783.750807033672,521.5740750221996,151.33400709916455,230.69091829760112
790.8391349313056,528.1267620503947,151.33405380328725,230.69091285540765
795.414247654161,536.8309876345254,151.33407783877743,230.69090323072524
806.0925594188845,547.6546419503456,151.33411324487736,230.6908915046024
811.9231956782074,557.9926693178389,151.33415473685167,230.69089267781894
814.0853825865836,564.364540009492,151.3341808682194,230.69089805202023
812.1738912886981,574.7353947295751,151.3342004646466,230.69089545999847
815.8094255128826,583.6690945340961,151.33423635206242,230.69089888135213
824.8733505569421,594.9501313086467,151.3342568236358,230.69089427145965
821.7375511406999,602.775296728119,151.33432502791587,230.6908892076616
819.2568554225063,605.3660449402327,151.33442562796884,230.69087843635785
815.1616840615334,605.9597567460003,151.33444452026373,230.6908741201338
816.9267274617266,611.0560569998943,151.3344738011152,230.69087481626406
812.1480513507229,615.7859796718134,151.33456074144527,230.69085784919596
816.0125012468706,617.2177076062703,151.33479312459556,230.69088087928418
821.5786489004255,620.486512741602,151.33483157297874,230.6908854310083
834.458117480264,626.6643056434747,151.33477121383888,230.69099821277337
842.3803252364783,630.8717342463901,151.33471128460127,230.69107516526753
850.1744952868864,632.5923171650519,151.33446589508875,230.69141118379437
854.9217208711117,634.4408929823057,151.33453586769036,230.69139857402112
865.0321326655645,640.8713952644415,151.3346347488775,230.69135783116067
859.733071691176,642.0433395644611,151.3335688467025,230.69318165444616
866.9161549915164,639.5259185926798,151.33375146629749,230.69314105253773
880.7475420677753,641.3116752795861,151.33399458672906,230.69310533032106
887.8798294787883,643.4316530272981,151.33414735717108,230.693145791318
882.7618706306941,641.6913616095309,151.3340049108425,230.6934582411101
883.0782646555112,641.7536011720057,151.33365230222532,230.69419205375397
885.8562033994373,643.2323928397484,151.3339252507746,230.69426367127144
880.6839266376772,641.0118314563503,151.33416419909935,230.69429394691792
880.0845672357821,636.0848976236116,151.3348329807646,230.6943522557058
866.3252137633069,631.7450804481778,151.3349394618477,230.69439065930794
854.9208875454784,631.3205234927301,151.334980981367,230.69439074821975
847.9720560459226,635.2830322109015,151.33520020911627,230.6943787478205
847.3273318176603,637.245283981302,151.33531126901934,230.694351115299
844.7828271978101,641.9888107059155,151.33538990187753,230.6943133902542
849.5414069085084,641.36675091689,151.33543953352057,230.69425586526248
849.5280351545686,649.0646002192074,151.33558407565098,230.6942252904129
865.1860198600003,654.2988537528213,151.3359465281907,230.69417067679842
873.6938951092867,658.2661873213372,151.33603083796768,230.69416588183827
889.297917249113,659.0372144498556,151.33637965523903,230.69426820191157
898.2482589052751,664.4258590046836,151.33724091383766,230.69463755478006
906.8093980914934,668.3775002899608,151.3374887102241,230.6946447791475
914.9165340112258,669.1375594536885,151.33754945132574,230.69462621079413
916.9092414182059,666.0369009034041,151.33708231879262,230.69546380391657
922.3920815916881,669.2154012898526,151.33713263894236,230.6954562294143
927.831067100066,670.5362609637402,151.33669458117106,230.6961428684248
928.0285875934909,672.5028925717007,151.33602447802437,230.69696740579977
926.9662977918964,683.0263569542417,151.33620465761416,230.69693652890146
921.8917051780568,705.7277211510776,151.33403891025677,230.69906958542495
918.0901886731051,699.759662853869,151.3249322183168,230.7148084485189
926.2570193047085,698.9114269849026,151.3246239977127,230.71536806372532
936.0033970321947,700.965804276764,151.32458247096292,230.7154668201514
951.3715778528223,701.8402958739836,151.3245642134969,230.71550265246856
969.7203368146482,700.8172993978033,151.32457131425895,230.71551395924513
977.4704108124392,705.0280108769136,151.32459116535668,230.71554352330207
990.0298700586721,693.1474313706046,151.3245748793117,230.71559223013412
1006.6617113579665,688.160405249823,151.32457941451204,230.71559967189245
1018.9098486549399,680.7094651565578,151.32456641724497,230.7156348800905
1034.214539634977,664.8024575772267,151.3245480130792,230.71568328765395
1048.1247960139185,655.4148950137371,151.32449271369185,230.71582214754343
1056.8953665784777,649.6203995994413,151.32367484201976,230.71773106695537
1059.0406011526145,652.9022521331249,151.32249230721058,230.72015329985052
1062.4464089832306,646.3830437282927,151.32149361604087,230.72205296626547
1060.8889843236136,642.993206960968,151.321244935702,230.72250925772025
1057.8923810328733,638.8709064194394,151.31939345749035,230.72612542409053
1056.9805367139736,629.994678945441,151.318788124228,230.72745694374248
1057.3070067569447,624.6710499312552,151.30329158076626,230.76018822345685
1054.8396068412762,622.3495541725065,151.29960435918554,230.7678633690366
1052.6156333720012,618.1433469453544,151.29705033261715,230.77310562027665
1053.2146631944204,614.9524315705288,151.2948187679562,230.77733522322995
1050.985420838533,615.3060634863117,151.29392046886684,230.77912276228494
1044.6860482003344,614.9513613201791,151.29291999483644,230.78091618937958
1040.8168038013039,611.0948876040395,151.28537989275122,230.79553131193592
1041.1619382377985,614.8717509135744,151.28431106344033,230.79759511721326
1038.826515139408,608.388524127457,151.2828163903177,230.80029880388884
