1060.5,891.5,55,117
1059.959896133188,893.2386759317726,57.604646972390704,113.89698911129706
1061.7040292029062,893.4806313731581,57.9420167317486,114.98692411170143
1063.629754237341,893.5105529320749,55.90580212204785,117.27982435236318
1066.0150977747448,893.105320087938,54.56079242191881,121.50488847031156
1069.4527428984068,894.3335284240492,55.834498419099894,123.0224962715197
1071.6654579898732,894.1707392637709,54.91093581692611,124.93964645937254
1075.904364330612,892.6508869212851,52.06426655052041,130.75855187137634
1079.3601568736954,893.5875271258303,49.24215415526667,134.15781674186928
1082.238271603763,896.8137608454725,48.14698025132162,132.57123618719706
1087.379204978885,899.2411257952973,46.694131310493795,131.7338586811233
1092.0722069221497,898.3299717010061,44.96539519232125,130.85793726605303
1097.6605055895834,900.2363962210482,44.022788056170036,129.31970601951693
1102.1606151353287,902.9981561842139,45.1308909515624,123.75491470022791
1104.7453750550508,898.4222798256817,43.89569991735614,124.56944797849046
1110.1528306827818,900.457168819385,45.1921996654042,119.80344967393962
1112.2842533471423,901.6578801586973,46.34002903206756,117.6178511084548
1115.0125135865349,902.8679160880406,47.00592502485783,117.57619181613529
1113.3181673032984,904.0874816067814,45.33861000144621,118.25238760361022
1117.1563593048254,908.2319578071172,46.9088892697725,117.87718474442664
1118.43758607371,908.1961716427982,47.048852107268836,120.78082642406511
1124.8613855595813,910.4259893439499,52.832791962640314,116.99270088224343
1125.992639837346,914.2242247166408,57.975742594330995,112.75532549370607
1125.9353051738315,913.8057573092096,57.77467048772458,113.53504650501311
1129.674819722505,910.8872440960448,60.932922715677094,113.280942600612
1133.2098447155686,911.3397619116618,59.74545788746444,115.07167472291417
1135.1595474934181,912.7229853105508,60.522247423297515,114.51340163812952
1140.4972793192392,909.5450241385545,58.7367877794874,115.68514843047113
1143.179712159439,908.4362944923269,57.24434988277609,115.63654259830935
1145.2537525831704,908.4101386666914,56.457715732279304,114.4443452481647
1147.4916788056407,907.7567158767823,55.12287302882555,116.79495801911611
1150.1317690665092,907.6442091265615,53.66028256567716,120.63647850151472
1153.1386034686473,907.33678435871,51.18215077665781,123.60827757359186
1156.3862767155179,905.8310173384884,51.44055469931741,124.31831340572163
1159.3344092723053,908.0282644772052,50.818090322361144,127.46163098145001
1161.4291665259366,908.1152320102667,54.37365167800341,125.71914008267277
1162.5424217260504,910.5089363223814,57.761732419366005,122.7453063541021
1166.8380570519757,912.9424006519255,60.27435216329212,120.81077943563787
1167.4849771841257,915.4648181718777,60.38113369347167,121.40449057175016
1170.2641996018856,915.9771783070046,60.67719470168926,123.75002474818491
1173.1471203273036,913.4555944983747,59.12976941887365,126.71228971856232
1177.1889965184407,911.8650650068686,57.18148382782289,126.0366858279344
1179.8294523309407,914.2835044743549,53.64469242746138,128.08379243161554
1182.7142951984088,911.0061458592863,52.861620507646876,123.54531593051607
1186.089621101491,912.4293915715546,50.111923477358616,123.26286223952036
1191.450120364292,913.557267624244,49.14779064660574,121.00658072691758
1194.2716476044864,912.4605896567031,48.17174366415705,122.3233540683493
1195.8154980039794,916.207402635923,48.868582484078544,125.15400901444343
1197.8618273656027,919.0736582659312,52.94486640914174,120.54748838703452
1201.6639889004705,918.029317222768,54.26161812008789,120.50067855649498
1201.0683691594181,916.9166001341687,53.941141702322696,122.61081313284413
1204.2720377389173,919.6760450622603,53.41422449519171,125.03098178555591
1208.6517535993728,919.2734892335465,53.962192491702055,124.36094963527489
1209.2856236988782,918.4160847182183,53.198428803717405,127.0877443822244
1214.01875013202,916.2978927054332,53.43116890421501,128.0241734231289
1220.8253012841606,914.7304361236884,54.384215352137645,129.4296763788379
1225.4094617808007,912.6954474055052,56.70984352137324,131.3030695096999
1230.7263681180154,907.8542417964675,59.133338430389756,134.28339257086847
1236.432236960795,907.4824873119818,58.64268979996923,140.2618280817078
1240.8929351849918,904.4611271222016,56.490972828100325,143.05865004158306
1243.6045413189916,907.4889723852697,54.176180047067916,146.931221434679
1249.0281563595845,905.4776079111748,51.66106273353452,148.13101149889238
1251.9840890412254,908.7245915694405,49.689759226536225,147.09977530702741
1254.9424449613177,909.4826898784314,51.95873005746,143.43050002466774
1254.9222554026685,913.4679495858509,52.68791973599699,143.66666742778193
1256.958944359541,913.8220748745953,55.24908226219793,141.31513227443827
1257.6237955677875,917.5167317133953,60.44897203878511,139.90000148961306
1261.691812972765,915.679567574068,59.95682061545756,142.98600026140105
1265.3007438968384,912.1954840933618,59.62142705421316,143.572511570297
1267.7779226184482,910.9830654376126,54.24673570436241,148.26159668740877
1270.8992121843373,913.5081495388029,57.679622751231776,143.4745039436067
1275.467418710466,913.7645792961391,58.22105078562148,144.2295537814878
1274.9582733540433,914.0807324124605,60.468967177670876,148.10371602898113
1278.7264206239395,910.2124395480224,60.362634646921315,153.3353008570726
1277.9169838766372,911.763227121308,59.60663234581279,156.76577518549274
1280.3793419798506,906.3939227389594,63.14657108246955,154.15556442105037
1283.48042336902,907.9464991431838,64.0393693138205,153.2890975657493
1283.7732731599283,909.506939649307,64.93495679775378,152.9790695584582
1285.591935265768,909.9015045550125,64.30664456807075,155.02111086799397
1287.6750411455291,913.2693120429345,65.04472296309046,154.50054966815725
1288.9044108517523,911.6190831208365,67.21024356231426,153.01699594644575
1290.7794096267694,911.6712840792593,69.89530261967298,149.81790072759884
1295.691445532207,914.8150188426586,71.0269960785254,148.05727548755527
1300.622238361273,915.4929657409759,71.6651460810908,147.41533785510015
1306.465557608873,916.9740656853128,69.71451865326328,147.6596317697633
1312.2556336429798,918.7150788901693,68.63319170361382,147.93850758145393
1318.83837615044,921.1294179154334,64.76770927366222,147.1782613017547
1324.5010822955112,924.5434958889227,61.767482713646885,144.1712166676658
1330.4506065771695,928.3012885429665,59.95655486788856,141.51446874783227
1335.2690560333745,932.6167574012554,60.76144320842724,138.67630018616356
1334.8714694725772,936.434345613503,62.693397151294924,134.61257935458374
1339.6972794725466,939.8649572550618,60.1895131754454,133.3703330010349
1345.020708271528,943.1472206124404,57.655877588947064,129.81502957647004
1350.002993752544,947.243636878452,55.13143420070132,124.36249340098838
1352.2183353266323,952.2983696767404,52.42168486794524,124.40517401827
1355.2306061330764,956.1124486569865,49.34299695504562,124.31399137886285
1356.7071908902672,960.609866790749,46.72883831670616,122.341236585805
1360.5718017345846,963.3869331334888,46.741573920890396,120.03944397577602
1364.306473097188,966.9260816447857,48.04113621556331,115.60751135400588
1365.8706202227545,972.0274273760997,51.313335655206096,109.4339345318553
1368.0707321827608,977.549219843619,54.02705265533771,103.1777929520834
1373.0827388740888,979.5023691355425,54.031633525479,100.3689112015185
1378.5369799226964,981.0631330605962,51.82964818997969,97.98472289312514
1383.6390050004086,983.9332540631136,49.334203708525116,96.61005280235233
1387.7468918464645,986.451144428145,47.95056983319096,94.1687148074135
1390.9024466026665,989.4493886329689,47.131311102162144,90.31548917779067
1393.8014460215466,991.5293548601657,48.07121093397997,86.2851962277676
1394.7408404507903,994.6819689212462,48.03007036558655,84.95947614734168
1397.1782234584998,996.4079160654993,46.86289066414896,85.97754418378716
1399.3631008383602,996.2870766966716,47.31075598832423,84.98566698271082
1402.2938862088274,998.136756589285,48.54883260825304,83.4079194566572
1402.3875315869823,996.8131239896319,46.79651559490272,84.0061764211148
1406.6802209999357,997.6641087710437,47.796991344653875,83.05230517605631
1408.8490428907487,998.8830951120626,47.766178453038364,81.64861558893965
1412.0474788431143,998.5181027698864,50.36153512714017,79.02008901373404
1413.214859173632,998.6015097909539,47.253740490069184,80.41084300005674
1416.3513990698837,998.9578467967822,48.45439098486485,79.39048827881474
1418.780452157933,999.2555717902095,43.31683036643081,81.35465180092679
1422.772670180755,1000.069285497397,39.759311018036996,82.60733586835745
1425.9770304656074,997.0981912293051,38.34120267049715,83.84929544559526
1427.7825892250016,997.0946414050356,39.30242027665129,84.20353018582264
1428.7758614909442,995.910296089355,40.1829423590921,85.36259632156529
1430.8008000874343,995.6446736211719,39.42661509574729,87.48313068615568
1431.1275680820736,995.4149549507437,40.45442572984094,89.21037254489724
1431.2927306123997,993.8062654003314,43.306031841845055,89.10876808755364
1432.963253537658,994.9160705829869,46.396149297513354,89.99051962098551
1432.3336096606834,993.176208094531,49.63663914688948,88.78612207263527
1431.2909028063373,993.703664116531,53.43714886683999,86.7483456876217
1431.35521363293,992.2834015899291,55.57706758209412,85.8022868567195
1431.1021700491876,991.9339003896492,58.621571660031876,84.86212476493014
1433.3560292743766,992.8200428914959,59.47041408059072,86.21931526846001
1430.6882425013969,991.1480045803714,61.96973131819705,86.89139756436487
1432.6389959271514,988.2123173230437,63.629905432016216,88.2866025305273
1433.50564751792,987.42035264127,64.12500336580298,89.74923503582565
1436.702680555123,986.2609579982706,62.851116125029684,93.48342631045702
1434.1187044945705,983.4044824331905,64.18968696432421,94.96496999521213
1436.0663713741314,983.4792186468584,63.737978638415555,96.7563769825944
1437.3729052974277,980.5594826478268,61.77388280288571,98.76594644517087
1440.647008937284,981.6093707868546,58.81075791583767,100.43554386655828
1441.0060062465575,980.721321805851,58.23843580040715,101.9623748261138
1439.5052426560298,979.755624231637,59.077734803531186,102.95411699308605
1439.656923910375,978.320638141835,60.213658339958556,104.96818473654574
1440.357269225409,976.8033021598193,60.17642612543506,107.21956898553134
1440.1063316037496,975.6495117264612,60.661649337291706,107.34900937694954
1441.472580382836,973.3081567249935,59.98854175691277,108.94630014204802
1446.0242911716764,973.0306112404868,56.640730855001294,110.06962842516968
1447.3742574539328,973.3040797928194,55.66237878804695,111.01961812517328
1448.0628220028873,970.731689329499,56.88910343302375,112.1598218465451
1445.4687521338365,972.4732973415228,59.54378831615515,112.03129861930898
1445.9744437103438,970.0904986244399,62.38590783350264,114.07309221812264
1446.562365618064,966.3334071030345,62.04067239758882,116.01522888252694
1448.702966237467,964.9846791963083,60.66122768238222,119.78840828226826
1449.0367121191803,963.0102947992693,61.30385055795332,119.65419444691258
1451.0569777143335,961.0975831231516,61.08372738755526,121.1515006718723
1451.6598900616489,959.5469595942465,61.59393615335269,122.15724393519417
1451.1583436625924,957.9960800357651,61.613394026130436,124.25572528793413
1451.1680389327332,952.6624658674871,61.31152885585419,126.94468800544396
1451.9968917385445,953.7209284917569,59.92482134226604,128.36959152549665
1451.3448559413387,950.9850708814993,60.7469859617285,127.94863152458981
1452.7648649440625,951.5397031905597,59.76537933382578,128.89451070340908
1450.100297321045,949.020591968068,60.4454997103876,129.0942214158308
1451.567235093095,946.9551398210054,59.75082672912092,127.46802172227513
1451.0894353072292,946.4976961677303,57.27875996717657,127.79652656467952
1448.596920129149,947.5685087277687,56.93061218368069,128.0318128299263
1446.7916084630706,947.4256443305457,57.2551567750759,128.56609864338256
1447.2913900476146,946.7068996344376,55.79784701365925,131.00932244090149
1444.4842946384542,945.194503721398,57.09994377342329,130.40953283895203
1444.6394969191472,941.9353624306116,57.15333733926499,129.7099054748027
1444.9523314735143,940.4169159104695,57.61323956467017,130.54286753017973
1443.6193779276166,939.5214122718661,57.24813211269213,131.84868737399475
1443.6517470683607,937.0280445865935,56.81469990049919,132.82554423816515
1443.1347299836948,934.2069686042767,56.419767145767835,132.35087486499987
1444.0047237125357,933.1828605080088,55.77546496775901,133.88982262699255
1444.5645891897866,931.2332121499221,56.1898999296281,132.28522601766775
1444.522154172276,929.9693818590354,54.47936630719934,133.7419553508214
1444.5409538221554,929.06779247961,53.07307965426761,134.28413755767937
1443.7382786895794,929.1421618499728,53.80770831983073,129.73125597131218
1444.8058685209623,928.0261193859526,51.799098336189914,128.9811271122668
1443.7696772530935,926.7053183391412,51.95004443658489,126.82916410059428
1444.6038425018335,924.1805228909827,49.8788794306013,127.49148881232517
1442.326726504442,923.7483395951444,51.260263962711406,126.53009805545273
1440.9227509927384,922.7690364419337,51.97581006522491,124.99691948942203
1438.4906314818415,921.8164715423791,52.78117206247007,125.10987465111909
1437.3684434541117,920.4053758067477,52.98902417301775,126.88964402318022
1435.1891066027395,917.7151748536588,54.78559428131392,128.10721717699457
1431.4691249898583,916.7429561461342,57.50521285556831,127.41822742482177
1430.4989362198587,916.380700041319,57.4717742119049,128.39919457847577
1427.5115171467553,914.9963649224973,59.08619557743188,126.86429390719196
1428.8291655143037,912.7510475128004,58.27379822609696,128.086540998356
1428.3545373415845,910.7105777366589,58.94900270878669,129.02207558965767
1425.0670422575024,910.2696077018995,59.76985197938217,126.335935414273
1424.1333638650108,908.8642209460008,59.35069300065402,125.13943378324373
1423.1801285825843,909.4815775488325,58.97522788218487,123.49214505309746
1422.3940286527031,907.1479788280647,58.51871915861874,123.04440472839482
1420.7432783789607,906.3428721443023,58.96680585374716,121.2868161769496
1419.977093324422,906.301602748602,57.793246144554644,120.95415662263204
1421.5732051575387,906.7753190750283,55.01590373163836,121.19659841565664
1420.8345156303558,905.3745596061115,54.16654516020006,118.88273743644093
1422.4759553329832,903.6623926487196,50.796416115125936,120.03098269028067
1422.1754189075052,902.1066520714363,50.20461652149683,118.94666934801518
1421.6791689943755,901.4660381537561,49.95339738671548,117.1225133927533
1421.4133922239441,899.3158041841028,49.143327912039545,117.80825970459975
1421.0514036028162,897.76762923378,47.23030070841917,119.34236198916375
1418.7108329726725,897.5986155777927,49.169036291567224,116.86338538692303
1415.3598425816506,896.998991697796,50.51747630156615,114.8758756066882
1411.4323043051015,896.0217738386195,52.28419502361727,112.64389314918446
1408.7362021562744,894.8487278248557,53.460578392313806,109.07792774557585
1406.366482817496,892.8315837489531,53.584088724836235,111.27967142612567
1408.8398044304356,891.4784316436823,52.089631764005844,111.66117695059219
1406.7840845063613,889.9166320543715,52.195701722571506,114.02886080451097
1402.988061804477,889.5629846343705,54.3546570310903,114.86044318957002
1397.365256373592,888.3649986197822,56.927231345360624,116.83023024237266
1395.8687284429257,885.9678912898837,58.15986081375068,116.67849433909285
1393.418396029422,885.5550240383604,59.479333115718475,115.82914450139333
1393.8611650308503,883.9946648990315,59.767197051694666,115.24391631152159
1390.7534286900855,882.0987750077957,60.28191897961869,115.09921855704918
1392.4835177830612,880.8341560902024,56.0193825107273,117.96676796161907
1393.6623494066293,877.7057073908331,53.53930109779689,118.90729717576335
1392.7824955833319,877.0234601752206,52.22056966677229,120.12477883628728
1389.9939226959518,875.2762335960855,53.73846416744431,117.26009343283879
1385.8851218743255,876.2446555205145,54.273517412558554,115.10365360771755
1381.7270187449628,874.2668737436375,54.85274521876296,113.95046872260949
1380.3168382251292,871.6954921193594,54.946162783596805,114.46611373562266
1381.0966613350308,871.4496114628796,53.750592365035246,115.28801145285635
1379.4223480702099,867.8848885691033,53.585269620131825,116.14678973962033
1377.17945248109,868.7224744342664,54.70107734330147,114.58576657851029
1373.5380307312196,870.4837422993695,56.39829907442281,110.97811597313537
1372.2801034482914,869.4907701065107,55.449200065500136,111.82724507727974
1377.6014794871778,868.8169164094705,50.61761859973826,114.54736404602247
1379.4964610403879,865.725660612662,49.42149804079091,115.31002208003105
1382.768010983872,867.596804237906,45.81196182454305,114.598929140591
1381.597163831597,868.0055697582311,45.13081851112334,113.19256695435038
1382.038409128187,866.7123699951896,43.50377610021387,110.55084748077945
1382.1727037773996,865.475329997436,41.74783573777389,110.1115429067643
1380.6802303005952,863.4048626152724,40.61577908612922,108.75988997413913
1380.111034631272,863.1105603572894,39.931992840719204,107.72386067629932
1380.0555745518184,862.904644973659,39.676878125743876,105.92212099673326
1379.3699777467114,861.7261101905083,40.38433058763773,105.06346569148732
1377.7370894177575,860.7483424299007,40.05836549807039,103.43318010588652
1377.3185515096231,859.9161671369127,40.17331672962938,103.58119527847904
1376.983142389433,856.9482281681317,40.6762566373268,101.80964121584356
1375.4638926703867,857.3816597995583,40.272991032574765,102.74607298092008
1373.570111238291,856.3970491587356,41.27018315121201,103.26409392159039
1372.1382550916237,855.1200000154034,42.301026756884944,104.47320467129119
1371.0673612869434,853.4369325306515,42.92071635643955,104.39839856622284
1370.1186869181688,851.9206326357587,42.136200945076794,107.12792181987173
1369.0585127337786,850.9108942317275,42.00122747633314,108.84950013108431
1367.109566613165,849.7874156154944,42.290005234927484,108.2472022397734
1365.2123691011236,849.6163711552471,42.73715499270115,107.18536686010921
1365.0065000339082,846.620593775962,40.53744248582876,106.79594255492349
1363.286028056176,845.0014731079929,40.44551114673653,105.71587088492214
1362.1101818667805,844.5970419252493,39.12070808617509,105.93798321512358
1360.1968571396399,844.6073453397091,39.08361367670841,105.35972396586692
1359.1895726482567,845.0914913928938,39.66280278107007,102.89596456367191
1356.7269990593327,844.5160255117411,39.01210755844331,102.56141435578068
1355.399146468629,844.6292071141193,38.76005978165387,102.22086864228311
1354.5450648342107,843.9961020022588,38.29071760378184,101.04464750276361
1352.328420960704,842.2028833798241,38.19814634432617,99.66794927009272
1351.2232784492014,841.5353292271947,38.34620310537984,98.56720822563751
1349.7442608722286,841.3426848176446,37.22248168949227,99.00074272398643
1349.3017738820088,841.1658114991639,36.973166740598685,97.54528519579289
1348.2795394671946,841.4446169482782,36.876306688088206,97.23812500931837
1345.9131304336456,839.734169974805,36.76199580555169,97.71058111093205
1345.3431125094899,838.901536262477,36.66903582466517,94.93126041183557
1345.0321067815175,838.3555481247769,36.652425146769716,93.36004626602147
1344.5700755917999,837.9144520197877,36.68616875601069,92.40476379672239
1343.1177045241513,837.1010488683119,36.66371884291081,90.27231457535322
1341.8012486096761,835.8657270983565,36.58000932338964,89.48817560639357
1341.5456632938183,833.7563988294716,36.12375890195519,88.60296198024653
1340.6130896429709,833.3476747735087,35.6162717800309,87.71199995057825
1340.5238378853537,833.1644553410592,35.39786711792513,85.51138807023824
1340.7308818833233,833.0421890544312,34.02057603205379,86.44233533522558
1340.0370034826203,833.143137618352,33.624400194051255,86.6650311407395
1339.8226971550614,833.1934353471343,32.492072939389466,86.61899069683201
1339.3397628965993,833.1040222655055,32.263110524035326,86.94168491222723
1339.7929582593408,832.365242846336,31.90169721979752,88.08226129953542
1340.9358575916367,833.3474946937895,32.59247916006724,87.30206198931975
1340.7436199298018,832.884479723579,34.756348421157774,83.60516065333225
1341.6535564110231,830.8654497357974,35.547981176513055,82.30652858695224
1342.913326128056,829.653683319449,37.823903126820774,78.72771981652436
1343.174736848688,830.3250488874696,37.69466618083671,80.25657663618541
1343.6351913817427,829.2376772477464,38.10226210083448,82.83578888009055
1343.5457852422167,830.8074820798279,37.81139766321309,87.06606676983927
1343.829415630757,831.3385836295683,41.102821762489306,86.9610001480009
1342.571416493935,829.4148520467676,42.83404952368807,89.34135149282972
1341.716749948494,829.7543437003309,44.32721468059286,89.49651667009874
1341.111084241656,828.8555004831265,45.305049267468846,89.14791345811604
1340.5217530688788,827.9900082530551,46.26220004982819,88.95945378356306
1341.0468956265743,827.6529550163103,46.05331012893251,89.1819861950819
1342.3997120362396,827.2923003610811,45.09676836511417,89.17088545594785
1344.0105250089107,826.4976403861785,43.851114570078785,89.27099075162883
1345.70388361305,823.4455970818495,43.34531324369196,90.26585478636349
1348.536192601172,823.5838572650714,40.941264806404384,90.54448705180462
1348.9951659781432,823.4542148252849,39.78613760394121,91.37421976640384
1351.9609719237578,823.9356485784657,38.227773745236455,90.42453188413195
1355.0656090672035,824.1226518337891,36.537116065781206,87.83536097648403
1355.6734482694055,823.0350981509619,36.153740622573004,89.00613531485675
1355.3274624092387,822.867506699613,36.67378542939691,89.06478439514082
1355.2664839195559,822.4494924300812,37.4013042404075,89.95575654982947
1353.0573426993087,822.9592810765889,40.16008221209844,91.96938670572617
1354.6358705269733,824.0811957465444,40.207200525813604,94.71702858419111
1349.8126394489982,825.5387099567063,45.208873035559364,92.12993705875729
1347.2134652911247,826.0936890887316,48.41621050257328,91.13506824154072
1347.2929686263924,826.1802190749819,48.682159269866816,94.05107793912796
1345.6253602350337,825.2435370180065,51.153460393997115,93.34888971286436
1344.2280503928332,826.4193574051426,53.12629552805498,93.81794892081074
1342.8803635133006,826.9823985251605,55.16196470920154,92.38020971715957
1344.0852465509201,827.0391134505376,53.43661060923553,94.09839676016185
1344.6309795637806,827.1118950245329,51.695350046658774,95.37266998654351
1346.3959654315538,827.1876553216417,49.88476514165829,96.44225142166519
1348.126724828131,828.0801439558281,46.5702036420741,97.80325459390285
1348.7398729012082,828.1219992170625,45.085666812579966,98.66983223005207
1351.881725468831,827.7365991661721,40.981626974112785,99.99551176147794
1352.02456202399,827.6430291128128,39.28766847503261,99.80083450091975
1352.926762728214,824.9398321704124,37.622204230356246,99.86969577397528
1353.7869451732597,826.106424431711,35.41213126415582,101.09056143898702
1355.0855035085895,825.2198510090851,34.340962905385894,101.68102591179564
1352.9174975580868,826.1275051275212,35.974972224122176,100.16030437630758
1352.531213417437,826.3678498128062,35.369732557562884,100.78095850618973
1352.2154260149232,825.8157593676019,35.29523267540604,101.57102407228263
1351.7744521071693,827.2102890275158,35.51520650533728,100.85122329115704
1347.3527307327838,830.8174449426616,37.43869878280359,99.27122521232653
1344.0742624460827,834.3434540473623,39.46292239607946,97.44056439916339
1344.2857423919365,832.7304528310443,37.936482718353304,99.97373660839148
1343.7268890656883,834.3821466536397,37.92454934581398,99.55174410808598
1341.0873015136403,835.0457789101948,39.46608627346039,98.35685129150139
1341.0676627096989,832.9275281568752,39.66412157299831,100.62116515886387
1339.0426914204425,831.4651098558041,40.33551587377709,103.50023945748855
1338.91958226246,827.7056803597812,40.287598041663315,105.96113120080469
1338.567636926306,823.1348738967457,40.0268447412372,110.93978607799482
1339.8480745362476,815.2882965010331,39.31031045342565,115.22957948171171
1338.9407541202663,812.8801229827473,40.34185195040499,118.02726150536449
1341.525492325506,816.3825916436876,38.22022931370593,117.17684388978412
1343.301639549119,817.735179224207,36.8371533881447,115.03323907939607
1344.8141512514987,817.1373234795778,36.01620892447791,113.73456062873504
1345.5134369073664,817.520167109501,34.972375013277805,114.76060934308875
1346.010828900576,816.9379536540182,35.138641503945166,113.65139576066412
1345.4394398149136,819.1612178028975,36.259697313416574,112.04444012459706
1345.737042652589,820.4642584113758,36.0417910534082,111.68365790249099
1345.9381364643823,825.2455502541395,36.58445902380046,110.56454366459133
1346.3174803283684,828.6785673510392,37.425677636202,108.47126863310416
1346.5221404214876,834.1163612050402,38.62964861262978,107.46204704375695
1348.7038872218595,838.1832105108815,38.483049551147374,106.19191893499897
1348.1207742268496,839.0599592354017,39.06411181424708,104.95995749827955
1344.4808924203533,838.9447736873087,41.786229274603464,103.3699990737123
1342.4809438909576,838.5912596363511,42.32083980631704,105.38634973882978
1336.0601949564846,834.750093601307,43.79909335726586,109.02052508602638
1329.5456415643255,835.1537757970059,46.95234566742642,109.38725940825883
1324.559433657984,833.857326765029,45.70812547916717,111.22375602758117
1317.5613773322223,830.9348084182338,45.70783858667407,111.99626385126253
1309.4388478920957,832.0458725848613,47.429538602266454,109.33412453300107
1297.6174914420887,828.6868885784197,47.94895035819322,107.8182863466862
1286.702285832475,826.8560319629318,46.54407816692104,108.1147517877653
1274.9320687188354,824.4813934219276,46.22109564709723,108.29310013240331
1261.881586305022,822.4819073005176,45.054085114112965,107.2414346059917
1250.5510039204873,821.2069212617454,44.08746750392179,107.70055778645867
1236.0843443559231,818.675159038619,43.86214114278283,107.63366073705052
1220.7179105252574,817.3303236577609,42.00855185998449,107.96755987833811
1206.1764146801092,816.1009869440079,42.92876903761461,104.87684729834461
1189.2336181777719,812.297751806406,41.91066765680762,104.9878742842375
1173.1779939476778,811.8745432576966,39.092699851829195,104.4615530924261
1154.413621767438,808.8319011368388,38.04489878892993,102.69640668588642
1133.4658510319491,806.7808428554245,38.259894279372034,104.11720057758048
1117.825098487811,803.743861577397,36.51728753249085,108.12853019240775
1104.5030602514287,799.2288422668852,36.308843800266764,104.60729358681101
1096.3971534905625,799.3170402686691,36.02404969404672,98.76229940247907
1090.7788096900324,798.3281786697825,34.08931527988311,94.614274358894
1087.266887098364,800.0546446679793,30.56122679884755,94.54680293945816
1084.6331673901334,802.0120374303917,29.165431601709358,99.07948902815019
1081.8693121400288,801.7169706138898,29.71904245813153,98.9205799597496
1079.4087868513623,800.4292992906669,29.975227599335142,99.9203821733498
1077.4973747336028,799.1953005417414,30.038611881517063,101.91994217828801
1075.1988097351577,798.9061720989899,30.168251863843565,102.8028827442717
1074.9878723921108,798.4850704576338,30.377451388202005,104.27370773714216
1074.4236000254539,798.3765000092652,30.39901259267289,104.66903165852736
1074.3320764017728,797.4753510646602,30.73393404125369,102.25682951473776
1074.281920464481,796.4128507908866,30.58221215661533,101.57819601233706
1071.885897215306,794.4152472633068,32.11631800458158,99.61846329258242
1071.6497290143313,794.1912846868495,31.55315437917841,99.69248699137725
1069.6014348307986,793.7516112783541,32.82223314552792,99.40603646545807
1070.182234284026,792.3397131778224,32.34990482105117,101.38223824183547
1070.95175426416,791.7246784531085,32.25912927706676,100.87830690640698
1071.0819896674398,792.6279628556482,33.72688484430292,100.6015414321304
1071.7591064297258,793.7328391609182,35.38515380572089,101.02650290710245
1068.7991212374795,795.8882329962477,40.302952091335435,98.71251898299302
1068.0447043901286,795.3626384583124,42.329171430720706,98.59028958233688
1067.1280666891387,796.936129102104,42.9593143718687,96.92123188120088
1065.1919075201865,796.0002756961129,43.00820936668789,97.99549101219006
1064.1158854774426,796.2758772360617,39.19547378712167,100.6728281719249
1065.8618561450724,796.3931466701595,40.153724176524506,100.2135105769876
1065.460144930357,797.7442894139929,40.44917236418039,100.22538532143258
1065.42631880067,797.8126206761995,39.92954891378776,100.49465829813391
1066.0336721447843,796.6949914978815,39.523020971013935,101.3126559086621
1067.4755161732817,798.1755991825016,38.05319296346961,101.96185851873688
1068.4994469614826,798.5307605640892,35.37576597262418,101.69817921673493
1067.0922841050624,798.7074171576817,34.105445911748795,103.43178333364784
1066.1070360921879,798.9854409421758,34.144582393113645,103.70107567444754
1064.9482902872035,798.2557878344884,34.21620368792262,103.90161287264436
1063.9121573132288,797.4625924256063,33.22213713794053,105.18848444913263
1063.398154113613,797.193756123497,33.422416488036674,103.98696891227343
1062.5827779965086,797.7089616379212,32.08934069825116,104.34707069077922
1061.074995620437,798.1170024447753,32.867586865522696,103.1305802710178
1058.2389235266846,798.6909495367324,33.803599424829784,100.95402122836967
1055.4800128086163,799.329500704424,34.67783668155822,99.82521495616712
1052.7103631457564,799.0793130068826,34.42094258330836,99.61681979183038
1049.4028186778933,799.41478616416,34.123239842685365,100.45175450551545
1044.0109067099663,799.7527600252517,34.44208819446778,100.09302730175357
1039.0303023764063,798.7742917071345,34.61889271366039,99.97416256430124
1029.926041639617,799.1588679897256,33.422769405600555,101.1563208231677
1021.5585394979827,800.1909565491843,33.216439319482404,102.41082866830969
1011.4464850958117,798.4889431433559,33.56379555346048,102.66615152493733
1000.1077170337202,799.5644325794316,33.34194713708426,101.80207562753145
987.5862054603747,798.115774613614,33.39902904643752,99.91117403591389
974.5186282201578,797.859191636649,33.42682542784034,96.94925395571306
959.9994368922592,796.439959256272,31.67177883886174,98.65027207371777
946.7655661412324,797.8869034756852,29.848746279399833,97.72466275373262
930.845293689467,799.0678553607797,29.712100471312958,97.94659253826825
911.5068297810171,799.3616434320022,31.454292534817196,98.56032995311239
892.3327037806102,800.1479348047305,34.096141133658996,99.34114659084167
873.3025075191464,803.2653335561834,36.84780737102487,101.60503609598842
854.4739303818508,802.1618145749628,38.18497940151486,103.61287259472326
835.8914397969265,803.7582490497094,40.987065902687256,100.94490986563059
814.0745928675631,806.7182225292503,41.3333831367354,98.79087778523038
795.2496039876677,808.1034544650342,41.169553239242404,98.8920438815181
773.3066061275624,813.1940906213748,39.86371853059583,101.91010786536324
750.7461355545794,816.4662785082991,39.762708097670036,101.235518855683
731.534440147544,818.0351687042236,39.472654049236326,100.84702139058322
711.2215633251219,820.0995304881557,40.029541145886526,103.75773743052426
692.5712994836077,822.6892844113921,40.19881196182054,102.6651279753611
675.407498168684,825.2573102527538,37.23965012650657,102.80019638263268
662.5190169157155,827.540745228555,34.44529690925428,103.79654384027668
654.222465674346,832.2472385193175,33.61987475166974,101.44728119527352
643.641314219418,835.3908444204774,32.68326713526139,102.53202129612542
639.1252358066579,837.0442896288421,32.20465458004275,104.09013147822031
634.9443402830614,840.4440922108257,32.60992733183514,106.9784291399258
630.2805559011246,844.0848299395429,33.36677422301078,108.22682444437365
627.9061138405822,845.4967959901868,34.33800262862736,111.09409871750196
624.2252351353727,849.1355823110044,35.97810170266378,112.25564593155033
622.5264460772945,848.3377890874397,36.705393577486795,113.24523688343993
620.5842092094888,850.5569395603378,38.15413093820413,115.32372440708964
618.2270465941492,852.0593257599677,39.290700566410464,114.28131768135084
617.2962839783575,853.8985553068399,39.398750726145074,116.62297064988472
616.8293305558327,854.1847220115438,39.85044044354878,116.6677196922508
614.3221950712954,854.5639841879516,41.07614363324522,115.2126416989532
612.580196228118,855.3399745848473,41.64691148638737,114.54188514489942
611.1341157802318,855.514674297718,43.22472927494043,115.4158459484324
609.4158867730531,859.7822391225089,43.923924284747564,116.09647705823824
607.4709088193698,860.1141264830691,45.06686672319396,116.14839958403218
607.2031662131079,860.6681561294224,46.3110758281357,115.51543643620344
605.171413394678,865.2649913599232,46.754706127511255,115.66004854297074
602.2675120963092,866.0018533472856,49.8009356315574,114.68144557166866
598.065611725429,868.2357647712013,52.4331922520755,115.23074616908232
596.7836808684655,870.1337218117384,52.41411546445815,117.89808508470787
596.8474284532931,870.4570569187745,53.46780762459002,118.77502779736894
593.9441790710239,873.1448141354355,55.891777025083954,118.58333153404085
593.951786075107,875.275168606268,56.06071519078033,119.48826635404392
594.2593420505932,876.3201607228016,56.903367379806355,120.48272506394008
594.4853969103556,878.5816154487388,57.15251162643655,121.26461245055665
593.681753540801,881.1847237547531,56.53500726199172,122.80865821301481
595.2058922887135,882.6319524784649,55.04799244502529,123.77220594152645
595.1005631525774,883.5210474999901,54.2307402254382,123.91215523812164
595.5152203984826,884.6187268135293,51.5525188933749,125.24413079858306
596.6881648311514,884.8142987208935,48.98260252447396,126.31835397044858
596.5569530201149,886.9805237444484,46.304245741495365,127.35967366102079
598.9408986458363,887.2683585073997,44.499769821089075,129.58504471292707
598.440307844732,888.7275273774317,43.49646355951171,129.5440192039089
598.2372554363386,890.0833245281178,41.93850369962186,129.3283980554299
595.8371409252495,892.8620634786907,39.20102104823262,131.4685812167238
597.7603238532026,892.6097908679413,40.43655071142105,129.05791755059667
592.2437742921683,898.1912121626873,39.58186392854685,129.16767721981256
591.2594628126436,902.7783670230801,39.103655364740696,127.1285330929831
590.9528997363475,904.0488745192299,39.39203684792524,123.65433753278577
589.0725202690636,909.3775797818338,40.17432347789737,117.16091582048278
588.7384486762232,913.9501946703155,39.73201639769793,113.4809869436961
587.952118605325,918.9697953581622,40.006054762050915,109.14177631451716
588.7209787435364,923.0129746101497,38.88560972862375,106.50811356601183
589.0771509688728,926.3053083623861,38.39942982163454,102.17930645680747
590.762129793309,930.9349067744287,37.36698558685631,99.23920750768707
591.321374391529,932.2135524156968,37.40132636179649,93.00897555335554
591.5509157437791,935.0539152437366,36.596563584220206,92.16501543014022
592.5921868204435,936.5870053152468,35.22741669085027,90.94037573837777
593.342370522916,939.3785578875318,35.10284745039924,85.92426405049031
594.371577745607,939.7006065198425,33.694649316999254,85.61411794057115
595.0536025569643,940.4744187518733,34.39059662974374,82.28919355214627
596.3449838483947,940.896443463341,32.96760499754798,81.12147419706696
597.7366058762173,942.356639689306,32.07876736243862,80.76340407696983
597.9953707783928,941.5459420703891,31.656876088942738,81.68728705904005
599.218954802312,942.2520049591226,31.322418542316164,80.81265475648081
599.1403706642174,942.5368504081611,31.379750601256788,79.87476237011015
600.3833618738427,944.0120377865466,31.630925598168808,78.16055604522414
600.924858785629,943.5921351320465,33.35301330009012,76.54079259644107
602.1316532342537,944.225579146896,32.93764566035745,76.84796942171447
602.1980753017913,942.8329989310305,34.23833197974522,75.3826127668594
602.6781469383136,943.3825680981846,35.79232805834142,74.68347474240772
603.8687679499676,943.5585224026568,35.93633597576314,74.44958009850728
604.7601421844666,943.1954005377148,37.24464640457724,72.97454893362189
605.6779201757033,941.7801875144212,37.64444942529572,73.01720380216223
606.880118677977,940.6044477756994,37.74606731746391,73.41716748262462
609.4646936255704,937.7551659978724,37.24708249663893,74.49064195244608
611.0497360125769,936.5296762313135,37.86364264090933,74.4042244922135
613.544403909355,934.6339771516823,37.741355688872446,75.68971257817135
615.719879517946,932.9036831893555,36.9864117385019,80.2731743633044
619.0646865863908,926.1361342219386,35.97589416803254,82.72576161620687
621.6157694028107,923.6081879009411,36.28926054494909,83.59032189950159
625.4651026570948,919.2017232752896,36.628851876495474,85.59858373570492
624.9563431289737,917.2036492673019,38.30751020367147,85.51264162596284
627.5223546158961,914.5044312663117,37.84421505517065,87.07717400951253
631.3095034223093,907.6640110399667,37.15850494149899,88.42600498642669
635.1429240747404,902.3350307064503,37.01080458756489,88.50718122548146
639.6536644460039,894.4646381286424,37.741618292444095,89.19539290530462
641.721650108474,888.015433994435,38.6036003020463,91.87054356769801
646.4703788316394,882.0394055823775,39.26140034946762,94.12361962152502
650.2030699457514,881.4346124060124,38.801691515178725,99.29745455173858
653.5246323092723,876.2250211662267,40.445096772962785,101.60717899305605
656.325483904516,869.6042382208497,43.06657026659858,107.33286578890753
658.5705746691517,866.1104733063252,46.096686598234925,111.61275245259122
660.6515602438042,864.6490454010565,49.32461257466029,115.91096661382889
663.2623121588912,860.3901104428952,50.776773218292334,117.86249205206443
665.343965737025,857.1147727377567,47.336695999427064,123.61346396011504
668.0495092081567,856.0214447516769,44.03114031912277,128.19927362555512
669.7117449447111,855.8609190736599,42.51705471084527,130.7553724796075
671.0841250520219,852.4823935365946,42.96718302872862,127.34941630816112
672.4046557295256,851.7803786437219,41.418205051084584,127.23223499405358
675.301492858592,852.5091162191756,39.24040790378248,127.26244899464405
677.8744823111919,850.9177557486632,39.787692483129554,124.08448994369289
680.0149752635945,850.1732657241663,40.67434523065735,122.9444234380484
679.2716295367011,848.508126384751,42.34675975518262,124.42213303763998
679.470973829455,846.5019162010266,44.655964486947774,121.65696924590631
680.2212225654874,846.4668875719142,43.44356329333705,122.54045709563718
682.6282596768348,845.877546749962,42.97766703893406,124.78791954240987
682.3848535856142,842.0422990464294,45.007035107098616,124.13903537257575
685.5305326084534,840.6239509729418,44.01970817687058,127.7669702463725
687.2003737347525,836.742094908945,42.93693461222101,130.578051598867
688.5462065250342,834.4899767493927,44.83939771958974,128.88713686274605
690.0358556548842,833.5172058038248,44.996373261835856,128.24609678461775
692.9775376253012,833.2682085633016,44.548382753723686,128.23029869166373
695.3638043751484,833.3469649627448,47.32363326283171,122.9571394988672
698.7576836790644,832.2439937624557,47.9855075081188,119.476822430792
703.1403853256813,832.9846769054247,45.432286384775225,118.68716984571651
706.033801436471,832.7453227954744,43.50947405713801,119.99976438293245
708.005445708186,832.059107825733,42.910139644216194,121.17470633893177
709.4001790327377,831.4740864207743,42.21927298568524,122.47937146843799
710.4298947090545,829.2450524529778,42.15583348681898,123.61774494636819
710.7162825014308,829.5414991759471,43.43204550935351,123.66079801530456
710.5486531857177,828.479608554303,45.39301123927672,123.88905538426653
711.8652819441729,826.6466997828792,45.477482598142316,125.50122211436843
713.2733068077816,824.841727843843,44.67135240759392,127.1416155099896
712.7969508112521,824.0281025711168,44.617879087845765,127.29784626388204
714.0521792493175,821.6598551622008,45.19766683452919,123.59303929363512
714.7348100944295,822.0947966950447,43.10815602128561,124.24514160124025
716.7320365457803,821.0565213117337,41.27862255880722,124.80468767798837
718.6137628072164,820.767177205708,39.85346398426789,124.8245912115285
718.8435897283197,818.5099634438578,41.45824418735704,120.62377152605845
719.7374780505502,818.976787221223,40.53556355827185,122.68475809872297
721.3905376839429,819.7768196862216,40.230106895205964,121.74225616671663
722.9815913621543,820.0138492181252,39.794086629532686,120.84175569187411
724.516698553628,820.8149390848524,38.78785315290712,121.13653653858667
725.1043840777859,819.3478883662125,38.25608756342264,121.82127502889122
725.8482008360636,818.730034687301,37.77734874094635,121.40725963171955
725.5580833490102,817.4562195144462,37.82355103774839,121.07850252369725
726.7602024080421,816.1737876129749,38.46044409252623,117.30656723671157
727.4016957281967,814.5966544714553,37.854755445400514,115.06060513992234
727.9325964140021,812.366678472214,36.95991273496621,116.23985377889241
728.3358710265301,811.0095181956417,37.61179620262909,111.66626024107376
728.6426064487553,809.7949852952414,38.0677842965781,109.19849011136274
728.7481796048804,808.4630075926398,37.6862600376027,110.79114889064863
727.1658345225419,808.0704351142925,40.12927281354344,109.13919291113274
726.5202208885472,806.0381458890271,41.47852090779909,110.00529315941094
728.647639887193,804.376018354012,40.41104929714896,112.9312177371436
728.9084846905181,802.4421079348083,40.19044546656659,116.5673694124801
726.7362190009044,802.5347452589803,42.60925017994671,116.1572956466469
726.507465278288,800.7576491831768,42.84262019117391,116.9266518560938
726.5900712452444,799.7034308751622,42.49441846710648,119.5130587936708
727.253765348617,798.7896589474261,43.13347817860212,119.63977877173969
727.7026953795066,798.1926880426006,43.056908344662396,119.8911519910096
728.257655727014,797.5196096601672,42.68472024965042,120.78815279573269
730.0200241158255,796.8962155029463,41.64963445373056,121.52293653349601
731.1233432561742,795.8088788322525,41.63955478095617,120.49008196531165
730.9673425069508,794.1493801148099,43.768322780850205,116.9240291209041
732.6296279387306,793.4988041116186,42.10891685733087,117.3327252875099
734.1845580287389,791.9698360591833,41.42215020910499,117.03650523934269
734.9861961721881,791.2946912841048,40.84582094180194,116.37247568935248
736.0519435528672,790.5842342712086,40.21784646397281,118.2036769917473
737.7405507810641,788.4287215898667,39.66566691373968,117.92096337709211
737.5820720052317,789.4192946877371,39.59004879941044,117.95172964167025
739.1981144666248,789.4415565114905,39.7662003062975,115.7353621817594
739.8198754018664,788.1839400159847,39.86903258367122,114.71647781259603
739.279205113125,786.4069112736898,41.47049861468259,112.57111797292924
739.6243098663839,786.5466133313008,40.668417871877075,113.90165300370785
741.4106850296753,785.6474023785721,40.47278842191726,115.37850062539472
743.4179547929339,783.1262430468487,41.65335876378355,115.36502990807264
745.0502544799876,782.2249494980248,41.00859405489104,115.90203958271812
747.8980773128859,782.4722038066641,39.961691354829526,114.14661147579096
749.8097648354614,781.3877512682224,39.65085045542386,113.11566119422667
750.9257106084975,780.0757644936095,40.15559588893002,112.55574694268445
755.4371329439326,780.9476370572079,39.331375477529576,111.14594418367281
759.159592102716,778.8336954480537,37.5671786168474,112.45341322176762
762.4434950521284,778.5533652595582,36.13328365881732,111.87442581208632
764.0939474800499,779.0068682873982,34.96909507267275,112.36451223193482
765.8683922114778,777.945648676228,34.15038835729641,112.1070903846626
768.6654964522875,778.1755120553145,33.577608421640846,109.02640536822227
771.1769800704466,777.766802104294,33.81653661750893,108.17930361122157
772.5023136765205,777.5551813198717,34.20510150430054,108.3559698204029
773.9220987904068,777.8116522884509,35.621237289563936,107.40776995239924
775.2188292443996,777.1107313715347,39.16990485955202,104.02084746614625
777.1870224979734,778.0638847967391,41.21059728299777,103.67882177510039
779.4509526109016,777.7587902243861,41.60980254936308,103.91145765031169
782.1500100558044,776.4700977672416,41.37583676826945,104.64649327670799
784.5783942892919,776.2399860406156,42.007665176499515,104.05582679773579
785.4760569028356,776.4876824492856,42.39208094906318,104.19535969793074
788.3898609006505,775.4644275223084,42.0261415798609,103.04921837758377
790.288273147172,773.8139164992966,40.14165713455331,104.69340361690219
793.0402033654634,773.2488383534635,39.93241200109809,106.20890675619245
793.5830290757565,771.4161231097922,41.262182667156154,105.83832316059129
795.8242653494096,769.5772548863026,42.886882922148985,106.46474494748583
799.0923954066867,769.8409423063529,41.53644131099755,107.57383174344403
802.1148011053804,768.7973009401187,41.68593714948035,107.56965551449233
805.742206608822,767.2736329993648,39.86778224448419,109.165347280745
808.1957332595084,768.0772538359788,38.519678479648306,108.32357231441154
812.6494800848461,766.9038464296531,37.096915258535205,107.7796976325577
815.3558285531698,766.8255806254117,36.52529064707299,106.54309279997494
818.8032199055439,768.2592097100116,36.22856853227518,103.87782783344781
822.454003015539,769.1360514461344,35.37497597648269,102.31354711334286
825.089435579713,767.6136841408589,34.06446503768436,102.97337304380582
828.4366433886944,767.7148072069867,33.98143466769842,100.81076961851062
831.7199371904651,767.8198126804243,33.64739670030632,98.42457805645776
834.2369915039316,766.6825474241293,33.13180231780777,98.81832222101971
837.6385521037009,768.3510134111621,32.48204094388656,98.0187662470616
841.1753589937878,767.8590911484422,32.84830267918812,94.37935017452752
844.8025684931984,768.5007185343014,31.99734953535132,94.55237108870912
846.9766236614628,768.2778690468926,32.00639854109656,93.96695337774075
850.3349487218323,767.3170625493116,32.0840463387424,93.47421036135196
853.2538535855052,767.0490918267719,32.1999470584605,93.71490373725005
855.3803145582855,767.5420419303161,31.423788962261398,94.3161273304445
858.6510273431123,766.8477066860753,31.861578358086348,93.59242956881225
861.4495296210945,765.7055110790883,32.59248437481965,93.1710987679666
864.1324121418362,764.4533957968251,33.676201851348786,91.34267827630475
867.7033632435764,764.6742481480975,33.28810057384286,90.10143701551159
869.8840381347309,763.0030238483783,34.03292790588916,89.3002615477198
873.6325759608936,763.2313254293424,33.78894137671634,84.99917096241113
878.5209956761762,763.3998753712991,31.676722901706007,82.9677170380798
882.4223410526158,765.6116360709999,30.373477413750333,78.21169273922168
886.9717213293603,765.4500337313618,30.25918339433227,72.93587759276444
891.918950510003,767.2274271010928,28.106156820482532,71.09737489126272
897.3456197997725,769.2081931929931,26.854218691349693,69.74967976691825
903.3696671996302,770.1677318948582,24.573962512371327,71.78115411820269
906.2339506969915,769.8529633363479,23.789785903536526,73.47153572674482
909.454139260961,771.1856491463893,24.027196855845368,77.30899837800385
911.9255080232633,769.404216712013,25.743346440310518,79.64231635519626
914.3670160154655,767.8999513744672,25.71244164111198,82.5202859477542
915.5421325308662,765.2428920473717,26.97697353974248,82.81054495904675
916.118838805587,764.4230274787726,26.999885560167684,84.95763962335042
917.5185364182582,763.467889348307,27.524781718228226,85.00438765925809
917.5363316468769,762.0160666638986,29.32276104518754,82.31394553017672
917.3038747145674,762.1964584112695,28.695175624512437,85.10655222267691
916.8877131655719,762.1357510899181,28.678008776170973,87.98776686286506
917.4944035296825,762.3932672160671,29.021081646637384,90.33352330630137
916.283997585478,762.6741736013429,28.6874970419148,92.34958217985051
915.1966350876264,761.1625460126345,29.6415579154042,93.38109418427763
915.1073939322217,761.8080854593583,30.543810997284734,93.28727845716955
914.6125467104938,759.2904468405444,31.550852215064005,93.43928580058704
912.7549993464544,758.2840514466955,32.21746454496251,94.42931244988758
914.0019188862597,758.9005229539011,32.02126967466145,95.56565744067476
913.6165803353077,757.7590373094862,32.60932500535308,93.97052812855404
914.776260693723,754.6596339150789,32.35135004390236,94.85193625269982
914.5857306374353,755.1024636030471,32.275080440484,96.03476772675185
914.806201821769,754.2184365626405,32.43773466310071,97.27174610506577
915.2859579887926,754.7992767807837,32.55760196582469,96.98788354520823
916.4618160356472,754.5387514144095,33.1128084980231,94.50505242090048
917.6708701455151,754.42691315137,32.02744794660506,95.1424726343605
918.1873126692976,754.1894422673863,31.858016314989527,96.4691396486667
917.0973774722628,754.8550317137078,32.77067887164414,95.74392283993757
914.4484384524844,755.7014982579075,35.61558923444494,94.41348473495032
913.0083530192093,756.5659802389673,36.916041794215815,95.3669074250672
910.3413699411192,757.2956464560348,39.43972709247671,95.75432699736274
906.2184719730449,757.6071244512011,43.25633715172879,95.88431947939968
903.4359111042476,757.3633886299209,46.60766483037075,95.88104937491126
902.482116452479,758.5346010646159,47.44732355206601,97.07471340544075
898.6394812861299,758.0206059319772,51.1203025090457,95.47437439527353
899.7899239959812,758.844438866674,50.59924094306538,97.06517905543225
900.3687113575446,759.7155562377133,49.776121464580484,97.6557605559174
904.1520784674451,760.4741077557403,47.16514197072847,97.04215003632572
904.9749625774753,761.8525395109979,46.30227634607658,96.63037223190032
901.5019402278676,761.2228041079284,49.946404999962766,95.53902840456699
903.3413978359763,761.6834107354119,47.64579312784746,98.34680869681746
905.0461346387721,762.9103076942592,45.88607049035388,98.55286865427699
906.5961477418865,762.8891523044227,44.11407668593053,97.57525280170444
907.7811164792018,760.7921966612872,42.47869845697433,96.72831797976453
911.6430257612246,761.7128589388647,38.442709468837066,97.42680108285393
915.589519665065,762.1929718760498,35.5199768805341,96.45134909251462
917.4558266970546,762.4635177911214,32.861910844304575,96.2539731639614
919.2333550168061,763.5521697660912,31.182479922248064,95.66407621388151
920.5677992861057,765.5395399101437,30.51994060678814,95.5355662298445
920.6318580306033,764.7890537295154,30.838223811643125,95.4074872848002
920.5092893370764,765.7965587613896,31.812940267671145,93.93528712776697
920.9686389601397,765.9040086829425,32.130223566109116,94.71724740341546
919.1863263214012,765.9038807846852,32.87525556050869,95.95568123771815
918.7620232731775,767.5879329845416,32.83016761553381,98.49820115087752
918.5852193533752,768.0378119180126,31.59116102165587,99.68907081571692
916.7976286884334,768.9937337684144,32.96553980092895,98.5272159852492
915.1241910104659,769.1812910071648,34.110470693538325,98.57559160853006
915.8237314820482,771.142561878006,32.48141637329955,98.18714233459632
913.161714833151,770.6073854113421,33.91163604640528,98.58518127687559
912.659547401438,769.2404646768433,34.145398975730224,100.26092109049613
914.0432926988748,766.7914151280123,33.05772190196034,105.28945314955104
914.3427331232758,762.292374237843,33.168610776563696,106.8417853151719
915.3416057535942,757.7096141185167,32.33964753296323,110.42737043126039
917.2982041865922,757.1372626535078,31.364367051314375,111.25829891670037
918.9508028895249,758.0501234734027,31.407473220428095,106.78624169798692
918.6727083900978,757.1686884514145,31.520359238944422,103.28983372679454
918.542416277795,758.4344447194674,32.2925208195529,100.235909225018
919.1562664512473,757.9006005277517,31.05360175768388,102.57756439120485
918.320051317828,758.3130300350529,31.54951448685832,102.65319225987685
917.4684793893487,760.1884709651414,32.80701851221094,102.0856763909932
917.6941227708079,763.1056645037818,32.751222094099205,102.34607606233556
917.9464823397212,766.4549220364682,32.84151618722885,100.85886379297517
918.2750471708908,770.1567245011997,33.21189796554195,100.54315713472226
918.8160564444613,773.4146131905319,32.828231840893636,99.26603678788129
919.6608296929642,778.3256757912335,32.12793113541138,99.64138527401155
921.31785663154,780.4849113801037,31.21180576961618,101.52201303700271
920.7459091073711,781.7565967620214,31.198315985159248,103.19692295837962
921.2744892933281,783.9696401403473,31.54258555061793,105.49964922426126
919.9657436522328,783.6118357629516,33.24140049186573,105.65278448671893
916.9467520159303,783.4360979507458,35.66864012342745,107.01076524981593
916.35684847002,784.5448459627507,36.81311784072401,108.51164232402806
917.6359837563588,785.044315929503,36.55864744848389,109.41652908049734
919.627318472601,783.1189707135924,34.93654931836011,110.5431353915956
921.3944699208022,782.2692657490666,33.60078951168842,110.66858605829526
922.0252538278671,781.9810600417545,33.21062403955002,108.75207769293453
922.9118048169644,782.5242279330713,32.644755145341705,108.10507356215109
923.1155717522165,780.7159744221539,32.57999020001442,109.10031492824922
924.0644442334205,779.1662133186239,32.44097759804174,110.08757915032908
924.521027339786,778.7791179038431,32.6762201404395,110.73628950348096
926.1667121227483,779.0840082073244,32.099268421264085,111.9528987079085
926.3750663848009,779.4191644473843,32.8674561507718,110.53949786849412
925.9276130233243,779.4325601634484,33.88516097493316,109.0998264683368
925.7970100257592,778.1249623334375,34.68196756650979,108.62355598831891
925.0696368482205,777.0604690882974,34.98536695617984,108.73327596990464
924.3832560678626,777.4716192595935,36.894754734985064,106.40629389080499
922.8946491263052,776.5760510546733,37.65009636161534,108.28609953207241
922.2468593822198,774.860248142836,36.05559356844328,110.01225707492895
922.2050879801243,774.4102942856412,35.26461957414044,110.09071505616157
923.1153722280253,772.9310067155805,34.22069875859911,108.90506539329722
924.025095351433,771.7109445443233,33.42494660665511,107.5040860631386
923.8645118694817,772.2229420797165,32.89158637811384,106.16089759498504
924.4395560979198,769.5417231794864,32.10610912582078,104.57666686504673
923.9993555034406,768.6843539014385,30.650670564940885,106.2562289396966
923.8826277778013,768.1296768776432,30.04144630779978,105.77120135483088
922.4817799210389,765.9547204734397,30.31322856266842,104.33520207924323
921.846447186559,765.4190726873778,29.359154990617423,105.68434138601947
922.1240450535608,765.3622872145718,28.602819850515324,105.5656063173609
921.4009502715757,763.6318497834877,29.435473733517107,103.36743740951364
920.7044823975297,762.6610515926014,29.060454679666314,103.36010252419594
920.0830823101247,762.3084238746973,29.528570246490567,102.99220238807678
919.9506657656178,763.1844696634196,29.961050633015965,101.07770459766496
918.672398114392,760.609842439356,31.538014941086146,99.44148554300725
915.5564633487683,758.5140030129952,34.10848228959563,98.25588502955523
914.6396700785352,758.8233015782778,35.41810623462516,95.74969138775997
913.3647698322035,756.7105466152884,36.45266709582311,95.44401098319418
911.7117597495369,757.4370482666211,36.05664437167752,93.25736387296747
912.2890863371479,756.7235116570467,35.38120904200571,91.62599621166943
912.8623637585629,753.2217755027956,34.585928189691884,92.20002264039131
912.2806920851982,752.6297829265151,33.468645740387565,93.57460353254729
911.9182035888676,751.0077755757621,33.3264229655133,94.5996774830156
910.4400616232799,749.1771006587041,34.08919720676408,95.30967387744758
911.3321444308615,747.6844693185687,33.005267140719994,96.25914266609959
912.0284820885278,746.1278187233664,31.767680029369856,97.27487063293796
913.7792646378986,746.4598469638527,30.71364734320405,97.68965928234448
912.8647650028684,745.2729364099837,30.37663707980471,98.8729401480373
913.8006767038565,745.8897810896973,29.877063671421286,99.80129146694561
914.7228385751433,746.5461552950467,29.35893161919337,100.70808525146508
915.2999995394372,745.5581642151161,28.456048048703487,101.37153084491439
914.846594425826,744.232706496192,28.220185541718806,100.75930889049775
915.8943917001436,743.0121276429401,29.015142573449033,99.53934552299707
916.043254858904,741.5744625343016,28.511291982739873,99.92467983411132
916.6630528516812,741.1299914108688,28.7148076160471,99.24624015474527
917.1134969938487,739.692611997188,27.722471203568688,100.10425344018446
918.2060702533092,739.5026171439686,28.417653632244566,97.67221587474884
918.6388330500981,738.7632181061188,27.100328706651226,98.73696969910978
919.7680507608254,738.4587104657521,27.719820786239836,98.52034502169008
920.1337524774057,737.2344985937825,27.67919866505683,98.51428479981524
920.5723768287011,737.0329452839404,27.21746121298278,98.97771147828193
920.7756784103116,734.5401932028998,28.837878620246258,96.9230376878189
921.0239714974332,734.4400781069397,27.807658912955105,98.58620430602838
921.802272543084,734.0312365567556,28.811443723586475,95.7892355507167
921.2435965819318,733.914631687056,28.945889505426486,95.026536552681
921.8548781448924,732.5917987693582,29.253791947850594,94.70561724403211
921.6288777887596,733.043776808092,29.940702810167515,93.12966331790446
922.0828232747627,731.5117704169398,29.96122559696323,92.5921061131468
923.1194096986609,732.4080750481155,29.50913206769482,92.90467403326697
923.3017871639419,730.8355974328064,30.06679762092832,93.29133721250408
924.218164276258,730.1546751549398,30.078475474213185,93.34486125239656
924.2746195589748,727.764745421054,30.06440856099684,94.82318112324818
925.0563721686979,726.006546536704,30.22694262305925,95.70633598711171
924.3050600067626,724.2436154438582,31.50190836137443,95.95108451462053
923.9290165088561,723.4028355570597,32.02675246456981,95.98871871118553
922.9390607625162,720.8406644226112,33.55062602892792,94.1997578723127
923.9217805246589,720.1097680211185,32.712496405055866,95.34023480274222
923.5216286557226,718.1399428036418,33.615504269607804,93.7006321780893
924.5561494565071,718.2278260481775,32.389817273275725,93.86833182999993
924.8700040123647,716.9518519383059,33.025685385886234,91.66850403111003
926.0099755787526,715.9056419144063,32.105532023451126,92.418098643929
926.4614571377425,714.130562395626,31.94027093820676,92.85344157307976
925.9261803759364,711.1911122594645,33.17932856740099,90.50855631585614
927.1551454816436,710.9758598698476,31.731043842635344,91.78168069275716
926.680276902745,710.2552283056609,32.31334693736522,91.71144870900665
925.6083406284946,708.1118227742385,33.54743081636154,92.39340821563272
925.5874776618377,707.3312742202146,33.917296172130754,93.96801166766183
924.6270748969897,707.1767961476612,34.42671119361081,94.83884754481659
925.6622081118737,706.2033008080408,34.25023270906486,95.88929103163078
923.8388300191343,705.0933880631436,37.01402301665433,93.91702588965305
925.4229147474554,704.1126322046462,35.52965433078733,96.49881070552676
923.6295372889,702.8709236136092,37.83779974845787,95.12672835517876
924.2339708650368,701.9635892651411,36.28199355922014,97.1163700497921
923.9503272314704,699.5422180296246,36.8333789995426,95.59024361936936
923.8525466339548,698.2964003848801,36.79005648031122,95.96331794677697
923.2814197202873,697.2216199246342,36.781677968029626,95.77305297667036
924.3546376443302,696.2522984509592,36.12871157574312,95.69583977607368
924.4622643114482,694.7755122836054,36.04490870097135,96.67259067897632
925.8670290318071,695.1185213230946,35.14275410945443,96.7519707083008
927.1983676447466,693.6696614722106,34.0275601624175,96.70424904524697
928.7899257625861,693.2170964539374,33.2058839830605,96.93731676508946
929.3584784969573,692.6108164156311,31.232397346594087,97.47021756347468
928.5147245540534,692.7997688277617,31.320215972126636,97.58264697160848
927.197410605708,693.1848413826704,31.38218182840375,96.17077945022699
927.606678558465,692.8993758281184,30.70053817160515,94.7349541768049
927.9193310481107,690.0641575315001,30.11245060477789,95.90369055192721
926.2404593546034,690.0344942865264,31.37051692511191,94.8656840428471
926.3090071952746,688.8548404696005,31.46645889055275,94.99692424063133
926.01196104289,688.9828619048928,32.00046498326907,94.63649711107081
925.0954400479254,689.1567129715672,33.289271901592514,93.75082456865522
923.3853423897909,688.4955529717763,33.590555505859406,93.56370714519954
922.454358524124,688.5261516728395,33.11466312850392,94.47656124907004
920.2832656909886,688.555231676798,33.541549304124615,94.27496527835582
920.5223424128284,687.6382263850757,33.03250608731259,94.73983132604737
918.2864217995931,685.4736487596947,33.64717500282062,96.30581490416435
918.0188858124837,684.0772628470106,34.042647769667624,97.88895596447497
917.7464715208863,682.0235364416209,33.68754929165735,99.25722716097314
917.9420963236757,677.8502946741388,33.896518547110546,101.00324593092569
919.5813255434384,674.9826316623801,33.074154138138525,105.22519855017256
921.0050700922582,670.3755785787317,31.881142973264026,107.81728646261523
922.1454718752299,666.4782423612334,31.673461328045185,110.15215341579314
922.7113213706549,666.6726224010359,32.69619887842076,108.36203914237538
922.7303449421545,666.2664289769035,32.84626652337829,104.84091402583317
922.42871324307,666.2430654814483,33.40854791995105,102.66912280802066
923.6370369005838,664.8155673389342,32.36253622521667,103.7487553995397
924.410462226387,665.3685461624059,31.843616866094855,102.84898685244005
924.3683018597429,666.232132633593,32.27640121811548,102.19257894940976
923.9311205027946,668.0863064404413,32.30576444140654,100.77406544943497
925.0706684567274,670.3709760886044,32.15307369925891,101.21717769894778
925.5914335452884,671.956393614314,31.883771653080892,101.55460861565518
925.8409596788504,675.225318154543,31.068564248173587,101.61731473322408
925.9154579815342,679.0528547419301,31.432790726356444,100.44302963216586
924.8694900782637,680.9991528110834,32.30409528163738,99.57100389582172
924.897383172168,683.1638097784166,32.13191886849506,98.9186681434316
924.8920582257127,682.9840861743041,33.14471720034489,99.07375590882523
924.3926682443354,682.7182155434125,33.43880861197199,98.93850286114085
921.2867235037794,682.7356362699214,35.31031390037887,100.11540770561211
921.8148622411265,683.2612106819433,34.91817060699802,101.07178455757638
922.855113790054,682.8840345406816,33.80637897765396,102.23412587374251
925.0711857492863,681.7969881130564,32.51838550584746,103.0215257799236
925.8997587386622,681.0962298712568,31.27552496211055,103.73163945281759
926.649682248704,680.1262757573967,30.730067788492004,105.31056561413236
927.4650569175425,679.5858463113137,30.289019484133505,105.58748632112439
928.0475231291376,677.9796737136395,30.161607329814938,106.35008981461552
928.4096192230712,676.4342051831891,30.371139102499882,107.07285732103581
928.5108942670603,677.3169348929263,30.841315856568396,106.78059755276072
928.6788627447594,677.0354536538513,30.73565569598815,106.26744632393864
928.6279214272877,677.0571094904641,30.356524202734015,104.82084999703825
929.1428467966563,677.5071246999192,31.132730196351673,104.41007106436109
928.0246774948442,677.1753920634205,32.235979542806,103.30776597668961
926.6260667515163,677.8238699299359,33.42187464507796,101.90242721030359
926.1902116211647,677.0562330166928,34.4022232645338,102.73665211578901
925.8630717199438,676.6181872062359,34.78863050512909,103.17653277563898
925.9711168664002,675.9484347644918,34.41278078534523,103.43990477604962
926.8364970354505,676.2039956603921,33.90338887216695,102.37855855631828
928.6354220060795,676.4741768782569,32.86277762385242,102.68130772078804
928.2698167641329,675.8896559736072,32.94291470846786,102.50987386570948
928.8363992559763,675.7471860516488,32.81685203300823,102.67672314439939
928.6310394199526,677.0615492080201,32.82575429351178,100.22262038317436
928.7801104489691,677.6027658319786,32.47404020017356,99.20611897404626
928.2203380328189,678.4730981933591,32.3578810129997,97.95249057675943
929.6350520151135,678.5808668685675,31.94174048421126,97.97437811173702
928.6970834315549,678.5924256807917,32.73799300279976,97.35649642651927
929.9634350925679,680.1087751718119,32.05202803994991,98.29868627481503
929.8676053378382,678.4375868786391,31.90805543690046,97.90068097339571
929.9643563482133,678.4031562863138,31.943316994523407,97.30891680790637
930.4546167630212,679.4471111212107,31.86707440410345,96.64209092334279
930.5107233469773,681.5023878116492,32.78110691850182,93.92546526062722
930.4258443924728,684.7765030896016,33.67541388766841,92.21595572518143
929.1805238288821,686.5914064435626,35.54962404420379,89.31388400852266
928.5643562177137,688.6393318764124,35.985499901255565,87.69001323751593
926.9977059150535,690.8561287367121,36.64859250473917,85.93969514459664
927.843131671694,689.3963111779382,37.06489340421934,86.079977098178
926.5072494663839,690.5808749799992,37.3879351540436,84.9234617856894
924.6567476671988,689.8675467470152,38.415637235627386,84.46414904570312
923.1933228460882,691.4090976827268,39.328284329798834,83.66313933195048
920.6455145121975,690.6922703331304,39.52348530667846,84.85317734385028
919.0782999675419,690.0372434855782,40.06029830904819,85.45848459044365
916.1099431984146,690.6053709954755,40.46074007801214,85.14634218938296
913.5539513280805,692.3653600564328,41.03404149713579,83.81694050163466
908.4535259169645,692.6852038729819,39.8158277785084,83.06659682471197
907.6427994964575,697.0127548330804,39.64477502902582,81.61113683998774
903.0341542573625,697.6394422943752,39.10992517213807,79.81134315762849
897.8728025349515,696.8405054709015,39.878363695441415,75.0362637644057
896.9965650382533,701.1481816492654,39.51371781252824,73.5292947599301
893.2307093091274,702.6673522309226,39.826003858446036,74.69229001351937
889.9374487848551,702.9037711934113,40.85461682662996,77.62434078245028
887.9084618467808,704.4345466929602,42.98548330686711,78.25635369811282
882.3487678969269,703.0514965638741,43.695173626865156,80.70394443503568
878.2226152143581,703.0018084698813,42.655741645797576,81.27753750349436
872.6370229548039,703.5790147748429,39.85418548139989,80.43590024740489
871.423445960713,707.5443275322064,36.5305254923003,81.18309603980283
868.8972280001148,707.594686720184,35.59176237530486,81.22057793413722
862.3971737596399,707.5462620323694,34.7061979944991,83.1019267677442
861.0059189239156,708.5689681553011,35.324181217159804,83.0471475065605
856.0399771112162,706.6157273044613,38.030382409327316,83.13963274479374
850.4422885413908,705.6174510679424,40.30042769430121,84.52190087325165
848.2508025111023,702.8414348614813,41.40902213395131,85.37452453962581
843.813161089909,700.1383098823177,39.73391457626224,90.6310651846131
838.3472088017202,697.657814094694,39.14015999359849,93.75780247684183
838.5426571633428,696.2183271456022,37.08639762304306,93.66319696179914
828.2648297169945,700.8344510972723,38.06635424066684,91.65985387342884
823.3413803384564,705.7780060382715,39.4391254050997,89.80969252061863
814.9615886626129,712.433798860658,43.34687648536842,84.67702295710066
807.8572215452814,714.1009827702402,48.4339954452262,79.4787287224928
808.4852700228907,713.8929048457314,48.07114373343721,79.93993983733363
799.1679601389962,711.7142322560383,50.372401406871674,78.82851695608647
789.897839278682,706.4423255946241,59.621644426169816,73.40263505227628
791.2104695170912,707.8905858651073,66.67425232624586,71.5340796272435
820.0073670842806,699.8168711903725,64.62267506084845,74.57689693406927
800.4865820889702,699.673385137035,67.14924110736173,74.7519948956211
834.4133843922575,692.1970517858874,61.695992470975746,79.01653860530257
842.1074412823648,687.499404674591,54.38566415211014,84.66423431750343
826.565421077367,691.9478115673768,56.19258306554018,85.67119177488229
842.9554868997151,687.9999217368875,52.69680978030347,88.49333137331683
846.2481485373609,689.2330428734755,52.01579711186315,89.54214252948843
850.0233937587911,689.4782519987438,52.48158352170658,89.39387919936253
852.4563201634314,688.6905429819043,52.71581089285649,88.8054959972192
833.1605636958685,688.8545109956034,58.07863806708242,85.27785266906557
837.9646861332737,686.9514021133334,60.328617663553054,83.50693334422601
843.1110895706915,677.7041092394146,62.04524108602428,82.48128509315458
842.9781973417043,684.6839890773888,64.49838759778402,82.54600586651044
848.9602106543666,686.9898533535927,65.19665598503295,83.07080434877325
855.3165566573502,667.6289982712717,64.15568550342091,85.15894956820928
858.3299946644694,669.0352689745986,63.952628119618154,85.53230307967996
864.4966293974089,667.2737670569322,63.72484048343357,85.7151183899444
872.0782334005338,662.8787772204813,63.596324675802244,85.71415499201922
859.0841645359359,659.9454929293357,65.2306295363766,85.67972760876305
867.7424876162288,622.4491486973184,64.63538339931816,86.610532206519
869.995888607302,630.6608387943515,65.56301042722798,86.15848222849483
899.1627184931898,634.5571295877027,65.60566272229077,86.14312561565674
910.1729528421894,634.4235812049544,65.61366445079533,86.13956573567313
916.0158399026036,643.7905897447512,65.97775817809952,86.16316455490887
902.7820586710232,679.1759428031966,66.70616310414346,86.43269447458015
928.3308303139341,708.4554088657067,67.66768211638826,86.22365068970731
938.5006210273082,739.2483296747888,68.60280446097745,87.61425968384323
944.6934063531971,799.2760495424488,69.78172521636962,89.30959247733807
951.4239294947076,809.035112880378,71.21635989405183,88.98674051660356
959.719080506715,814.0716331222851,71.57868329912002,89.15624805282388
966.2529798946441,821.0275038044239,73.33077110436639,88.03515270038237
969.9958489527178,805.0557626826311,73.19824215429705,89.4222353834387
972.6539117300176,811.8401887933157,73.89522952165416,89.27049768613706
974.2926129470316,819.6493903923381,74.50194790277268,88.86724762104464
977.7712694075248,802.5660356584365,74.5198248603464,89.33480769996748
978.9555274223312,813.660349382131,74.98368295462396,89.07160645861687
1051.0478707488162,879.2432565857606,81.07550310736423,86.48612065760177
1067.7112150696069,888.3915781176568,83.36546041794523,86.89679430196304
1072.4292253601877,891.2566660952737,85.31805244900158,86.6764564121468
1076.4280988579583,893.1467412021157,86.77043511243299,85.96315363494271
1080.0992974046064,889.8143487735972,87.9001941404065,85.80830806896033
1065.8049562328624,877.0145131880815,89.48825853891266,87.58275241704857
1071.1702099549134,889.3586423324606,91.61527596249002,87.74776537444981
1070.9442044857235,891.8650445373165,93.01482208906992,87.5371703195374
1058.4553100756111,876.0414079693708,94.27526427306385,88.42524181308114
1067.8154255120646,883.8165098850794,94.3484541224273,89.59230533409527
1072.905574381172,877.9414290282284,95.05231600637552,89.38146487320914
1052.501210528162,882.1842563503332,97.73194137175162,89.42727226596176
1079.9686705554066,861.0860366389944,101.13604846891766,89.08071475447272
1076.408802457347,867.722809982563,103.24626021974831,89.13488147121036
1075.228145074846,870.3433334996429,104.61459874483937,88.8096714317291
1070.1761464612168,874.1967936773702,105.79592622111039,89.07817324001621
1053.9701000446846,875.2971919906921,107.69792864938545,89.04431646432178
1063.2171842438422,874.2228666310343,106.78288565932584,90.07028282899881
1063.780535866392,869.6357848310809,106.17819682401485,91.08733030720259
1067.610132737387,860.6213241321431,107.2963137672352,90.29491338720126
1070.567026980715,869.2763877693607,108.47328274258794,90.76413256684651
1054.0363026588964,869.3935618777755,109.1892164381828,91.6596101467457
1065.3023172185565,870.812735953821,107.60211160516221,93.52579328158265
1067.572094313423,862.4426910804842,106.99613484752537,94.15832430762913
1071.0173282344965,867.5451622486142,107.78543499131277,94.38411829384394
1074.9193788431232,871.2641535514458,109.55348924970436,94.21157795670968
1058.0053206151874,871.4172957388868,110.5145107091799,93.67226215289526
1067.1253679659433,871.6926109911525,108.58708866865253,95.34322331481442
1100.3929479506871,879.4395698875979,112.31189298690984,94.20740334734714
1164.2382179763008,890.756885743408,111.97255206333247,96.45027745210132
1173.1934587933777,891.052711425408,111.98208025319094,96.43678536733485
1176.5127154397135,904.1267872484101,110.45907630593042,98.70081899988266
1184.3821479875162,901.6071052993631,106.90421899670132,102.8379657103067
1172.4019339496867,893.2319536997951,102.77453541256675,109.4258262656252
1187.60372258667,896.3988582581144,99.55371652649588,113.94460174687995
1161.4920622300394,895.0087377756287,100.1765825277827,115.6645939001912
1175.6279687005822,889.6507160569687,100.22922079611835,115.30579947465998
1200.1939741828915,902.3018655678362,99.71151242165354,116.80557544555496
1208.1075617869249,903.0091130671937,97.16082994596496,121.38028745365867
1210.6990061412755,912.2581588843123,95.07163007430573,125.6479373896151
1192.0948833590523,875.9440148923986,93.37624199458891,129.17956785341784
1137.025308373339,879.1303469631458,95.00133154531267,128.48522100557548
1144.1615539850372,851.8969891713448,95.7469768345495,128.37649004018652
1184.3101076681135,864.5482920289836,95.00506237631267,131.37869808869
1130.6508075430004,876.6363662923333,99.11576057236726,129.72483798348566
1179.6072510179017,841.0888019777019,98.78597309025002,132.25923418842916
1183.2529713777715,850.5456805144433,99.00824703620663,133.20342894976258
1191.3513084355357,862.9409587552843,98.6460526771702,134.5098480204682
1201.9193665264881,867.6644774356168,98.33674757490937,136.6322239619134
1209.223308083607,880.3795997349839,98.34790558840277,138.14395795054054
1213.6449041914912,899.8482286481981,98.4889206293721,140.35132823294464
1218.6640583761084,917.5002347646706,98.24762274840604,142.11237243505616
1235.472575662337,932.3877149587191,98.81791025750402,142.1128755948977
1207.740580338716,905.0259706406773,100.12628037478521,143.96067739630746
1192.3333219985984,910.9590361929561,101.21316949564809,144.1309776203943
1212.4397782677495,914.9456409930613,101.24554181621309,144.95156330389167
1184.9435236215343,890.1950274989625,104.15209590735341,146.00557709311968
1205.9917137410657,899.7721692710015,104.38854640664238,146.7523605704356
1211.6778624963765,920.2995968420106,104.57171021262617,147.06453527387728
1194.337597998202,878.1782608947901,104.94594556090348,149.43350337295493
1132.4253135114602,839.7843441962643,108.72655171120077,149.63520257396843
1057.7119959107158,852.2124556411826,115.70968537934048,144.835702687448
1069.0110452012416,847.8739160151116,120.91511501074947,141.28406187019408
1046.6487370916927,865.3156480086084,123.88316590195852,140.45110816929878
1055.9244390209176,867.178724608272,126.2394514786432,139.31251236328788
1028.9522708325453,878.8996717437863,128.61730339142406,139.72387000329184
1035.5178994486816,880.666677938691,128.17758811963773,142.35538157158618
1051.637741234279,843.986449257664,128.8167225939191,143.24646978071456
1065.7027756448256,852.7624298159485,131.44048710574367,142.17399439437787
1037.227213537234,863.9581652037984,132.2437340050401,144.04357299184525
1049.4895103862705,876.3343173829235,133.85159041656087,144.5697970925151
1027.707256687469,848.2655305649724,131.60669218733784,150.15005844904002
1043.0355567891615,856.5461143440755,134.16131545077153,149.4952943089873
1018.5727828633337,823.3357918988419,134.7494457495731,151.3722534008511
1042.6831650315694,843.1158393097455,138.12782632584532,149.92300270889933
1053.3132419323586,851.4894396485846,142.95996796193916,147.03722504194783
1027.591217243735,858.3122103151173,143.27846520887908,148.49984877289353
1041.818589215581,829.4285274351075,141.42647871770117,152.1515274115614
1024.1853472577473,851.0919488001605,141.54011527166523,154.8907889783623
1080.0510188305225,858.4837595979196,146.7365211996364,153.22667023269105
1089.5751526195731,818.3960184860061,149.09866590649906,153.82379986009096
1036.0497321411683,846.0124087849388,153.56345130541132,152.33866768067216
1043.7310851926065,856.7521899863189,155.6755988831254,152.35647567183622
1046.199930899828,835.6059139915748,157.25278482158234,153.09095642322956
1046.927582938349,855.5899466687865,158.5087558416834,153.65982818348095
1049.8404496883254,866.4566755623023,159.843474674467,153.9116577505735
1048.8650426850418,838.4589637536475,160.5169251962599,156.30399181135553
1048.3733061399619,854.3874301022541,162.95227503620993,156.0879232207852
1060.5733634464777,827.5150368608905,163.98861513027015,158.62793124519735
1029.7771051578968,853.7917577147156,164.54282041015313,159.94421438579812
1045.8573684837122,814.7034920604538,163.9270081144326,162.49189340057544
1042.359399859125,848.8874178877325,165.81848558419176,162.84903956438254
1056.70621263691,818.3010028878514,165.6233175874505,165.9135160528892
1031.4763653315563,855.1258634722257,168.51563033720532,167.667718650071
1046.1743252961771,811.6801608977521,167.30747682599713,171.6904888862292
1067.6849806448433,768.2073034341242,167.14677934662066,174.60830832716883
1078.5795687594361,793.009278357556,171.89775760521155,172.89617903587657
1033.035589136463,820.4117010565918,176.99501349131697,170.91750482148672
1004.0582147345388,861.685784826038,168.07224897923794,181.97582974171934
1063.922335419392,809.5592820688107,169.27834984906548,182.7654466283626
1025.5829049048823,842.1784923594537,172.17657170099525,182.26986435203077
1041.657155628022,794.4362146502459,170.9030241285522,185.9738999182287
1058.7177427806482,766.0034391513619,170.9242174700699,187.70723368484968
1074.6115283516835,785.4861331585097,174.3759331429079,185.8633081381028
1046.186845529153,815.4549124255519,177.67722613291818,185.29704357268906
1075.1361642569832,757.25925019753,176.64911322066837,188.64978179743193
1140.5425256930957,783.2092755726666,184.13364828967565,187.48662340968772
1170.830165092683,720.6575632275146,185.00195456901093,191.07203823252146
1247.6414006723012,767.9464416842012,185.0909523451997,192.1698219287414
1395.0470734381659,630.4797314997566,188.3772310925956,194.30451482073298
1417.4963777361686,607.583851835924,202.97167952911107,181.1684014565368
1436.7971380902845,599.3640704308202,214.3130249659481,166.7523628630425
1406.0764858027785,621.6966133945413,213.58145718842974,171.02184342113475
1417.3781097944009,609.3272359470701,217.6437080572594,166.10429158166903
1439.2448694394448,598.8911847550087,218.99386259494779,156.59156349952616
1422.6098970496005,619.9876438683451,215.9741833409684,156.06213108300926
1434.2250049301106,622.8965641066584,212.9161773944344,151.6537535719291
1420.498982869742,612.1340487467105,213.65240568985342,150.37741870208419
1439.1297967862658,626.7379862372715,210.07427602729086,149.67069292518545
1461.2642517773793,608.0425532280165,195.76788269812135,150.021807346122
1470.3321335876349,612.3317844586129,183.6128943625473,150.650267180626
1476.6252931858724,616.8746490301673,176.03525324231717,149.15396384875947
1480.6849968873012,603.0913957797138,175.52851542756446,140.43384757235015
1474.1522317231438,613.6553159457224,170.7029966718421,136.21548469173933
1489.8190965372,608.9461580739038,161.57448145740915,129.81351100764184
1489.2285732266384,611.0851259094127,151.10054694552173,123.49502376519621
1490.447265176164,612.7063891846371,144.5561937920577,117.09617135389468
1492.643596159907,614.2375380921421,139.218597674476,109.90688356659246
1496.448589469163,617.4138068512989,137.43114695033069,101.18611110476371
1498.620137250909,620.4997168149349,134.84655422128662,94.55251087737038
1499.0969274185095,623.6511015028605,135.67898394078247,89.67181063582905
1505.0681317688748,625.1079133201862,129.7899111280095,89.03684387368345
1517.1538555571012,625.5200622670093,117.68566662338839,91.75632466018567
1534.7267911462434,621.617954284792,100.2247179410762,99.5234634725283
1530.72627004343,621.6747492284584,95.71904870041797,95.77735804899879
1550.2149018926818,619.8238819383871,82.74099909306199,97.54273629899657
1560.761786147706,618.5728345746322,71.74920110231477,97.4441538386481
1563.2105263075175,620.6122871408405,64.3010520774298,94.66017864023402
1569.1963423967957,623.1860188870359,57.699912746028126,94.32628732448019
1572.2911083955253,623.1671349685874,53.86431304395691,93.13138105062332
1573.8745629600894,623.3056421855806,51.78537202746557,91.32037866085129
1575.540735734289,623.1933740824085,49.1187128712035,91.85062867667585
1573.7376461301644,624.9460466570509,47.41247269708708,90.54427218211434
1577.2125546943264,626.0262583404806,44.91803295956619,89.9485002552367
1577.4915655792806,628.2292073343426,44.21024714652448,88.5978670324485
1579.8443442018947,630.2046723085627,42.25864982553758,89.39331429902893
1584.1984593090824,629.7835843719332,39.432035000608764,91.22880247829559
1585.3338546150912,631.8668835667321,38.688116248046796,92.70619945479393
1589.3461986287327,632.752060408736,37.443766013522705,95.34487738486818
1592.6875824580966,632.4047701208796,36.50303181198994,97.99646637762622
1595.2570474198146,629.3524174999786,36.91853085741762,96.63470364428602
1596.770730504385,633.2919388755238,37.32700201282661,95.44154021017675
1598.4753369906832,628.8845764650355,37.87198234209896,95.06002594386494
1599.511634038297,627.436280301739,37.62137952461211,96.10264403621414
1600.036938813991,629.6106251746529,38.55447056376644,94.21435089235679
1601.7968844171417,629.9962677838839,37.353416441679364,98.15918758873045
1601.9132457563894,631.0496978917638,37.64895092312841,100.01114710543015
1601.9854237050104,633.0326954917622,39.567664034204114,98.94580868688908
1603.534374220941,636.9039919356218,44.146228466761634,98.40597658542237
1601.5852029646455,635.4961467229059,48.19179399526258,98.30908243603528
1600.7140196335674,635.2538594628897,52.100626795762544,98.55665602752458
1601.6282154322373,634.3524739432592,53.52080403815951,99.3434984251812
1601.7639026818579,633.790437320689,53.60996479420449,100.66564860827837
1601.6656353391265,635.4484372085526,51.92966307145264,102.33783281630178
1605.5431549358752,632.7033174175067,49.85787859862066,102.06685127546407
1604.9185881212181,635.6626956985608,49.89789450516053,103.78470435927443
1605.6955461035777,636.3247378653199,48.65747641306841,102.70876787468947
1607.0874899428288,636.6524898034276,48.33657586136784,101.53756436772241
1608.169830730935,637.833431078319,48.98436059352519,100.50262598660592
1608.9806267174563,636.720370629049,49.709571629999914,99.39318823048848
1614.0283113221847,637.3972150815919,47.56060573243566,100.02851018573972
1614.9172346929147,636.9934118687237,48.87642642516692,97.51132192997905
1616.2503930510402,638.21024641456,46.67508014528336,97.8609368368507
1619.622653251531,639.5766563042347,44.905627368807345,98.16349748823667
1620.619845887432,637.5288880841292,46.485796796652295,97.05283695065428
1624.393942721529,638.8006860227924,44.45865655120781,99.36180060398544
1627.0031753676467,638.2048572190351,42.684566104352115,100.13689602528855
1627.44548972222,637.8547248529759,43.384694573250606,97.82755908082726
1628.4551265781442,638.6735737450706,44.53640491601274,93.18355649867027
1630.0306326208154,640.4343347053696,43.05431047199781,93.03574935467286
1632.711886290741,642.2164490050178,40.93546083769843,94.88540826431367
1633.2997732275444,642.6147470471669,41.698961123905335,94.49223270438802
1635.095158609488,643.8810316341542,43.282866360353175,93.63365745525962
1638.863373184118,644.8201131871313,44.2094992694021,96.99218410880573
1639.5609026923767,644.7308855917582,43.571553473553095,101.05109819317877
1642.9464217106772,645.1939598115722,43.10160230590705,104.19212850933968
1644.2267392893916,647.333552575861,43.50323609206985,104.30905344764278
1644.3440333794365,648.245386265296,45.12769738386811,102.42333215844604
1644.8686610313296,648.3813183473156,47.40988188506525,100.02843171870771
1645.7555030329822,649.4633120225021,51.31950854882216,99.61417366288335
1643.1387458781496,647.7727729570146,54.73901751874697,99.65268706392924
1644.5922668915148,648.6052222162011,53.452218348482745,99.84256347907456
1643.4998759262396,647.966273632718,53.225566614307105,100.75983181131062
1643.8049124730842,649.5239873836952,54.38842371243516,101.20168013261724
1646.4639073127169,648.9921681070491,54.558775940449614,103.02362535742013
1646.7835686522865,650.0098946397063,54.86508209201071,102.25691174697494
1644.2130644919157,650.8412012772704,57.22672392085489,99.28148970232267
1644.8399623282448,648.9534292714684,60.31985661665102,97.45370802288362
1647.4025213208943,650.950486718888,61.1073249067897,97.79381027516476
1648.057819091718,650.96714344417,59.66828256216041,96.74523004395495
1648.1592839834664,650.6539689186296,59.602666925468185,93.44020852473287
1652.7443210791548,651.0531976686653,58.46782641513114,97.81019088900163
1655.9462799823068,651.2303388318117,56.95812481220254,100.64345019115439
1657.567690275399,651.1408737572661,55.84499934382423,100.23085253772777
1659.8339928248654,654.7747684513838,58.441353401562424,98.40669405395676
1660.8783217370112,657.1180872650543,60.135593438165216,97.61585973365422
1662.8464529268022,657.3299084531542,61.39250712458239,96.53158469596825
1658.8467215275016,655.5315604404751,63.717024840487156,95.7155756239269
1666.8973447100661,657.9972107712488,65.43755615455655,97.247286799973
1663.7370232101628,657.6084230728014,66.25216591765178,96.24524466081894
1664.466985957119,658.9721819457814,67.86056406299446,96.5554853696108
1666.7052114037176,657.8496386829078,70.73285664050957,96.42709066112141
1671.1978900515066,660.0214690223601,72.31410379144829,98.50081846271931
1666.4515254491935,657.8245849141722,77.77271268951061,96.96072132566212
