1061.5,536.5,42,100
1059.9615867904085,540.8603796921394,46.150175188099254,99.75784423250704
1061.8334369753109,541.5560010916552,42.0868862857812,101.37427658109935
1060.4907299866686,547.0252300093836,46.426576070430464,97.4799583451973
1061.77283124897,544.854260045224,42.85467587512737,100.85664247166528
1061.2021079874437,542.3199128779094,44.32570421466151,101.3065365159544
1064.1830662262741,542.9363718169038,39.7104508909678,104.05783174178922
1063.7032849526022,547.6999690543487,42.99906474952614,99.26465057031633
1065.5304953380853,547.1984892374668,39.66692093893422,102.47598105176203
1067.5176172210738,544.965204150095,35.71145281321061,107.1613879969384
1061.9134232887723,544.721247099216,40.906118868341224,104.10703256522096
1062.0520259020932,544.6954568663297,37.26946927827,104.85004268349263
1063.6768764225137,545.1868418430578,37.494867242331416,104.7688721649759
1061.938138930036,545.698138509532,34.31477481251677,105.07846836627223
1064.5619616921517,548.7066516002668,32.63060136859627,106.35336014227283
1060.89238124261,551.8764115865598,40.05718864936163,98.75468694021176
1062.1250503789977,553.5294776210887,40.360991530416236,99.04209527107344
1060.1122340266277,553.9718525304529,39.06307723862764,99.31145361566985
1063.5568600778454,550.0099502306937,38.145333461460105,106.19909636080438
1067.0869644718164,552.1487450693578,37.08874687828379,105.68334569968599
1069.0074884745409,554.5158552057475,36.978395622300035,104.40521242009571
1070.7603514192226,559.9084137994867,43.91118481466414,97.6282832993787
1071.6053442470084,559.3041585044974,42.06203794937175,100.51011959374091
1071.862849379123,554.4545126430573,38.355139951602425,103.70015048689228
1075.348492716625,555.3584757896951,39.330715561000694,105.23843363813535
1074.9196110878825,558.8074021228431,41.5109194124399,103.80078662370619
1076.5258053611972,553.7340079088104,43.39133325336348,101.96617730740427
1079.1819532107666,555.2036959694748,40.08123713766626,105.00585889381567
1080.292969165155,555.1178895794749,37.992623319371745,104.7945514327165
1079.799532354544,553.5111908958414,35.77450694672113,106.70364475820278
1082.4123254479136,551.710934185364,33.043353017798914,108.30857092372572
1079.5707038634457,551.0580498241361,34.22636903396272,110.10856409451763
1080.8785820879264,549.0677505346813,34.31929681780102,112.59345988231402
1081.2856028085482,548.7825963045403,32.85623870383563,113.25119175085851
1080.4652176766906,553.8998499777994,29.86253409951334,115.4521942373023
1080.2127393894675,553.2660499604448,31.740308434129936,111.15862147973553
1075.910062588217,558.4528924200358,30.830961468714797,107.98569781561935
1078.6561722576914,555.1132290117431,30.845138496864514,111.20027385941822
1077.6372546994073,555.856219327863,29.211259668561596,114.01777167000108
1078.593596539612,555.2119005148595,26.670990871160328,115.97714730416885
1079.4524313680804,554.5988520360521,28.505741452058455,110.60594965357515
1077.6218455359901,556.4865222045955,30.095579455366114,109.4247537268964
1077.8003328286088,558.0780413413647,30.826756919602644,107.76203739134661
1077.1327706876993,557.1957489479174,32.046726452840446,105.86153034294847
1068.1540507275788,555.1720534034013,33.563991701084404,105.4715203407148
1073.5700142186013,544.2364474616526,31.125553123557545,113.74275276139684
1068.4308672441975,543.3576194282355,32.9849275995713,109.81969054739895
1069.5516864108138,547.5740855911072,34.00885794325748,107.75377601132331
1069.9862169625767,538.4012783447665,33.3229814474499,111.41707440159581
1069.1072214617232,538.8858361829053,33.36888896408514,111.54136169056096
1066.562247022902,538.2375586291057,35.536009275446425,110.79424293126357
1065.6103536266526,537.6587860969136,35.697516408703656,110.08089600700958
1067.5533408598094,537.9679933809996,31.215905278640594,111.8186660682272
1066.9746709570227,532.6928997374445,30.223027237112323,113.50744987144344
1067.6044191280314,533.0065853036995,29.953503423725117,112.59557779962951
1067.6603920873868,532.8723064020356,30.83700245945634,111.98992858016551
1069.0399153287988,533.1297775298834,29.218583727435934,113.70624131388266
1066.33625952599,537.2048852310174,31.25222277518865,109.22831408682217
1070.3018270875446,535.8713907233307,30.43469612344922,108.59839718391304
1068.056960026416,539.0890266176259,30.06125861723765,106.0890051927937
1069.8792080295368,534.8683896962173,29.258206723402772,108.39389572885455
1070.216889593119,536.6169236405337,28.294012080541073,105.87355283949034
1069.470976414514,536.5028026162112,28.274045899760292,101.85190042013151
1071.3808091575743,539.513118609417,27.091295100978357,102.72234722177029
1069.3275770861499,537.6101163458168,30.138755291771993,99.41334029034216
1068.2985001014015,538.2114402990996,28.199569863167127,97.22790497960236
1068.90100909485,541.2148208913867,26.619247656794563,96.01583642434267
1067.1692377364777,547.39274480277,25.577376460893774,92.17807615844802
1069.0125137134687,551.1420377195965,24.57223289242043,90.4896947720572
1068.5746995130683,550.8962565648093,23.534482611680076,92.4848488188214
1069.0251614865174,552.7740892212967,23.96615891191609,94.19284934391642
1068.4877040932693,546.7213201412357,24.899816813726883,98.01043132776906
1069.3106366608047,553.4312915747211,23.878920513107275,98.22965397440812
1068.0349492261496,560.0934783560162,25.581858568792892,93.45213076096624
1070.4379022224214,550.3908052222329,25.05489362193832,98.3984079170901
1070.2697424992366,545.4977416103826,26.331169628790526,100.07356429159125
1065.932442883395,552.4086537246068,27.984367504655076,95.94872089529593
1064.027611523687,555.886715170003,30.36932389622051,92.71414292751489
1065.9896051128717,556.2845517723651,28.614802294222976,95.63458505339949
1067.018753961197,556.3482275725491,27.53286568454955,96.81332244300374
1068.119385530787,557.5444827911632,27.527595495331624,96.60060996430603
1066.840435985755,557.7434634667442,27.35209472279321,97.39740645798742
1066.9795175066279,559.2134136639621,26.899791698483853,100.69285255336295
1065.2987107330664,560.9441020854116,27.923811809746667,99.852621623473
1066.185796973248,558.9733936488134,27.95861318848263,100.8743223903634
1067.1427944540537,559.1748686164233,26.600614302729852,100.76561860332853
1067.4608639399141,560.3558890123294,26.846198653540384,98.42531797567821
1069.0473608524674,564.666607647879,26.363225843516275,99.52230571271376
1068.2783942751485,563.1728826835342,24.425677779906735,103.90111242280668
1068.029189817525,559.4059862388937,24.837603439715238,102.65070028559711
1068.7708410530768,560.6474478400263,24.646157473925342,100.63710564863062
1067.6825695393723,561.7296357242134,24.085281624503622,101.93856474852643
1067.324064489628,560.7899539739976,24.774724894163143,100.60087673270466
1066.7431898943287,561.3907995806842,25.446542211655924,98.98065315018259
1069.5076350317509,562.9167117057885,25.23392963050797,98.71351790303979
1068.128282875056,564.7869083747328,24.785292126261922,98.53817695780681
1065.7572670275154,562.77451253915,25.359605227771254,97.35229833474156
1068.1005333087833,565.4697295487348,25.392177496518222,97.9095602509396
1067.387089293916,565.0412694854876,24.916828343883445,100.28684993179246
1066.139979046331,565.9170270501214,25.71409286237855,100.546184579682
1067.8334823851633,571.7507723889084,25.80878880016378,98.54755416342313
1067.0178417141115,570.8820802317297,25.53272789734533,97.18781610825405
1066.05522036236,571.7375198646465,25.254576156911867,98.21062098059078
1067.1984646168157,574.1935386540567,25.172478523639757,95.32643496448071
1067.5452151510144,573.0281879037013,24.269992236645518,98.42373200232285
1067.7407106755934,576.8377628514618,26.33823679004393,96.91060847906044
1065.3975800372218,578.9399358724878,26.442903795841534,95.66836707939957
1065.2297124123231,580.3666900099807,26.884406396056626,94.06498587266967
1067.1436478840365,585.1708469628061,26.377205874338333,94.6226568944515
1064.491280856499,585.2967398025271,26.442575624840785,92.26889848483373
1066.0998995144407,588.4224983230845,26.855380757988268,88.27948615707851
1066.0801477533298,591.2168509626257,24.68161565339554,88.8463593971099
1067.7172797149515,590.5692712359368,23.771197362695375,90.58994618093364
1065.7877014560545,593.801033337584,24.268971801992745,91.72419793845376
1066.9955198691223,591.0108124615159,25.02420871006744,92.57999194035916
1065.1549573732175,593.606151024992,26.703580536946284,92.2725190008292
1064.4685685737047,596.7072715664076,26.447470109341218,93.16103126190465
1064.382744454246,592.8735485456867,27.563155915898896,92.50952122557524
1064.6868197963406,596.5207886039049,27.708484367948238,93.09940657547727
1064.7702527943577,600.5455196473331,26.165232871741743,97.16303903069235
1064.2847975772092,604.5381740979402,25.039440967218965,97.64923566672334
1061.9738524714514,600.1774062469505,26.331746280682648,97.0967161454243
1064.1884924132808,596.059364535101,26.595502772444227,99.81634225412886
1063.9098252048045,600.8164626505179,27.431122776938693,99.25609354768449
1062.788503658293,603.2224447304625,26.61881007491554,101.55179556236001
1064.7960422326794,606.4321000793369,27.528930011701455,101.89913683718255
1062.326466508993,602.3134471468069,26.28675141348816,105.27380847040362
1061.9234946143952,605.9643028241336,27.624696830508995,104.6257361119772
1062.4588466717746,602.5968376879591,26.802680835426468,104.23106160367468
1060.330724027839,603.1559079413904,27.043615734535653,106.57265988981092
1061.7548668633976,605.7525151723662,26.650162932013167,110.28255384239915
1060.9636227179865,606.7550750590302,26.72284577753844,107.60183334829586
1058.3099972729256,602.9322649444626,29.1454210134586,106.78122800349902
1058.4365704051975,599.5625119945872,27.285631749876526,108.42811863744774
1054.7794115956247,598.9380251421886,27.283295553206585,104.6755905742211
1056.912340387849,602.9130869381987,27.91732213029492,103.90738793049101
1055.605500167276,605.1471502174059,28.049962636090733,104.7252284453036
1054.9359956042865,597.2070712282989,28.181180332642576,102.72195222186812
1052.9525742874055,603.1179549218871,28.51278119960515,98.05043033771037
1053.2788267082374,602.0537427427339,29.023161605798187,97.90793219162862
1054.9825603135814,602.8779229737073,28.354282678334414,99.78951307276438
1052.5581076310264,601.0234583911231,27.366787756307787,100.98972255488879
1054.2647379183768,604.7373552578423,28.3555850681822,99.84565266621402
1055.944151168956,606.4048932160025,27.039986763885025,98.83024309501549
1057.376594105014,607.6284483626391,25.079628520990035,100.35917367800172
1055.1126633737192,602.6508177516611,25.096284022948975,100.39159034360864
1054.0162124580086,600.290122904436,25.096512307218088,99.77397277595796
1057.3187050995487,618.3851503468675,25.121937688683694,104.08301229733075
1065.6105749230985,642.5913243221883,27.374948068793422,105.89842315890579
1068.4610631966066,656.7629023264793,41.427199201116494,92.01929865651405
1073.78471851025,659.4124128105998,40.9958690516283,92.64388158267789
1067.784641787243,662.0134867230555,40.247442293762,96.55503359966366
1076.5400499068119,672.1157181180967,41.78495130093247,91.35428338769276
1077.7104672877765,673.1506562648233,44.403176841978606,87.60751973553101
1077.0276512793596,675.3592744104649,44.81161846762889,89.9725204736163
1071.8530278919802,660.6667474832,41.29901661274501,97.09747995378089
1066.712888828124,637.8550357568565,38.02957102351172,106.20227442461152
1072.167986656444,649.0730363068024,38.74786358271021,108.3058504816076
1060.8887192229731,626.7628149885713,39.163254432959704,116.85812826439323
1066.679677632378,636.8655951240681,41.133619609076845,117.51250849187016
1056.3865112341853,595.7452366157887,40.666925300832744,126.06582337410114
1062.0830805897062,620.8387780938011,40.54487207256211,129.06859537475134
1050.2299129615917,570.5613242086538,38.89100114311144,136.20936754045124
1053.3577480979402,595.575395012116,39.078424212320556,137.68556415957678
1065.4551118401962,638.8563603206703,43.86913341881934,123.84977294742927
1050.8093743377908,586.5445646804296,41.296357425927404,136.68509981251103
1063.7629400858214,628.2759487968875,45.9253152377823,126.15334804564195
1053.5788516338969,586.0266691649746,45.185425413178095,131.95180943441747
1058.2433846613862,621.2279073863316,47.54084053006541,128.14096053000168
1050.5002937894678,597.734290632457,48.24849967683696,131.41849982230303
1054.6074579370618,603.532964737008,48.48001983774461,130.7276693847113
1055.2442997992487,606.3473888866654,48.161628186887555,130.01863158555648
1057.5868860945225,615.5636839990726,48.49986224291245,126.34978583888463
1056.2380842707962,612.920613724464,46.31978068344171,125.86462466221062
1049.7538280319716,586.772161282613,46.11068256215398,130.4249323205566
1057.7705132034316,616.6900668970484,50.105148672836656,123.84915054560386
1048.945639007417,606.8391964227002,49.859010244420645,124.14431030978753
1054.8693848322268,610.9711034502523,49.69832073903258,123.12692386204787
1057.1497895861758,618.413135928737,50.746728368677545,118.3158050631242
1047.4203790229774,588.6669770591762,47.19507516473495,128.09933355373806
1051.608648665084,600.5210399776367,47.64363995497789,125.08309561971052
1057.4490819907235,616.9119756512574,48.15164211249896,121.93073381524785
1061.1485212318087,628.9111287080398,49.68639140661974,119.36177563022113
1052.3746518612934,590.3016848952808,45.59841334473011,129.86834048664124
1059.0824941141432,623.8314535609447,49.12736734249617,122.70493869771987
1054.79904553181,623.7388712664505,48.40802794279098,118.30062244499871
1056.1562603314646,628.2231885738265,48.75102135620732,114.52631476731912
1060.9766164383702,636.1699850778492,48.27068840813366,107.27187454839371
1057.8752309251827,633.7491361011885,48.8809547336902,104.54369897763982
1053.539881822891,627.9025878499614,50.216442481284595,106.33728814399166
1058.038400417957,637.9900381074953,51.2392708668538,98.6826396109433
1054.5854628159193,638.9864996779709,48.68145201402909,97.25685540170883
1051.894120786926,629.274080174917,45.596331815341195,98.88619115387147
1054.2838600523246,631.861104096908,44.58180107505389,97.35370633847015
1051.9502554142205,634.31277518828,47.012788722319655,95.49430854106538
1052.9303295794268,638.7923936282252,53.259375123888105,89.86740586372272
1055.6365654462925,640.5156776647192,56.169526844784016,87.86421812641323
1050.3088952129897,635.5745262317704,54.71735236189622,91.37402271680745
1054.1879312261526,642.1283500657042,60.78574268614096,81.78947144347526
1044.214781594799,630.0268767407218,54.45246903516798,86.58395298582096
1048.9436298894047,627.8298528818923,51.19969256001023,90.46663107099278
1049.573297470948,628.8894466221165,48.72819045246735,94.2184090602409
1043.0816807913989,601.5136731474809,45.62541390784041,101.93032657513758
1049.6913627047854,626.4889022945969,49.44143702566525,95.21159627479824
1045.022567978155,608.043327682945,47.9078336884362,99.57406631123564
1047.5424802861462,616.2618828395737,49.02145974756224,98.72857682981365
1043.7314344190456,602.0742542148745,45.03521456607447,103.00128232809388
1046.2652174616685,607.7862586623654,43.82331338420043,102.54074645227665
1046.0085476656216,610.7567615406762,43.99918787877736,99.22250429020193
1047.7683876694027,612.5569852355276,43.733018977765,97.6450627334732
1042.472543918889,601.7245068766091,42.70540358312275,100.03985205900048
1045.9444832367335,609.7846598352706,43.556801350192174,98.28917739425515
1041.236750200881,595.4121486798688,41.93660998848669,100.8919277699973
1043.9763544024474,605.450005756023,41.44209256982484,98.51894826052363
1043.6441528935395,604.9524713745452,42.88862008636753,96.19144794370474
1044.5605460468926,608.0125557364258,44.6730073266874,94.27921554833605
1040.2576066513568,608.0927168707615,44.12826715469268,91.03324429821726
1043.8111405310228,615.0105637145398,46.31106504507804,87.44420833815644
1043.8141753975785,613.9133660984423,48.03903566944741,85.22518791113066
1042.5192831439463,613.2489087494392,48.94621967722911,84.96348383692728
1043.2017690562327,613.0697356200546,44.462282033399845,89.94105523018959
1044.4952038504298,616.7575987681741,47.06116809805367,84.0788362148322
1041.3507329570125,611.4849665436055,44.66476230637574,85.60050781374709
1044.3878932320383,617.8137765061556,46.365489788359184,82.99247804875345
1042.2503657188938,609.1569894929517,42.30045194162186,86.19398437249612
1042.9982114240488,614.742324765123,44.66266792621927,82.66383174785378
1043.1926357272675,618.8172334273692,43.38475744214298,81.78036335766618
1044.295412964248,619.3119962465805,41.47245043824059,84.27987110796997
1043.1016954725471,619.9561121468539,42.981449813426636,83.93582591675849
1038.8858191993243,621.652069990376,42.99118822807148,83.06235637059251
1042.607969995198,625.5766098754148,43.30902388582938,80.16620882743302
1038.5166594316863,615.8656340615164,38.59448717564054,90.17452960179797
1042.8075102516157,624.9787089934504,40.47776225884055,88.1165484650414
1042.9918173268438,624.3337691280492,42.12368283570985,87.13670173582084
1038.79174602262,628.21475797853,40.6962579776897,84.32129052771094
1040.2212163879005,633.4196319374151,43.65449831076323,78.74793321797583
1034.9328197249645,627.2106008408364,40.04303505249735,82.4856140412304
1039.5496495296525,625.5957717437135,36.394877169925195,87.09432397580487
1039.9647960437844,628.108037705389,35.8127770484685,88.59615319299456
1038.171560504166,619.968778468583,34.376284383450894,92.38182325773832
1039.3174221748563,624.8388438804276,34.159476095075405,92.60581394580633
1041.6722066681104,624.4373816028367,33.24631026377214,95.320979588505
1036.571616208054,617.6320877655936,33.39960367219435,95.50444219263753
1042.038719078518,627.6855429745872,35.28000444787826,93.9056302201451
1040.7809278381903,630.8646724170895,41.35494729538996,86.04363043707917
1041.215663556053,632.4348123811,41.57255303798689,85.56759225367274
1040.8459251563627,633.0663190668129,42.84024978068966,85.11578118349908
1036.4241030238047,617.1943986253904,38.90628618459627,89.5865898648589
1039.6090634123898,624.5261797984132,38.92321197635337,90.59125292674554
1035.6587821575429,625.2632600366356,37.50008594061912,88.80187424956969
1039.6540528534176,632.2947121292639,43.990318766911564,76.02498804672699
1035.6959226474048,626.7826587885327,39.90892873942188,78.29006674274808
1036.5372453709308,630.7952732597158,39.57729372883044,77.78994139130366
1038.4856517323335,632.9232834669778,40.74324514193377,73.21702407817965
1036.409504829653,632.9312855019803,36.24901029947539,73.06267029147696
1033.0386276747988,626.5853067945858,33.717729621913094,74.93148942686116
1036.5111287356044,632.5124165150858,36.11738926395482,69.42134469972731
1035.7978770297868,633.1861350331002,33.17965501694886,66.75217042041642
1035.0682802654828,626.9460110045975,31.647409652920732,67.60201526681311
1034.2623657322424,632.7951586351761,35.768003706861876,60.91342196394763
1033.1820063310265,636.8291178138904,38.170418774648915,55.69001938365332
1036.0221793733324,640.6186868177975,38.777651116606066,53.97674759065946
1032.7079301025763,636.5268473822599,37.20928575937006,54.583157209241115
1035.8699097024473,641.813355414714,41.62203779857957,50.846780310119904
1031.2016445685836,641.6772333428858,40.61329957056152,49.348254689564996
1028.415226715126,636.7178637013715,36.71709733461396,52.213464980738905
1032.6685874478646,637.7705030991389,34.898108996242264,53.480234580124055
1031.3715325882383,632.8692766230532,32.560734109349106,55.810604684052876
1031.541342979035,636.4449252945235,35.058728759235194,52.98940148340046
1031.8064835403839,636.9675000638464,34.95605407338696,51.79732364843686
1032.518791592642,640.4971844652944,36.562361796377836,47.52976263060225
1034.697529970109,638.2369784396309,33.92619342972975,50.48723924769045
1033.0004536069273,636.9139466264234,32.25045058454383,50.52332108301887
1034.3030109587366,640.4221379702053,33.38896425876904,48.23298767350801
1029.9771247700546,640.1842102989089,33.22680609551616,47.6650881157848
1031.6846162174188,641.1274736298561,33.38064941099836,46.89297186960498
1032.951199149389,642.1537513396519,34.028632719786756,46.29913510948232
1033.5405311166814,642.6065975956977,35.18083375498582,46.82276969263337
1029.5111455399494,640.3054104121929,34.899718688401194,47.394706531698105
1031.5953461344538,642.4837679420332,35.248927978392885,47.606747836266294
1033.465517457691,642.8072675976321,34.338232456624375,48.829644503369906
1029.2969367114945,642.17242165212,36.52636021981004,47.31744940571417
1030.0439029741667,640.1823903923813,35.595313071197225,48.18919701006345
1030.577948618582,646.242560568211,38.187574996749206,44.21395432626667
1027.7619229191614,643.7141169474786,37.760479310694315,45.443324474426994
1029.6738117452926,644.2929156845904,37.41703186988243,46.43737334964515
1030.1223033459135,644.2955808874201,36.91896925285652,47.41883259524485
1028.8690572376775,644.163073232855,36.183559993105135,47.03917668473384
1030.0392788842216,645.6799200144824,34.588624380268975,48.13209667207961
1027.4301159945305,646.8662387979425,34.912349474535546,46.494853329048766
1027.4679636513954,648.3311694395072,39.100047578236946,44.353521266566254
1028.2631417201194,649.6199460094442,38.843112882350944,43.94474474881913
1025.0438218719387,650.8699134297768,37.09671858849404,44.70041974143085
1026.3845815884526,652.1496975718792,38.61035872994658,44.08568518397958
1022.7392801219719,650.0204659583227,36.217850681924986,46.44086972581732
1029.1069161941055,650.5481447614779,32.833178256830024,50.9460023369521
1028.2158221831396,650.0460487487094,34.64278271604887,49.80368671066242
1026.7603782361937,650.2378715685345,32.7548037971067,51.18625742551287
1028.0714178963108,650.7665425031864,32.79348822600629,51.28881655387521
1025.5703551797546,650.20017195829,32.232610892455874,51.738285660792215
1022.4433492558957,649.9468406132685,32.192108233901614,51.68109634035621
1024.7588499999963,655.5424238709354,32.73739325922103,50.10631199642279
1024.1933372242343,657.5058508760297,34.240563857413235,48.288317862215834
1026.5731564095877,658.9231361790927,34.30709904914315,47.959856340913205
1026.8558234648422,658.8818592819615,34.625062000084284,48.46925024404078
1023.1931681749654,656.6816432769876,33.708792861007666,50.280264626500085
1022.5723059301458,656.9140535429203,33.67287543662988,50.63855251797564
1024.4305006538675,658.8495324842961,33.5580072237277,50.83269901393467
1024.8575932232834,662.0349121811969,34.95857742061716,49.09190885950197
1020.7221554567911,657.8205264112663,34.96021721946401,50.35193835067132
1021.1681818109993,664.1092001254272,36.68714210609533,48.428464971625964
1022.2571255262646,662.699515368259,36.47190115967036,50.610166815954386
1021.8300477373302,665.2579315648345,37.45690979998338,49.99641398065954
1017.7038482463836,665.8987132304362,38.76246324619213,50.59696046791916
1021.218468813004,665.7892827403109,38.561844105346,51.14863022772347
1018.2977462857679,666.8602371383136,39.39146746298257,50.23255936937059
1020.1283956332968,670.6391813744667,41.67951613483228,48.26562798825204
1017.1025629900697,668.1674785284035,39.49553921245142,50.9581225653649
1021.938146082689,669.5556415703965,36.302028614030036,54.98208213636512
1022.8844315905976,676.2341015496964,39.537281512670766,53.62848615787005
1020.0332134000374,676.3347039577536,40.98333972220344,48.80416299523709
1020.3062961390582,678.4841414863404,38.35200697100283,50.931449538563015
1022.3705670646947,686.1503029340197,39.085163266062565,50.57988545394866
1020.9887396218807,682.5622036042157,35.17418887698854,54.96975534929037
1021.6769004090069,687.9777067629054,33.033295838844694,55.04086550199975
1021.4258556689703,692.6153350756757,33.796201867688325,54.348433497247996
1017.8647256153477,693.9696167447781,39.115569473754846,47.250325519901466
1015.6020079001785,689.5624049410966,34.43662667651187,54.611303367393695
1016.7916452679904,691.6898302698738,35.54336522642191,54.91203321019654
1015.0600164764412,687.7200886942884,34.26024748409961,57.97027003044415
1014.1731058363812,690.495393488477,36.77059382573235,56.90821427161423
1013.0808046836135,690.6914780943418,37.6845278801756,57.63531945714124
1013.5449096705565,692.8726161066916,40.39022018733252,54.651207488459704
1010.8804075025948,693.0900902225554,40.0449254742494,54.679595851093794
1004.7039629111281,694.1179723834719,40.69571490784693,53.60145059385694
1009.1742005070366,693.3308350815986,38.85928434971713,54.90155836226774
1007.7030290192146,696.1856905443467,40.60077380289636,52.831295266660334
1010.1672348228647,693.9923592859461,39.51328461581439,53.939702961470836
1006.0472861407144,691.2790616772918,38.23851017899308,56.086137045267805
1010.142309961266,693.9161903931405,34.016124886193346,56.63272241234128
1006.6021098729337,692.642099023205,33.832619982859924,53.183604944112915
1005.6382965811537,695.9079791198826,37.3259271334975,49.64846849575525
1003.1025418754136,692.3512305069135,37.538391791082866,50.05228236191904
1006.0187954206953,686.2265720412337,34.52243019421885,53.20289674310477
1007.9992191230915,688.226149829762,35.81344682819224,54.04529857798724
1002.3112208105176,681.6575159601763,36.79799620814951,55.00027504436478
1004.8105188757546,683.8307336021243,36.54653593360858,53.73528368308523
1000.7978023797887,687.0402161460729,39.62548757941451,49.19233202764305
1002.406528870547,691.7786830627484,41.82961587501405,44.649905923117956
1000.0210881646677,690.4689174408682,42.39853102642083,41.40890014467534
1001.20124306663,693.5210547016053,43.333094981065706,38.866741249831314
1001.0468125117624,694.5198427930482,43.23399987229242,37.568009445663634
998.8443341179864,691.5247054604981,42.77056128426342,37.29125456190054
1000.558357186118,693.4285863626444,42.91891738415396,36.48904971108054
996.4049722402785,693.2954058532631,42.90478048247866,34.57641563252375
998.1299417859483,694.960990648999,43.54150501929872,31.753442486870057
995.2779657422328,694.9247024050051,41.74063337984731,32.041430130051836
996.4522611142054,693.0988440785254,40.36644668339957,33.82463898616567
992.4055773244671,690.3801507251497,38.59614195157818,35.292818072109746
994.099248413968,691.4684914908264,39.56373990951242,34.65969529733941
992.5009840259773,687.6699859033528,37.54239021197348,37.66896738670795
993.2806188312383,687.0686257053873,38.76353691899594,38.2426398576017
990.5273993491529,684.8810429874096,39.8778557458933,38.67946734717383
991.6683298050925,681.4617928324343,38.21767193061058,42.78325099559393
989.1886068524657,676.4449592121075,35.43774022405041,46.99885123696473
991.3932434776647,675.6863262472434,34.139682317268154,49.95947210492137
990.9431201449923,674.8890099915474,34.27651234838943,50.991212510533686
988.2387088764224,676.0192706064686,34.82958122750209,50.252341652354374
989.8025638384217,677.5057253113416,35.48254340305831,49.56807555483523
986.7519461319927,673.9444029544014,34.233149817452016,48.60141256928064
987.5793359219106,679.2578618713434,37.21101130483145,44.60241306420623
984.7842119678547,671.1471080031959,34.33247069733535,49.178751553372436
984.7439975114628,675.6127883107874,36.440801530698124,46.445030623925476
982.7201351430789,673.6120643306926,35.9126841761785,46.54770771197424
984.4033825545514,677.4874862023548,35.38587352767944,44.87267919560004
984.6739158083005,681.2232917830663,36.90348818211842,40.71453774847767
981.1077713272548,683.0201208395303,37.2246812555402,37.753410724881874
982.0013468097268,685.4849255605268,38.28789408453899,35.367629231613215
978.5680881657528,687.1158435459961,40.36697279429379,33.33752493177168
978.1520590760251,688.2639007848907,39.17302562506622,32.37213880089186
978.2515839702813,689.5527326141683,39.829595337745786,31.30456527644178
975.610937392977,688.2041311174391,38.594279287071494,31.197800471536567
975.6437759959732,687.8710235673353,38.60216829264703,32.37993782925254
974.5786839609632,687.2658126458906,38.7911982265251,32.378994400364846
973.9958215588945,691.6773094287148,40.79205820814555,29.846215671118443
972.1671408113048,690.1669578651305,40.59012348377051,29.582273764976456
971.185132956663,692.0295620975016,41.017637285021635,28.817928330673617
969.0006169308301,690.8149931196731,39.388670954832364,30.15237662429979
970.1238467626775,691.1825847369165,39.37660731360948,29.655197745680322
968.2350587543367,690.4967148004945,40.027373976081215,29.60978880554738
967.6656750375304,693.0219222636442,39.357296333942166,28.931851145337053
964.4338313922591,690.9431067508413,36.42273140247265,29.871175973307523
966.5929910835965,693.1844599543698,37.1396195623191,29.60398600847099
962.7778204247807,693.3647179403183,38.64836734506332,28.044596812723203
962.9651480806516,693.7509822865271,37.35930042947832,28.970920081010338
959.8954287902151,693.1273970630739,38.23760365474756,28.66451212352616
964.9990695130884,693.540226594626,33.28067871413122,32.2394231443852
961.3256013020613,692.4068602294692,34.14539272023555,30.843296147262443
958.9845831475429,691.8140876427879,33.92855030059482,31.51529406309607
959.9307416837877,695.3678283320888,37.73002949616006,27.58569822421374
956.2167684387691,694.3659144483969,36.56762067060896,28.443001044426207
954.4620980560843,696.3473637974162,37.26068345958876,27.08329266514192
955.1228228130832,696.7594004833651,37.42984878543164,27.132463684621296
951.403549710679,697.1037678318922,37.637852695679726,28.03803748238972
952.8157683796795,695.116894965077,37.29480137500103,27.735181016614344
953.1722379466136,697.8016007350999,37.30379110285161,26.86953603213783
949.0401941892984,700.9300942461457,38.76910561018327,24.308795352621935
949.4320037542454,699.97344327902,38.77213335484501,23.71851884831115
948.2849276797094,697.7677872750138,36.800333461725344,25.81383040308266
949.0547488630334,697.9703271764033,36.56619061896383,26.6366052501782
945.8190343516424,699.1683696022004,37.05270141960211,25.821875195464056
947.9724033058981,700.4182716594141,37.84476489717973,25.08395259800111
943.5793007707609,700.4374188727643,38.98395988680977,24.52140706948349
941.1912595809919,702.7329647682246,41.75385399397852,23.06150113634775
940.2176602522253,703.061813080128,40.62562003610075,24.06438986054981
939.0246848269092,702.5734746125505,40.15859311600301,24.242206233095835
936.4791932954568,701.2167351176599,39.41305003997245,25.960899530577734
938.8130283936578,703.0220308694496,41.79059364452267,24.950840869119524
934.0520957770794,702.5666278561079,40.47652748832439,26.514722262349466
935.5067581054518,703.1183651170478,40.10790669713974,26.944289087154104
930.519817831527,700.9774702255816,38.59900904026187,28.738196305997143
931.8912207249239,701.6131008453699,37.86097129215061,29.459466905078045
927.7344737990443,701.8091286184049,37.90677171599114,29.067134870740958
925.2331619753928,703.6878910840252,37.68286661874089,28.57530894529096
922.9165500016724,702.2375350084288,35.65717804744489,29.68992393439631
920.9328804651266,705.0824251067135,37.0576345000566,27.954807795797215
917.7929476179615,707.4465875218372,36.84070802526974,26.532654382222276
916.33552907645,708.4175138389384,36.04753732129415,26.407848371938
916.2808077864759,709.7372308506666,37.04197867985322,25.456113449647965
914.630645123668,710.3083797579848,37.21125633221754,25.353242086222757
910.7023537380685,712.0808057976443,37.37340644895508,25.34146957154414
908.2930213026882,713.583700337041,39.85879066113358,24.20522789257877
908.2322844062503,712.861005162944,39.46327649972582,24.710830695539187
907.4264218208227,716.8432147806021,41.46821406092929,23.494816283669202
904.6663461624058,717.3715588998904,43.61965928108858,22.120988788280595
902.0312222072708,719.3165785109854,43.23960706891607,23.181035540704933
899.401295777709,719.5911868022343,45.37767088245005,22.235718168582103
895.9477762885208,720.0506979243307,46.659237651398804,22.546656932553468
894.8326741037024,704.6674445087614,39.556904003342424,31.73766063640096
889.548193183954,711.359398816269,34.42840517943486,36.54292150670703
893.0978915218468,708.4261228550203,30.50864751218073,42.16995786653755
892.6846673227889,677.6395502817846,25.168734828783276,53.455516418039075
895.8875365543448,646.1898823910947,25.810688985617084,57.365697726341935
891.8612837117093,644.6564025559628,24.870099384052097,61.05749766258076
890.5089650754863,649.228286859638,24.651029927560728,65.06098478705474
886.6380924833362,647.0836878514249,26.04053894825677,64.30887405603534
883.6525427587823,668.710167389489,24.46600336622102,70.17701968283917
879.6853701369126,676.3540312768351,25.959837908817768,72.64179060691004
879.4470177156115,693.4799826990005,28.74423178024911,70.72186070508019
875.6066909983435,666.1377626483272,27.928254763913046,75.5692469843066
875.5518684958206,681.9198901444765,28.7350851003418,75.8902179041056
869.4453645210824,683.9485407608473,29.898032359994048,76.05039422514183
867.3163076505522,683.4745214384271,31.229527721395904,76.53689201698649
868.0796389636548,662.3078080615542,30.442213153520505,82.01131782999494
869.3866848524077,655.9930317657415,32.1016991451513,81.11626729351667
860.957955563813,669.4253639077247,32.04717666056078,83.10977527617548
858.5660392408752,670.2339850915199,31.929196615457258,85.18137547145531
862.0830446671946,643.7105310248455,30.228158406289985,86.81777284085983
860.1466128059316,650.1094496869692,29.691385525449753,88.05776113761581
856.0423563160435,658.7310102803158,30.070739951512007,88.1924000152272
796.8434733803678,613.5700889497193,34.3175698260486,84.72290984785656
784.5585788931726,619.8395380887226,33.49787095026743,83.50765405303017
783.7865708287836,617.6694668022044,33.25279827497941,82.78213968910089
778.4083546261239,623.0050558444988,33.5487123993694,80.61664005129796
779.6804720917404,620.7697075192407,31.536577821608,82.58730325274088
777.3214578282463,622.7706009462216,30.909510179680503,83.23491130043242
780.6359000106714,611.2770797723969,29.653991165911222,84.58215925910872
776.4995044707036,617.4482786925431,29.454935710691018,82.49254304086331
778.360907372005,612.5783453236248,28.23836997881572,83.94314402372515
776.0013535178376,614.9987930544169,28.027431382754003,82.87340518534002
773.2771077129318,617.8931877153123,28.561628433974224,80.2630737808239
774.0384866124477,616.5276454395413,27.840912620661957,79.88577431850811
772.8810326692644,611.8991149582107,27.98607927217338,79.3446707343634
771.7013233033949,614.1803311090724,28.71924567283882,77.55156775614914
770.3493335102936,613.0692466975488,28.280653157858982,77.89455320201944
770.6043160280906,613.5467732035847,28.1328874546387,78.03182247705453
768.4316633521414,610.9706322357994,28.322196691900043,77.70847865255715
767.7729104188181,613.3887402327205,28.388928480136776,77.09099984894699
768.3690717976891,612.2344500759647,27.460911478048306,78.14677741601601
766.6036746585808,610.2913829075655,27.68130868472787,77.9552018227878
765.90296029994,613.1952933973184,27.54968457515689,77.99019932145492
764.5838868571847,619.0224075126093,28.04132585565676,76.41108190662723
763.9027619542127,620.1600429406923,28.506498060127978,74.82936947807312
765.8776292621837,607.7220021249908,27.41350928832839,77.44201670638509
762.6250365698597,610.8903418463473,28.156978817693627,77.96682765052634
762.1291336377336,611.3162591766725,28.12531714490262,78.22148491455583
763.5306953663447,608.6211857063595,28.474358994148517,78.04958307229084
764.1315597849541,608.205393272942,28.086615546339452,78.09613498479501
768.3986117947107,599.4768560225071,26.77537419840159,79.33351110506761
772.4293055698145,602.9949368725199,26.20770580658141,76.75870955971811
781.3369123653015,604.1174976910676,27.051187581233222,73.0474580716931
796.356657222942,605.3147285825462,27.478698836992873,70.69660295545833
806.1174709404709,607.8005570574779,28.088806927006168,67.37159341583305
832.4259190492945,600.305387532806,27.93708049067805,66.90195403152204
848.357881366564,597.6093656184705,27.499971239634807,67.48178487609992
805.9554377287795,617.1217532147699,26.580541486432047,67.07155042057767
840.790969920664,614.5410299677849,23.344353871306165,70.95970947511441
857.9278349776456,614.2716756984664,24.936358040501894,70.03319443332234
883.7178786461915,617.2905721155388,26.059199077989753,67.15813836586416
905.2545180466806,617.8313654578733,26.26292430853141,67.33747216503423
921.5235991704071,614.7831101461709,24.790704186664044,68.87300011509015
924.6862899231046,628.2124242095907,29.588230863944894,64.36387834380754
946.3863766482746,617.6524558728522,28.410099191241112,65.69652810693513
940.2440216908648,629.8451965286937,32.99863430253117,62.775299282754006
958.8841111947775,609.3408159969275,31.07347793263275,67.07239347680492
964.5908004955123,613.4438385260188,28.943855716347095,70.89553657214765
965.0500006490342,615.0878788752399,30.62892606017601,71.05546068245454
972.5089381844596,604.3624868185406,26.846766662236288,77.24052231956895
970.1468125955487,614.3098826207349,30.11489738315541,73.30625231119157
974.4979503558916,605.0105701177831,27.351120085097907,75.28794914677422
976.493006509038,605.5945900060608,25.794269234031475,75.52422568762782
978.2463886687676,604.3781077797336,24.89998203972484,74.00940654352753
976.9495802457722,607.5498094127825,25.757399142886978,72.5985118522147
979.0415432368397,605.7772944304068,25.13800603104596,71.88625042048741
977.7009017210183,604.6957416603537,25.769214013726305,72.4561681139584
978.5443113453068,605.7901627765591,24.65338250239391,72.61661429006473
976.5413519597546,605.9670039110613,24.61579455598713,72.82020663179166
977.4365896243972,608.0323837329576,26.262879578515406,70.14255434953144
975.6523133188392,608.1778043251417,27.150330270131406,69.97168198432297
962.7566886953804,614.2982347819361,32.78122400008183,65.89690552438894
974.1312673320432,601.5065934296298,28.076805755789728,71.52171903644135
976.0715332156852,604.7487840008055,27.298263073545577,72.64563391841679
976.9826612584889,603.1994882007434,26.528971151432923,74.50736645517397
974.4131651016778,602.1621986366201,28.026206971488058,74.58948048197801
977.084447063043,600.122105351659,27.607740533996854,75.9215050284146
973.754529314824,597.7030548493349,25.706434891419015,79.21275225508919
975.1988498963201,597.4298557222512,25.890404690434575,80.09544856658943
973.9534451170531,599.0430106919682,27.150476013930103,78.90082376988414
970.2502240936391,602.6489950481853,29.59331131687858,76.99720478964598
973.2891590623152,599.5205866013162,28.796323900912768,77.80348954415706
968.4092052726619,603.1267084790675,31.75988167248361,75.78784744826856
967.9827869922983,601.7728029769202,32.760314605307016,75.59534768611692
951.5521170854192,613.0030630765676,38.63778431540596,70.35661419397017
965.4942739350242,604.3876492620662,34.75134810559696,72.8512658429735
967.5679605635463,603.9853919292256,33.34674509122162,73.93115998924029
958.2451022919463,613.1486586642386,36.83276427714229,70.06756909860658
945.4941292754953,624.910425719792,42.014306432545425,62.789511985852684
926.8505985214093,632.0174715790525,49.622489371889955,57.21260101780695
941.0092682955229,628.9758885659766,51.409341063021785,56.44290859522769
941.7235277306726,627.0081038090719,50.316870285959105,56.743001334335915
953.1183524322062,618.8264548233783,45.53794920845694,61.68685532870845
942.7022697188129,629.605420934022,47.68076751241107,58.900113757482586
958.1421774530488,614.8884309215721,42.05537244981821,65.27019859801511
958.1819646483042,615.9352258902176,40.384895165671615,68.179242094139
964.3339234070601,610.4637683619305,35.80620031998888,72.65813783527648
963.8300185927078,611.9204222845273,35.15098707993735,72.23448580684574
967.5108255711804,611.3574777685463,32.43462152468684,73.03584778329004
966.9093548627059,612.4390127071193,30.68383444354676,73.48672551525277
967.7148119978187,613.8193193577251,29.61870797548474,72.98306301610427
966.6848330640937,615.1283812736785,27.666076265399692,72.26243251660355
961.9490965460162,619.9738210661086,29.216692758606392,70.87586966905035
964.8709604882904,620.4594051692907,27.4690451748827,71.6227277761112
956.1193872021985,623.7153239511111,30.605924995158936,69.33435045552386
963.063615154347,619.2725757790133,27.865544329404244,72.30088734624069
961.3066689799479,621.4945637698364,28.493665732414676,71.26822592613344
963.3379313737008,618.6620091701417,27.465833532210752,72.57524644184527
960.7181250361568,621.7656801606518,26.581805927704064,72.20313038483638
956.4846569291185,625.3342233006331,29.335344278401525,70.74482525285507
959.7075957933848,621.6505113091216,27.163217033064797,73.39809225298627
950.2597602934743,630.3346409062364,30.299914734221776,70.82298623070295
957.6242444763714,623.2295124159381,26.417069524747376,75.55633751164991
1004.3725271468979,630.5005151761956,30.249862446153116,74.82968343386324
1006.0533052257455,628.2887498603699,31.867599409550817,73.62096250610534
999.5587188377056,631.615556161121,34.04163698513317,74.19811904337517
1025.912424908974,620.4926643667088,35.60910420967884,74.32701124249051
1009.9788039099988,622.9787399518137,38.48490285236133,77.0312651406179
1002.2336659546193,623.6360750751747,35.472794386825285,80.84987367053458
1028.47219215068,611.3950111324878,36.26720149589502,82.77834814320809
999.2691365323207,622.0644073232129,34.98049814359701,86.4009042120314
999.0593163269222,621.195493137046,32.53484181629274,88.77256989014
1036.360395169681,612.0101611188329,33.59998773837435,89.57274379432604
1041.0753176931564,606.4003558943574,33.29344919973746,92.39376930160388
1035.7085785560034,608.4153423512878,34.95817531142549,91.84192017634268
1014.5201216524387,617.3772390974957,39.848071812771934,89.8490798929142
984.0994377834958,625.2695961072213,42.86246748790914,88.96216058867229
1015.306083461332,616.0354663011968,44.50268973155346,89.34325425405126
1031.6068673370944,607.0415807866109,41.97374860844573,89.18633583658391
1034.2076802183242,607.6431861250254,38.473729189582656,89.2814734937907
1029.9114203538793,613.2263255646584,40.68708791886732,86.5577475433997
1037.1012450725768,606.0085558232666,38.060341938588365,85.44801153080738
1035.383274990903,609.9354056752023,34.49212411178697,84.34157971117335
1026.372350651962,614.6758688796305,36.96932171218648,83.60011099739587
1035.097377160557,608.4139667624672,33.3339035661688,82.6772107707285
1037.4065135492037,610.0600769200836,32.99635562261121,82.15528903313101
1029.7181957486562,615.9840418412134,36.169758578776595,77.39281995522943
1035.8638238934404,611.4574587311845,34.64577498103215,77.14097703067938
1033.5519496730176,614.78650804728,33.76240443985306,73.00675781767887
1033.745371640549,617.0797395020186,33.41917394676585,70.76620315983223
1035.6141778096894,613.4698569637941,30.286416779001918,72.07590435715173
1035.6672747081634,616.0747635848378,30.527582572568477,69.39604159807436
1038.6885061818841,607.0522386428803,28.36482912446762,73.99078339922598
1034.2673865796098,608.7743224141958,29.705818304664625,73.52055539546036
1037.1029562621648,609.8308008328512,29.523702331629625,73.52709302742295
1038.9325288722914,603.070645552129,29.090443371738594,76.92716347256334
1040.6807799212493,599.0322989077794,29.049110978276197,79.85946119723641
1038.1431668125115,602.3254749835069,28.855037596219674,78.3824327256948
1038.4780593119183,604.7281944248653,28.548900387677907,76.35229039570712
1039.4451920917754,604.707843067944,27.44549552575489,75.70013262661837
1039.9121568720034,602.8205957712722,27.369970470932437,75.4143567084754
1040.5224876524394,605.392858764161,27.277594114648082,74.15296614636017
1035.9451321908111,607.710641650369,28.306062890868972,71.61359897217929
1040.7515838964648,602.6363158735537,26.78663266942643,73.93227906053896
1040.5146159355108,605.3256325047887,27.306393529875333,72.00514016776104
1040.9930860949169,605.9337687313524,27.24512352843843,71.26912634749702
1043.271088613172,598.6543709259339,26.632144491017282,73.48203519315153
1044.1287269212946,597.5763277568091,26.251842894960017,75.92674455049186
1043.7039603825888,595.7680710056948,25.64738064144666,75.78656062639912
1044.0945342648874,597.8766767540803,25.815106438143633,75.36731735964307
1042.5779135152898,598.1595179044879,25.84728513943815,73.71422310243108
