636.5,158.5,92,21
637.9471627379236,160.29910365889165,88.12001390653856,20.86111987434791
638.989983930513,159.38913843947878,86.24717519161003,22.25907473085109
639.3622539163981,159.14251354417166,85.48946796303832,22.29862213212678
640.1177792062557,159.64105876670232,84.43491036879028,21.62813803378142
639.0370693563432,159.53721731868112,85.87168322693265,22.01415876388252
639.4803323186859,158.73486767059782,85.26919119148674,22.24410586799159
638.4169901980553,159.28387269718516,85.66064516179912,22.11779512613162
639.4852463186604,159.83238309687061,84.09385372524565,21.44732713426333
639.37245945816,159.46301067558144,84.74820269891953,21.582807642277153
638.6354485284894,159.41722786052839,85.0733258139089,21.88044475906372
639.6780019319256,160.14772968965957,83.55219969497956,21.43252297806053
640.1745037259559,159.36030014576573,83.7414594732017,22.05133537868406
638.8172096546595,159.53479136217138,84.55424053724738,22.017053732804772
637.8829619441095,159.84718423140373,85.87294134015912,21.785210792131036
639.0088847765251,160.2630615961998,85.28596588711788,21.41338321943384
639.1859189122197,159.5222889594119,84.98363895789122,22.594078925350914
637.6546252017595,159.05273010598353,85.58642204820936,22.606466442297076
638.955152869777,158.77288333359635,84.98353166145067,23.08538261662631
638.7106114501547,158.3881506771512,85.31549826496995,23.199264434467494
639.8665201843191,159.35133710548263,84.63518947351973,22.516834181711886
638.9563020797344,159.49484862781128,85.6687875536577,22.582819106060743
639.4611776811857,159.9338215929035,85.22607813947616,22.044405551243095
637.9754078788399,159.99695676321616,86.64950547641476,22.234278773711697
639.5060039993646,159.44331329497447,85.28465231735022,23.201807608314137
639.3964854692399,159.26651023343257,85.1940194718081,23.401613061874517
638.019109340877,159.4304611082129,87.24948050444722,23.056193382944315
639.4918880067339,160.16402208139996,85.40000557774609,22.586992051322976
639.7802691540682,159.94404782632955,85.06832439107167,22.8126868083384
639.818319402525,160.34759989768074,85.18248152567674,22.121824673764976
639.370359330961,160.13498322866076,86.29765695468302,22.379239206356054
638.0308555088936,160.2177134464848,87.03968423488668,22.69794586206264
638.852540940741,159.70731830083358,86.9878523729073,22.952223706754747
639.056534043021,159.9008839010812,87.17582258660337,22.724982963676442
638.133667841913,160.47088986889702,88.28432278541752,22.515889297058866
639.4702596242731,160.15182705139134,87.02774915895695,22.597801966019418
638.5969657677708,160.89760194908118,87.31269985020995,22.30481561628604
639.1449825266772,160.98186849840718,87.0375380547961,22.149354597155106
638.8574954341574,160.70830496316958,87.25432970216752,22.228860163289802
637.6520077774242,161.0488323918422,88.30268111997296,22.130069290009175
638.3890977357097,160.61192540476156,88.10893520405146,22.775286552885426
637.4008282524467,161.01595174169822,89.12835753198493,22.499993924190502
636.5455212363645,161.52735122018083,89.52680161392846,22.220920081488323
637.7433408311833,161.05655543906968,88.83302850836475,22.570181283705118
635.4268156251399,160.9477951333802,90.23346862153336,22.451384318483306
637.7412427840171,161.82769639966696,87.89579790588685,22.035647240604384
637.545761914177,161.62466154090407,87.86654909361505,22.20679612318348
638.2052821021239,161.82841825345153,87.6211088600881,21.902417108002382
637.566094159737,162.08983485910488,88.1363169268875,22.063620275713376
638.8211648564949,161.70316595215522,87.80628625680207,22.30226204726747
639.07624035362,162.62265460683122,86.78120183005726,21.821704431755826
637.5217830392265,162.30904782710056,88.00672775914468,22.039766561786134
637.6462181974192,162.60077829030564,87.71163343469915,22.28797670466702
637.730892237524,162.42562392837635,88.10231745810407,22.20494272556011
638.260466561774,163.1641051940207,86.56941349234484,21.8892840381672
638.4003748245746,163.2311559281092,86.80982913870365,21.491557326771506
638.564813524467,163.37160393649097,87.0407863211711,21.635855346457852
637.4054355006718,163.1496194685868,86.68926190989235,21.8316819197412
639.3977062293849,162.98024732861367,87.41158605047558,22.123503202334305
637.5874913800304,162.93991024461334,88.50939423882406,22.220448801986173
637.4350786309344,163.8268022070147,88.50342661113065,22.01014464665859
637.9914245920239,164.22914162140424,86.89481194347998,22.049008393507947
638.6869579822231,164.15188835097223,87.05032595619855,21.73110790822615
636.3102459637138,164.04833084710347,88.32479766844534,21.98328065012101
637.5202419549861,164.06303506156348,88.38874833961628,21.77518240484674
636.5309017609399,164.14719872621023,89.30399988625922,22.174622823161876
636.7096911592133,164.128220605251,88.13820229748552,22.43908494087305
637.8517018008924,164.93721549509206,87.40503882232917,22.002574327311336
637.9075068701827,165.20874793066628,87.14060280754167,21.858780072351177
638.813163395325,164.515289632554,87.33642759242055,22.83879013454782
637.0804916746548,164.86689959868232,88.59890471548623,22.60344299393659
636.9393236050382,164.96434547837828,89.601012093926,22.398537444132586
636.5335623868352,165.46725405632623,90.22803983514564,22.540096616504023
636.7074713572281,165.55290220388173,91.13352136762099,22.423348445074698
637.2835982485735,165.5805518734055,90.81965839191218,22.51265398074296
636.7620884174693,165.980121348287,91.25477824517758,22.461810021714474
637.0611068758483,166.23771717842968,89.8281650853167,22.435895074758108
637.5536005520897,166.79293407528027,89.19656559118285,21.842457965109425
638.6452712680608,166.6193310237831,88.64227665944031,21.971570196912836
637.7564925878758,166.5317234863206,89.21560595445239,22.31973952521735
636.7561523474961,166.65797635220196,90.49174841084587,22.488916317088425
637.2351201013422,166.5178260009804,89.44541736242466,22.526902751598417
637.2751285076168,166.86111087664833,88.72885781207928,22.166370099407914
637.1264622307257,167.1555722998692,88.8018142344133,21.857998441284597
637.4893864820706,166.61635602766216,88.6485204352496,22.0957130379648
636.7537773501986,166.97814175555334,88.56006329794343,21.797299644392048
637.3104323982191,168.13043963113077,87.75955184879432,21.08730180328979
637.5108598584721,168.2927811893999,87.58257245844905,21.1338346422217
638.029724617277,168.6422383546684,87.52161236053666,21.100932250301213
639.6658888272211,167.876534589732,86.79864311177832,21.546605911181494
636.858419502271,167.63255612221167,89.91576711538214,22.436014411137393
638.1722101296133,169.09251874391398,88.53846821516366,21.827458918386274
636.6330454989424,168.03764389790842,89.14885446834825,22.840310532224166
636.8414910982826,168.51544044144262,89.03624972598948,22.66896097209438
637.0677572350387,168.80101296187914,89.47561012360154,22.62934915689344
637.4958632185693,168.70394729887775,88.85887208703934,22.762668645392644
636.9087721072978,168.7077748599138,89.655446517194,23.34925774229577
637.4879809763943,169.01093860405692,89.5830516021183,22.97200974549207
636.8349908739136,169.595982629481,90.64455871911281,23.227903293005593
634.5502242225025,169.22405573966216,92.07200577568292,23.75304896912514
636.1194903129676,168.97509076360996,92.03052325810057,23.68092441333343
634.3454491734637,169.8069483630845,92.94818980464396,23.79087765369342
636.2614577500254,170.0354510026106,92.28938359659674,23.41199762975777
633.7898499687611,169.81280211219212,93.15483659974883,24.11808282107355
634.9560478170768,169.91016591951436,92.8588029297872,23.848102652158108
634.2579452526105,170.66100974363223,93.03182351221564,23.0779932890808
634.8920580188372,170.57575211367433,92.99454988702749,23.03578627088148
633.1055176536797,170.00854802958827,92.94947883461097,23.66135020254123
634.2027855408159,171.18471582696847,92.04776925312423,23.4108964714898
633.7420623707449,171.0014815279333,92.71000783190483,23.24860011073465
632.8535508217096,170.79048889852749,93.79705817402527,24.012346628510983
634.385264283323,170.97908024701357,92.18708451605245,23.99365854173594
633.3616104131571,170.6163996092734,91.39403219817132,24.159495142133423
633.699771516856,170.82514797215168,91.07240605765378,23.92548817898313
632.603461684981,170.85875017947345,92.93430501834956,23.95591981310507
631.7575480489671,171.53144400830934,94.09915296278062,24.05720591264742
629.7465888869943,171.12953049973808,94.32639666830626,24.24129259678254
631.7018738337231,171.31688998016767,93.5116309363139,23.892327490260882
631.4501335041624,171.522564361544,93.41388225125628,23.523100952760828
629.9917284015357,171.2658993466739,94.82043428248446,24.106288517956266
630.913365520067,172.3179824452985,93.58955422303788,23.800305448235306
629.2569532751467,171.96080575011945,93.95207791023192,24.330756990894237
630.1636298466519,172.21566130714322,93.08879651661312,23.830132273660794
629.8952773776793,171.5401288786939,94.1444816188334,24.16405475108376
628.2165888616175,171.2933467168238,94.50794074257274,24.906075731860767
628.7280408779695,172.4906345983395,92.99461023798852,24.16887580497616
626.8738597728629,172.18811831989115,94.382106004789,24.40269411532003
626.776903585398,172.9952757737449,94.03114515135182,24.070608054801898
625.8475597902385,173.1798119310053,94.57681915804152,23.924606081937316
625.3545772494906,173.3762427316618,96.94485481774694,23.83933273420707
625.9642585837493,173.2386511164421,97.16670514961767,24.35978448881199
625.1120208973826,173.50695130527868,97.2235509378206,24.58869032557591
625.3234653768167,173.49472279703338,97.09256976476647,24.562369420086934
625.4898944401659,174.05199810094285,95.84349437460827,24.175897894602844
624.6296442175751,173.95773358570884,97.03905003161628,24.428602555659335
623.6387818925955,173.54000143856587,97.31644123192734,24.844086980722675
624.7419995126593,175.43000116868077,95.65101076994367,23.909499747267056
625.225503848953,174.77552285000394,96.33121464202902,24.165968936405882
623.3734686226777,175.01035950611416,97.60426638563075,24.025741113981987
623.6259235644719,174.49120672744442,98.17042652918009,24.436446935109235
623.4069025880752,175.16555741346463,97.87365858157155,24.823821321423182
623.4117305791924,174.9306549450071,97.95354541063904,24.487718087142163
621.6235618204856,175.10649758878242,98.59130110218649,24.415186039371775
622.3006592913349,176.48428818838988,97.14180741848126,23.75345051835203
622.2612596453902,176.00398599318737,97.67946085871871,24.11432773435699
620.414858192104,175.816837154825,98.25682790156677,24.46069798006379
621.5378043484804,175.8153693518456,97.64615560190228,24.636438348711934
622.2153640923913,176.10828201233483,97.47139183625369,24.116053529396755
620.9893258468884,176.6084057771964,97.43411544535505,24.196043614398114
622.3345425632697,177.36593545616466,95.58632459520652,23.83509919645573
621.5497046450075,177.1392329372305,96.67041880694421,24.168461980704087
622.0580236693721,176.67716111641366,97.27858782100432,24.06265323494673
620.0814469636782,176.76360943412195,96.83076190543348,24.366517834871857
621.5410923304934,177.61838027843504,96.58982119188565,23.6911566827177
621.1284748771151,178.0718175799493,96.27154673721569,24.22087669909456
621.5985280224585,177.3792834399362,96.90108905290035,24.15261540711009
621.7766227469062,178.55831529412558,95.80612699926445,23.5042764405705
620.6809575930943,178.2728746680165,97.03807739171182,23.990215121999725
620.5942191394682,178.5843092862857,97.12117912214384,23.420139254111092
620.4479188292119,178.15245232369034,96.75006001322728,24.13020962888865
620.1670241992683,178.76675717300571,96.8687391880076,23.543175873738434
618.8156794029625,178.2383737791588,96.76095110584848,23.647933716858464
621.230609125784,179.20450898065482,96.33763708104769,23.117558767002606
618.810224401634,179.46944736665142,97.47245307798946,22.867268413571725
619.7150975865733,179.84514973194604,96.6234768254902,22.317700325500894
619.966051462485,180.11868948136654,96.78116757335425,21.963043034721522
619.5428441808505,180.72846944541507,97.61913293613937,21.107562066661863
618.8096532976433,180.48349912779437,97.77697346081163,22.118678215126582
618.5200112705405,180.45323761921367,98.91690776831001,22.378982009413345
619.179931960923,180.5963729295226,98.2454445336156,22.420096716475378
619.436268458101,180.60384634529348,98.68378285787527,22.721985771489805
615.6246121763038,180.29255883090823,100.89224655801917,23.428273009414188
617.4879085689532,181.00474429560126,98.06383638539617,23.840945724316107
616.6413457989858,181.23347697691645,97.90556170246754,23.53857289505889
615.6221273863176,181.60449133550244,99.08429412583209,22.698711590760446
615.9906445613215,181.99691269351226,100.29474752110562,22.259381762249355
615.8365964968962,181.98708691806758,99.77030595494608,22.64672152587294
615.9321162471106,182.05444822062722,99.1674790082769,22.80334318045914
616.2617190283992,181.49122137909342,100.12346346128635,23.772392629531954
614.2498111535027,181.05201022945138,101.99133586155976,24.24583649381443
616.444307806727,181.9467875124412,100.2321471463019,24.435339970326808
613.7228512062685,181.71086913460448,101.55989072656251,23.9850112194963
617.220086460472,182.67966118441626,97.8129779165653,24.13467909942682
615.7801457713917,182.2892032620104,100.00896124204766,23.66162166108215
615.7797883969428,182.27783080088966,100.00379658378185,23.43650178352358
615.7327812370387,182.50281347472122,99.45140580030332,23.028129068733314
617.4573618009359,182.26445271321018,97.6068073309597,23.12222623572521
616.095690909578,182.47615146406235,98.46435033798724,23.842612380001007
617.349656585018,182.6677877253034,96.76497063165397,23.439329511050254
615.73175449194,182.38541288641673,97.56618915237,23.603596500423215
616.4169302883506,182.61872945034872,96.33116102259595,23.33142586464985
618.0739636474077,182.62528051838189,94.34942138164291,23.546774148047284
616.462170353099,182.99082120926238,96.38131737717464,23.819871740687375
616.5095373413722,182.86822713432775,96.9194118679693,23.978800654793073
617.8117402037129,183.49356774320898,95.83637374130578,23.790477645333617
614.569762100639,182.99470537836038,97.27533335774379,24.12860591378905
615.5020341658258,182.9202750859271,97.94728980742777,24.437222194637357
616.7083717515674,183.1917169080254,96.0115783886824,24.199013576192094
617.3406292340137,183.67565802780604,95.8043705469455,23.91167967096448
617.2338045765558,183.57496884917003,94.65191334002512,24.451075788211504
617.1747288558269,183.2838872216848,94.86414494423792,24.58424514144083
617.0984379630795,183.89009993082115,96.73773069545635,23.75908179246933
615.4313842284159,184.3535454829263,98.60299947598554,24.29434612687351
612.9280744335372,183.9536098793531,99.15913735517962,24.44295729043367
615.5693364056665,184.71828016380675,98.80583290567115,23.71504531978531
615.9886259960253,184.9153845799296,97.94982928301195,23.49733340316989
615.1159333442856,184.18590376670238,96.46986280134081,24.3324095793057
616.6798733977308,186.25825378320752,96.28061398996427,22.987724687907473
615.6972285201352,185.40493939891508,95.51466762813541,23.89243492889542
616.6460082617634,185.76253506970966,95.78281378652572,23.30809831113247
614.720649518822,185.2182470396838,96.274577961273,23.758971590454657
616.6725538806675,186.33832338757142,97.17947979907714,22.893317055581804
615.510043655711,186.4236658396695,98.01593666873505,23.689372943081068
615.1733736784544,185.2607350135977,96.35156969910695,24.584302882860598
615.9914936028298,185.71386349315438,97.43406469389464,23.7931113220724
614.9802669297264,185.68438169980425,97.9513449302639,24.71775638923753
615.7523873891782,186.3709284233195,96.84711138529624,25.041568987541275
613.6781126141667,186.47904589557342,100.12823918688578,25.042801759735504
614.1686738031566,185.80776449487564,100.33585217318742,25.910944576580953
613.6507159557844,185.44576217791933,99.17425197996161,26.569165978153563
615.4346818160686,186.84208731426247,97.63542223773484,26.676805573636145
615.4759464549305,186.1591397609058,98.0162432985169,27.167122700218904
613.2835906523544,186.21572714803702,99.35415739413281,26.898831454459888
615.8608434168732,185.72477466703123,97.40423204220504,27.16946462334535
616.0270906834091,185.67907426429716,96.44844496781536,26.90249627098428
616.0915748926784,186.2142847363984,95.99761575806835,26.48201784958674
615.3135786724972,187.83336552779352,98.21776298154131,26.077243509011296
612.5431661947244,186.96877456918133,99.60063230776612,25.930115998886585
614.7149797360686,187.2116035252233,98.39140389584057,26.162140798225543
613.0673183296842,187.55484259430136,98.6055108502056,26.949512272927137
613.0192001896838,186.5473463387793,100.48770953333073,26.906432012602956
613.3088155723061,187.22738799008297,99.64938192902315,26.20202226877749
612.4541166796537,188.13429306571618,99.7113610665019,26.54362450035348
613.084514487468,189.3883818460711,99.6529438119633,25.65989071046777
611.7621072241737,189.73100910739888,100.4654312136193,24.734349856617868
612.5666119665726,189.22116663677468,102.43510035119547,25.22727491134433
611.0551960873835,188.86112902399046,102.5307522835067,25.70549943963073
611.9430191965379,189.47187483283878,100.6986513000964,25.423265615771548
612.0921262625402,189.3102669704731,99.9782315984753,25.174466373216475
613.4125567938631,189.71975145633337,98.08655180292857,25.430857145239244
613.3326842997802,189.75172276699573,99.16388758876064,25.392248906272187
610.9168756880327,190.35494328039658,102.11478447394444,25.387692878493617
611.6495902057898,190.0484364053879,100.47300683427984,25.66786160391177
613.280439523922,190.46503566646322,99.98111725554072,25.56246989125995
611.0083486334777,190.17891527010576,101.62370894558723,25.683625770535677
610.5939675046383,190.34599145114615,102.99509265108537,25.697278470779043
611.8093004458043,190.80595387551793,101.95291194117182,25.91366196848076
610.597341895626,191.08088605405058,103.0376263943673,25.41593161953885
611.0217083889713,190.96529165131082,102.97585268859963,25.258002931607187
611.4941338582712,191.89658041566986,102.51447049532146,25.11487748806588
611.024730352267,192.20731853565584,102.59967557044732,24.634479147982184
612.0810457848286,192.05676329334383,103.83998392301177,24.810500145414217
612.3754386945723,192.5519406419356,101.81450938006785,24.979511677818746
612.5151943229617,192.2848708477643,103.67366474361262,25.18060702488964
612.6047039764946,191.63558182823976,103.52395309662653,25.9107800467478
612.8109340326644,190.94566836423908,102.79861103097318,26.70344263239828
611.8403949623769,191.34269504779843,102.9044692080146,27.20675198369599
611.8862059322928,191.71618697318675,102.52808935330623,26.73804051017116
612.598916128589,191.6560174137622,101.77367434462792,26.680423513126236
613.265685930964,192.38112958219068,99.83222117520519,26.56286974872291
614.5518341216872,192.17664055539797,101.21931975057598,26.352952752497753
611.5312457559232,192.87648379090956,103.31115064270955,26.00204946485791
612.4915452892207,193.08813585059906,102.90946552218071,25.91178383736012
612.7453147431577,193.07486269224052,103.65618019135007,25.700924068085357
611.768616950911,193.1860595611753,104.55947717620553,26.556402817786104
613.0755725258416,194.2576405601714,103.9445700091017,25.772427940429786
609.0530818681488,193.37235304072155,106.99677631163429,25.977974421230776
612.0225471511396,194.1722111222341,106.36570116453888,25.939951774014
611.8171314031894,194.4319893341557,105.73074831386539,25.91030719095837
612.5093145139875,195.0944529600256,103.43844457674236,26.260879977857826
613.1945840814831,194.39443612907095,105.60244368110648,26.37567125912058
612.9406175122901,194.3677603315753,105.08015348302732,27.53055093193114
613.0832999938632,195.01906415747322,104.6553355877199,26.781145938910576
613.4061934745638,194.27000618622526,104.60376489188567,27.572031506794875
612.1659876706028,194.05122103558705,105.64900161665993,28.091312855230324
614.0884627053326,194.83135273920217,104.03546800082898,27.761656749140222
612.0569174936479,194.6387016888749,104.91482921641902,27.642984759038058
613.1859751063641,196.68097928275213,103.91522761383374,26.2834989538164
613.8082097872406,195.5641815685671,105.02127763562223,26.906444808644935
613.6678375087015,196.36571733280016,104.08827876141716,26.515835465082773
612.8794774677675,196.22844370627084,104.08861961365781,26.668007486776254
612.3343966878397,196.95768285652258,104.76927766260172,26.13618103249822
612.3127337526641,196.62227899589263,107.37262911791589,26.44238356400299
612.2947785831152,197.024355538349,107.5456128825874,26.820476323194057
610.6331931092126,197.18241519298715,108.33175024861822,27.48397242880844
611.6171617149591,197.85660124230486,107.81769346322983,26.974602038193495
610.858892364378,198.3628966309288,108.04596901053687,26.535617017553548
612.4968835542533,198.61152913692166,108.93149455337533,26.308655193891198
610.9037658593998,198.28148493984486,109.8137219680772,27.01700516947848
611.8663871873061,199.23812017614128,107.94360440394493,26.657534045022167
611.5513282283391,199.23901432858054,108.17780113922515,26.469477161312327
612.0819401070471,199.5175169730782,108.28866095653268,25.95953179357989
614.3761654581577,200.51438133854595,106.51475171163352,26.1683319019983
611.6262988004628,199.83935154658946,107.6807317835464,26.714138223187295
613.508651815914,199.5054507274545,107.79481342182515,26.873962298672076
614.7538684571447,199.68135839159572,105.04443268801528,26.984285203847314
614.6668612212644,200.0490877679359,105.25416514385194,26.601929865234293
613.6056769958697,199.5829114355104,105.02789780735802,27.184467467712224
615.039448297763,200.37574051602192,104.6953508666327,26.426690521695615
614.7334111223079,200.1691949791825,104.99163869126261,26.273244974872988
615.4561143164957,201.96482841957285,105.67708661980188,25.6892086313978
612.9946337791652,200.19585060853356,106.7845842185009,26.55577867077657
616.4233767117344,202.02660483400203,105.91255701640264,26.452943984050414
613.997121875766,200.96168609930828,105.71655258466926,27.069646105979842
616.7210293345186,202.10818615721402,104.47163735098448,26.455073244794114
616.5457325826976,201.0783928785721,105.82612159736814,26.91937801986044
614.6860799199935,201.21259216701992,107.24660242781192,27.299714578879275
616.1895131384584,202.55240751823936,105.68307513641271,26.684200089778372
615.2433419393693,202.35573438074564,106.45188622290995,27.222426705318092
616.3528534011637,203.2681760236004,105.05636494545892,26.015771718802256
616.2307896491658,203.23497439351448,104.24218691068496,25.66130774102222
615.9573518585482,203.5004382653981,105.13699676812436,25.559843703464225
615.2760860856446,204.80669809126647,105.53106170202507,25.618044896508437
615.0406570667061,204.1942631170323,107.29531041138762,26.375899417249283
614.4909823824223,204.29854785154126,108.34038894064082,26.131385371043493
614.1350823608452,205.07172556407878,108.79859698148377,26.246744036273192
612.4522089477415,204.55520324812449,110.36615417076447,26.99622490487407
614.0775925746156,203.88225463927927,111.24646519639654,27.633701223388744
612.9397962551545,204.63285384580678,110.31468333654891,27.988629163022793
614.519526349023,204.15396624280996,110.8165194366716,28.512950013511997
615.3156960833842,204.977982977806,110.74920758185314,27.475541732802554
615.5246872886223,205.3014737899858,109.04014342639647,27.335721589091364
614.6012535358631,205.74131958608945,109.59990393543748,26.974872459342826
615.5967725254943,204.76239686202695,111.06747000944779,27.972878869309653
614.6367674861634,205.7250886036483,111.37349567049873,27.781566127005835
614.5868483017207,206.63462853366133,111.4072886038584,27.074601937295967
614.5944774034936,205.84649306440943,112.55852524364613,27.71433817034781
615.7469478587802,206.8436442780385,110.42971329622807,27.57884369558785
613.2281983468661,205.69434809233985,112.28519914761932,28.304412717283167
614.7296865969836,206.83760400185423,112.4239715823883,27.58359865607384
616.2993980885825,207.33222129643434,111.7160475141629,27.345932012586076
615.2702001035306,206.8340329019506,111.46146130271788,28.381616992935378
614.8432085320478,206.51379150559075,110.93372445487056,28.206397510168223
616.4642382291839,208.39436488164935,109.46317217109608,27.469157553983027
618.4218369077341,207.46316768386268,109.28170212591647,28.506534632402285
615.457663788853,207.53694958540882,111.11807674736478,28.769024672810957
616.5842581507303,208.4140956016143,110.0996440519899,27.965636454369722
617.3417560576461,207.58133220856473,111.1869315200016,28.692324329899492
617.3873526288237,208.7830913870162,110.6614330184004,28.475123031048668
614.7742394378208,208.01384308915726,112.52151224785996,28.463143305216605
616.418116762219,209.05804187474632,111.6732196380917,27.325189164234967
617.2346492270262,209.3389824583561,111.42765767004873,27.369392221406848
617.0738051142182,209.82609988789142,110.84142017611104,27.261381181766584
618.2173408661371,210.45917073416723,110.69083285258988,26.76812333821733
617.5597427715211,210.85895298196388,111.10061258464941,26.708538104234155
618.2125117479397,209.4352880735401,112.37758949884278,28.145152998980365
617.9742161506011,209.61085934706443,111.52362219678766,28.0751648370569
618.0646516747977,209.97358304335256,110.94524679695667,27.92719715294291
618.0464766935352,210.4513734631378,111.63317574212122,27.745041935097206
619.253375883533,210.381492436231,110.34803794702623,28.338274420055015
618.8873056064378,210.18121675135893,110.41043289029756,28.2524683063954
618.4379683664897,211.17215176600916,111.67528678106638,28.34872709904321
617.4317159762898,210.69983196080221,112.17452941327569,28.417323469715882
618.2850806563218,211.17921158797748,111.60251794607606,28.189364382805675
618.8066503218589,211.46286167778524,109.88034661663445,28.101603099317586
620.0039569743742,211.80791571141626,111.51072992541472,27.930920301975334
618.0206156857369,212.00368195084502,114.19862455654604,28.20025369856174
619.1347841534425,212.76513252526624,113.55455423042426,27.97535128547844
619.1437300006492,212.12668495572962,114.42130309201468,28.659989232715667
617.9523523018809,213.18840335107313,114.38644896484975,28.2800543604071
618.4951219281231,214.4855325590965,115.3126370687732,27.376334429794053
619.2665556153057,213.72903883864663,114.84176634156975,28.42605157092258
617.8180676650695,213.91750993392301,114.98600683248796,28.06922210566343
619.7505332945304,215.03871249778348,114.34581144947285,27.568088707101005
617.234367490989,213.30745203257888,116.10308209111227,29.00652966747168
619.9302417720593,213.51306800301654,114.6511894941884,28.90386282993232
618.8787957219118,214.15726020113877,115.73021182974306,29.913590836158527
617.6254605176157,214.24494178824025,116.30819878641472,29.406491415957856
621.1300154791152,214.65142166852252,113.73589335846174,29.60684804050816
618.9546601881208,214.35862978673214,115.79044777157331,30.258905570042543
620.6102543735059,214.668523444957,114.21440538815429,29.582430352731567
618.3404011468398,215.1314296599802,117.55340090293842,30.235950412962502
618.7619906735622,215.28482042444216,117.63900689770838,29.55462889154765
616.859477155033,214.6547032476564,119.10718630442037,30.684496976929967
620.4093129642453,214.90613007043623,116.32176162699035,30.176759839513164
619.1369918910633,215.38115342651162,117.36199288596202,30.925072024371126
618.616291222063,214.1778221909579,116.21588693536472,31.45244871135486
620.9973346167391,215.02358581709416,116.79601540651609,31.024328880522525
619.2310171235399,215.04291298573796,119.19078142018881,31.498962694533574
619.8436425858982,214.95647810578032,118.01450762177153,31.628142779184977
620.794986119749,215.7583310660548,118.0172131227572,31.064061724519572
620.9860484791931,215.11545726302896,119.08579961631679,31.309164757155443
619.5907988258703,215.74465365934392,119.5218957701108,31.434699230426865
620.051885766965,216.32505248295206,118.37476184955804,30.76722849517827
620.2736410065964,217.0909745485239,116.70934266850409,30.326103580120467
620.8958466808119,216.44067075437275,116.79166274272725,30.477316479336757
620.034585431184,217.38895147968321,117.12373997116435,30.07704727120053
621.4396695270439,216.94230995533306,118.44440353748824,30.502995432029294
619.2923860893056,217.33826182202958,121.51482789941248,30.5314206386706
618.5423936375514,217.81957430899888,120.62419165631596,30.334350574498266
620.9408069151593,218.45799983322667,119.80823858421164,30.180056487809644
617.733806922633,217.26762690833363,120.63695350133574,30.872400351945075
619.5405247314843,217.90715086969212,119.12304798571397,30.068985585518497
620.4468867329708,219.17950599872526,118.20820292966721,29.793127276546286
619.0042913769163,218.43433454514752,118.2753869910195,30.32926982605965
620.1934495142461,218.55378127088088,118.74749234090476,29.689738228090466
620.8923573935419,219.06905782533107,118.10125344719245,30.062506289938504
620.8529588948908,218.337202133032,119.978694837602,30.73863535683599
619.9499580907036,218.49158581825995,120.245150500048,30.44817213145926
621.0124748140506,219.18317463324757,118.62444054747047,30.647305143476544
621.112004709385,220.06355494665303,117.71269403897843,30.535146164397542
622.3027934384834,219.77409256468337,116.41563574163281,30.26939718744
621.3460338491499,220.1802818030759,117.66594926411193,30.58959106403278
620.7947592318758,220.7428632287641,118.27152601638011,30.80409529328746
622.0936140387004,219.91799557665388,118.03799504373352,30.97967459113419
620.8273645721324,220.36414574482197,119.81008308854243,31.57436041815406
620.8719306318301,221.08912707758682,119.29930338694902,30.895104251800547
623.0135034324601,221.4563049219995,118.07136984865213,30.72378440536409
621.2579703426778,220.78647385673597,118.83907163193538,31.077546351054743
622.4307828462202,221.29937308208693,119.15230404438357,31.50646974701962
619.0280727600274,221.71280038121824,122.69927939231849,31.274344347484792
619.9005604234333,222.4922071415393,121.99317835109477,29.86979282928472
620.074751794918,223.67055169646994,121.62917385228673,29.999273126770788
620.6894723372524,222.23782666215803,122.86351216309984,30.669696526226176
620.126517084851,222.3611951534599,122.51655379114766,31.569979286661194
621.71034406144,223.8819413951796,121.52347859595156,30.07331481230734
621.6008091913632,223.44091177771784,122.55579581792162,30.315809183823845
620.191798678295,222.70534531304898,122.28545330501862,31.47379007402776
620.402880666779,223.51257022986,121.38747232225646,30.566961062008346
621.774187393103,224.04278039068754,119.69487388662796,30.12695941479059
620.3560635584099,223.7667462270157,120.4206501526682,29.67747047516198
622.5405084920326,223.07713564396752,119.6824200535957,30.250729042469114
623.0995088643435,223.70205493895543,119.90583730263994,30.884205895218905
620.4083904898215,223.185219271839,122.20185383288623,31.170899959259607
621.3698351170895,224.01862298749873,121.9448817541047,30.855539659121668
622.1092386363334,224.27311103054498,121.04646634814154,30.34520106908351
622.686080595654,224.76243620471308,120.71035162929189,30.291140511461272
621.5813875331747,224.85276350912534,120.7473744084937,31.05418226098379
623.9672189253097,224.42790738944254,119.7721131572439,30.81488581326537
621.7311543011496,225.0349628721519,120.99859017758845,31.366309922619276
623.0723857257831,224.9849936080805,121.28502399140854,30.586617567652546
622.353252598095,226.01557715856563,121.11057712050822,30.010122804887175
622.3864318179512,225.3325463375202,122.33182091987817,29.714393825516275
620.6125792616858,226.66619638412715,125.40960955731379,31.052232748533214
621.8185569646183,225.62871577967974,125.73828799302119,31.700698615646296
620.9506257931109,226.660419830779,126.80970227125884,31.40447260650462
621.6833735416702,226.1721124742965,125.09081717378831,31.394935430663715
621.2305329791303,226.4696533143323,126.21910487359705,30.47932871649216
620.2265970870885,226.58258744715573,126.70831111055509,30.145600580015525
619.8235194944818,226.46352511306762,126.1158829110185,30.51917129676231
621.5706716193629,226.5878595144621,125.31204274530701,31.07161060852665
621.4254185481902,227.0142237049431,124.95182326059705,31.10305282916739
622.3685284958891,227.07101204999725,124.17922060749972,31.116093861591395
621.1621037928173,227.06773706492754,125.77722260072576,30.40793008464803
620.3948347490891,227.42181339784867,125.87097312219083,30.187317976857702
622.0329368359107,227.782963197189,124.22656255084902,31.050766027858963
621.7051533647216,228.65127529290334,124.8274667678005,30.232227358902705
619.2904216879331,228.01082536402768,126.66206439445594,31.059725044997467
621.6822093322498,227.60833790262552,125.98958469441902,31.26905232625124
619.6551965522805,228.09605072133016,127.69388333339586,32.38981700031219
620.522345460165,228.1902931611437,127.12969398403786,31.719524237311994
620.626401148889,227.3206664513294,128.28038750001465,32.027083420884765
621.8167377910631,228.19441632170899,128.31680982250907,32.05070748678526
622.0513483907018,228.2775009481054,127.01945544585604,31.98738288162386
620.2344121826492,228.88806962849333,129.57000913459552,32.89959016567374
620.953454264594,229.24673292351517,127.41726094403884,32.25372066003574
621.8546978701618,228.7716865036382,128.7044367452627,32.265454727705055
619.5315997846823,229.2547312632073,129.9388350011368,32.83848739167792
618.5231491390898,229.29065429567433,130.50901015954193,31.89810816637979
618.470797950006,229.18871741590362,131.6515505321647,31.775036092347698
620.2873141003261,230.04443456298856,128.7499884207032,32.00389593136265
619.6368011606858,229.286064009003,129.88535327405214,31.950651619349888
620.2865837911112,230.4376951095857,129.3752032452942,32.345236892796414
620.6793529999732,229.47482595143308,131.07122704226492,32.841745987815536
621.3008439562527,230.13042396363795,129.8585140927146,33.29624182085503
620.4735422792396,230.8889583074965,130.997391222029,33.603260323507996
620.7380193276646,229.52267090787836,131.7689118162075,33.94562070015395
621.6067455476134,231.01903665409964,129.92788734710055,33.583605908942616
619.4913505229362,230.67643543625607,130.03795483134027,33.23513404420237
622.2767508912044,230.5024886045945,129.86477801620077,33.814615200111916
619.5639088605715,231.31228511912352,130.73527898931889,33.78290517627294
622.4386614794474,231.64933883766076,130.00174608679635,33.13963160259063
619.3936184977937,231.16099892610478,132.25987000471747,33.3083414334083
621.5399140949605,231.97802077622117,129.64521437311691,33.08154877193354
622.3092741761311,231.23863343373546,130.87912867814714,33.36659281156053
622.2974843305177,232.78914604522132,130.09268737986147,33.22247633058662
618.8143308862789,231.47203966014575,131.89746427298624,33.88505969996894
622.3250230343647,232.3044008801761,131.29837113428857,34.359976724980555
622.5386776140167,232.01507991240146,130.46667799845662,34.446030843872876
619.2417753275178,233.09724307035134,134.65839043749224,34.62578280496567
620.0448649490706,233.79704416732267,134.10262847566665,33.69690438699412
620.0370901601342,233.01416875980146,133.24914189130942,33.65332621477303
622.3973143393586,234.52927267585943,132.27059256024305,33.31113306333446
618.5619494795891,233.74739172796743,134.60039645582722,33.92124164693274
621.3603316031135,233.7630866824509,133.67002269176575,33.351650599526884
619.8240736668988,234.52285266636278,136.15656547777496,34.96864707742472
620.3590066306583,233.75258779591823,136.46332113266692,35.578001785533104
620.4663115776814,233.8250915295934,136.68169588977534,35.866737334740804
620.6681219571981,233.32956795539178,135.66987270294203,36.54464464618101
620.4191785307489,233.87304839714412,135.49583509155775,36.85107222146885
621.4724498947187,234.82951709878802,135.58980527058873,36.47606530680257
617.8392964475595,233.7798207963338,137.90851174713686,36.86240259174068
619.3851526659633,234.55752416304446,136.95952369560297,36.57877580590135
619.9708467499629,235.98890660778494,136.97454022480395,35.80784219914033
618.4257514742916,235.88720324234453,138.4566202250294,35.139336742725796
620.655769405565,238.56877322927124,136.9023270265634,35.20115442413041
617.7987116023626,237.8997075265146,140.67818209052646,35.10771165724654
618.1947097653313,238.52281496072374,139.7784066688833,35.046691629319895
618.9163911740271,237.4298689207116,140.69355528750089,36.06350635222989
615.2564547699849,237.20002221790963,143.30877140535532,37.325055648951405
616.9193985290875,238.08403498342557,142.30138505801224,36.94406372041999
618.2038154796401,238.10980587383125,141.32859261199044,36.42536005300062
618.6509645410202,239.165060248154,139.6321012734867,35.63480879781305
618.9200562371816,240.03358150924595,138.30872884756604,35.38522641011207
621.1182793029058,239.16745660272704,137.72448498818167,36.36634449440035
619.2875627816086,238.80925742131114,139.8708629765338,37.01711755278382
618.8234974341005,239.23068582772044,139.86581347948936,37.001362373715665
620.7837762121296,240.55404780009437,138.8310848196522,36.72356682949188
617.2648292750549,240.36324837481868,142.54790840307803,37.40110853106455
618.2261411326989,239.49081719461083,141.7094734532022,38.45457607658224
618.4375168428969,240.89594471561702,140.57305648858647,37.16284732889439
620.3798768417892,241.21549915573982,139.85738299915053,36.451044851695045
620.5459545335948,241.60009299554042,137.88344693943935,36.65498260225511
619.225298454413,241.81112996431676,139.5423551913035,36.43806240844802
619.7944340537973,241.31342486095792,139.49142786117383,36.49657453450894
618.0240132894281,242.2344278172974,141.8891432963326,37.1146139062066
619.1725710501715,242.178408849585,142.08145556600394,37.14752240760565
619.6329204313043,241.44356723677666,141.82063576429505,38.060030277327044
617.6393875288271,243.37092973052063,143.52802145784224,38.545444808053055
618.4468281679548,242.0929317963427,144.00767599373972,38.769160652882015
618.5479572274902,243.29889190693422,142.6691580924348,37.645635238913655
618.7070227393784,243.12142763713615,142.1956901021172,37.107987620565396
618.94595118525,243.4266842939567,142.40117655629427,37.10181190362115
618.4083857042527,244.7544908536499,142.20031978631664,37.534692285684365
618.3750734456452,243.54367944674806,144.84944032131173,37.88227929672041
619.3867831060852,245.63966550885678,143.0168928742567,37.78555538638653
620.0155012830899,244.49335410420727,145.13389625607812,38.06200499553681
617.6917320379041,245.67488036460435,147.2688063327828,38.089873673547004
617.8351867986556,245.91572380103784,145.7797192269928,37.75132395578252
618.3909349487747,246.61002242985452,145.0614583625945,37.66520119514274
617.2348668519315,246.9721360768043,146.62935659878755,38.014269939179464
615.5276329079431,246.50858938164728,147.21737286611415,38.093271800333085
615.3994688646793,247.0787161116382,147.43643301059836,37.25535624899304
617.3383712054853,247.49293590210343,146.20621366394263,37.11560856988301
615.8148176189457,247.2936527496013,147.0212625331534,37.17729866390693
617.2494836544338,248.37433783645133,146.90352300051862,36.60407795473955
616.8295226934121,250.09167469171246,147.19466620416296,35.72807332146875
613.2405950413022,250.82452193315257,151.8304168445085,35.95626924567391
615.0540539753067,250.4870540340307,148.9041743194847,36.16683701019402
615.3461276778222,249.9883888527722,148.13754510100767,36.69928722247169
615.6212853057979,248.84390568803758,150.12334507568806,37.945694271068405
615.2346546340922,251.0012022890747,150.44293824385562,38.64900657453239
612.757961155254,249.3552355092473,151.2435854162365,39.4597541160669
613.9956892265473,249.32607731863888,149.34801497784136,39.493650279356714
614.8762592884474,249.6086454246594,148.29509739512895,39.51288449559563
612.5409333857159,251.39713936889515,151.5499320137933,39.49358166212319
613.4503470263631,251.35511819669614,150.5611543860422,39.01905679970844
612.3656545567173,251.3155238659448,151.0402924772227,38.74895528171764
612.5682326169056,252.61985973024466,150.55693848356393,38.692668127140074
610.3304148237387,252.32173418320306,152.94028024277193,39.679204827389135
611.2638055171692,252.14030337446746,153.25622622820444,39.639531626143
610.0020397772349,253.0563488785445,153.32483060820869,40.37135617332161
610.9496419806387,252.96978417161102,152.2646468026171,40.22909893720819
608.0590480815592,253.81877670341794,154.89665539224845,39.97164024083941
608.5585572931101,254.49891045977571,153.90232389436682,39.142192177760265
610.5628100255157,255.4959165784275,151.72739831158293,38.666494766587306
611.8053145783074,254.76549728728295,152.8294014939841,39.72094582292648
608.4631728497127,255.91583986938787,155.1335773957968,40.37979323898797
609.084227363795,253.63957718838648,155.6701354755843,42.48045139416849
611.1482924386988,255.73547035634687,152.67619528332852,42.130405278948494
605.9220622001891,256.60859607794396,155.7352772648362,41.540780024256
606.8924509246618,257.2227145501415,158.78024509649316,40.70491593469748
607.0272279042898,256.48455583503363,160.20401586534035,40.832760773402114
603.0101294873759,258.9449521628255,160.78932961966865,41.076743941689
606.2544740210355,256.2876599101306,161.40791222098449,42.080777258522744
604.8261128988444,259.18231666201154,160.98652756502466,41.24952900404418
606.9103929777925,258.6318823141893,161.8665251653398,41.19188346811601
602.9177480670041,258.9535270055113,163.1665024612241,40.979515786867516
603.95201930968,259.8378119744473,161.16994954150033,40.07624240704888
606.5328249192971,260.6276987918893,157.86688629861575,40.24387212297696
603.6323396028536,261.887072341619,160.1485094252381,40.21924298653278
605.5256038370428,261.84787988341,157.98138366969442,39.962822631411
603.3620198138709,261.64186362058604,159.90343621735082,40.350678350783056
604.5197544503144,262.64461510065195,158.1639985900228,39.96354933045976
602.1792159402233,261.78014765650164,159.41915150773022,40.10239603583743
605.6804564802889,262.7597331450676,157.12473672857635,39.91529371591109
603.5757296447473,262.8579831300895,158.59500499932767,40.6297629227615
603.3700632864452,262.799194295714,158.77705256164128,40.52626909745822
602.1858515576755,262.8096179815819,160.50509438656312,41.668163686265714
603.2251117683936,262.8782950151601,157.78861460966868,42.10251948314264
603.7745872386564,264.9135745683718,156.3349089383962,41.4868160421321
603.1894678040253,264.77510683944604,159.67849448070453,41.68909850309588
602.2196324883714,265.48652180106797,160.66455866605418,40.9819216028732
600.2360091191384,266.3933301086136,162.9578702757321,41.85452064312665
601.3640602650215,265.44657574599194,162.4280728818632,42.10921047581188
600.1691815755506,266.8188283346987,162.59125286157132,43.13695101378029
601.3303852316004,266.8356187281644,162.0694698138447,42.078222365590904
599.6343886139427,267.3033908940589,163.36353995928252,43.5203796883652
598.1712496346626,266.9551653042353,165.02495755295087,43.10686028583606
596.8236920528162,268.3035455177902,166.69068748505168,43.70101533370166
597.4792563542484,268.013916099386,165.80183465386108,43.484735915866175
595.7137683801992,269.3786003663128,167.54578587683562,43.87786312391174
596.8891434603363,269.150199739464,166.6815748448798,43.75865050582637
595.3637276144366,269.67099094669175,168.78003961028975,44.069089859426015
595.4846006154904,270.36560847223353,168.55011584811254,44.825628032763504
595.0015301251066,269.9148947904496,168.32344769100627,44.79174402770489
593.6231644274678,271.53919876314103,170.56338872814976,44.288897316143306
592.5038882198604,271.389433862916,172.67515223905986,44.803772093205154
591.4922544110092,271.8612253304809,174.88387151320393,45.60600839951721
592.1569079129472,272.7272088335281,173.31102832508853,45.90752610832787
593.3007339893688,272.6320515858684,172.58150981662845,45.901528693142296
591.5019122947226,273.21051364942747,174.46389590860502,45.46492369563053
589.5238324513045,273.9541328469363,178.48011621024892,45.260459406436944
588.5039066782049,274.038521131911,179.95050482966406,46.08607122333574
589.9878495824897,274.43172328812256,178.79803493596026,45.93398792132442
589.0077135249012,276.76432511067105,178.76969954562787,46.44011947361736
590.4499404316548,276.40182054012485,181.64600851607509,46.30070107633804
588.6102116118891,276.4325965055126,182.9317081956479,47.474609706877246
586.2029927865717,276.03741288727394,182.70262688990013,48.42726492370761
587.7365835856015,275.9414847580723,181.50017759604998,48.578541787306875
585.4053877587073,276.5060319062623,184.12368696219656,48.56020966970711
587.2379954058929,277.35992365871857,184.4545652866591,48.15749827007065
584.9132798995453,278.79868567592035,185.00214508141153,48.6052738732666
585.8008880566068,279.12907545511763,186.12761379399268,48.03261227996508
586.0603894504911,279.0102437854815,185.77254317088804,48.80156987199142
585.5118629743107,280.18166643002894,184.31683916514277,49.58741663389304
588.0835355734856,280.3888716442209,184.04528207495287,48.49922766191327
586.8545659411915,279.9714058022465,184.53637934042058,49.976712826567564
585.7835409070012,282.299288764814,186.2162079517594,50.00857277865964
584.468752024338,281.22259241047516,186.2676429329524,50.76600171038113
586.556612694538,281.1243880414414,187.64630565802565,50.42860560566734
586.7814504160109,282.00551045357366,186.19350066570965,51.0039274970939
587.0136571263365,282.18692888147075,184.42946256340613,50.81104483138019
585.5963890949888,283.74508790496077,186.2169550886295,50.684477608266405
584.8856485328464,283.97573071476575,186.06165283130437,50.11834958525472
583.957003066713,285.0399784069725,188.43557273357197,50.01266770781963
581.9000470253893,285.1578972549195,188.97879799683346,50.19991051302711
586.5679697742495,286.19227661180935,186.43538768755056,49.64964186204254
584.9169912186221,286.06602114923584,186.9303490829094,50.09551671039523
584.7785231298332,286.75661894992567,186.60358892920368,51.14318250257614
581.7996394915456,287.15307487773873,187.59342159143958,50.18855689541573
584.3697111189125,287.0919643515816,188.2914995992913,50.25613881185327
582.8723998409741,287.6420420280608,189.1824315593276,50.64596902841109
581.5344272380278,287.8546337549772,189.8026176420176,50.69050361644494
583.3454261575608,288.10685970535826,188.10508126340883,50.78432381693409
583.4633159434984,289.6806557270507,187.85551494451977,51.681444451669805
582.2966853431257,289.7559215890249,190.70874785992902,51.49213283190413
580.3458773466921,289.79780786601907,193.18663595775223,52.91691384777818
580.0852735422621,290.42027938494056,193.06102043465222,52.95816648424404
576.3919888525029,289.2563757745107,195.36853483350725,54.917245991470665
580.2107982303237,288.90898047553424,194.12117749999965,54.86436731516227
578.8313853815105,290.1468519518983,194.36722541786605,55.25738796981521
580.5415861905068,290.26354111113886,192.4691776351806,55.399301757866425
583.5907937398839,290.6924212638341,190.38115078080287,55.55341135223798
582.5453659803609,291.003372982435,191.02819390396067,55.419646834713966
581.8457334688629,290.8976529253028,192.6064767241892,57.134632903193065
581.0149755117657,292.0042502480321,193.96767206566065,57.41480515529807
578.5564519046117,291.20651099307383,195.50156995751308,57.579097602646655
580.0047164238584,292.8448552978661,195.6501597244413,57.382609997752134
579.4309959265503,289.2164416495892,193.5738911917209,60.667389474067846
582.7055777318751,289.29717715169164,193.83960478344804,61.56780838797775
580.964661981059,290.392394557427,195.9863453518476,62.66029648418773
578.5594984873485,287.8368340263371,197.71590363871758,63.75530684724991
581.0118928019208,290.06514989212934,199.54537291052986,64.40174778988946
580.6913269069219,290.7011509537421,200.9303086062927,64.48489703316129
579.874092796394,290.88410678596705,201.5539431428607,66.04603490808638
577.8799881507608,290.75356578116237,203.39653846645578,67.0455329102158
576.789552212157,290.75097365798626,203.70781723894157,68.42170807890089
581.2777212516509,292.00547129867357,202.04144416667717,67.29509550907846
577.4399960910291,291.8135292122697,204.08530164060892,67.78660320682059
578.7320483362721,292.6686453590242,202.2490251467332,67.02059506747403
579.2652757440693,293.4487054431695,202.28005844411405,66.95310774181513
578.127013897881,294.3193462474295,203.52140899943217,67.63232314550764
574.4316183557851,292.94352221994666,205.96548000663034,68.1182022419176
576.8981333056265,293.96022685411407,208.12155169076357,69.62265056662024
573.8479701261575,292.1285940030382,210.60567487266184,69.95069115271986
575.4627018367262,294.7336610634993,211.81150938733492,69.9943644282325
573.3818857816972,294.8142204028394,212.6443495238841,71.38697255585389
574.1135310842473,294.1023944237171,211.52642230526925,71.75440454630892
578.3625654599538,295.4883481472692,208.62618410368896,72.25205556296106
574.5677631344664,297.1148910531894,212.64238498145477,72.67940032865138
571.8164571032547,295.9248391359508,217.28794994912226,72.31069711332619
572.8103860495141,295.1778852476854,217.59837383900313,72.51342257460131
572.4687041522653,296.13749211721216,213.12899990618047,75.50117753055989
569.5286665605954,294.9244765647247,216.26390532684115,75.3680573479322
576.8360462963453,295.32439366593496,210.88678731290167,75.46215965643826
577.5806238478191,295.1473701135456,207.29995977750664,77.69669416404555
576.3159515905563,296.0308393116338,206.51343278133731,78.37638505878527
576.9566097257413,297.4656914853736,208.6646680259194,77.0806846068239
573.7387530422582,297.13556888417145,209.5512803227728,78.26100403855648
574.5611952260174,298.1367333157262,211.11231828813442,77.88122303918965
575.9489004067613,298.3573179612002,212.18963107981244,77.7639352193129
574.5459626704396,299.1183801109263,213.82349210686937,78.9008497223792
571.7561141327052,300.9396041095731,219.41456849841595,78.11930723690499
572.16675072919,301.34929824179034,221.09686436418792,79.04633683780142
564.8311942129903,301.91483952509327,223.46511494750118,79.32435195318692
563.4334378722255,300.56621264547465,225.98348554868858,79.11887610611997
565.9777844523401,300.36157199553134,224.778777921187,79.6777439964197
570.2647974102788,302.18516377805577,223.83674495070784,79.10469278633839
571.1315979130161,303.0287753831695,219.5368293634976,81.69472828845349
569.0617859741735,302.8400642248953,219.81729921964987,81.89051921243137
568.0003674638681,301.45478812605427,220.89364955928704,81.72060008260763
573.3697590309266,302.31645559939676,218.8894618409118,82.23857688725708
571.263352034331,304.663490252857,219.46444631985418,84.23585206928655
573.4789681500704,306.0070274656413,222.13850864424091,81.32646316432945
564.9319687400836,308.36194841785095,226.9747541313197,80.91538130478614
563.4273050176297,306.24869143653797,229.55914818060631,81.10191611622713
569.7510987535643,307.96819838645666,228.10058550566208,82.72842205974895
564.9826491926055,311.60813721639914,229.72783821712474,83.2091245857313
565.1639370896273,308.28480094640275,230.7992367642488,83.67879656583942
567.5972341535971,308.9202703209428,231.9534919015747,84.77939388254123
568.2518867268141,309.043863735216,230.04482717772822,87.94919142674193
568.1553933133347,310.1667115978243,231.11346885009036,87.61565648600208
568.9745253000015,310.9774899647839,230.4928364949128,88.23225501210356
567.9716786712579,312.1191380796415,230.84276514925867,87.30223304388926
566.883280704086,311.5830215316499,230.7322777374851,86.26072413121078
569.6961470161019,312.343939988898,230.42719065518176,84.84860950377106
568.6817237377691,314.2243511906671,230.3852258332318,86.43126807745008
568.1383097287664,315.0305456403979,230.78548986606467,86.76608377250929
568.7346721713783,315.7066035312397,231.0456547602411,86.44798004858893
570.7956081803089,316.27705624065754,229.55526815854657,84.4800169881567
568.1669641660641,315.91199986132045,230.80029852918932,86.03065194798329
569.0990173689521,317.53158688029004,232.92545791444854,84.21414828479013
564.835385074752,318.1387642413212,233.0335956473513,86.22406928435483
567.6760010998242,316.6202695191572,235.4312229454793,85.38650733008797
563.5427361832794,321.1297408272315,238.54401124468075,87.25936341245468
564.1135119389229,317.3677925830828,238.98814907824135,88.78115930088347
565.5133047213415,319.274010743194,239.1088915408458,88.70307284797167
565.8531291333402,320.71290811714573,239.88997931792426,88.15615430253038
566.5679642709553,321.9894258447627,239.33800026994274,88.44953756664134
566.0922273303981,322.2378571114098,240.69122285540996,88.76662576512581
563.8958698107385,322.64755827031695,242.14866119443616,90.48989480418348
564.9415301170905,322.5140630735375,241.4429540130708,91.23470440221894
563.9101600015624,323.2882619747641,242.5437149262372,89.98091641636782
563.4446822489055,324.1550804514737,242.55606913350897,92.44608165604507
561.5810348073899,321.84208980521936,244.48311635358493,92.52140898990032
559.0876472762855,324.6396406133066,250.5292049771095,92.38793495906444
553.144273082324,327.08499624617343,256.888950612863,92.63613995099666
550.3157887309854,323.8482380178715,261.2829175105879,94.76599062576207
551.0849212281887,325.6956660934715,264.5222806096926,97.74079562848473
551.9005546125172,327.27880524237185,268.25465397039443,96.59571697953027
551.4907810799331,327.0657586486368,267.2331189557035,96.97113056101153
548.7375358797295,328.62293522130585,272.7449063570625,98.13257402143489
547.6022147241224,327.849497157174,272.6212488628081,101.22140685487085
548.5691986126543,328.3401951386587,273.3846701365647,101.03003658457975
545.6402489920279,329.33579978081866,277.75617428829634,102.38444749034392
546.1805523139669,329.65205905171047,277.2471289704287,103.23785062773206
543.5890998740405,328.12862285998057,276.88835420659365,103.6352519280811
546.1116516754886,329.1551767511564,278.0869055222622,103.70885682632729
543.9720778412137,329.39569540070744,278.359552869811,107.3679308940269
546.7305413313334,330.5655357616669,279.3283474296926,106.76842155707308
545.8361992131482,332.55908223869795,280.6512202486536,107.41842881318897
541.4645942348346,331.1941200400494,285.52594648104883,107.25719526112755
538.2584781002124,329.978264814908,286.13324892990136,108.05657871731884
540.7373214115369,329.4425448473682,283.71762379418374,107.9934614266349
541.5864776666399,331.6667618967809,283.8010390974149,107.5629615979941
537.2440607289033,333.5860135621533,287.14788141600025,108.19380181259791
541.6561862740863,336.28360615641185,285.4513284206576,106.23996240894067
540.0077639396109,334.5106531423808,282.98206791215546,107.29003663211356
547.8128690993286,339.78793142482596,282.428429204657,106.9260901571731
535.9543290174233,337.82066885096344,284.3226000446676,107.5232318322148
539.2104804305411,338.79903641806516,285.08750011383336,104.74983348003323
539.1609031712594,340.55340244586904,286.86866195168454,104.42009844764188
539.3189326630904,341.6750042238692,286.6752389466111,105.34795499372686
540.5779644890295,341.55448359323793,286.8636234103153,105.14820520429993
536.0411701648609,342.4056514854727,290.7096646628503,107.23278472215861
538.1086207601503,343.0288973693099,291.69890909159153,106.8640639213008
535.2784999414557,345.31617155628027,294.7751648329821,107.99509475243963
531.0676917763344,344.63415920652744,298.485319755923,108.84633280894762
534.4475880594739,345.40641634940846,295.0003679888455,108.5182080210454
532.9704445666177,343.9572318856179,294.75802388303055,108.06858070391945
533.6138717042397,350.2200475451993,299.12190832768823,108.70455591417333
527.7040058285752,345.93476758735756,302.04571543129987,111.32666854689563
534.9040598227282,348.71636771305185,294.17554823530054,111.95303516287626
531.2387288076234,346.18923799151037,291.6683945981822,112.66326368553104
532.5728561097741,347.5908318752573,294.22056977716005,112.51475175029664
530.8729736946595,350.11516523525955,297.0359408225096,110.62513868108535
527.667705275617,352.6235994297758,303.5474210565982,109.29874797571175
524.7116359642755,349.5328470547352,303.73350810945897,112.83002636069537
526.9531640431197,350.5893840094047,301.1338989443803,115.07879801597892
526.9058817901275,353.0205366264546,301.0558192626868,114.69587101071993
525.4108678505952,350.5389168537139,301.53280157602074,114.68247472684533
524.8860329155137,354.3032736263412,304.480216227442,114.78803810695135
523.4866345208964,351.62190145847245,302.76624579459224,116.88902511001118
526.4420783357835,355.2954084946793,302.7031142024264,117.30389215123706
527.5356144014897,356.01129212486745,301.7783745525372,116.51664166035269
520.3855325205159,356.17660794139243,309.4556394584446,115.08161232925045
522.7191774991302,358.57157857052925,311.21423300032853,115.19269417593955
523.9998895600073,358.33729693701076,309.47732214256695,115.73278190566187
526.0648730126076,358.33227933911974,310.1834797974382,116.70761447482354
524.5615610725392,358.5595064804613,310.4669879344334,117.34593087122582
523.5346046269283,360.08281552590995,313.34522645394895,117.6798139954484
517.9663472749392,358.9502223470721,315.44479688011677,118.82416906652409
522.5287497825707,360.81522912053504,313.57208204293494,121.24728437438861
513.4144241312152,360.42725062255164,318.61282440244713,121.49562725412231
514.6724552287972,364.1479306418931,320.65834511378114,122.94449411778427
507.9354193012067,360.4791573272089,327.7768507069987,121.27671930661515
509.3187412915956,364.51872995892177,328.55733989062844,122.845495336124
504.4752768832594,361.8532116726604,330.5830330122263,124.27496428602649
504.8132609344609,362.470315604244,330.01753621845705,125.48995403738864
504.8153836569403,363.03010408217744,329.92345430931096,126.2626892699536
507.21731149428575,366.83317126387243,330.1900745177562,126.25283889097116
503.8453367334579,366.194238920356,332.4543062066514,125.06753764469894
505.31584887356956,369.3187287039209,333.452505904194,124.08219824738256
502.1876887608371,369.1670235049736,332.6917206563155,124.86775286398392
501.7818068918367,368.2070083754997,337.12811514911823,124.16844311771321
507.29794267906016,372.1084723134197,335.70834889057164,126.70023922505658
501.7322059775227,369.05364732196745,336.2044518876388,126.34786643780984
506.35403721411654,371.2116540422834,335.2583454471618,128.051127721105
508.4161583303988,371.9863196280023,330.3036055239669,131.98853675584493
504.97732124226485,372.6862971980865,333.07338729661694,130.11341303398228
501.48028325639723,373.5557307852555,335.37370579519035,130.17308742788623
503.19873557809717,374.46855588174947,336.82506051402055,130.89259692615906
499.09165772489473,373.2368028066225,340.67010831366497,130.63340016441524
501.93486840592897,378.9860436775216,343.5391322237291,131.83154300747987
493.15271475906366,376.85177925635213,352.8690014849196,130.3384110060035
496.92829625721004,379.42654897669667,352.5635169112499,132.73361313958344
471.40851480350585,378.6437849297593,367.8555414796716,133.5847107546399
488.8896029393637,380.42652062545847,362.18869733409565,135.38225469579316
486.22451962820264,379.1885390179805,362.66032575789905,135.49361872419308
490.71653968837995,384.7474534781551,364.12682249036385,139.33030323058045
471.6479402552436,381.1928848208901,379.4760882104068,138.19370578981
485.78078380357147,382.5256723997932,372.53771607490336,141.6284817698255
476.8110743280442,380.68152179856287,377.89129450359985,142.09102455169875
478.64688127716374,386.99843067683634,377.86266219825666,140.63205229894245
478.075915240917,383.4855455977685,376.9921826258404,141.99450347882203
479.170199719217,385.38536817614033,379.0164205759878,141.63429743577703
472.18776538100457,385.2213059270836,378.77968245282557,142.20745469676115
478.92523302317966,384.36278085112514,375.13898123400713,142.3500690937028
480.69199781248113,384.56764402306214,372.9769097250743,144.09440066683527
482.65399087933343,386.6916659981835,376.55020642673014,145.12705513927563
443.7129217753758,385.5307160554505,401.4748971871555,142.18618222940216
474.26863922791597,391.11635364697014,392.2734984681142,146.14590354504207
437.86861383152916,385.95335874725043,411.49400893697356,143.87106076426005
464.7479941591576,392.8744655029773,405.2028351043713,147.25431626747394
412.3033677726136,385.386429262594,429.1716205463689,143.32984006168346
447.197540483344,395.0256813434205,418.6595810774091,146.503891713875
455.25926288310586,391.1355356211343,414.4952940210601,147.52382106980602
454.3262729845028,390.1139148810947,406.87938452925056,152.16265070295836
462.4910802274511,392.1202815890452,406.47922881023936,153.8306453149991
419.85480161979547,387.0243549767681,426.426310010256,150.05262878543505
444.34303533068305,394.9541704096873,424.23736302155385,153.22202268294114
446.4349254532068,392.1963630381554,420.42715093969474,154.82751382732567
447.50441382827296,391.5891144595922,416.68916722467634,156.65363829369983
456.29055234584587,395.47906721461584,412.2272767259747,158.74785095361887
406.4891511820057,391.0144640582819,432.14502676049443,154.98381627631653
435.584410280527,395.6991595946066,430.9387287533941,154.4757787320754
448.42688732617137,399.0156267781696,422.7214256683514,157.18810582983627
414.2960096073871,392.939222940543,438.7915990281578,155.85885525664008
443.1768349387383,393.26658997043296,429.57637749018147,158.29422042102794
434.39450834698545,396.73819751580044,425.9167424871865,159.41891032898275
449.93601836315986,398.6323362526549,422.7101000691062,160.53589974386193
418.4238953093784,394.5162708750934,436.3396207522808,156.99852726102833
430.9487673245047,403.2260686998636,432.39813409143323,158.26571834037188
443.83975984592416,400.098507055977,429.3359765988287,158.73733134367012
388.14166179251777,397.71139231424866,454.11770869167475,154.87996050296852
432.6463827492454,400.58173859662315,446.6593274145955,157.9200053312868
428.85033007690737,404.2649780801865,442.2062299721382,160.68896039072922
445.1389873107551,399.664819231072,432.8508267947067,163.49026431801207
417.43228848490963,395.9916214869921,441.48055400924034,164.66727909573103
428.92630703012276,398.20630661109146,439.2453909155322,164.78177447521665
445.7287307977576,399.4703567871108,433.1124392637836,165.96480792355453
439.3319464863415,400.11529589626974,429.84484747239253,168.51669065402382
438.97650846316924,408.423759281122,432.82768382348786,166.98726337134434
413.53626652086245,403.0557634676903,453.2862956741176,163.73887262917083
434.8470467216762,405.20655877039223,445.3635746101326,165.7224853419154
403.82818883853986,404.04788354624657,461.36097878217,161.5607639669003
428.8486191323971,404.2406755694367,449.41119089617234,163.54740673067505
426.5612747425987,412.5410593458304,447.34490232248754,165.66565194252553
441.4699830866712,409.78134800938204,440.91289813033984,167.23768706215932
380.2186822790463,404.73456492140906,460.3964771226139,165.59082304064472
417.1744998830113,408.28313384959574,465.8836452529424,163.92252371395784
423.90448530622217,411.6173200318248,455.8766763485511,167.57528677367807
417.3213588975688,413.6692698130005,456.5435498410533,167.23472328586325
438.26109846095443,407.9316206911214,448.4311811976887,171.56995671917537
389.5455152838442,404.3585492753307,467.93711042888134,169.09039549507082
405.5511871565875,401.44663742403924,472.0381073892672,169.05971266400647
431.31879957983233,411.6811493241004,459.18190722452823,176.33603595952792
375.0310637621219,405.54504241561955,477.1800246688497,174.4578573574015
418.55869844280954,414.40174960684186,475.54556410190173,173.37310585307512
406.59899015052906,408.548101312076,479.4729193469525,172.44146991217553
417.64293657278074,410.9631097819106,467.58778230891176,175.0152811127105
420.01907079858444,415.4026835519638,466.2237006569204,172.75637654697104
414.25700355185,406.3863002257172,468.10070800516075,175.36689384514386
416.06870375222155,410.67321978779705,463.4716172596944,174.54950314399133
423.4458956221935,415.1992816868153,459.4546321736601,175.66604616730712
416.55110806207904,408.1220387774663,463.870994031468,176.5476024144939
427.04491033425575,414.5607598443383,458.34898830916535,176.28949789569913
415.62700007679274,408.2336312743756,464.8440777068985,176.01167188882647
426.93140975168507,417.19119386835143,459.11284108117604,178.80273352566726
427.74524695777114,412.9547820865513,462.1066060488819,177.82085534810602
375.63653684177484,406.5533179126991,483.7241683496015,173.41266720158188
403.4975464565017,416.14642901012854,484.7111613065595,173.19767033787755
417.2194382184031,421.35616113957724,475.4283642568811,177.62607308519927
397.80360752094094,409.91382005193907,482.5141571695357,178.41581770057198
418.3575470675683,410.7313993200685,466.6558350839831,183.72962831819567
426.12883596003496,422.6959034536209,463.07722943321374,185.8155856729
362.0726818557183,405.58434922515437,481.64738924431776,182.39034723586371
398.07657780358943,417.1563497863911,485.5405483092257,182.50165298087234
412.34532767109556,409.19758508417465,478.0865384189974,186.72768924796839
422.7798563300399,413.9264373379921,467.1076365778166,187.65455836589697
370.9457827416216,406.0495300973038,488.87217558988016,183.13800828365692
403.6745518387095,412.47957821025767,487.4120512287848,183.96094657809547
412.29533350656857,419.09736854362325,480.007020145732,188.85892585914888
426.241569033881,407.5176753621105,465.5587125798659,193.07695992261824
398.88228314706186,405.60070844488763,477.1022422626676,188.8524553743605
413.27962352750575,414.5419618741081,475.8711254653516,185.59701323007738
413.7786630145987,419.5748128148979,469.33901151060513,190.193140864143
426.20076297145044,418.6115264038154,461.67884106258475,192.9849095344431
419.8447702577521,406.5894921226575,460.3716683576195,190.56386070523865
413.9439448778113,414.5033190541582,468.22636853399473,187.24639215435457
414.51810961681883,417.6381612815826,467.24142458285314,191.85213375553167
429.908140879954,424.53618518296076,459.72570849570633,198.64818344590537
407.11253550369133,416.89949981508573,474.4543333106906,194.8301247178926
417.82870916146646,425.22357071788724,473.7149827929664,197.55927003034773
403.50560856199854,413.8088593986467,480.02665638441067,195.07190182986756
411.5895524219876,428.781389523669,484.5790430291511,194.94296872706093
412.51195124689355,413.2072280173653,479.97608291156234,197.95860291213927
398.41130638348625,429.89940304351467,491.28312829705186,200.0292705110837
415.14809406174936,429.81822402684367,482.0195148952125,206.6847493209483
397.76728216648365,423.4900228389219,488.5518001596546,206.95984491185126
427.18474158028266,421.6513479254341,472.53611093086647,210.32203095674356
416.82860304337186,408.4788987799055,476.61465786072483,205.58827472533596
351.5149345122846,428.23644817442187,504.9237235683639,195.19730895719246
401.34853301062003,432.701929433867,497.2943166239202,200.36987594040946
404.9874315966192,427.01550748234644,499.2531756726192,202.86630134423706
409.71295413185,432.51181189380117,495.0959199388856,205.44034702113808
407.1610039691328,415.76229828800757,492.9900673751263,203.0211288325635
398.3042239243989,427.6771856374186,495.25200643615744,202.64507188359173
417.85820052417773,435.6814332669446,491.09668642737944,203.82142689746826
410.5865308102217,410.9849770982049,487.4899282864399,204.45982207710722
409.20931368557444,432.1311449216037,496.12241560988355,204.43966658953252
398.7681293062817,417.4249052542577,502.26191348647444,198.86296818490075
404.3979316333701,439.81073539285796,505.1063764318809,200.97894180387203
394.00699509718515,417.85910414384887,505.87181375040836,202.2987731633391
382.1708166739037,429.83279529601464,512.940176437472,202.1047384476128
404.01422899116596,419.7153841676645,499.8466713007381,209.82367156808348
377.4177593245623,420.3440441001869,513.9770875587776,207.55510677420537
405.4299389957783,433.94762692520766,504.55059067667946,208.95268090913498
399.53525833794083,419.16545100612893,501.1200985303067,211.2783607789325
400.27506971663684,430.5589350037729,499.87835192926565,209.44282655210748
381.72908418909424,422.26405689688386,513.6843800285719,210.39283958881356
397.9730887649268,427.6430813476805,507.8533702707324,212.14794379911802
377.34527825993405,420.3735017085221,520.9793413009709,211.55306793630893
398.83570442099807,422.6710511652831,506.6386505961908,213.88765089530762
382.6048728243675,422.73946533761057,516.0123136953048,214.02777484234872
392.7171103186344,425.9468216140029,510.40337454187227,216.84976479031195
385.49080890388296,436.901924668846,518.9777081397921,219.24671008386497
383.43395774070353,418.1289219317913,520.6931991623868,219.88652468815752
395.0816892456686,430.42358983829376,514.5913003071837,221.24159360315178
365.31988390088713,438.0336036981486,527.4069340969961,217.71518312767932
375.7847841088819,422.47418481125726,527.2115370586364,221.348352553864
374.3843320907644,433.5957916233617,526.2877797797404,222.3636265415467
374.3490469346632,439.25819089745323,529.8465290528418,223.78458846905005
363.0757323898806,427.7971945299074,539.9999256455067,225.37975600672897
368.4145625568057,430.95712336097404,538.8246662820378,224.44756957928593
366.87201995950625,422.00820745424244,542.7920287143277,225.79281497741619
370.2259659937021,426.5019154524233,535.2251843106284,230.22271155389964
351.4417696581672,424.1702168176435,548.5256753642321,227.32081977910832
358.7069203526169,436.9280864484018,550.8078293422546,227.0599689070978
357.450894105675,428.9876391170973,559.6223632661894,226.7049750660263
320.2513619015134,431.2603422863615,582.089565507423,225.70879044118988
310.24423337260185,446.72392869532126,600.4026530343316,224.11124337705803
292.4815261232095,446.3402652486391,619.1140802005746,228.93214760353328
234.64539800957175,443.32929846115655,668.8700585436798,230.93575887995138
220.29612666909804,430.75387128483527,699.0547805797553,244.13877470443765
220.8899459362591,440.32397822960735,716.0888192470429,253.30265121733615
175.73369268512442,429.4477744236854,759.7667701675148,251.3095812419034
