1113.5,376.5,30,69
1113.132297313562,375.3643000840816,26.842689257972033,69.72240257593734
1112.9387280804465,375.675866995859,25.984471578927206,69.12232649736089
1114.4199456028716,376.1139441184537,24.50380123174247,66.38740887423516
1116.7192557100868,377.2985865112135,23.09134616807591,66.696388023189
1116.8672268835442,377.37929436963907,22.73421924512516,67.52667181904263
1117.82153690385,377.26135653653665,21.22892627587634,66.69458792263329
1116.4044714639815,375.95145892010123,21.902808669938672,62.16120772972345
1116.598199693139,376.4080839391314,22.041214573596726,57.937319483357896
1118.018821712598,378.54536935141675,20.818847595352366,57.408739236769534
1118.1289113191392,378.24660934348566,19.76251342676332,60.29502205735149
1118.3872348351945,379.7874775003398,19.440090485442752,58.44085566749935
1117.5530293178397,378.68374027391354,18.816804936582255,57.67168665026887
1118.2157011989539,378.9565508238021,18.945594702094272,57.32842260012946
1118.0532756584255,379.00933241124704,18.953511559232687,57.19234446096695
1117.3770322581413,379.1405615785941,18.809756401328034,57.270138960717134
1118.524475534955,381.2679355663352,18.05345244447849,56.646892934795105
1117.3390962566264,380.78162362785406,18.608872206574894,57.92408870996253
1116.0507126905518,383.5318162221244,18.391653188636482,56.78150268733245
1117.1481733949206,385.0576989642021,17.73179358897758,56.62006305376003
1118.5335424564091,383.63656785410217,17.497350515676413,55.24067186336991
1118.278805494001,384.81807746083433,18.321278299925446,53.79140588204377
1116.9396523377288,384.86111234329417,18.58058411479017,52.69938041364395
1115.5983165710688,383.77398431881716,18.63199755520174,52.21485072231357
1116.7719061015948,383.99615934619106,18.68444798655471,51.95236503446729
1115.1286591512494,384.285022858514,19.532856834581988,52.4503062223133
1114.8376785081607,387.0489575538562,19.600137212110717,58.18391379215558
1113.7204750585563,386.7539305430681,22.298815778717785,55.672727278152934
1114.4768991485748,386.61852877890794,21.779210804644364,55.534542119471524
1113.784999189005,385.77485858026546,20.54306293488896,57.63499949190863
1111.2422618015382,390.22318429126005,22.67817700611128,58.31970311916038
1112.0957797494425,388.40257851578997,22.383141157817285,59.94934361469367
1113.193351436626,388.5769357502573,21.410728664546653,62.93051092067131
1114.3279320941513,386.3334415237764,21.387507284316882,63.15003707590046
1113.0825972851649,389.95998964417004,23.509454994625813,59.07712157590666
1112.7124800137747,387.39388605773706,24.76423312557841,60.49843135269032
1113.3883991864936,393.1269288598787,23.150608089544633,62.60703750164258
1114.3022012461217,394.31352401602885,23.78250018296793,61.302803177587165
1115.086439618122,393.6920949447214,22.60854455525393,61.12430575890956
1116.4737646781025,393.3048446024223,21.461878045770575,65.31847068369325
1117.3153123453937,394.5203405981276,21.328161464896045,66.57484302570131
1116.6003498780071,394.80700787170065,22.79180822745341,65.81957849051096
1115.1382337981704,396.95894343350756,23.74882751121743,60.84248940802496
1117.1980009913198,399.0900811579568,22.09548614889154,64.7599399183644
1114.575857615127,395.5770459163748,22.62922856450461,66.82999843635902
1116.0672965760255,397.7231246834905,23.919687036637924,65.48174092067092
1115.3258060597764,397.91722288057116,23.08561088816831,67.01378374900597
1115.4142832921193,399.6294854714411,22.67627775420099,64.72047511174819
1114.4663131572868,399.17506025643087,24.00625185561793,61.36841644849288
1113.5862639299505,399.1204898814876,23.829712494918738,60.287049686536086
1113.9387686652506,396.76013149496066,23.41032005419166,59.4568119147649
1112.5659151029295,397.08147432494513,22.51531510268869,60.85210205079591
1111.5238997749548,396.8725812548942,21.567110722774615,61.15872127597051
1113.1679292474896,395.8070062735811,20.165055903555768,61.817430329655096
1111.1839593236514,396.6083721243762,22.47680409180871,59.51657657377111
1110.2755238567156,397.0026596437934,22.716059356854448,57.10356421548545
1110.082760700158,397.2395930783258,23.342639423926226,58.45176642183095
1108.8759783805167,394.86525855622955,23.85859357839142,60.15238639053499
1110.3459313656908,391.6549915823834,21.98602965599498,64.73823408415402
1109.664120011698,388.6654255797326,23.29065863523774,66.07488218219375
1109.0619762675908,388.6055861050081,22.945367979710646,65.90420620733718
1108.0494273449779,386.5780925075927,22.874372411397005,66.49765179452922
1107.6900987721642,383.8473239111903,23.408409774417663,62.90413196567441
1108.3148137432563,386.21095597283244,22.018623866435473,67.35019907005902
1109.5240339548138,382.8716216205497,22.47721761615331,68.50419876202172
1107.7592427687512,386.52090660953405,22.201006799131406,71.28575463042671
1109.644268598408,384.5650448431635,21.705212124728806,69.83250180575297
1107.4968936281,376.7505683593005,21.29279302468941,65.80280563297137
1107.0023954450464,378.8637398062199,22.398386671097796,64.59996958649987
1107.1124774241227,378.78961006517466,20.571412073532372,68.82058375997116
1105.6912722874984,377.9637097991622,21.13330115805273,70.61374572328167
1103.108408217824,376.7991816952572,22.79894004985358,69.96927144796933
1103.914687862933,375.9967315503744,22.26371819547575,64.86933220569476
1103.5055030164663,375.9402125965436,21.687253115144305,64.48282660984609
1103.2235530883802,375.26483506667785,20.77517563254044,69.01488154124911
1101.0521280521834,372.6014857610685,21.246772537530887,70.42007074088332
1101.6785211153394,375.030278154409,21.764530765952177,70.66295957801469
1099.8973749851434,375.66416134219384,22.351075897494837,67.2571191109137
1101.6280906536142,373.77486999877846,21.348636051030216,64.69079013032682
1099.9418787785546,374.68551124855986,21.21087044918969,64.86332099096411
1100.5639470331523,374.0392848422795,21.504935788095885,62.95028577229691
1100.2924353037981,372.97301334001247,20.544131966856902,63.32225091773704
1099.8406426834952,374.09046997534404,20.784806755796048,64.39811701891591
1099.0190051715604,371.3198471436351,20.998184296156555,65.16344855527552
1099.577870270679,372.74249420414446,21.14501816523306,61.94656279208822
1098.0209849713801,375.2019621465838,21.94215255409209,61.241658087193585
1099.9550474243574,373.11824840942154,21.055121128788393,62.91402681514716
1100.596530046775,374.232777269635,20.757593408332642,67.12856528503278
1100.2440178053755,374.7191028529401,21.843757363778217,66.48768385932237
1099.7202513802374,374.04870148235403,22.437055475296322,68.01620283607444
1101.4042514233543,373.77358359789395,21.724561887327926,68.42739615501594
1102.7344392180269,372.17205113097225,20.836669517610822,68.16742966539783
1101.3521844669149,372.9855665122112,22.387930786588697,67.6449835488204
1100.6460915141463,373.67586047223324,23.527131828136852,65.32293542480755
1102.6630418361267,374.6353914802036,22.143123406793762,67.3479258262417
1103.602279974419,373.5424993974577,22.750411440832487,67.28758296887762
1105.4171537656443,373.91089025994563,22.646725079508666,62.87998638842818
1107.4106628141362,374.05729804680465,22.386826479423917,60.902695030287234
1109.077958686933,374.6104762804066,21.16819421486172,59.70467510202826
1111.016404773634,376.33174891380344,20.252110823661347,58.20584281986429
1113.5517785842414,378.867820324076,20.40781360136351,56.86606169894769
1116.078901587057,379.06663814025285,19.09326307558108,57.747038682121484
1118.246053833587,379.81281983109704,20.055537795396738,53.28320539215309
1118.4120069530868,381.9584484441336,20.044268839615082,54.01977781353972
1118.9345006135989,382.1150864584368,20.078040393034225,53.0671404674907
1120.046196220394,379.41690182323003,19.339596548954916,54.28188034214236
1120.4060178033512,380.75347406269043,18.96715876082967,56.47407577716447
1120.1792925714417,380.09937526167994,19.317496497209913,56.43137090953458
1120.326298215239,378.82323840247375,19.087595092390202,58.21765975572531
1119.6861780694385,379.89313444372016,19.75049513226325,56.562955026174805
1120.1419556134192,379.385459281776,18.406013180686987,58.23152319808969
1120.6600676481833,379.6927126048403,18.10360433348382,60.58237159230909
1119.419635556831,381.2023298330526,18.854389679685102,59.46560830578031
1119.096407122061,382.0085565789949,19.80314617771871,59.40545993706441
1118.8802484807034,382.1476026824731,20.05026310269696,64.29219367287766
1119.6593997216828,381.19621985208965,20.079525087868262,64.03638592686556
1117.1778062608093,381.8486737065715,21.848156899165094,62.069388065370575
1118.0500237288918,381.79173042127366,21.984635987814123,60.87251171899484
1118.0034996715854,381.82339391237537,22.037296168827872,61.37928834637143
1119.2333382732022,382.2342741990702,20.901700158011018,61.34253606225315
1119.3102588644956,382.9076791793452,21.03011753092639,58.89961924089165
1119.7237343918123,384.429220576913,20.8438192071236,57.04684914685629
1119.5529843865488,385.2601700729528,21.1175813527498,53.57875424268748
1120.6148901074685,385.530889571325,20.253351138846853,52.914646354181
1120.0784005032297,384.406096950547,20.12501433428554,55.96405724405854
1122.3355047047107,383.6378497855204,18.638385955360175,59.860227370069936
1120.8081680961643,382.24019880040646,20.81831124138028,57.02189436809949
1122.5321360894159,384.49988578623334,20.120493949476092,57.16640432695901
1123.4340676649235,383.90357617736686,19.047755960894612,60.692115968593775
1124.3998519836011,383.3850012607093,18.353581092047648,60.36124727093309
1123.2957240413905,384.6362000689952,18.93983333672383,60.126423994099
1124.630525892916,382.902566737562,18.74808651450483,61.81347218205631
1123.9850319528534,387.1383614787859,20.236418057176834,63.17286305619472
1126.0477220642356,385.2260847835841,19.245227639712766,64.05228996488162
1126.3623793144006,386.1883065401368,19.87406128160766,65.50651408275904
1127.3833503663795,385.0789957653531,19.64483290734203,65.34657989538834
1128.5854452330875,385.2878832562827,19.412625201774883,67.67141202920388
1129.838552534201,384.3655057884989,19.954867952006826,66.77876766163669
1128.4984723654156,384.28645218708544,20.801380674207017,64.22291098872209
1130.7840879395785,384.06232534260795,20.14448679117971,64.87120037566356
1131.840358395207,382.8077642062842,19.76705587099558,65.03853330585999
1131.6618068426012,383.18324084464723,19.97401662893381,62.46144172192662
1132.2578318350838,384.74282496623545,19.54042984297594,63.20104422829408
1132.978571728523,383.7718598388243,19.55615620074714,64.35354316612326
1132.8263787477022,385.58526131633977,20.264920372337322,64.21954915101294
1135.0513986032267,386.2306072876433,20.24359121548619,64.1682303208481
1134.1142460738163,384.3370409659066,18.902628964461762,66.5497254930358
1134.2337005222244,384.961706109959,19.47174732217489,67.14687940178564
1135.9978212618794,385.1332501057248,19.22841760476093,68.46567988791625
1136.2277907755947,385.44675523424246,20.503353822733622,64.43141981159813
1138.6453358716262,384.9811068985837,20.01987283342161,61.73173028144197
1137.333988870909,385.9200575111609,21.03305645270567,58.333001296472744
1139.5920251683624,385.50716906222084,20.59055256667702,57.684102515751576
1138.9345237306986,386.54212566104604,20.959684066809785,55.101865628995505
1141.3034470910482,386.4254823446974,19.77020617235107,54.96847284828007
1141.2043785443893,387.7450115896363,20.411958843850343,53.39895791920473
1144.1398374903863,384.9532229902388,19.831202596920043,53.04271079241048
1144.2999196994701,387.05613490250283,18.448444066188273,56.438640681672354
1145.2819463271264,386.44594103181663,19.142775725918558,57.526721235113406
1146.6129751742044,385.677025661417,19.78077931435166,56.863385914836854
1148.4949072161467,385.8987976590169,18.05214479946316,61.014298993197386
1149.7833051189198,382.6491014065371,18.00181034032057,61.4998455413512
1150.5016797785695,381.89731479424813,17.700478756492952,62.68698466422971
1150.5678075408764,383.890908204225,18.520218417665014,59.55756775609623
1152.2342846729427,387.65363620153465,18.611009876104326,58.02351545196208
1152.0328367434972,387.157567488555,19.58073683877152,57.10281825497985
1154.109111608271,387.59894937065866,18.05207551922612,60.20423399053858
1155.678834234311,386.29820683347145,18.04891926137201,59.72339174953346
1155.6567317156737,389.6832135352166,18.299428886371782,58.54393342988709
1158.0633265678644,389.2388437980702,17.99528984904206,62.838716427068164
1156.7017907423822,389.974322737731,20.121266878548127,61.215603526355096
1158.4920341781494,389.61328893563723,20.0903387019472,60.42226201779786
1158.6747558902284,389.9345008508512,20.24358225818132,59.236607477828684
1160.1997580785735,388.97608257969006,19.19259326869639,58.750170325562195
1160.86154554423,389.8056043569429,19.339719027393592,58.95495484760467
1161.7227760893018,389.5426834875228,18.67005814649916,61.262945378810684
1161.5723389640882,388.9417844901795,19.403284671757692,60.2563233023981
1162.2816492431803,389.1748392546123,19.318329470477448,61.9139039384811
1164.4504449468925,387.65236230291487,19.302151048261223,62.13516442029331
1164.9432271823011,387.38482748135056,19.18830446112125,63.078731630422325
1164.4828017685695,387.17874402849134,19.33760659997959,64.76186443323815
1165.1042708430252,389.01200631228534,19.48783629719847,65.67227496301898
1166.6774666350157,387.46579780340994,19.16661061417718,66.6562344594078
1167.2881182013762,389.655185447827,19.308130144726082,65.47056543207077
1167.9720715439535,390.6803154211106,20.196245965613993,61.093621092039896
1168.8000964395158,390.5820631756897,20.30691303409076,57.70017390130152
1170.4138112806631,392.3119898378523,19.99783917136796,58.10978584106726
1171.6467992181038,389.8421046166953,19.819851390609088,59.90984260274088
1172.5160077822466,390.47123578055977,19.303242548355122,62.695405956570575
1174.5424246006496,387.3139871328592,19.436696060483435,62.833370327491636
1174.8180943660811,386.5532900772447,19.501446054810835,63.21352645668037
1176.1015168303913,387.9358047551946,19.071848079815425,61.54403776033189
1177.6924417740051,389.4608535088908,18.56966519077315,61.40752643903009
1178.9230618109714,387.3401052984512,17.72803603134285,61.747578398070914
1178.6155105962025,382.6196939273263,17.540937745419864,60.00652602921413
1180.6776870220522,382.7786904460667,16.413049459751406,60.82505814730912
1182.0912550895846,388.2540307991021,16.70581128338827,62.53965271465306
1182.8387447173254,388.17333463688175,17.327909584477844,61.75979153828917
1182.7747135551663,390.96484568268215,17.86196422298243,65.29478059522404
1184.849280211407,391.7878471490721,17.757668253661063,66.43715368733601
1185.004542053941,394.57178096105275,17.759710721576408,68.99391007897893
1186.704587417798,397.22112486572405,17.158183444523985,72.93959964607858
1186.5787487472896,396.25841212972955,17.796431445139408,73.2669850232698
1187.7819768894956,394.5026196525422,18.97791466442799,72.16239136168673
1190.0423527752941,388.41418269107805,20.044474680007855,68.40058871905737
1191.0059544627284,392.3015373151657,19.249350905723126,65.69363148352106
1191.6603693849163,395.20337228372273,18.589701441680624,66.64121465746157
1193.1682599552505,392.6468841248301,19.723058251542184,65.48666498275034
1194.5680949223224,392.5057332490915,18.735574020622153,65.81035152059098
1195.7529857016773,397.76676998865355,19.700619866356952,62.71844421172194
1195.9667490749387,402.66057491061315,20.422746350230668,63.74965316274728
1196.8622431451658,400.79033874211126,19.360766832649183,64.73266991720133
1197.6390942322234,402.79594164453766,19.5624127768594,61.76070731819448
1197.6720613211996,400.86953124652325,18.582874743612724,62.18962254235447
1200.1464162593406,404.4482194588629,18.840030176986392,59.328982173587505
1199.5788877319312,403.9255667912464,18.668246278838218,57.585748729246994
1199.3832341659374,411.8738500476517,21.54631668005393,56.86649269480259
1201.937871111961,408.84379870267253,20.392552771704135,60.160609501003364
1204.842410070651,409.7848800770617,19.326469214017184,63.224341015304276
1203.7441311490666,405.83651235503595,19.53857617837521,64.57832593303851
1205.9066368169642,406.8742154985045,20.324975590912864,63.72688594502855
1205.2277886478485,399.6924813437563,20.57842066665407,62.36169957075117
1205.3013085193127,401.84327811223864,20.30080358106548,62.028962718090256
1207.4743807989903,402.4629268741802,19.47095318065545,64.05167082888677
1206.7783390067952,398.36526213516936,19.70273331285266,68.26944505947075
1208.27292084379,399.2564873891117,19.090492184970014,69.77498187010231
1209.6391794602416,396.0651424981652,19.24148136963187,68.75191513130912
1209.2516716887064,393.70194932103385,18.268354689594837,69.3741222024078
1208.0374922961673,391.8002219938576,20.3778085193112,64.54843075478199
1209.7769870243364,394.42129398309163,19.336664710341353,66.05481868641539
1209.1380030039745,391.55642563981866,18.877399965295293,70.74395029822128
1208.8313946456449,387.983866601739,19.272655488027684,73.99493003060113
1210.1197055131481,392.42695182248735,19.37280264275261,72.09540145752453
1209.9679154492135,394.37535685804215,19.899556223399813,69.75735716272915
1209.5600691929783,399.15554496787576,21.276890475089953,66.19898057320026
1211.1085042585544,396.73401861445745,20.12761681798248,65.73402324218843
1211.313513952619,396.3510626725943,19.18733289376535,68.09582649326147
1212.0901287298816,390.7727914255048,19.308868627278436,71.78770307556628
1209.2862702725008,398.4958990899719,21.771032359038983,67.05123319993254
1213.1492228119498,392.8540146248921,20.53224866180286,71.55418395123903
1212.277732653969,391.0244627870514,20.095113932422624,69.5990373390149
1213.2038826636558,392.0652247431659,19.821311848508977,70.85703400863216
1213.3929582342598,388.59145319528227,20.235943660429143,69.00524560931626
1212.337034003912,385.21727132967004,20.409289841810484,65.61291502777522
1212.604786572687,389.62603784880326,20.317116476139283,64.4968662742806
1213.3477729353954,388.7987213230549,19.174189518789284,65.65212989826948
1214.680306414187,388.1463716148442,19.195361430821023,63.654014611859864
1214.570387030722,386.7542742807341,19.243986890453066,65.11064850251775
1215.0773410844592,386.54490468429805,18.97086259076957,62.57390026689404
1215.4340300566914,386.93867311132175,18.682554141164207,63.2117286394165
1214.8766490866913,387.2868499060273,19.393859469105827,61.561382156315254
1212.9630806111734,386.1917668651044,20.54214419272625,58.10533917822171
1215.9882178353741,387.78475925150184,18.9565439490851,61.79764033524147
1217.0611851087558,384.5031646136953,18.283815385210975,64.35199355741823
1217.5600902345964,385.12894122476087,17.866462292879604,64.08666602474149
1216.6128745372164,384.11109195829084,19.883138613572385,58.11541947780201
1217.8293192796104,390.32998988225785,19.15430191782488,59.35637320703374
1219.2478126579238,386.59261579406416,18.973503810038167,60.5114936123963
1218.2360138183935,384.6064925461446,19.585244107771185,59.447771816312326
1218.6950555528422,384.33358774159467,20.551122527636,59.053082164664886
1218.0336881159205,389.43218354235603,19.28243137543371,64.79569208946334
1220.0359801945651,379.6996321538459,19.274217536405843,66.39236139496572
1221.3807331954295,387.0878989460938,20.085653534416753,64.39929082344817
1223.4819183147486,384.4061162783925,20.595456953465586,62.26924035508033
1224.2883804925134,388.08704546322974,21.18092711958417,63.48346257374544
1223.2180990868653,387.99400769813246,21.07016224689127,63.2449125699963
1225.4705486077785,388.75517749846983,19.357006570592226,63.38624352425388
1226.2276224646648,379.75354858440704,17.289463966197943,65.07316120216015
1226.3437571442223,386.96788790370573,18.13977993655465,61.89219325382682
1227.4138380668107,382.8823917546667,17.342304812504995,63.49185631437628
1227.8003585746897,376.82045727290114,17.03599761128944,62.946003221196634
1229.427597811903,380.92326260187826,16.04436944153697,58.063590299225595
1229.7108068097066,381.5659411354449,15.796880843777597,56.70499329560951
1226.9748752856813,393.0366269063177,15.566496774396889,58.05413271885887
1228.781786912213,376.64921158061696,15.510929639570708,56.63170036462364
1229.4264568585934,381.51858400306674,14.98578284966175,57.56543737147541
1227.9019326761938,380.8371848586323,16.430784573568452,58.022695638671905
1227.9937559578862,382.53294692225245,16.84961469142811,55.608177206624376
1226.0880370500595,370.3689711397665,17.83096961581819,55.80522620116197
1226.3790655637524,386.326538414259,16.879461935290983,60.13201863453621
1227.1536212156489,384.79795600841476,17.1071579307128,58.44292650052881
1225.1004820217386,376.23308562675817,16.131848914598343,62.66712648416781
1227.2273569085223,379.64920690726035,17.730722721968426,59.21104836682373
1226.9806398593817,382.8065952474409,16.353936685407525,60.18481385414427
1228.3670080445902,373.1897973217383,15.200108928889493,63.67165720761639
1226.669839028344,375.7080156168637,15.561980239047479,63.05595744361352
1225.3319159828845,377.65003744165796,16.307069978381143,62.43844909154606
1224.9914832588613,377.96930327372803,15.952319123141944,60.66617429898251
1225.9206200107665,378.8539814979454,16.208396013808752,57.00337806463948
1227.2804292340513,375.64478128648756,16.463197080781075,56.88006849363337
1223.3439312799226,378.81280022094234,16.928854386125845,57.58833683838439
1221.8083370828824,380.5477474111354,16.36246423998726,59.10800546232302
1221.3207128294484,374.93734991646943,17.453438561651208,61.53816555621205
1222.6192041595768,381.25088452705074,17.183236966797356,64.3444796302167
1223.0055946084995,383.71716532713305,17.50500336543076,65.68583659384524
1221.3875605635776,379.27436818973916,18.232632330482893,68.09712562637284
1219.2440080992287,381.7438312998356,20.82408848772168,64.47520401502506
1221.0267235764793,375.5537496588245,20.755209515185385,64.66761991675872
1221.250939471537,370.3449127979698,19.985815321998203,69.17140446646684
1218.8778159847532,380.5444445522779,20.493828973963986,69.29045828990017
1222.196467477843,368.69552817628977,20.482720004426533,73.69870525565908
1221.6529750525629,370.481418606787,21.155884786634488,73.78812508910806
1222.6191401271967,371.54106696479664,20.470955697844076,74.5025529023789
1222.5598591625817,380.0944321725059,21.378869677550767,74.85530593317642
1220.7457855040104,381.33640659543295,22.132200587079595,70.97853470186405
1221.0611721483635,383.8161738618666,22.05114170520823,71.40223433227072
1217.7588227046772,380.2962530786441,25.49203476918933,64.5136603712955
1220.4061936987869,382.0967596856814,24.770082986641995,64.39367813254304
1220.4190118034714,379.74344679323286,25.183316851482907,64.10570313554467
1220.653650046767,383.3905137495668,24.56625747713351,64.85340567369737
1219.648934074903,377.6836635135045,24.30120445642484,68.07763797456157
1221.142027901396,379.8094970263952,22.92041220922554,70.49930228784474
1221.6856264188334,368.75255774831265,22.052909958195407,71.16470681989165
1225.3515816662218,378.217500425539,20.303528938444323,72.26207925728971
1222.0078140348985,373.44728525914127,20.296766792832425,73.06547182551301
1223.530263675619,381.8905841457717,21.003253857748597,70.84135189157641
1223.938822309481,378.432987970277,21.40663538619096,69.87423997663596
1224.488032473798,382.7966161855627,19.882420533692382,70.71403076288803
1224.8748749809095,381.02022370008495,19.973864577995947,69.12340939758917
1225.6627958038823,385.2437334359637,20.53379468677816,68.4436592297472
1228.805752352275,379.87300223607184,21.11652267863988,68.45380129067938
1228.3300075595428,378.96269600196865,21.20356649777966,65.80238308217473
1262.030143077683,365.73385417819713,22.49846522908303,65.06828316582697
1269.9276179291505,368.564943130237,24.91091950219037,62.28130040290077
1272.6198486436608,370.43375286871526,26.794101377533206,59.65968300202511
1230.0114364911985,377.70089306511335,28.43592726424461,62.49568380995092
1213.3073253462471,351.2979666976205,34.38053657621216,58.954977113268896
1218.4738984665307,349.003785951229,33.66120178371508,60.962732947532
1226.5913845636614,381.10738685695645,31.891326333090674,66.91995801134101
1229.989330777744,386.82319404862756,30.716587599918945,68.00594537762557
1232.489256031534,371.484037870424,26.77403473021733,73.1075424702874
1238.5541875701801,371.64601954029195,25.716639122622208,77.80764730986677
1237.7636077510522,351.05107026904557,23.822298152619847,83.19463586747287
1242.3738383114287,377.7645410395372,24.509223459577488,82.78182757188557
1243.5228041439123,365.85887039614744,23.843920969579745,83.40661690426757
1242.4409032950402,366.51547618784906,25.24714968855654,82.33457020226862
1251.2357075548246,370.37938081760717,23.420131747897713,85.65207611343146
1251.4980524156363,382.1084860148451,26.485448405294704,79.47258018875914
1259.0561785803127,361.0800532971458,25.121799974056366,84.91739463951224
1273.1104306766779,374.0146431624951,31.152204110197935,81.52024373279815
1255.882384343515,388.9857166786876,29.28695510343684,79.91220379188418
1253.9127228549776,351.3757665353327,29.84932846296628,83.18318647351765
1254.639328152322,347.78212438851426,28.473389318167875,86.84523623000746
1261.8975750974423,379.87449764381347,28.70420457320181,88.74839355527965
1262.4073993864765,386.18113871362715,31.10305788066063,85.2858387525354
1256.506483957293,349.11712456650156,31.26758771491411,85.00840118937961
1268.7676821999578,354.7556534897368,37.07848560385082,82.70675089993793
1266.2353738986744,365.8919992112827,35.52485843329928,85.04790648854481
1261.788173373008,364.4095516303919,36.20663121081148,88.92661710929295
1252.9627323564948,359.42315625270294,40.12616259902049,87.13803353646036
1267.2009582148953,365.0823169537404,38.14367588591013,92.67446462804409
1263.6083264813944,355.9248799579982,38.03602102109454,92.16437259259098
1268.3734800816965,364.43240908742746,41.60598482915707,92.9415017564607
1272.2825372362438,365.4669281946449,38.551317817550874,93.86190743152736
1266.759099495479,372.5060392349212,40.065014024625626,94.65753496858001
1278.7818717710184,380.048879984641,38.67709312116988,90.45878535711043
1275.8873615291932,388.9255862498507,37.77729251081489,83.25528221223668
1278.5354471508786,384.86389520210923,33.17365358685624,80.57889482714461
1281.0786593937403,377.69903570511593,30.495989812461957,83.43838932741878
1283.7833399908795,378.0405733738151,29.724475478916496,84.64525787214475
1282.7815478415698,388.8334119332638,31.026436762305927,77.26259265249044
1283.3881110314223,389.23816367402065,29.340620050287555,76.07721292562532
1285.0748495186235,389.57071825800915,28.838002792016262,76.12256732556857
1285.537102820825,379.8745460958507,32.309943679278035,73.59683848564053
1286.022580108917,389.1091147642833,29.42123160531783,76.85218842902876
1290.740142643328,388.61806220382914,27.43787799028938,80.70226441389582
1286.7350949409406,384.68037326334206,27.89334466213547,80.5337297719282
1278.7267735864984,372.85825695104467,35.11767842459601,71.61334184177346
1287.183729203672,384.58185133045714,30.770263705882826,80.69347267513626
1285.6996379050356,378.4774512080427,28.349951365301877,88.384001134063
1290.8311112795934,378.2358339074928,27.8472530986366,91.34895735894801
1294.019319285879,376.9850943354299,29.883359534327916,87.78983826738798
1293.050211232281,373.17393479437027,31.254982154266173,89.51238078211951
1278.5546897801141,372.37391818756436,36.157679000480016,87.34415277971576
1290.9044307002198,385.9595225567082,35.291460354761966,85.43299160462624
1278.5063166613836,366.5076967882022,35.55224052009846,88.11170899576183
1284.9778683196416,379.23227468990393,32.22062964708121,93.44785660743494
1282.1437159650575,392.47566135159195,35.30724029732276,86.67146303658681
1282.801732261739,374.8261901939393,35.48099439161352,88.55443897960967
1270.9952321966932,371.1749276316916,35.53973321090565,88.75632535714371
1271.565376192541,386.93234746857416,38.95897825419314,83.87636946184078
1276.7901556962852,371.47804130973725,42.33410531984896,80.88561891982393
1229.398067048343,353.15303555805735,44.317286737469885,78.09123739548909
1261.7537616286475,377.04303773970685,50.15764029587481,77.9869386031991
1257.381638352584,394.59593347181124,53.70070037403703,78.95855632045512
1264.7810710281753,406.4383850187774,55.12918679507127,80.97052186393543
1238.6018364437227,389.5203866882575,50.793677817723555,80.41555130939868
1235.4759462322907,385.61429654790874,45.65167898505386,86.11819096670868
1247.4050561208576,392.9457162417935,52.6835195561569,85.49341349250801
1239.9876484466959,388.48602761651944,48.15840111181723,89.37547839417198
1238.3614375552727,386.2454545668987,48.05962081686451,86.97026229300947
1232.1509891985274,377.6039477612771,47.445316457835176,87.81913220942995
1235.4493799782026,380.7518252860441,39.347847172910996,92.93532824506923
1239.0336457837614,383.22884943432047,42.00000712045804,88.51954149679776
1234.138266056182,387.7142554075297,43.814612176357244,85.38457981875976
1229.8398535393355,383.08112623604103,40.37411347066602,85.35526426479859
1230.8375399181923,383.0893286442016,39.62054887649816,85.33723200736765
1225.8549054702096,377.6889665951504,43.10656374643448,87.1462658285106
1230.079887917645,385.2715872118412,46.08655468391348,87.43895561264333
1193.3465522695433,356.0201145788256,47.532278954627486,85.71450174347459
1180.9667868029376,363.4244415768118,52.93544631889287,82.46377008930784
1228.9834818378338,383.0596773544286,48.80601261867065,85.46585237994847
1234.279224536147,384.62809578617413,46.07046548422926,86.74299881856084
1227.0235223044983,383.8767792402456,55.37433202144646,81.22737635597382
1224.9074671953254,390.1998533941779,53.41850049681079,84.92331002630046
1233.7674065223227,394.9102845244282,49.708468525940184,85.17246041435936
1228.3084988930996,377.1164196026199,46.09855886592905,86.67923377512005
1174.9058097761776,371.4170427562303,54.60689112108416,78.16320770749455
1200.4521261312098,374.7028753718995,54.38580658975536,82.2478792431778
1206.6057689306674,378.94133319989265,48.19399030307241,90.54471238985741
1209.1031303747507,390.8600620521625,53.02538734057666,89.1578243766073
1176.910032452138,360.2229373932128,57.0098716328267,89.73785672673918
1184.7882676232941,369.39570541145736,62.123662868649504,89.74203497746811
1173.489931057556,362.3998536848908,60.32037819727402,92.83075443226541
1106.2874852100376,371.614389808087,67.35809985846076,87.73750957759334
1110.2054926177866,370.986788294675,73.29494078130061,84.28778160039587
1153.8015615599916,382.40668031308866,77.93300308547185,84.80945300809037
1186.1866695607603,378.1760178981194,75.04259715158348,96.00825600511496
1195.6501016196514,383.8049479413287,73.0840623013734,103.32100394816577
1285.106219676931,447.9596795347006,65.58217260796516,121.20051043010164
1280.9079450034035,442.1876531432433,67.15978832094787,122.83625476695721
1286.4193862372,439.3375097355052,58.785480121362056,128.1792381237832
1290.129774305104,450.07425972222705,58.05357909802195,130.59037367785675
1289.445928568841,450.77203475831055,66.08388280747033,123.55190629851094
1293.0011332923223,455.408976781099,67.92750613872997,122.23874274334568
1286.2891979121482,460.97359264536516,71.22541632115292,120.21089382729232
1288.7253498970738,463.1047363937998,74.07668142711715,119.09366017373112
1283.286256232726,460.77105302728717,75.55050385470271,121.60219839503583
1288.2265721800484,458.0190966576433,75.7924684885639,121.42099025025104
1267.6193293983624,460.1022367415169,86.69107778620803,110.81498701837174
1281.4188615839178,468.59954207122973,84.26615648308461,115.43993047784193
1284.864031787832,463.569682223363,83.62376343474506,116.64385039560192
1200.5674007807697,391.0230700725386,73.93458950925896,121.36329305791341
1196.7789885706677,381.91085366376933,75.76822041425692,119.62355066474433
1203.2126252908731,385.37590867559294,63.247137247672086,124.48383830011264
1208.3250438501918,387.37700751598777,59.10555985520237,122.6496630714436
1212.6469402547482,392.491272244786,54.42196935281796,118.52300305904309
1208.3391586728299,397.36093720072716,56.73117900174147,113.76762541847768
1190.6860611048548,400.92602335457354,58.228105774216466,112.5996494052202
1144.0365348486569,372.0309167415786,69.79168156856113,101.44057317453047
1206.8033455309394,406.13404989531637,59.30969986121298,109.9052543489419
1212.597222808083,395.43057086439217,53.17696243030433,111.13572185168209
1202.189646197089,390.203630641087,56.65099199558053,108.74092611082733
1218.423223113317,401.66201254602777,53.90656930799175,102.76883537182442
1212.5310303738065,400.5898509150479,53.1794848292814,100.64062965454839
1218.8544451177688,399.56636996136035,50.33625461461236,99.48468401946121
1252.8518735663492,466.5798734417342,52.85487374275714,99.97672692610699
1211.431675123762,391.4266384847414,55.332440906447516,102.81830205668051
1216.9794711876425,401.9665620157692,55.51128098300635,103.16780674904355
1269.5289160056675,472.3019546359868,60.638340052884445,100.07512126027933
1299.2604058639638,472.57048850191796,56.55009388526662,103.42622304501981
1289.3977996188971,475.57083958944037,59.5307066773572,102.3212099870167
1280.868129750741,480.7909201647417,58.92339388994559,98.31938178172436
1288.7785143157494,488.1845117480966,58.49210500939073,97.5247344855218
1294.7506407568994,486.11344137796556,57.73157586591977,97.81768908633701
1291.4781277949394,488.75146218489897,59.456102983435514,100.11797132096171
1294.410460875507,481.7761732631245,64.34275395797661,96.2303034945009
1225.0611069653673,417.1196760858902,66.2468592801253,93.86742288837758
1292.0461967384376,491.2216433073608,68.35111671528398,94.8810409915392
1305.0212382685452,496.30120435418416,64.79504968362086,100.2295570042584
1291.116873573761,501.92133715820023,69.97755908504905,99.6050598040178
1311.0995349399316,489.67225633540613,69.53329905190643,98.60645109087201
1306.2239776789766,499.3241838665646,73.9891132081172,95.9798038461166
1292.4548034878878,512.5957125790732,78.81008092161521,91.41286930026152
1298.7434984741346,509.2247268229196,81.38537985750733,91.77715223986701
1300.042589808308,512.6464276894388,77.63829934523764,93.65577584020181
1294.9514981706943,518.2649175282095,74.59384010391365,94.64973418182659
1301.7937894188804,514.2100674220449,73.01608960237866,98.77094341157581
1308.758524572074,511.13128329772985,75.57341811519646,97.39779007861357
1304.0104669903546,516.1195696332883,79.96724425470693,94.93798244109468
1318.204271828995,508.5288868191476,70.96672205229657,105.31205514416527
1323.3012403033558,511.5243414645219,71.08175414538091,105.75032566734683
1316.6706668875988,513.340244716603,68.73924961720616,106.84180705973738
1323.8106016469778,517.7213858406517,76.8623186891494,100.73386474724077
1341.5033517279226,510.39222662395304,76.15351347962755,99.77982657525979
1338.235429554735,516.6825213493946,77.04260265316508,98.14788375300589
1323.2530847562787,522.6239964668493,91.32351563578008,85.79496938309647
1325.1302829500476,525.0794631270395,95.52039970158634,85.69852282855787
1322.6031620103236,517.535323824512,92.94574536312052,89.71261199040825
1323.2362469377704,520.8225484386553,101.60937946652427,86.3092777756988
1312.7824399291421,518.1904197676125,99.0085197202127,90.80273941353072
1323.8495367741177,521.2849910977129,100.3657239134889,90.86460448098283
1321.2766781665725,518.5122188345064,90.55576017802954,96.6003424903105
1337.450976607293,517.893583769862,91.24174346263854,99.94929563823462
1319.1437395872,508.38910093178964,95.89322893555972,98.02186711986573
1323.2597065086436,516.4725226254517,99.52849873531947,100.49802817597566
1331.4203119702624,504.28568239592516,88.93732170621392,114.5257490153783
1318.522892727557,511.65553674116177,94.36605205480714,111.27129064037516
1325.4346974969221,513.3366497328659,99.47647423489339,111.02541588939835
1334.8067430024132,517.4685736506215,100.20426954457007,116.17027851027208
1341.5382824496617,508.9283678538423,99.33045974580304,122.29815971877531
1330.9140113670146,496.87538792932173,97.18835375670483,126.54512861423794
1343.4365571655364,506.4722048187305,91.54727571360948,137.56119615745902
1319.6962006529827,501.8247123022706,109.95028512743642,121.47981812488538
1343.614591005041,506.8731605865546,101.54675014402513,134.20209331406548
1329.125982171413,501.0587096409723,106.0624893549239,133.74838478739275
1339.0059337198238,495.4014576808511,97.94285676516536,146.12790320834512
1331.648397816511,497.5750027963928,94.45675615664963,149.46912970010482
1321.7562057757682,489.07808926161226,97.95862408822966,146.19986782212192
1331.9174308065913,481.66002177665354,93.00644829145588,148.890769840678
1343.033516635487,489.97618113709495,94.51962830097756,150.28820733338944
1340.6585009020741,501.8576386344074,107.32968631308077,140.93254266839995
1342.9119161588917,494.3871750166749,102.78566347579982,145.06187197068115
1338.4187077424335,483.4571652326642,98.06095693558748,149.49812501579288
1341.6671689828977,486.6917809478304,103.65536297484158,144.06349179352955
1343.2540759124026,495.19225093568036,107.93110386068697,146.59430897014064
1325.2704541846385,471.00005352459664,109.08736206845836,145.43396385664
1329.1287801516016,492.0107366572576,109.89855042291316,145.04310777712465
1337.2391565381802,476.56057244435726,96.82956292285118,160.2057291441688
1339.715907944574,459.9337831824856,86.39400523532726,174.66864914931148
1340.3959979455226,457.309188743375,79.67033121067075,179.97779690810324
1346.5454614192886,470.8278620457397,85.3102012032754,177.14605254480676
1330.5364293365599,468.6304421678208,94.18896515609762,165.62031172575536
1337.7490904661468,469.26639437973756,98.68044598413506,163.1012352595456
1345.159533545256,471.46081866671375,96.15704461457489,169.38705642174295
1342.9257430609102,469.65863569404877,91.6666358684024,170.7419571683091
1349.9113483602973,468.2876711621327,92.11715909099144,167.7660525231477
1436.3158404673272,537.2873064070434,96.12655378229124,172.8685622174068
1343.3290990749417,461.44483062248406,98.56434380520193,173.582597811299
1327.6972164299755,477.8518205304871,100.28716389480348,169.3709973001271
1340.1116833650053,480.0086017148376,102.84894146160715,172.09025518251062
1302.326352447543,432.61641424043944,111.38373933687396,168.8838309646567
1332.9028023486014,462.683301666668,106.21048799368597,171.70918116253904
1344.0717652319513,459.7231090419749,97.03256619744938,180.776588578894
1339.796302068558,468.8178496382339,94.18435948244192,182.0610809852598
1342.1353564960498,449.4363022904252,90.53883560187646,184.39655941593415
1331.331826217426,402.1085565873233,91.75371652493348,189.673451425057
1338.6853472748317,448.3732672490433,96.21176577295384,184.17676524787464
1348.1140893038207,336.10872818986536,94.05924493059467,190.3031514920986
1357.3638182047098,421.55042790990615,95.8164693346817,193.31150969642528
1339.3545523279515,439.3415383425144,98.19161403206225,190.36244301069712
1394.3373977559293,417.35633394284775,110.71033734578675,187.02458979279558
1349.7316630296607,430.61554436207376,122.97370229432917,183.46082096562137
1335.9475636626455,435.3480073730482,116.79074289346835,194.1328498378323
1347.468099319507,441.4934336819009,113.23302055652131,200.4680660168235
1335.2000666469867,420.6614160872483,110.9650000405401,204.0937989344548
1350.1831197054498,435.1743348525497,115.79098597991069,202.4515409915113
1338.3393628721342,405.3030693979409,109.03678082395558,212.50324188875769
1347.6922150049418,419.89500592207406,110.09915059385403,211.43380118760925
1352.4367126380573,380.3010521803985,112.74493791396759,218.84528334037725
1381.7658325750967,353.60004740146076,119.58466523868,217.80528305030995
1396.0341500396667,415.4858040859295,127.58271814564765,215.01334305455396
1330.8905030167482,421.3773414310501,126.45460321487096,213.8962583461077
1341.7088440740367,385.2289321275923,126.82120157271152,217.4304125339414
1401.9381787352345,396.6278835460618,143.9520684939954,214.53486892190867
1352.2484574428859,400.61589100059666,154.01321013412203,211.7673028434171
1224.29718320544,383.7702920379528,178.67586686748996,217.07343124009338
1097.666083873698,402.803564109997,134.3207798357927,244.6721750908774
1106.9748167099765,402.05212202718144,102.09037178001708,248.81952153088673
1122.5282192968377,404.4142886767685,86.9024756348429,237.72404384908234
1128.8599874551683,407.0803271811051,76.34434037080878,225.2962011455515
1132.0005295029644,409.6439670556364,67.06871297580317,208.99123928223736
1135.9574226359043,416.5546475900532,63.59255200953835,193.97024296707164
1135.5802599510657,419.3945138593899,57.99632689457624,179.4353027079997
1142.033888620071,424.34438910804613,53.75007458435974,167.43672505465304
1144.778157890729,418.9725125726957,49.14345067251004,166.6246820722968
1150.9436966549824,420.47055680074334,50.62996032476316,148.72164566268933
1152.3193048082362,419.8330087795372,46.51171624063552,145.3856707903348
1154.6516295431045,423.42389756496186,43.3157471135322,143.974187228032
1156.7246892900152,425.0810020215697,45.41259557471062,132.53158733363344
1157.8354949851198,423.91017122847944,48.93926846489974,118.3385252913379
1159.9960894800363,421.2488364439449,43.787617636613504,117.57348691553955
1163.3470019540828,428.23985434790154,39.5020194204819,118.80871193765594
1164.6616676514452,425.33132952701516,38.60595050135692,117.1739805224898
1161.1521764449888,427.80682342540507,40.80518353078648,116.5286154344418
1163.9236227593112,424.1563520737119,41.84898646356467,116.15725185052808
1168.29124668253,419.85452474813326,40.17503672423241,115.35101194458382
1167.1205716699944,415.78345971268436,40.521446376529624,119.27128823066735
1168.0085474159202,419.0301843539886,40.49298466031299,114.7976602733163
1170.0334813572867,418.72733938887677,40.335751850847686,116.80428004417693
1170.775936840222,414.3974110125936,39.075782219536464,115.99034571465671
1173.403004533154,414.53316286674317,41.396804922210805,109.65845833981956
1172.8427140962385,410.9743855825968,41.08931533862542,108.5773408408798
1171.9285418986397,415.32304877483296,40.25932842037159,112.52875471799064
1175.5826241155878,410.18521338290503,39.4312124182658,116.40988030713167
1177.0767697622096,411.7367040719726,37.385969876854496,119.46896127912984
1176.4964564540392,399.21667648662253,36.05939781551568,124.41178664960395
1176.1802390571584,405.3585470347008,36.228285695998544,123.0844642037301
1175.8483705449578,393.480399377721,36.71368444396954,124.01432569587246
1175.2588971570729,391.2509833436887,37.36820290600366,123.67110180595985
1177.0193301137663,394.28730825314403,38.37698048120286,120.78298510929011
1174.73983979725,368.427012943107,36.764499588314166,123.18839335419777
1167.1192434978552,389.19811502279737,39.711360282505,124.16765284478308
1171.3736040146816,398.73775142389565,37.785030976893935,126.96965933382603
1166.3354077172605,398.8198732265057,39.266339093141184,120.20134393142268
1168.836025521869,363.7781554083025,37.08964446643366,130.0405104852412
1170.1872433114788,378.43106288666013,38.529949148524594,134.24636059820443
1170.2968649974132,375.7861176648963,37.99197354722328,137.15794520378046
1167.7879375778336,385.18906492965084,36.25256570050261,129.03689969293123
1164.8286181268522,387.6984914728595,40.43250680637249,118.01253108932502
1167.2586505098045,391.53348036287815,37.90193555319831,114.93189195317652
1168.8860813395017,389.37445883876705,36.518186641466784,116.47291475762567
1167.7705195749763,384.7703804524785,34.33767814121887,116.23520127593989
1170.1352294370079,386.3611273975056,33.15144667145342,111.45078319332578
1171.219620804802,386.4161697618478,30.958535804210335,112.53480709574168
1170.1100760481195,387.7904918257003,29.153779074607733,115.25045549111252
1167.9309274596883,381.7978365812455,28.794499016223888,119.87197523659091
1169.9422463375574,383.9456760307287,29.64292612269375,117.63334479256906
1170.3565152437727,385.1329278452577,29.439676501384422,116.76562353112558
1173.9841184943207,378.23932534528666,29.039681655685527,113.96203326558927
1168.8132584976581,371.17702177440214,29.425075257349263,114.42352730403739
1170.7937680623882,386.6133271022436,30.681178202936845,109.30001605053056
1170.2933688914984,383.4053918855649,31.594835129649603,104.1605836634213
1169.6604524555219,380.97199771645194,29.51769531539924,103.93575383211044
1168.7452275619746,385.23138533020165,28.845119077960625,99.55429751520421
1168.8549511709712,386.9217166803336,30.639527307805636,94.07133192909771
1170.542095234255,382.8757029750337,30.675608768881652,93.03810615164642
1165.892068711098,381.19637150873035,30.4034104178887,91.38839812442889
1169.41103966858,384.95590845634086,29.739926439045057,90.37210147441763
1173.5967934111911,388.10247733833495,26.338134728129866,91.88494004705286
1166.9550793454318,389.33630607126184,32.3320249841487,82.21125582058038
1171.566931388334,390.0091629149192,29.425888502126746,83.884531867465
1170.1887887307105,385.59281416130545,27.84738446459483,82.92163657713488
1171.8243042338095,378.7074831868443,26.746107607506396,85.11909473506365
1169.022616340435,386.2022582928573,26.56338915766038,81.02094504715421
1172.6677409356566,369.16877920521335,27.076916069349323,77.03132695253899
1173.1498388608159,374.861877287046,25.732152107940937,79.54026121120103
1173.115689409263,358.8881582741222,25.947248208173356,80.20764651864553
1171.4104448250298,388.28135342642935,25.17069748528775,83.27321897997258
1171.1005156735066,392.9468139022901,24.99072540581041,85.64772365457925
1176.2416354034517,377.8442841951143,25.062867987128975,85.94522457153495
1170.5361381893329,386.80647755634294,27.634765710700087,82.01580762186168
1169.6689470216559,365.33216290824464,26.322576784668968,85.79784485373199
1161.598670755161,343.46332205196694,27.74816200017335,86.26589887740569
1171.9276723258731,375.9335461469293,26.043917448952183,90.69853813175837
1171.6070952916307,390.9529391828064,26.796814656714766,87.96174206672589
1171.6565654928152,372.4933214798482,25.953518236597933,91.92349253478125
1158.1861921811233,345.83197355366156,30.929515604556116,89.47941732268329
1163.2131973553926,348.93498272991917,30.380505435654463,96.52358781988556
1166.458726187942,357.8659202172466,30.201986474959693,102.02257608933303
1161.1510307884225,338.71163943074305,32.08580534763894,105.47414917822238
1161.5402746324169,357.15258708099935,32.636697502157276,106.2266060504971
1166.1419617570434,353.614082590282,31.59712265441978,111.26452080668747
1161.1689379678558,336.6085807454862,35.971518774845194,108.56131547983459
1155.027075909701,346.52387846994276,35.456254072049994,110.46344250039063
1158.0263889216228,347.6017815239807,34.342308542303996,111.52485075737425
1158.7621434387072,330.3598534180861,31.359883347875076,116.51842894539124
1153.6850129398094,337.64744985242186,34.7108325074905,112.18969609931511
1152.6944243422997,350.9206425900425,33.7104542460353,115.74162163739655
1078.8793925713164,333.01405900028647,45.2681737929817,103.28210314352027
1143.0882896666349,338.89030526507406,41.131142865488336,112.46720345924358
1150.4955806473056,344.489968599167,38.29421833643807,112.32634998729145
1154.005717987353,331.5121515018998,36.329378117048094,116.70701647773132
1148.0527192190607,335.206521295307,36.37163103784509,117.33990437951266
1149.5912624408065,343.3574219991223,34.73531506495023,118.72200349929517
1152.9046245092943,333.0370790042574,36.8384317695014,116.24344238133719
1150.011197362088,333.53875919609527,35.896181545965035,117.71331245933689
1153.474756711453,323.79773883516026,35.37114163774849,116.66112521612607
