1631.5,470.5,222,282
1592.7714757514702,452.76209989844136,193.15023829043133,301.8687054702722
1540.3731678728295,442.1934159626891,176.13505523028763,306.7715536687854
1491.0513936937639,437.7456461127151,164.87456136434923,300.1535130174436
1442.9508265084335,441.1694976495795,163.3175403803783,290.36341830807595
1393.2978482686353,434.617581020312,159.6609446523933,276.40754761722644
1351.1402055481285,439.4027652360269,156.41509712844376,264.49154843096716
1316.5891428395273,439.78641284122625,161.9793944868241,250.27642076382955
1289.2678251142124,434.8475611621779,154.43665564717452,254.3906054103289
1270.1657137825212,427.68764589261593,155.0440574851933,256.5570639793247
1250.5665297324433,427.2544847600402,161.36712739429933,250.90995204401315
1239.2157832948774,432.4055659001014,161.55346061858282,246.92680267057324
1235.6072208922433,428.34387137866906,160.02996560495365,250.81388177403184
1232.3014410896367,424.617646755239,158.16887839141523,250.48525625186534
1231.3656394041916,433.5201912457229,161.92448762406363,247.3369584175561
1234.8593033533052,425.95494299815766,161.16115413954952,249.251485883384
1235.4782012828748,423.13989858130594,163.6854977629382,254.78139121033996
1242.6809597559084,418.691239138971,157.12050896893214,258.7014916503549
1248.6681062171128,419.84263609304423,155.62145969166042,257.37590285845204
1253.2421198824738,418.19892808278087,155.1784192839259,254.64477438455498
1255.5613587393573,423.6928595970311,162.00331318396184,251.55208985243647
1262.3475380033528,420.83785795195416,156.7057076288544,259.8126184986137
1267.6215387369707,429.9435553103431,158.74564599654676,253.4777982116246
1272.7536000144041,426.2885898174819,163.1998278785558,250.09077928932285
1279.498804951887,424.4666533361406,161.0796902088688,255.073146119758
1283.158876840066,422.3152374856869,159.2926990521266,252.23381264250116
1289.986593117173,423.401054267522,158.08520991142808,251.07804396057276
1293.4801543391047,422.82281305577305,161.07331619975827,248.49044553378894
1299.1138016831621,421.7545935947336,158.51679185707854,247.45659612643414
1304.9200147526694,427.89961014210115,159.69686830732488,247.81846389496866
1305.3768772231651,428.76425379608963,163.95286525514553,243.2362192574165
1306.0561187596163,430.0112470497509,167.78696013095083,240.87328332981392
1301.3937671885208,425.4320488142709,174.45052163286408,238.82958250591957
1296.089617420887,427.7519119538405,170.28976270666084,245.4813516255972
1282.1175758089385,425.15486026272856,175.00203272577465,243.70489242741763
1274.5925670434463,425.5681913629405,163.22410501886162,254.19820441046164
1254.1104862299326,428.2020614656567,175.81619329506884,237.8561720975701
1230.6458036808892,423.3658668822087,166.98171070852712,245.87469137625132
1204.8443311963142,422.9945165160424,164.58446910220917,240.27258198207102
1178.0382988970991,420.82387535912187,155.41799624156835,242.7915127272592
1146.55428532126,419.2560154348297,154.2195669859456,237.64920506229214
1117.9337677983424,416.95905650040635,151.98603136479895,234.4888406496228
1086.080098742583,410.7706823624312,139.55735474457515,240.17717053238465
1058.0982151494181,415.67797250260173,150.14960937160058,226.71585487214878
1032.8850077151885,414.47226315858524,139.4838543755168,229.7897785285521
1011.2961633942753,412.26039361651544,135.65787982784641,224.950641725806
1000.084673519862,412.3758490205537,127.76998642680167,225.1658373011573
989.353781996997,413.47653784432964,126.12640585884168,223.91908456485822
977.4597037848526,413.92518959463075,129.6463319705711,216.49705393077016
972.8991126084615,414.40031588554467,136.00028387828175,216.0288194338376
972.9473124800935,414.16903765108714,125.50750441441934,222.64472381324117
973.2346533252022,411.4515342253703,124.10982362480789,225.7302839861996
976.2570452983119,406.535105563123,120.13135686069182,226.7769968416481
972.5887842508445,404.4251757138331,115.98861140079666,229.56373159967677
979.4787539875725,411.5416744390993,114.33576718877406,232.04901158381602
978.362982769471,412.27870873616035,114.95675913710288,232.06931606747082
983.7057823182927,412.8325570673885,115.87213845707757,232.11284859733274
982.9495703458625,410.6139107996909,120.18548046441703,232.2761507746462
988.6091039955445,413.6570398179489,126.27003447571045,223.53495388157916
988.6017067501582,418.9258132935842,121.70350691375995,224.15873599563028
992.7006776305527,415.0600356838558,122.16525253705552,224.89062690626008
994.7827750182267,421.0090062795337,122.57006722700969,226.73036490370453
995.8804865716602,420.7139940216267,124.66651532731282,228.5619765255456
994.310627758471,416.52304641750607,126.47217560219433,230.1494868620827
997.2122961408488,413.1961590361111,130.47819783997363,222.74351599336563
1001.6314078546919,413.1055660802824,129.8472553356485,219.58798988914327
998.769170458927,416.8182244370206,134.45690101895286,213.17064777475412
1005.2382127298234,420.16701829287376,128.35269757172787,220.46585685691906
1000.1338940527679,409.8762354315252,126.31323381734163,227.24593343220388
1009.2039929824709,415.9585914269702,125.69235480288208,226.50023896800963
998.007973629044,416.0480266888965,139.57907028457515,207.57409945046393
1003.6088701209567,417.75837782000406,131.50303756785215,212.72412223548298
1002.1508658199326,412.357671467792,132.92558460143374,208.31757186966655
1003.3530010060869,411.896983429405,126.4642475086918,216.10672007593132
1003.0142229453214,410.25479532003504,124.01613157093084,218.4577139268457
1006.8348131043789,412.027160029213,117.83605166999884,225.5100150604591
1005.580268471863,402.01888101174495,120.23600828100702,223.87000790712204
1002.1438819326142,398.400076074842,122.08131223438303,220.72893086725009
1002.2438450836761,403.6955001993068,120.79480181668654,225.6944528789859
1005.7090854302483,408.24515596317997,116.08134200903345,230.87365910168074
1003.4463959857396,389.52221566112456,116.28139782869856,236.27684956684243
1001.5786415296077,394.3301576196638,116.10968394335308,235.50969728072926
1001.1872101296012,396.2584924711406,113.6356827270952,240.80834677205434
999.2441435426095,400.6671587788264,125.12936384375482,226.3077905052336
991.612655814019,404.3279263759908,120.63840456934034,226.15301834642116
995.1287538513005,406.8691295684878,117.43703746506907,228.83456425948197
993.7884711851761,396.3150076853677,121.39259044018584,225.14541166740244
987.9570710568834,396.09488230193006,121.82760610562549,221.64461339375913
986.0807180208469,403.8538226477953,119.56195694655166,220.22499612865192
979.1019263820289,399.4005187505729,122.26058462563999,219.00430580770916
978.9824234572591,399.28818961249533,121.20423021555683,220.56530330226002
978.2519553851664,397.65873720708663,119.16128902575244,221.7364804292437
976.871555350545,404.8911762400276,115.99191805522894,221.7448105286286
972.0806871954344,401.03977031788213,119.80195040815158,217.81263629129677
970.6006807706616,397.5949104369913,112.99103188047803,227.06436855104596
969.4525422062216,398.53776047232736,111.26221250240488,233.87534598616065
964.0396615954643,393.3901412613288,114.64742760300575,232.03224730993125
963.1538393436721,399.14224410171767,115.37541771036665,230.5356991773329
958.8601457232578,397.05073470762784,111.53331623461335,236.04257804932286
952.311771505094,396.7601691119271,111.79204413899407,234.7216383768678
942.1612756775354,398.9564233193189,117.84441870040786,228.50654107200106
932.7966419204218,399.6743778939613,119.52808586925147,226.44046093830104
922.9035447502628,399.9743978581181,114.45834771521908,230.00106345282146
905.5008454553205,397.41309818959223,109.22406861374341,233.8141909272567
890.5823773540462,399.6581965755654,114.23771799988866,225.27520443047024
870.3820229805817,404.3494725046073,115.32495377542082,221.58133936621357
851.5379256291659,404.7932748023246,117.00282118208537,221.18522208802864
836.2631385329191,400.01485488773426,116.4186814864818,220.82496917717327
819.810343132776,407.35475742273957,116.07037959866506,216.15911593592529
806.28143612408,411.34528087419176,116.59338645642354,210.37131480404872
794.0221919854955,407.07836579608784,115.83805985451392,209.43806777200706
783.1963486409002,410.9831458500465,117.05533056237383,204.70157491520177
773.2970304064464,410.9321030658924,115.87774201619685,205.62770348733144
763.5712716700044,411.132433905773,116.70122565034521,202.9802409694315
758.923176471662,411.3778882403078,113.1637067698214,203.88403450267495
749.8554063832304,414.06063424415925,115.07318516689958,199.57079889752725
744.93508009409,411.6984323358637,113.49807419588086,202.5178333808861
739.0860648221692,409.37818922075473,112.02170510868582,201.3924390980556
735.9076393019722,409.1546615141932,111.6880339503587,202.66552114213198
731.0876754629455,404.88634454686746,107.76349127855937,203.00078513609805
727.2161451529118,403.0016042057086,107.34779322169462,204.43814233003172
721.0707303255369,403.7580560260179,106.04459287107576,204.48712299221114
717.4884678496693,405.3104584263124,104.90625066001144,202.1658916950168
711.8798325758711,405.32249088841934,105.82709657658471,203.42903694758968
705.1850948800734,401.85293204161565,105.19636294799137,201.5295427747696
704.4038205600234,402.3629120364667,102.19560765839951,204.24746719186038
696.4201120445246,403.3858585587173,104.1943157606483,203.21309945218002
694.0443246518793,401.5689643270602,101.42313420723015,208.55002626277337
685.3507147252006,402.268864110089,104.55632351280993,204.47005515799844
678.9306979125998,398.38253432135326,104.33977458210424,208.16132755724757
677.3048154093291,394.55731537872276,100.50201888461669,215.475025635488
671.1611026330895,390.1294830829064,99.79625149107099,214.11150854734433
666.5569495735566,392.8647401502402,99.6165821431789,213.10853605806483
660.5860863314335,392.15358393347685,100.75021202087649,211.16014645897857
656.1511242362235,394.66806234316846,102.2330582320368,208.20423173593446
650.3292444042713,397.24200852095487,103.01199778851804,201.3851289641865
646.9968584599221,394.894387269257,99.97094227424361,207.70945920111484
636.2877649651068,396.25106540881126,105.1775204967354,201.8407461741115
629.4042824773413,396.8748349805159,105.63107661202388,201.3845982573657
623.6783073916177,393.7363807547377,104.97635005800912,203.52345780584338
622.0653586628076,392.3740276789931,99.08114625306459,208.42902483085876
611.8842777266163,393.84754386373163,103.2813415799572,203.02266058076162
604.6049927790143,392.8900072730887,102.65139652830499,200.99977949197398
599.7781157554585,392.40992678926875,101.71532057810006,200.54315572734953
593.0160589670179,388.6145617852884,97.87181888727056,205.71829371345933
592.2351077094324,386.903619565385,93.90167145705755,207.86620235047928
585.8158216150541,388.41636398201933,93.75156211624059,205.154460686705
579.6762372854153,389.08816891901375,94.48427101384007,201.62559752553614
575.9474731690855,387.34504603484106,93.64854989908329,201.2700541543951
568.7736913538428,385.7941078081045,95.2066598078998,199.07717047781313
566.0625538259651,390.83786966491306,94.68332938771121,203.2823393638068
559.5398190163937,393.4346411059955,97.24339326358576,204.63439961103217
551.5652345728823,388.6212857094264,101.85654095145841,203.1007946091246
551.3821866352187,385.6953182538015,99.35004784058808,204.51297942351354
543.7537026904121,384.3946820041972,101.98039031708831,203.6975097294334
541.6754803759976,383.6904087444571,101.32557814788746,207.3408272363823
535.0544269515846,386.93638512064354,104.152043603227,200.36200413734178
529.8455355635036,384.1685288152452,105.09007725184932,196.90770975558993
527.0712176802044,383.3289676321428,105.55447210947182,199.86299774222337
523.6490515255807,381.79947938781754,105.52661678337908,201.5717638470354
524.5560124611803,383.0182902899982,102.52791576420046,203.17064054669945
517.8727365406723,385.8556513149425,105.59596116786236,202.7928891868865
516.3424244203316,386.74611987989124,104.23751547202778,203.8665040502513
513.3758112128355,379.7549175304663,104.73064705693649,207.44251731679066
513.0620909723309,385.3963728869793,101.6859351852759,210.52082043528657
513.2610163176473,386.54697638654466,101.021807043206,212.5286245621342
508.5918557366912,390.9781896207655,101.18579090428102,216.7722982474822
508.7957560532624,387.1776856068796,102.95428111846421,222.9874906347163
504.1415559721012,382.60855559179475,104.58364918012677,221.36922612745641
499.660759485562,372.1287564973085,108.0578543034802,221.3262970576571
500.35256030070417,380.5927680105922,107.82946007004088,220.2715938214978
499.5795488967929,379.77325930054974,106.15417620637946,219.53776830900236
496.4658256947532,372.2215723826949,108.35535869423322,217.76528439669482
497.9648633769053,388.62143721899605,106.5081807912777,216.8395014950049
497.60219732661477,379.23384605312253,104.60160113378433,218.61600605576217
499.15058783797656,383.90601807064866,101.70245364212332,215.53611267031482
496.8989904066642,382.10519042478285,102.05420968499811,214.7014121870253
494.967896685811,379.0240510955772,102.16418984747145,213.45338142850485
496.14134757045525,381.5416934731312,98.12726106717888,217.59016943163687
499.60416055391624,379.8613591281819,96.0709101708531,220.47317319446182
494.9641724940945,376.39194641759485,101.65333104117519,215.82497791077128
498.1402743969321,383.52329047700755,98.49532844467626,213.2391177299843
495.20529114646877,375.4496607510584,100.54749746433828,211.06075415506052
496.98072832018056,378.14174434398865,96.90387314149395,213.41966700086957
492.26245113584054,376.1416959175441,101.3591804075935,209.00895898523345
497.45270871579476,376.59486436169567,97.53525364528485,210.38392744668639
496.07443362895145,378.7544820570099,95.63472643608188,210.25072176007512
491.77934749309964,374.0966455237946,100.48904201225541,205.01737775420463
493.7462401735344,363.67936262988655,99.45273072522836,209.1693121220726
495.3832577677597,369.4857537294349,97.86873932765451,206.97148471666043
496.2347401090072,365.50559620395626,98.31074090041818,202.4604020162956
498.0929419788098,371.91413708247705,97.84395446936702,199.23072124214602
497.9695402873703,353.3675467576353,99.68155810195518,202.7624567607312
501.914273216361,362.4451451380932,105.27319455184882,198.25009131435797
499.72216437966324,364.2471196167946,107.18643470822893,198.21337807496536
501.3471486996646,363.42109111553293,107.05657544205185,196.55000308883035
500.62645569777663,356.4799883508221,109.54925047721112,193.84759716421877
500.86223290503904,358.43671825911497,110.52996899988574,194.36585261839969
498.4621895719831,359.18989573562897,110.69844355383293,194.20847391261748
502.9202199814921,356.6126899568817,109.12751836329696,195.38592261272834
500.7561049057867,351.3481419603496,109.9139695397711,193.05830949743682
501.23031196350973,350.1240256397765,106.93720336138293,191.55274522844246
508.49504393804386,352.65773348983464,102.97573076509566,193.50664075006756
508.3651958807211,356.9295965720437,105.98502818873658,188.4600580848624
508.3214447034452,355.6678896188748,104.00480538896858,181.78662443309128
512.8994518951167,355.85498727516335,97.63983539413027,183.31610124577387
512.9559325958797,346.4678841718969,94.46667381740437,188.30185429789958
513.7302828112164,349.71970979439595,97.68776485222273,185.55640077743882
514.1722156668005,355.12291229383277,101.66745573223236,182.1175870015257
517.7075932292018,351.4290293306842,102.66589224907162,183.86533819719943
511.3451769555835,352.18444236838064,109.56663284980007,176.89134019339352
516.014098357963,350.1642418336421,105.5280022353135,178.56165854082047
517.1004411558727,354.816776639189,102.68201777280291,176.76741683108264
520.2234718541678,352.2144048666555,100.76353972313684,175.5615118681217
521.0137825092356,358.1311407809683,100.16438666676103,169.5486224579219
516.9980211538626,357.7047403443568,104.53521382515486,166.2070044707423
524.509458321574,361.12619361074917,103.82846958615406,165.12371414526143
527.2063610393969,358.18407504696535,98.52254766534146,165.5204885548609
528.6863408511393,360.1389048038514,97.97870749559385,162.79979563260977
530.7050336838279,361.5857824655522,95.47779056519258,160.93791780751533
531.6983678204525,365.9375637914827,96.03717004374077,157.91125834392352
533.5460174403901,367.9212478949404,93.31793569375697,160.8320747255707
532.6490591568642,361.39919515119016,94.52342407342812,156.43399445526387
537.0595779918467,364.00132937951605,94.24848206491743,152.51286078156755
535.7958854722918,368.71312166220787,93.51467320127895,152.2258212857747
538.2439016989646,362.3745306300513,91.19817403569843,151.3542848677281
543.3972964294113,369.03304154827345,90.16286004240945,149.85255947571028
540.9907520188038,364.5539632533796,88.07191722727968,146.36069489340588
544.3349218104008,365.0647243568292,84.64518255064806,148.21645642984072
550.3345361263854,367.4724786822134,90.1903817949841,141.75856830602447
557.3128942325703,369.52678275576625,91.74679765298076,140.34153042790433
561.3667696873879,362.4068892897377,92.20304091305485,141.50852235715607
569.4833647583486,366.71112761550336,94.42974669655254,136.9609183055522
586.6931673940426,361.39656102245976,88.16593670504858,139.77326761266642
596.4947561768223,369.53992381647913,87.32722781209688,143.70597693799726
605.621829943137,364.9999706068253,89.56188171725567,139.13542287899816
618.2225549108102,363.4520401209092,95.96243848753144,131.74041530131902
632.018809324303,365.95405567953986,96.44706099278744,131.073847884128
642.2927899690027,363.1885403723438,94.19330312531066,131.59684399996928
654.3817804763381,365.1717080246623,89.35587448269831,134.39163917307337
665.5461495449478,361.94679393811515,88.04218674553172,133.5653387189018
668.7015754578595,358.7453898411921,95.8632650338304,129.1663252121153
663.4037907773717,362.2353175288041,97.92298988370086,126.60001100410227
670.496439901308,366.63036196420927,95.62935843823863,126.76730374391153
669.9586212697499,360.90405769182314,97.285270548838,124.28537277510847
674.6733393004389,364.1973377802336,96.1216831781814,125.75365463965942
680.4185210018686,364.00033242361394,93.82382779363468,125.951289623436
666.8334479240625,364.84773970220033,102.99157457212488,119.93301528085559
662.9002979632392,363.14787000465844,100.74181023983738,119.37745035363736
650.5834710420795,361.1602056149862,106.52630329542747,116.1099236587431
668.4949555825746,364.30306200109584,101.18943255286027,120.96724033608348
662.2857814695361,361.31578064585767,106.3505703084166,118.9970501113531
669.7337967173107,362.00893757170337,100.92438430947176,121.86907485289116
679.7630089970353,361.6539745756088,98.94368554888112,122.77121118932762
666.1050850448453,358.95309002118245,102.30983122929848,119.63195314147825
676.8844635110464,360.62787207233123,105.25371751725069,119.92126348349046
672.4727751350559,362.4758155198374,102.24221142164143,123.54321408433776
641.8272393923303,359.5238907858129,115.81369850789847,114.79944490095477
666.0871601249987,360.0943443863601,113.59714847025259,116.6795558355143
678.8425738325252,359.6981546737905,107.07180099355082,119.8873862532364
682.6599726253295,357.34272292447815,97.22040854332543,118.86973483254954
675.3604044760895,358.16002085447974,102.66959702720935,116.67906601368492
684.4973580338429,358.0476982165039,106.5442485532107,114.33863934053058
692.8941181553446,359.2072033129869,100.09363529204663,117.78694123753891
695.3330907901869,354.87142398613105,101.1460984660854,112.21792252433792
698.7360699315525,358.2834628130885,101.2942114460867,112.3391197963129
709.4756187609228,353.87776560552123,101.57516946576744,112.86900504896809
720.0258584944473,358.4648852598999,100.03248222564592,113.65429898865682
733.1186061879006,357.89521127636385,96.06853220238878,114.78103458250277
746.9890571250534,357.437006679472,94.7970157110104,115.75129960192538
754.3922860982111,354.6197541392726,95.21146338002652,114.16558235125612
739.6640266206178,355.0545775364519,103.55967618707001,112.06666755677065
753.7621856546426,356.1841847240083,105.29708713494898,111.33788705202917
759.5127041324876,355.39825091246996,109.33745029821165,110.72431014434497
722.1164448189325,351.56049915309944,119.22348702511809,107.1048639746981
728.0233101518681,358.1086465656517,128.372795384454,103.5195690385604
716.0510739662603,360.9478851223583,132.25340842740042,103.10754983329547
735.3392200755351,359.208906879103,130.6079331949255,108.7426008460094
757.100865568772,352.292306656101,126.31958062853452,112.20997838833989
771.4433915018816,350.66910863656614,121.66966881308582,119.82056646302783
744.2571690285299,354.0052299820245,129.28380275082262,118.45723042765195
757.5143850668386,355.1230101677733,132.93801605417895,119.24719877255113
752.0674192907765,347.8236539131598,135.74387737757598,118.33148843229932
745.740084686659,351.331653799341,137.9863599245367,119.9889002585567
775.0396160907721,349.2294383525359,131.16786885510373,126.35318707315665
751.1192350417112,339.7447690785685,134.52678063132083,125.9612772381248
775.9896805572623,346.8751661751194,132.60981198424744,130.08131521074827
756.2250930100538,351.15127778957526,135.677514570789,131.56914699284624
776.4142948601351,344.41492222710457,132.13438757119184,135.92364624452975
807.1026481095355,349.12923785049054,119.33474221479104,146.51497242335756
814.8112278151248,345.5186587941819,119.62386916467625,148.83191196334087
820.0087061264845,335.8163422131732,117.73216026333259,151.5005855323749
813.0465674564357,337.97638097678026,120.17753907958142,151.69661626948925
811.4687485904316,336.08349964334604,122.80347309148289,150.2590896937342
826.574064961846,334.35524328672534,122.03326384294238,151.7603154487898
844.5166800559704,346.98724232198134,118.91944051792626,154.22528902288
849.8538033410256,334.9937361764795,123.4273157295351,150.14391368484382
870.982269151635,327.5059697830927,121.84529936486727,151.8998821312869
880.107701178047,341.3641904347547,122.73320326750972,151.5263875213402
892.1386765596028,342.5109365924462,123.90905725878748,151.50489397820618
876.3946671528832,348.83790056637116,128.31960183165117,148.77419421894595
896.1189412133336,323.76313666334283,126.24074413354639,153.1365154010525
879.6990868887639,342.3500572118057,134.67250928647871,147.0642291764557
903.7880973345897,331.4867394364434,128.04995189361006,154.4776345846218
928.388445171784,333.9249033351188,124.17874677818587,159.24376486874624
955.4007345755558,338.95430417612647,124.8178032235737,163.37091982691217
930.7216820479321,340.155806054263,124.29727506244784,165.52576456420115
942.4994914264835,343.8963542203233,118.40378001279399,170.40078004777465
942.6547543412914,338.8689339610887,122.89488336680131,170.58899270436183
1018.4625103315142,419.2798822157435,129.79109691469077,167.94397441990944
906.4150612130661,333.86158102891994,143.32318731740403,159.70398196595588
899.080933955375,342.7130374582083,150.2936706847765,158.81157716648084
882.6295260501386,336.6864531820318,160.49555334572636,152.53782266910648
890.111757036058,335.41349030929865,162.6255551006794,155.97191951454738
888.7971103180599,331.32150758513717,168.17170875236008,155.4095147577684
822.4070750650444,321.6322540669143,192.090795750466,146.39068883790955
687.5621551467964,289.3890162016629,202.58784396288823,142.72725694710658
627.2365272358768,304.4977475285758,210.25157464151636,140.06190286412738
657.5177336321194,290.0289404429263,213.00139910408768,138.12524985514275
728.6903100648068,267.2566696149354,222.48528537675313,135.71883441325653
743.1009108089412,309.31635131321644,226.65062009925313,136.32308670429495
672.2092113776371,297.7501600336468,229.8430366700892,135.0594505515835
673.7244553504275,277.637612479949,235.0831587567604,133.7461570806763
642.4332106448267,293.80526980489867,239.9509575650004,133.82079847335484
663.3391539885492,289.88654154536755,239.88806041784585,136.8097082683418
679.2064037293673,273.1774085340012,243.64284829292092,136.82592680898253
684.747429975154,275.63688571005287,246.57073001667055,138.44375971932692
687.7617287655146,274.4482630088277,253.79843244947773,138.7153214668235
704.4470907639485,277.2396628619772,258.27675614593164,140.09323573401065
714.6887458821052,267.3831296155352,256.1252742388389,145.74911017794173
725.51414849356,262.9118389264347,257.3148393389066,150.12906258708708
735.4642777291651,264.38086156661,260.6242454440393,153.46542498466349
691.4891295768631,258.0645443300336,262.6572528726951,155.78046434955942
729.3409313292029,260.1198982145977,256.6210097286056,160.43023335413193
745.5352606163635,253.85805895442633,249.27498479653931,166.09898855693837
715.7553788761222,250.56486566383865,250.01164289056567,167.6077093539374
738.5487710033079,252.7160379660482,249.1461380345092,171.63892572853078
756.6292331506581,244.12248161238875,241.67870020284965,180.26333642708607
714.6940429861693,246.19848693054323,244.07050125420722,178.23164077324617
793.5202424413526,273.1187232368691,239.50872771862623,189.83411582371122
816.495513415428,281.032048680738,241.78388440849545,199.04177927704916
993.7047267084713,418.87275346738903,238.85559705177604,204.39641086773358
1026.4274619561893,432.7956604352987,241.61094768284198,203.57541880778666
995.1249527417061,443.09748754938124,239.89659812044937,206.25829043081202
986.7519910042081,405.7414319236372,244.2347280780083,205.28701798554133
811.3171496370979,259.7875733656258,249.32610408565665,207.2421636326012
821.3503379817253,283.31239569117855,247.53785542630987,212.80781181203392
757.7333109458525,256.581903395849,250.47686429383745,213.22951610665282
786.3379738551693,261.6060411439463,253.59815738959725,220.33476740399655
799.2958241589322,265.7138617409514,256.0473779902467,221.51641996548966
824.9859588378157,295.02168946438695,257.13948697583686,225.75217143400104
774.0408764952347,265.20963024841444,264.9091723255647,228.35882133282306
800.1380365407039,279.9964938989006,263.62471996974995,237.86280560590376
839.8883791583802,310.8097699529472,263.82214041931525,245.5877014286516
775.7169949684986,259.1613082210603,275.82528920363546,244.33307091659674
776.0911452285279,236.358416410076,276.5682709343927,243.8967409657244
795.6331194698798,230.36516375169288,280.0316163804492,244.56372916068997
1004.2677238643306,405.1731913536498,278.09135039415173,253.45545619050563
1032.9932686788022,424.97018997254185,282.0537226464111,252.9501417285793
1052.074490813346,414.2369627584329,288.7987486209364,250.38999068141965
1036.7086002220822,429.6330062368923,289.39184522282136,252.25473413113116
1022.9762302117001,423.6881288925869,284.52637445411426,258.6917095981029
1035.6747718209508,425.26325220985916,286.7485757533643,263.36480580387274
1023.7403902157407,427.2916526655366,284.9522555819093,265.24785913539
1014.2528947497908,415.60226184442985,257.0074797062272,284.9650541612033
1015.4006011691961,426.36530359563,239.00031760916914,293.7154262453877
1006.3101515787102,445.7364782214288,242.9568207703552,289.32781210461116
1040.9980170149863,415.54070117971696,229.7320203992162,300.5369988668454
1029.1291809173833,425.2855622135477,224.24224001075692,297.7086663921698
1026.3539922370528,443.3470627385056,219.6698946890707,295.9530122891898
1004.4051983715822,396.9022455474718,226.4988213896431,300.4483302588663
955.0425574879822,366.6683532290202,245.43192303107907,296.7960992411009
1032.536332731571,446.18457348349546,235.03085070720053,296.1779812948341
1027.0448667131388,407.9965971423651,241.42894872123145,292.90934199961777
1019.2999521265923,434.8474321581905,236.19381318679575,292.8744297718167
1049.4293689107974,424.8493214745308,236.2987038579958,291.31301357537836
1025.1967609885628,425.5020318582548,231.44106580085275,296.0045627866807
1044.9893765136273,432.8696627575419,223.75276643511495,301.71580108435535
1070.7878089110975,375.93859706441265,218.73542986176557,314.41920912401497
1040.6321297111888,399.9766296948289,226.1572620322027,307.70873392603846
985.2517537521163,377.3977370357232,244.9980320596312,302.8094807151473
1028.631371416873,465.71527665875374,250.57049849696824,289.0314600860957
1049.1325320779174,452.22976109506135,243.85476704629173,291.7041609593157
1016.9662195672092,465.81916555465233,235.46370726743322,293.57401648981875
1034.1411746770566,465.7542050817791,227.2925603658134,297.25582859060984
1014.6649085781904,444.239925486193,220.5581165118308,300.10085495880895
1039.868509381024,459.17314916389086,219.8794432014398,292.1490289920695
1022.8269867637919,460.3272353676764,224.68890811183758,275.98360363610146
1037.378245091127,448.76776248327553,208.1685610834823,288.4806980658822
1029.8359754840583,457.8682920745611,202.3817079601148,283.2850820530981
1041.4798954651678,457.3138148555172,205.07803026338644,274.4654539792742
1029.7732274594625,466.0823684503092,197.21951876964184,271.89285455161115
1046.4675889803925,456.3348440678885,192.97754084438725,272.1933685508996
1033.3732725507657,468.6141763601274,188.73562375169087,270.09624326941923
1043.9197539844258,474.3931881374017,182.95199904430604,273.6844596432672
1036.944470711343,430.63659481719316,178.8930038449656,274.77847839470576
1051.0276294805242,455.74603133242715,182.1279715751079,267.69719099079845
1027.2371627160787,480.4060365977458,192.64340758173813,247.66115501497853
1053.421587559801,380.7247561586613,175.86598506483,281.5714841442555
1035.428870722396,460.5793429117491,184.58271152062957,269.04491481553697
1047.4953062368322,468.8702964562232,185.83534834700535,264.928876642792
1033.3870197332578,473.88218049084117,187.51275533776044,251.22423775273745
1046.9547305358212,464.2191636016262,187.70922231529408,249.22096508372778
1033.5903411516706,486.12147589647907,194.73164962988116,233.57365549392426
1057.4947318310349,416.5183136118482,181.89827420304215,250.4480600083847
1035.5751121483288,488.39835740446426,187.50292838932927,232.26745676055748
1061.8645429674511,417.6449617729121,177.40788732296897,246.42190030689147
1045.715668249762,452.375272952179,174.7192711118721,247.66000870585594
1056.8412467079165,459.64383731757323,175.80366838926625,242.67987239885227
1053.6144102140156,403.8309860123229,169.60759374408852,253.95781562366753
1045.0534275295227,444.7289128282,175.464204164291,249.3056231253097
1055.3845262042335,478.55597793518257,181.53139983376326,238.79641812187418
1042.5718827669746,495.84153500036484,189.96275765120873,225.4064006811563
1057.4231777943241,468.8778599972141,181.4977295058653,229.8999228448528
1033.935474267968,484.33663670968724,179.601169104819,229.58149529276602
1055.0041233252985,476.69626445083514,173.7060427637094,230.07218848625564
1046.1052701593849,455.45693701984504,174.16900746997644,230.65501120797316
1054.456955934015,472.42776500873435,171.57292567573697,231.1456725843984
1041.8558603689394,410.4233664468903,167.93066806084502,236.19039431297577
876.6257802301112,287.7252430229729,188.59121141302757,228.31111756739887
882.8185343471266,328.68389468500226,187.40882543523466,226.91519616567996
881.0729907228193,334.2717934676033,183.04663367814578,225.6535829778466
890.9962945974883,331.3103897740782,176.481823505708,230.61017530903928
888.7306017475996,332.6435881803204,172.98552097999334,226.52253583962255
896.2701958721603,333.76204935536504,175.92480429439343,219.93633096583713
884.4298356852973,335.414455085842,174.5199008874083,213.43875852910708
899.9750518970108,339.9139188604631,175.3866717334554,212.8628732101992
877.7776980096994,331.3089883976917,188.6737792713158,193.09075518506637
881.5364084578399,337.37904327477725,190.2192518537015,191.8833028572114
885.8353506285254,340.536235337599,194.1905804342377,195.97892940227382
874.2119969311864,345.3449596807667,192.90388103516904,193.87021364898936
887.2414544241294,334.16483260733366,193.38004195258225,192.23722375669558
870.7468267815638,337.9544776909403,195.91042858194697,191.9041478906833
885.0913244544646,340.4389026804412,200.36274031830203,193.45590738842247
871.8187656560108,339.26785713791725,194.76112734044395,196.74275438840945
884.3283215166168,332.29284969846015,192.11430631694378,201.79428738526144
881.1524538453103,327.12382159535525,191.2975605152907,202.35966094448446
892.3514019335976,329.74752440163434,192.85780038326385,206.15511325364477
872.4408901945341,330.41248535134827,194.42588521258799,206.0939784083703
889.6808368490474,340.4720763035519,198.5297859286723,208.33043558823002
867.4522424394632,328.70152882725563,201.86981135479328,209.54914303340234
1010.8788973823976,466.39273349191035,201.77334561119721,213.9584061259491
1035.7727404297955,491.17110067530984,196.8181849351692,215.06505365795877
873.2658591760776,340.99933410969027,208.851748597727,205.45432752065977
883.5183658210454,346.48135338649337,208.4698300620024,210.7622148363973
901.0680824015428,348.199101408533,207.25061810757396,219.12732755718642
1011.4568799849822,462.254587546778,209.26089936236622,222.81767274738996
1046.973297182058,423.37681967106823,204.26840002089793,228.67853352129325
1024.7575950078783,446.29293189563384,202.5875422529753,230.81414951568192
1043.490929112045,465.40982648138896,202.50492487705557,227.74232340718905
1026.555780686578,475.5780876921499,200.95009414235378,225.14431658099357
1000.8642376652599,456.31939630895005,207.20945011808033,222.6174624113454
847.3360764878998,340.2343304995201,216.452486123217,215.16312515564516
866.3074249631504,343.62507990279687,215.80441306301663,220.1135169126071
870.2085242522038,349.92407447273456,212.94292923689065,231.34627566403987
876.5736459714658,346.30744037685565,204.84175147153763,239.33882440887436
878.8588599448792,347.1540319893869,203.00125933940643,244.82149989353627
861.6705327283665,346.2517469028819,206.3044506952367,239.9008225456914
1024.6867806861362,484.0267820638121,199.3629565045032,241.1203238258234
875.703177091264,345.3816678049541,205.49408543990893,237.562479922433
999.4556365819627,444.0097518779258,210.66275549914434,240.85234983009912
1028.7560672860775,476.69183806586216,211.70351540796483,237.72438783261282
868.4349581296594,345.6040769768223,211.8685011296032,245.65048740848727
969.9832684502948,436.24495623991646,211.54584976273892,253.53657908848083
868.1079209178001,343.61888972170874,204.49762557030425,260.42050210614104
938.9408411908913,380.03101962332767,209.00470171515076,266.05555411308427
967.1890444996149,427.55026090699334,212.22282359273032,270.72453951248644
1013.6766026256955,449.5473807015642,213.27240981925976,269.27635200298073
976.1160115456953,419.2551085803165,223.68971731843124,264.75622021471247
1013.5668110290516,441.0176692400106,222.268926204042,266.68163441106645
962.5682802230049,390.63018373627295,229.00787781897714,265.4251432181544
1015.7928721046377,468.5342685061435,223.4193792070648,266.53141502350365
1040.9789743956405,464.01245619115696,220.55181880472276,264.7843637903379
1025.31075104405,477.1945986395957,218.33654067368946,260.26990792459577
1041.7593373637155,484.07498753358345,216.17532676511632,257.87256268331294
1021.0610102637991,481.6061585511003,217.1092316452263,250.52961193588231
1030.7690294420754,498.3137766172207,212.2873550791976,247.89908497887103
1020.5892812830085,500.45011634035495,206.10593917637726,242.41813640399715
1039.5986001251058,471.5168170238435,205.1740267662292,237.84953809071362
1031.611381566582,457.6841916648814,201.86210886119866,240.8378534383133
1022.2434195760122,475.8508690173222,193.60022457207916,241.8799654876723
1033.3544100392417,500.3151404692759,192.6942273231778,236.80572585560066
1019.9147116014091,513.0899194695531,199.55170185399643,219.65834039306168
995.9668975127784,461.58725266278884,201.66811711753746,220.10214233014796
1032.850214201655,469.80098562109333,197.7610166771939,222.48648211414053
1005.7700532018957,489.2277161071045,199.94343760497986,219.18214813353882
1040.858442334432,451.6401248209563,187.69155888775606,231.75807100733022
1000.0028370969791,484.5819437347486,191.87563929265693,228.8499766656132
1036.5532196854374,436.36021184884726,181.55313634706374,238.18864846222576
1051.3526921283865,473.43901784428914,185.8498724669634,230.87733419579706
1032.0933227126905,425.906481637315,181.4376338290667,238.63614812146983
1054.6515884801095,452.0862499118851,178.299950388911,239.97310105359236
1023.6907435799956,461.7161638057214,181.69027137849537,240.7401317511704
1044.1630374769113,472.2846902813718,179.40434075241882,244.1888166226151
1053.3128082384471,447.70629247980287,177.65659360100074,245.44681192922855
1033.7310556429868,455.5736903731733,172.70507624838098,252.38655256133427
1056.7024052084496,434.2463017109029,173.82865043231902,251.4595784833876
1038.8060173621716,445.5228928356013,170.60693233721528,256.97193053970227
1064.2914891840098,422.7349210164964,172.87338974058787,255.3133752100239
1044.0556887499904,440.80423013533243,169.52760431721808,261.1517059404454
1034.409454586848,466.05341157601106,173.40020462688432,256.24579922625486
886.2378865727712,342.06166437755104,185.85073076317502,246.1884400223977
1030.7116067806996,453.4262192105472,183.96912307611956,247.98286386126944
1007.6319338811597,439.09759338193487,190.52772983559097,249.51196675172997
958.0491572735529,393.2886074747488,196.8803704467652,250.54989620907963
993.6028751403928,412.2564653022339,204.6069550990791,252.0726573279071
1019.6490856344332,434.08175701493633,201.6535028326669,256.14998983881384
985.0299057910171,418.98842078999473,207.69746963721914,256.4035829887225
1008.242094328472,449.90589695854345,205.5284960224405,258.09753578956577
1031.0345483483038,465.2356911282942,198.91177858482814,258.0691221391011
882.1882957078491,342.6717020953774,203.94289160472846,251.74608924090228
1029.1137018549584,449.0390262452682,203.50960618740442,245.94385178106077
993.4341881653133,410.5502612892303,203.6722003885426,252.96907742999332
1033.8648096699847,456.2285330245645,197.16148324771086,253.40776109196167
1005.9722205108645,415.3589015378577,203.69116443849876,252.16165225398888
1038.882075282167,424.0909833875945,201.52846350120672,252.35843229509712
895.8529476710105,318.91608511754737,191.42448508909774,275.73203944629836
1000.5634190568783,408.18047087312533,195.21145706158987,272.88633288472977
1030.0464240349213,435.9600431112304,196.6079536026623,268.01790292219846
977.7160076609052,389.7784469476847,205.3146872289281,265.63225888393424
1018.378165928212,412.5476674804388,211.35138716549045,262.55779036486166
982.4295033394853,384.1978359829272,216.17223859300987,267.6841055402223
1027.49935689923,421.51526835870027,214.97340780286925,266.6138600374602
964.8794666637895,363.19492256938315,215.7656855349299,271.2686141384352
1011.2397396142525,391.2183027972162,215.32460958710436,274.2452446669086
1039.2399074285106,410.70109291701954,217.8447479961755,270.3198976993554
1017.669779033135,368.78837593627895,220.8240983684472,280.45566872515485
964.5918875674865,347.87777081629065,230.9850871006883,285.5108103511274
1011.3392763075913,383.9091545950432,233.2338398784091,285.7350045164797
1030.6139882414936,416.7764310913772,229.13867980368832,290.9495947644158
1016.4151770132203,424.1204558526098,221.05705904168508,292.137924134509
1001.1892482281638,367.44471754147247,223.28766951378822,297.7233200367765
1028.0818248729863,394.53483212028874,231.34806699512677,287.04277949243
980.6530503737144,353.3844073049286,240.82806670479252,289.7129298588961
1003.2477302110751,389.53723251564213,244.4475522916368,288.32261771031654
1025.7489179190197,405.88478379621137,235.56784007254112,296.22398319653564
985.4779026439013,375.00221343603255,255.73959603045543,287.8103687351229
1015.7585618845861,395.1829087585541,257.0007738228507,285.0695629562405
1002.4547173360709,370.89940978635457,264.1397051310273,284.7081944455467
1025.3537401505614,382.07084057373265,257.58986227012804,288.4784903351174
988.659409180277,405.06274349711975,272.6505920244946,279.7036940567369
934.4156185777613,321.848707297601,273.2561371559828,284.28341979282806
993.8731974278164,334.5722235495681,272.8468351975212,285.5863968555386
1031.2901637084663,369.60571355848856,277.6444727702557,287.20611037161416
962.4694739549423,337.86212721661906,288.31728858400265,286.98720728530463
980.9236310781959,368.66881902585374,288.60695720733906,285.58138723030055
918.7313988201162,323.53995707436826,295.3642631772197,284.02831490024937
701.9156427319821,162.6146332262479,313.1807315477463,272.6852055650797
671.3746308295251,219.1979190656119,311.8955579404536,276.4483860299968
564.2371932719655,417.17290680595016,305.03905593039116,290.98975879897546
419.5021567420463,525.9086979624091,307.89153490153257,297.56808761408666
471.3257514641317,478.2046958851579,304.76628862429646,302.7623205005529
432.11811074741576,514.0605689062882,305.087571087617,304.9786316763049
459.50113527922645,484.9954745260027,300.19728256242246,310.76190269093536
450.4785830354823,474.3221035673248,301.5429684606829,316.92899319757754
441.1702820515536,424.067962528854,301.36650924817667,322.43283191937655
428.0403941555332,491.3227021009124,306.3987326764062,321.7731420322872
412.105889842324,482.8315073636631,306.37641814188214,325.64807646731026
373.4718674206321,479.81661910739433,306.2751687096678,332.4756624324671
357.7755859011828,452.5176747603771,308.4260560770316,334.02679466702483
338.01198199977205,422.10128884316384,308.9954859647669,334.73620250544803
40.41198627625613,686.3960554969202,312.27108355340283,336.99789513733566
-7.01890218864844,653.0345346457152,319.48137180933975,343.91996436907186
11.546420248317133,610.7835985141982,334.6017400934503,348.5321501293588
20.22483833440043,583.0285666666643,345.9462779290876,352.0636205487682
21.851586876822097,555.8308965359238,360.77856400663836,357.96656634956423
-29.92422045531825,506.9631775435208,349.8389072373656,374.00892967045615
-6.346947374820985,426.0198432774903,340.6473122505803,386.0721456921181
100.01786021477312,168.69393936899775,383.03064763244765,357.5166090907768
111.75550813750505,142.6558859496751,417.2397545256804,332.3085104159944
92.04126838580203,173.203011726682,446.504937061555,315.5275634394387
109.57080245324255,231.1118234353829,461.85047007938203,312.85218036642146
83.87094707485886,249.5967842817476,467.2187550296776,311.0110597318434
36.78903086405461,176.14075552768549,465.7909200025407,310.52213525877494
174.911085781949,261.8278164411562,498.04770949954934,298.32846540393166
37.66505436087789,277.7883873891933,499.1375367533151,300.22578732232074
64.04486745994552,293.64988516084236,498.6055191199533,305.0079374637597
52.25839979283626,281.0758502958211,496.0570233707065,310.30298919722975
189.26034575019094,302.86149830257716,507.57413497003836,313.80578865557715
139.57730895667967,626.979215022442,484.06176770294445,356.2038558616837
193.9146138316425,470.795124050048,477.3121727984201,365.9110461111025
511.0847211862921,412.5300343680997,473.59799213532716,376.14949291414064
687.8679449379322,415.9514962472552,457.0419591536428,402.1766395121698
575.590552541445,384.43719211838044,470.08498721436274,421.84084179789545
642.79380513746,421.5206242700585,458.90391237218904,454.0016905518215
658.2773707352495,433.23985715254264,468.1327079528016,458.1216294016795
339.36076066449345,459.2200982874242,487.70536747431566,462.9926739402636
8.712937336336978,240.55769683351375,474.66797094188615,485.1527905837002
1.4714328185201282,272.4960634183719,460.62356623585794,522.6579218231399
-35.55255936882958,219.22764825277545,413.4947129142641,578.5363463321916
4.8758763990123555,156.55226974573958,403.5050448292605,593.1994476677484
22.360428177283495,206.76282718679607,404.83575001466977,615.7190065281392
10.779139228545574,257.3947304372597,399.35777712339984,634.7072662591363
29.892128291080667,216.70111414500656,398.99576776358674,645.1893014289918
26.954428184577864,177.7179249886695,393.86632192141894,658.5703204117931
5.256850690647212,78.07826572366594,391.8043463738811,670.5324928044298
11.137401085084122,104.37917310534925,397.65311658921735,667.4681794434596
15.911771745008878,97.36170617926257,398.2536324770176,675.243501812949
9.088626438474705,88.6991071165416,398.81972142735367,686.1087608028756
8.941221633230015,91.64903386617749,398.26762877355713,692.9770111457026
14.96178369442552,124.67009061774837,401.6757868471848,702.0878096141457
16.966141639572413,107.17758859606784,406.5821083991309,703.3077067190436
21.334558136160666,149.60116642098978,406.5750193312758,718.1783719319635
9.172616745892384,121.8823584498133,392.6207643834915,738.656398679314
5.546585735611075,142.28007912461032,399.3802355898416,734.6912629546423
14.83970739856224,156.08137712495272,408.4779748648532,742.2140514680132
10.86816889671789,117.40230419404566,387.41676542463284,768.4936370015839
13.328716325552648,124.53349418450574,400.3938798267046,748.9293598542777
8.600179857173003,140.41272802271112,410.45005126553815,737.9126602864758
13.991958667236247,200.86713613333848,415.6462022008562,742.4875618805747
22.238904064905455,180.88744709875436,413.9458008024433,753.0988285581745
35.53390915644505,127.70836414132924,414.9633843417353,763.6235698734977
7.615351285096239,130.2704721877447,417.29026209010215,753.581527388161
6.357701980149784,112.65749481442145,411.5745103060503,759.759922185891
7.853686639925087,107.71340170535854,418.0189505091384,763.0059260010587
1.988047415171792,108.53956348610495,406.55360687618156,769.8816603316075
20.23273352193337,67.61682112270745,428.7695952405869,737.6982448674053
6.686014640628997,137.70171571835692,423.80680772451456,741.9980197896052
-1.2311605661071212,142.7223593258973,433.7442634004442,740.5968159823146
3.8788753241720997,96.13007458555711,418.53476258052495,755.8118346943227
1.194094511036127,171.75537060854822,426.8561996998275,760.5051375879939
-0.566960544283944,91.34808341182236,427.16380958073637,752.6696442130535
0.696966350689479,103.00454961617976,431.61197893841563,751.1847411638206
-9.136805763592236,126.54712409421694,435.74978729746266,762.1523562404668
-2.6908316787495608,67.57914199328883,419.8979479377775,782.4877656023634
2.890097108116862,101.47811390742152,429.1977767693285,790.106288235118
16.225904106045988,24.797500454861506,435.53452484015565,777.1788726773295
10.402467808420766,73.65478561684836,448.4307664810839,786.0500802809754
3.2428595990205906,75.83735988299026,454.74602174652813,806.2191775973542
11.971287332598905,56.75536780197558,465.83105214832347,816.208384231192
4.559619745110382,44.633352186895934,460.2610675257635,840.1799669070417
-9.68755513000525,73.01266121814734,458.44752665851877,855.5823822547113
0.16361695406197896,75.76869423882067,462.23300298108336,876.1089019689393
1.5646711441402772,103.67628613647975,463.26439124200454,900.2307137756308
-23.927853301602767,15.997238897934665,454.5200294773018,896.9016575351375
-6.437947163232025,87.04065370554798,460.7280186147848,900.7932297894939
-3.7120725868168734,84.66665264515831,460.0170518892072,917.4134680840492
33.268444452131575,151.4376726116593,485.4884885926899,919.0827039054902
25.876160370147886,191.42607105867654,503.2808126567626,926.6902648860852
7.534251138883576,185.23647671708738,501.5938370740098,939.1806627963826
40.70563137335597,161.6145187023228,522.6964206575055,945.5857713732901
26.046024680964592,180.49151332309248,534.4607341949883,948.6742732044461
32.13361120265165,202.00166398936187,559.4426462757606,924.6135796020742
11.608302359118284,215.20625087586257,564.1160253234225,928.825804636235
10.099519929989413,213.80963326684514,564.4148818844612,933.4256073643237
21.677141726659386,262.4295486904658,585.7000906949336,915.7241816014
-33.17525471071147,160.1094287342969,565.0999854244446,950.3424080654722
-18.495254754741666,187.69685225795308,553.3534552135537,967.432862794924
0.023341872745504588,212.13808296851073,560.6498733354936,949.7441756683643
-12.125083273934933,256.2817847471392,560.1345524042066,945.0940979687248
-1.5712961407134003,295.72882957234617,582.0422147016629,931.5881219684427
-43.32927974884902,168.64426886437332,553.8503052515555,960.6779017222023
-35.911844866263294,69.26737174250519,539.2695947672887,980.504103165288
-25.865407860296244,22.374315731882916,516.7228132440473,1002.4632750607861
-12.84862771927098,102.852172410197,517.7452285553974,1002.4992763610378
-6.539297814674768,102.81473376987338,519.4105848510721,999.8460342757938
-10.780081554445246,136.3097450193568,541.6387848110667,972.2532769408028
-13.113045215834575,165.4522740987407,556.8555834440033,950.4343028812294
-27.34356808517657,103.21431036690501,531.9295126077034,958.9458482608661
-29.379386876276556,73.80590956782015,515.941161628243,974.4390595131348
-20.907482279872568,62.289836533818516,499.9272346432115,968.8790306919645
-11.449190692275664,84.76493965289887,503.29566779169875,953.9143550670565
-17.829643836098853,70.98765927549385,494.79790289651976,954.7053904400353
-14.121361448853122,61.26992501464497,487.7834416624331,951.1683406594652
-13.49051062360195,101.3903216605425,498.65055190973806,942.4202576551737
-0.4291939247751202,69.44161667049127,511.95543896939546,924.1046415675132
-26.312757382969096,69.65569456718583,490.8357353600081,938.3010482676314
-10.50676001867734,107.36931303006651,489.5659284803795,933.1357354333585
12.653778813334952,125.82907265854874,511.0581998833993,917.5658105124448
-4.443540574225523,79.96853141732413,509.96805529719956,921.4612451141415
13.910708793925608,110.17534671764224,523.0995820664454,905.1093514999443
32.17614697403587,147.06900922703562,533.0878150574315,920.6472667951598
9.732232658256123,44.918784206476744,527.5715677205981,916.3057899662012
14.476736859134121,30.420483529706985,526.3823160587854,910.214786149987
50.22985564617835,94.6574082933501,544.3467491416002,894.5964337053923
48.827891570828456,99.73883505191077,576.6898009265631,895.6120068144073
40.67542326743546,81.94629090504986,607.4534961530005,881.4611671417274
19.931565382295616,58.18305484434035,603.2207469737727,892.6530802762346
40.945448068616884,54.25643423041714,619.4563806207698,893.7182432723041
40.18031441090619,15.161588564402564,660.4457414534423,847.5176699538881
23.26890053497027,58.40364098320373,694.2027471473612,834.5776444877093
51.974814220732924,71.33946487709886,711.378403070026,829.6747011518489
42.30455081071818,71.41392820265474,742.1266731434107,819.7879106089058
84.36050296611751,79.12398736874417,754.5813067038714,835.2730127987031
87.44440398612375,85.30871798382395,785.8273644626078,838.9360442309016
105.37092656421282,33.220560055958686,832.6953775029576,797.754434865825
160.40464726775224,84.18816596934022,837.6491789784534,815.3876179700205
166.10254154921722,93.6004315888452,858.3406240623924,831.7263064435609
173.97025195894878,126.28986096568747,872.9838807913836,857.4414993808066
190.3095187914978,135.5970966291252,902.9233056955179,868.5349312610413
17.364401552326797,112.50188972957062,920.8427595410635,883.2962181265116
78.91888619362254,111.87599995306624,937.8547613665288,907.8742905063108
51.40628436382906,123.59349238744676,949.2771799243903,922.3584443340176
62.36632053013659,32.94542497407531,988.8341573492739,896.5725969180461
44.76477210953942,110.6867869083685,992.0855694103539,922.7748269833787
36.60345181739092,112.31964444329486,993.6462228542964,947.1607662801113
30.736612071234447,97.19320057223985,1006.7370523246383,958.8696294706157
-11.381266611692581,111.35596982582467,1005.0868285548669,987.5528285961136
78.03997357776245,30.11676073609067,1036.1963790829404,979.2989987274282
50.02120355265447,50.53377574714193,1059.7735015230528,975.1899626630195
15.196253231770697,38.50649620720196,1075.4823394826126,977.6166779014327
77.70436742602215,318.2028593638188,892.5173470139721,826.7682069124351
123.65410012192206,78.8886595032103,918.1477791316888,838.0613623989348
124.1742097178344,77.6098420323433,942.8746883549011,843.8349310660449
109.61496946973932,101.1613224723078,944.3441673084326,874.6540441256884
186.38735467264195,139.26989537407246,945.8631798324978,902.1495302887024
118.45869234790393,32.79703740125393,972.9193423791155,886.6260159726473
110.41452802345418,88.50840401665846,984.0182463106505,904.5036614241196
143.91812512242666,77.9891380694607,988.2804397807106,921.2300819972769
144.6002267023518,81.91388480276453,1022.7158525236272,927.4314884579696
