1197.5,685.5,97,107
1203.9244167711975,672.2770786502057,91.62840702004404,111.59866519409545
1208.8704141124829,667.8759563210889,87.46302204435185,115.50828690463611
1213.8905937552443,659.6690448185236,87.44538023472023,116.20921260904642
1219.7574133730984,652.8420961187053,86.20043232896816,119.55913204237453
1225.1757668149803,646.4757750575866,87.099323055678,120.54665793078634
1232.5384379996938,647.7703229113283,87.44695203024497,120.70629622064774
1230.9260865083243,636.7347460038243,88.64060242356777,117.75050682886882
1237.5735434103601,637.2379226245678,90.01606444347047,116.26063632802247
1235.8526042541184,630.2081300408861,88.19453361822815,117.69086129641126
1240.6900725067992,625.7804540745942,87.72780901167003,119.95454414635344
1245.1740878543415,618.272318928625,86.51926737603404,119.26135131878485
1245.901935486012,618.5725681970393,85.18947121895681,117.0234961430478
1247.5932037158095,610.3002206845209,83.6862303469014,116.49858438707878
1252.9895821296193,603.3467797168681,85.91475094695538,117.13042569585846
1246.2297292757448,608.1077070078848,86.21480352512647,118.25219732689905
1243.5703116871478,617.4189730495846,89.327927814412,116.49744974362153
1248.0227625486125,614.1649778565932,90.88408566179477,115.13957346853248
1247.5119771292766,608.7642347617871,92.40800087035498,114.32737881860619
1250.3828539327403,606.5572883790525,93.47929419564791,116.21098026518187
1243.7561823426488,603.8459249102508,94.44250199222519,116.52660480868118
1252.0600630849972,594.9867537641027,94.32451711885645,117.65484204421483
1258.366242585595,573.3607850766456,92.95897189176962,119.61921990985157
1247.8678289048657,573.0248059070001,94.67425361419029,120.34181544961741
1257.5350181846864,580.5140866653707,94.56426317710732,120.38685355751004
1274.151721646769,581.9256424411212,94.63466255787382,120.38305815476681
1268.7098803576266,559.1269926113033,96.54116084050432,119.70060699042807
1264.2902091751957,535.9771751834505,96.14974835307089,119.5653205814852
1240.319688523323,550.5526690090894,94.97283158796877,119.39692265188705
1267.0168393429767,558.3625545625054,94.50454008049752,119.5306067071035
1276.192690974389,528.4723461557599,95.16512395756534,119.84485607064326
1293.7274552243484,489.1748541257093,96.99724874744169,118.72998600476785
1282.6538923169896,490.39900762500685,100.61988229836538,116.24738064209973
1271.159715742402,507.98978900837756,101.5139437605285,116.12123398253601
1285.654908812452,486.5716639864456,101.74153705158115,116.63461186453473
1292.6857990713097,477.27592649155906,103.69415892339225,116.8468391889026
1296.035754573203,475.8407567161228,102.63900995879035,118.71521345542747
1298.8055839656497,475.8671288458068,102.19976354267106,119.13764001701097
1294.9507420037792,471.7025218331867,103.25067976621696,122.1191319887233
1287.2218186591929,479.4243733963465,105.25990947388321,121.28645848734274
1288.6335923981346,466.6368913577441,107.20925208694193,119.27718260483071
1284.063061121777,467.3606894319049,109.12628271445556,118.00696394869857
1294.4151608383838,454.95013411571307,109.40847434874695,118.555064327176
1291.5715808252207,451.4889542464597,112.80055776641551,116.56202642163976
1293.7322974121012,450.9327785175413,113.54624943625191,115.42212005553246
1304.3232279400356,440.00266837048576,114.21385661158428,115.85347873160147
1298.9211872772278,432.5979549090877,116.8058598427175,114.32901473948064
1284.0966291577276,438.43054959905544,118.0620183943397,115.88654550572431
1289.8465604997734,431.7392530486024,120.05585287669105,115.45060375555622
1281.1882767664506,444.16167306265766,121.62907222169338,117.05859499575624
1311.999792585908,413.6603639146547,121.32464409840394,117.79744986402781
1316.8830051909715,403.0937818289199,120.42642777346944,118.98663667954038
1312.4095361647046,412.08790137156717,120.3096222346947,119.23613715723413
1327.819647718174,414.4628800603888,119.51670854548038,121.01739401680403
1315.41204833259,420.19715720421,119.51589970251266,120.85544316086329
1327.039094470764,408.08199711317644,117.76995180482695,124.90044725711495
1318.7351220387375,425.16832948224135,115.27647340533042,127.60468986761796
1312.9041415392182,422.89752671899237,114.71611670875092,129.18305047910735
1320.5616121926657,433.3322401789723,113.9935521108406,131.1624318477217
1311.1156887181348,452.9044559908366,113.28260250533678,132.4217592266786
1295.4377218874392,475.65082026957157,113.23031969028777,132.36488271998996
1311.0218796933748,477.290128827699,113.59404944279623,132.78899220628946
1297.3299236926034,487.08821700846585,113.2100113863557,133.87572676394515
1289.3503823729645,499.22407790991764,113.19060510351427,132.9623862324039
1307.150438091305,483.93791133361026,114.16969059676526,132.43867484461336
1303.4106834627441,505.2179172801998,114.8055027828115,132.42226494118043
1305.4756353796715,510.6977387794923,113.48685297346229,134.81470038040067
1306.7905848719172,504.71906204616346,116.56773174852295,132.9632417056398
1293.4908992998712,519.1194299846262,116.68425758621814,133.3531491392612
1279.4727732194704,569.1143369909784,116.58182833527673,133.5539784371037
1284.0067836601154,572.2009691955193,116.99369732367661,132.3037348677131
1269.654421026723,611.18672199305,117.38694111463171,131.59840358905794
1271.8562497753878,640.0387849369035,117.95031700353242,129.7798978185384
1266.9796314875114,645.4411343214232,118.86952628894097,126.44512159207092
1257.345510399478,650.7643618656581,118.85796995731755,126.50814488189707
1247.5471764609708,678.4929296955278,120.23677665879461,122.17275910008752
1262.048785784384,621.3777906760308,119.99809200855015,123.13252169718673
1255.0845418583888,633.5466385624115,120.35901775726911,121.2491849789909
1258.6517943435788,622.1658785271309,120.42478868486872,120.17253785900029
1268.9203204966532,596.3228451497249,120.29274088006284,116.8516771235779
1265.0233606134861,604.6274395095205,120.39562775989168,116.00184585637928
1241.8113137676426,617.3836582177411,120.22759269791668,116.57481760436696
1224.6783231540935,638.3273680080315,119.14417817306172,112.33763987559257
1210.2297124862123,646.5331457684447,116.8941502870226,108.37742407644609
1210.1560119996502,647.7714113536767,112.66826644340478,104.55273371198926
1127.0780852379908,722.6288839862502,111.51209298918475,101.64006505817052
1122.7564233229677,806.7947256020744,112.34058699287561,96.44447496617047
1020.5379579217562,924.0665711858493,114.1748261449081,97.37206675760511
1001.4951914150399,932.4420306179886,116.4555534027255,98.21006276454234
1000.9628929072156,935.2356595466756,118.2595069361657,98.40246894678017
977.1741073524212,949.3759597256269,119.3638190735866,99.01520774598204
976.3033739176616,951.8958062086335,121.17240206952393,99.48493040649458
967.1439335535839,951.223268764897,122.79530463300645,100.34835336196639
960.6246084227452,952.5017720730415,125.15721520199601,100.99940987128788
947.518533563044,957.3036252566326,126.70311659986515,103.05068320991629
936.6122606390084,959.5377158007548,129.18526770306335,103.45877003167556
930.0341634819816,961.7428275053475,130.5866364250757,105.01719744036127
930.1155750862736,975.2120501509218,131.4814034626925,105.57683717118543
916.9186577308167,991.1857109133229,132.59403394997344,106.60837840883438
905.6822204925959,991.4231735877684,134.54070527089738,107.81562988832775
890.3657153829579,996.0753735032331,134.78124608404556,108.26198250643381
889.3065572245147,993.2596661202297,135.62532727157554,109.64747375330622
884.0306128101682,1008.1931210263924,137.10465292888165,110.60945760247981
878.4955924616322,1005.8497696545,137.98248533585377,112.63019168972453
862.585111994799,1011.2762361899673,138.95017097044766,113.832982762772
848.4134351337751,1017.8328757741633,139.8991212348539,115.84796325319337
848.572097452328,1019.1182094570364,141.69440669944805,117.59713298080052
838.531127882376,1033.841380508271,143.49071847423954,119.44114274600706
825.941458054356,1029.8214996154384,145.3568886509097,120.95647950191767
815.5344110860765,1040.9160325744526,148.4245779396416,122.3070082341577
803.7287277367708,1044.4537564059315,151.06211727619234,121.84489713431056
796.1179420762203,1042.3393019642178,151.56109433612397,125.04974123845611
796.4631323991568,1051.4759136029923,153.2022177967724,128.02029046762104
781.2274149295736,1069.4219942945622,154.88113221286767,129.24421413697144
777.1886995296256,1059.9509958240824,156.93728224723,130.68778654790202
767.7216779825853,1070.4230182833005,158.67092594250704,132.87387048993938
760.1274144842376,1080.4122958765097,159.4756514789363,137.10028280229994
743.8202912262057,1078.6414822395666,159.81693733215832,141.15931820873965
749.1489046241359,1080.1259265167753,162.87032569437898,142.6715464260199
731.3990336959944,1093.6368906986015,165.78716273498816,145.06786147057068
719.2817813514811,1096.9825457889735,167.65649599151976,147.25514282730245
708.9960182676898,1104.4372572400653,170.15103012419024,149.60037194843414
695.2846130883407,1120.5289961529481,173.742637022195,150.81375233800054
700.7522556067075,1112.7438201461352,176.19635860014637,155.6854959531889
694.0353734287248,1128.6396314688377,180.41718369372154,157.41303071745185
689.566102137768,1146.903956493799,184.54550937194887,159.99387010844737
672.4091306209053,1145.127292705229,188.33208195279332,160.76343070064777
666.0594052724921,1139.5299015227479,191.0726913257672,163.17722055767553
659.1587209523839,1142.88564400403,192.19953851975555,165.52132717836298
642.0305363951682,1155.8206477108934,194.23509388296645,167.91603305198973
630.7794598738052,1157.9182331440418,195.5074476550623,170.71968344423797
632.1767869877162,1162.6349641892573,196.5879865462893,174.48032650212252
615.524209154318,1184.7437008190432,199.7442126171386,175.46441421667166
607.9417955374369,1184.9023714924679,202.45746266431632,178.099215108439
600.6211343423004,1182.2340028004633,204.59913123836628,179.27656251976182
598.2068414339324,1199.6425828927738,209.10620623352136,180.5728361730314
587.7963094870868,1202.8012897188798,211.22277946559154,182.46993534583126
575.3080615793803,1201.385445419028,213.66331222253288,185.20900607615786
561.0013322325412,1217.810475890521,216.20603307746563,186.5202648658379
557.6456248940805,1223.710038783211,217.1084353413624,188.88633549922002
553.3638801746503,1224.9366089077903,217.28946227869687,188.9481150079048
542.8167559950485,1253.3675577985973,217.42336250862792,188.98678714206198
536.1974557479714,1251.4854412528764,218.24177219162493,189.80601696240103
523.0650959615775,1265.8013813571843,218.54721365772332,190.53811800073368
509.6889933698862,1273.602783707987,219.66460362504145,192.73623378557812
504.8473762759557,1289.0186473860663,220.3349088501949,193.7528436028813
503.75853826799687,1302.61698031571,224.0693210969628,195.7122045838041
501.3490463280007,1314.9864181896587,224.80614498092234,196.78276563400237
481.3873613142961,1329.7408940259322,225.8878058713687,198.05724406094248
473.9316766822667,1331.1473016191885,228.31811129265407,200.35872817176283
463.0922531334376,1345.1388007048329,229.63864006145477,202.24883218858437
462.7962132546968,1347.7398798422628,231.3145262144672,203.61159147811648
444.4380101380187,1366.5902592170444,234.04287626496208,205.0529149429091
444.4704431548073,1360.7283976789174,235.8999168218465,205.32347964056183
423.581683027737,1375.867400286932,236.39158273638765,207.60523928659325
418.26043997489126,1389.6570043359015,238.73806168570692,208.9637295529121
411.1792721787099,1414.6646689676206,239.8967790377132,211.6748254603721
403.3074183457089,1411.0507067744115,242.74250601371273,212.3879369004706
414.5659190785443,1441.1493424492953,242.7824503488232,212.40873653458993
397.81537170487894,1436.9234586264356,245.98615892672035,212.6572943032954
390.5289255410166,1450.1038033799073,247.2988602907,213.51341883748944
396.11497748653073,1470.704369072962,251.13014575819213,213.49524414693656
383.10461462349605,1475.6031190509518,251.46552869556527,213.70141011502938
377.0857424593681,1484.8817215800414,251.47425939009315,213.70577236336874
370.22780437462166,1515.7267290757457,250.87374742939804,212.84703712659908
368.4196918630362,1515.1502992467606,251.02977524225702,212.88867642476674
349.0463448034401,1519.4504765234872,250.39194024767966,212.75559081510045
348.5971884861942,1532.3500002020548,250.74484874599054,213.00297786043072
337.7397455670957,1539.2165999259519,251.85687890181453,213.99861542588133
339.149201423555,1547.0625123187074,252.8819153147352,215.02565889598543
327.40348759959323,1541.382463798468,251.11412093201906,215.41744367297542
326.813569859594,1483.493288883007,251.3441288601758,219.7118228618078
323.43767559162995,1491.6223473052123,251.74470632508948,220.72683261956976
302.6007108619917,1487.3694796594016,252.36865943548915,222.04989541058103
296.17044484573773,1502.8269364482471,252.26895491861953,224.78314848938385
303.20316703387635,1603.13372046199,251.10866095585547,224.55802345506265
293.99889892060474,1599.528254407577,251.86385016701783,224.547392224655
285.29287906126075,1536.5225854545993,253.17445517806422,228.73609066527848
269.16599160415336,1510.262784390524,253.8374631855407,230.81470616012783
265.85574721402764,1510.3623600390802,254.36894077347043,232.58125417808697
256.9610196832304,1505.2886733537885,254.42846686472794,236.6587275128121
262.20235069957357,1537.3082195143347,255.3631908870343,238.82883318976656
256.356122898733,1541.3946991712517,255.769964764167,239.771772008257
243.52831935073655,1551.7830944256436,256.131081045951,241.62101528243178
247.6327019611116,1558.0765215699187,256.67390846130934,243.45144309837417
249.21157095992473,1589.58636207767,257.2874550439138,245.79560790806673
233.7123441470804,1591.3086776195087,258.18041703141887,247.908466219531
241.56915792864942,1594.5813162089553,257.8483240446968,251.91613513133584
224.17392802410285,1553.0632080434136,258.4133924658505,253.5005310888843
223.1508996975094,1581.8661290951652,258.6329829163015,253.76500835183603
227.3579200672878,1619.3787052523098,258.517508994982,253.3941758007305
219.7084560490102,1619.636941348798,258.4507544296085,253.27064582772653
218.63516610890997,1609.6069918481694,258.80123977302765,253.68305337390572
211.7459433511164,1594.6017704157384,258.9409399806924,254.00931121069138
230.6776508432436,1632.3882330741144,259.18958935801027,254.92016580116623
216.4021279580993,1631.6343674333816,260.2212030604278,256.30882806516195
190.54482803636276,1617.0492884845091,260.9367756517036,257.2598964548502
193.857102387031,1648.0987635736867,261.51752585097137,258.2752422359676
193.92418325523946,1645.6049266502816,262.12246004083926,259.4375929779193
202.89176352541068,1694.6121941777235,261.45213676551145,257.67189825506694
200.4088184500937,1631.5338964656567,261.6582617679826,257.73377474609515
172.9014450387445,1652.7871316670685,261.7245451507396,257.77385127930665
174.4492132757697,1663.183592009669,262.43527426926426,258.35060146202574
175.67551052594334,1681.7870663587464,262.5739888395041,258.4526813893588
164.46707230945128,1708.0520756141143,262.7120032729765,258.56262030660173
171.16406265393778,1730.4935840327514,263.39337143806847,259.0178717493567
161.79175945583754,1724.0748272844844,263.58651756815567,259.42132228812727
156.9946855542153,1709.065134913489,264.2890971875012,260.58481866341907
142.56824287815257,1712.8874909778904,265.53461216303975,261.20969405140056
152.51896035895905,1742.7279334726907,265.09314195362407,260.552875986849
150.27541008879072,1718.190194689603,265.69367847761856,260.9163708259736
141.5172466403781,1712.119420625579,267.3171010928276,262.3341888667409
135.326715039461,1715.6531933334218,267.63806278556757,262.731961654028
151.5237258452898,1763.7086504727706,267.3627926997889,262.5063089109749
147.33190065664093,1771.7457351040289,268.75714377975385,264.24844099428356
140.0419860012541,1779.4685212102481,269.7862490609865,265.2658585889742
157.1077319925428,1788.9348766265814,270.1730790693759,265.6414611260583
153.04031899997224,1789.312554905332,270.21839604420205,265.6900588122169
152.50159389286088,1798.616968205586,270.69748256089593,266.41505446207515
139.81684429815024,1799.2666516912136,270.1385721739012,266.21558201444054
153.72715964611575,1796.5463279253106,270.26774006195456,266.1948128249027
152.65566082945023,1801.1385409555905,271.2927343269079,265.9997361295773
135.46695444825116,1795.9355616645364,271.1723596137201,266.0262935047154
153.04663560755452,1800.4358375167426,274.2350775258263,264.7711102809852
140.09192457391333,1802.088453440808,274.0670517018733,264.7578994690025
138.87473596545254,1799.4360108325843,273.85405643458773,264.81597949441
146.79572417147682,1800.914383694123,275.3894298760548,264.1723600969401
129.22899182100494,1799.2371007840832,276.74527616879544,263.60237204586457
131.95930435235638,1801.9207707231253,277.38955194303713,263.4696374801278
135.43583192844545,1801.819369445047,278.89295011422325,262.9046934089538
98.00792742047395,1787.5850989133123,277.8425472771389,263.2985617734482
108.77584503469481,1812.3805359247283,276.62591256444426,264.0506290347963
116.15647183201642,1837.604410146806,276.43402447120485,264.2162152464023
97.08230250393268,1826.4668859814733,275.349376677177,265.09044379862536
105.43913097032907,1811.166575988302,274.1740183512568,265.6517113679759
98.41653713530948,1828.881007414654,272.90512959765096,266.1476264998911
108.92313070021626,1840.3785347725175,270.63322588458544,268.28113280406177
77.86872277486808,1796.2019281716614,267.6183616205357,268.64184570059797
62.33209138704777,1803.2255641556387,265.32278131756306,268.7766349280167
45.42369497895274,1805.5728045557212,264.31271942794257,268.8977411716141
30.934270230379752,1801.8049459617623,263.9935762187897,268.84089234619574
47.028478291853276,1806.210919791516,264.78493075624306,268.5605599439513
50.221289395120635,1821.0264837830043,265.37978159124276,268.50347523490075
35.64961961007245,1812.3856729331344,265.6749918888782,268.42527561506023
7.503941104228801,1816.4441475065005,265.6309111259073,268.3598868702446
13.175655211411765,1821.279056465199,267.11069458146324,267.5902192519202
0.11606170897235302,1822.7571148033726,267.14550048282644,268.37523960331345
23.371555511114224,1833.5772707405688,267.24372766125754,268.7237106116111
101.11859974942612,1836.5653262262367,267.0107170654931,270.8218517688763
324.71501250737845,1822.9668921999064,267.09331269216653,270.6531573825725
344.55796363922093,1804.2776514573304,271.5249412512356,269.17125678764626
339.9251445536514,1820.140607876275,274.6204277118643,268.8221082472422
323.51733580671134,1823.3012512583364,279.76573041692603,267.44015492199304
353.52276849295833,1829.7080802133075,286.09574639208836,265.4750220593529
353.99134006765894,1832.8531424336086,293.1505818880118,262.8575207762519
369.4264639680333,1836.821206772705,296.2335773428783,261.8154398351806
335.31846623966794,1851.6255927141824,297.02891850273414,261.6514196917277
334.2990223835688,1860.7776111399296,300.0501333781518,260.48559122951553
352.0254374712789,1864.344278152344,298.95327549277073,261.03840823236646
330.71120832046205,1869.6421903553965,297.51367959518564,261.7058017522868
291.7758688206641,1858.9107686179498,289.0772678355042,265.4535439851147
448.97882600641265,1613.0489692305407,288.78371918666335,266.25911297477654
438.560610510433,1507.85270114005,286.2718549668307,268.8124462748988
414.5787076135206,1505.960251729192,283.22520849014774,271.9934607572824
369.3266278047097,1557.7313502208822,280.6465662889218,276.0011829023198
414.87862486875434,1565.098706542128,280.3710710011645,276.26835948864897
401.5372501716133,1563.5396838614563,279.6371047734984,277.119446613298
421.43488142785156,1542.0429795001205,283.83449896878545,273.0475133865067
537.1067518094408,1292.1005230555159,281.1238606225994,277.4388960022782
522.565226138297,1277.4355334462643,273.3868970112735,283.6508103404102
517.1397464026882,1306.8927097551298,259.13690624140236,294.2817000322499
508.6439052377414,1305.4028267482804,249.1839836976386,301.65425016460097
502.4828498353522,1281.3014424907092,249.38286738297126,297.009656161433
477.365735622991,1303.4686814906781,251.26979050984215,294.21167718493257
469.3264176864418,1330.4256878508381,245.56747011463,299.7195127617313
454.7901574273641,1345.7472367854803,243.65139467026103,300.7960937712315
446.393369830202,1416.3319326148328,230.40973732063978,308.159554285378
439.6136038695621,1434.7825529090558,220.8194546362067,312.85951380069173
424.09181508656656,1449.9646437381678,214.88962827153375,315.36077632581737
412.08365709183596,1477.1001504770975,211.58225384656623,311.2653037720304
388.8026910718371,1492.632508269131,208.89024911898588,308.96805187204524
374.78952430935084,1517.2828643534456,213.456903994056,303.3924259155744
355.30373171773505,1546.2804235885621,208.55219599491457,302.7849874990519
349.6154042302817,1592.3255666780333,205.35243686154485,294.5240699114183
341.5119162787787,1625.2382257143472,204.00715904140634,292.95142975627095
302.8407550680239,1657.9896936398309,206.12284266897066,293.9807815029598
297.5319064983263,1678.8133803111962,201.14656092652996,299.08539943220177
275.39341310161143,1712.5219418970157,195.8005885829967,297.8075279695472
250.7850258096083,1754.6166524868909,186.45857105274519,299.8469581081565
225.91214406692455,1772.760434595947,179.438125889431,301.62689495815954
213.12923194412218,1813.6420551492618,170.5297718208268,302.24381895162753
205.10295416092686,1878.9535402392808,175.33955242383854,282.69532692100347
190.21869199734795,1910.8082788201295,177.88612049794463,271.4566215488567
167.94405973273854,1884.7875610996862,175.86620930694858,268.1794267712378
155.47157969309796,1894.5549059967266,176.84949374230882,261.72844669395386
152.4177181057832,1904.2902366486867,174.4863659724193,257.0861774188419
135.70163261469827,1916.3126082848466,175.00122814721615,247.53676400339478
139.8381967642036,1927.4530640455023,179.01533987658686,239.25545193887046
144.7369351916326,1937.0653012566786,180.02830880725125,238.33531978641517
316.3538045190392,1813.0204741482319,187.55418318954742,231.16235498475402
333.9335598630734,1806.8989240904598,198.20322047511183,224.56782387471225
306.1544587222607,1838.1110584113403,210.01876604897362,218.74947030253142
266.4932093024017,1863.7580497673605,220.44093529884785,212.56565223282482
246.4412847420317,1899.2848808412969,233.73180948977824,208.4198804047764
236.1048124132556,1918.4026043956972,242.2854742858803,206.24828751350515
215.95622723022544,1951.1623556841387,258.24546546798064,203.78024520273516
201.59111126151035,1984.3832271804301,262.53006065614323,204.04943971015226
239.23803888394033,1984.7823068377018,263.1481011632364,204.2111518665373
284.6562105479968,1950.0497410341668,261.50716188785776,202.62439596140052
318.7638482448743,1939.4334554898971,257.0399982189564,193.72259052406062
474.4155206399413,1812.013495149802,257.5664874131974,188.64484763003216
531.9401808380495,1745.893750893828,257.60395900916836,188.53931966248823
653.8968511004194,1621.6625773569817,254.51509663384255,192.24193162875895
688.9791901426806,1472.3432867730596,239.88118789746466,215.53377207394664
683.1075826816503,1445.1281885724834,232.7983015164247,231.7576887204607
687.8265678052787,1449.2689075995152,227.78491851892392,245.08576299549853
669.1946472855276,1467.6634696828175,224.8075524356234,253.85285602249706
674.1835418964534,1450.7094616075037,218.43429783977885,266.9039805410446
677.7845190637366,1456.105932895205,218.97710258800657,272.80930494867454
673.4384802801076,1466.8106732318736,213.32574677513782,281.075607432686
639.7550384697729,1474.1180220953333,215.17004738799452,278.8149298244798
653.5810231785304,1478.4046294696902,212.78184139821406,284.4355036042085
656.3301069889304,1497.6501961797635,210.2067747257476,290.45378867161065
652.380113741472,1502.8936509803323,212.20204425212822,293.05793970890085
628.919856763126,1524.8381082477488,217.50568351399602,294.78747915356007
598.5283707077635,1560.1422303793079,225.20313392672273,293.44346371124277
598.3906130940098,1547.5419750428014,229.71551515154465,296.272193988748
587.4598456927499,1570.7972367450634,232.6395766569453,299.5033011384231
579.4996807235854,1590.1408513829135,233.11813222698834,307.3834623046173
561.6120716845177,1608.1427708162998,238.90461319880043,310.01361086460247
546.1252450084763,1636.02531596154,240.6595012920941,317.8955695243178
544.907768484393,1628.7913926414303,240.6691649477893,324.1987414056256
522.79405439882,1634.2241483995274,239.71521570804668,330.1227005620391
523.0134439571195,1659.2406636258809,243.9094145539415,334.2199725385314
504.4820118568278,1657.8232412930688,246.17449585657587,337.70273334232746
488.14645648101873,1708.3921259781089,248.8342884014068,344.2465588208802
474.38361752448975,1713.723940110885,252.15316776099797,344.5067186260066
477.81850596502596,1720.894289042645,256.1301516297425,347.89716852860016
445.37726985378356,1711.530266428037,263.0638819393855,348.08215917712727
432.2009341160039,1716.756846151019,269.74720374453466,348.3012314053575
440.6272120185555,1697.881039896433,276.3273376061795,344.4054516415802
407.57437859707284,1723.8883520099666,288.28035170866633,338.1685678930287
389.2544168875851,1734.8053305385324,300.77385560249536,332.1523102682702
369.13213003260796,1757.212480207313,318.66583493683925,323.7240544792933
372.9110013565332,1767.6409105203581,335.52273271562456,315.6397730463182
350.53122174774364,1771.8363522081281,345.32642035117243,311.5519902567156
335.5607521568247,1787.5886444591804,357.09723166435793,305.9632077565643
299.2877553850135,1781.8098686057158,370.5806298405486,296.7586783172531
272.20188911077696,1768.513215333724,373.8377353138265,297.0120762613834
279.7273023213829,1752.558085036788,374.0418517865964,296.97031621011377
388.6843970736255,1649.1682562709675,375.70563469422063,294.8397106802314
412.2394858734917,1641.8660151382046,379.0519581015684,284.53374296406787
422.3412351703481,1684.3338701204366,379.67169406596105,279.46095566806076
488.1913220275353,1672.4593913814845,379.87773983400854,278.57279957479807
467.83242730139534,1691.1161157277734,379.453691212558,279.32040129725897
473.23852740421535,1676.7438689688624,376.98600776106827,282.5203238922294
468.2898891743515,1701.4593749420167,376.7238165236525,282.74696956921224
461.1812848477083,1725.7189967836564,375.67779389947304,283.7203482614208
445.327205418693,1716.2721101127195,371.82226257195674,287.1488134139024
450.6351409273626,1725.595000908341,366.13759635045494,289.7519274678011
456.6240617094182,1747.6025087231126,361.22627118572734,292.18970114489866
448.71827931030714,1771.5294670850003,357.7850131079729,293.5039706088671
423.6652476868286,1782.893574034686,352.918751983592,295.94511591664946
396.07203864456415,1797.6943157107257,345.48593026099206,295.12033735277777
386.9175724916466,1810.1111343167172,343.9382150753721,294.05162132914955
382.83710360514664,1823.2489894928792,342.8900464030595,293.714545849262
365.0563274413031,1839.2880700492353,342.9932247073091,291.5641706099627
338.120506292544,1857.989997291871,346.030146393255,286.07738460613655
335.3378091052472,1868.3994014288703,350.3542754709127,280.6062135086519
323.74557124286684,1876.026586535088,350.90125234008246,280.0162424432499
328.7493922118799,1881.6537348004722,347.1842660150018,282.7852565737978
352.29482752227534,1858.9559410993193,345.18360535514853,280.6112944155566
335.8413638267664,1874.8152848919485,345.16715094074647,278.06428728073774
332.5937929191291,1878.3427522211796,345.8378703965545,276.6589364388039
260.34605205291837,1651.9529277536171,350.68618110846825,278.06346330361635
260.8272089408392,1671.7463027992828,352.6313404199373,280.37239268616156
258.1924396331783,1684.2223619300735,356.15079594638433,280.176479029683
249.76380887985488,1694.654690439909,363.5300396460243,277.5618143806172
233.46783644383174,1698.2243609832356,371.49532512476003,275.08989988011524
209.6141563908994,1726.8675139415786,375.1443813976169,274.4010251462904
165.1773327119746,1762.7390356245364,377.8919530108376,272.52687063535535
160.64427306145407,1783.9186160937174,386.8563189429049,269.9178126938195
156.69204085344356,1794.4412192807727,391.6203035558406,269.2914753382637
174.17630005514974,1804.2683476861125,396.10548998641264,266.4663811252405
178.19638686234916,1821.5858109526496,399.9603492547042,267.213389711795
167.19097922791693,1841.4653874433852,406.7159221758514,267.64878247617366
272.7523516810542,1822.3346386018925,397.6265482412565,268.8401698381142
304.86373718711167,1818.408677675092,388.8988638990635,272.0333950402562
297.8949417693225,1847.1633367333961,379.14329563124824,275.43830727032747
310.01708626401614,1845.8512730881002,372.2124278912506,278.66361839261094
313.25300778877534,1855.7373707698423,358.2426195058863,290.29866294306737
317.6753206475364,1832.5221248514376,358.10519479239247,290.568697168793
303.81745301812555,1842.217236006921,359.5230288976497,290.2202267193985
284.62445409558893,1818.334876829695,358.28177988603346,291.71448685241484
310.0153257971083,1821.3690960542235,359.56864762801433,290.2070768838878
315.57818782291974,1832.635442851766,368.50058654025855,281.73592866081214
371.1457323450145,1791.1287188256988,380.06574621433083,272.4096245156807
403.3972689228789,1820.09652976987,391.96851870069185,258.86475732704554
394.046332792197,1829.9958508735783,410.50498856454226,241.68984411018357
385.3475063938348,1843.9251442848108,431.6454721145931,222.74650806591694
353.54431429941303,1852.8343039860638,455.61775443576084,205.56951342194066
336.91717780300075,1867.0202630210504,479.66380980773573,187.76039957407428
324.3579770073541,1877.0992071717733,501.861354923199,170.51996789952042
272.9935568071403,1895.829251045851,533.5823980824157,146.20735157928286
276.1094658752572,1910.874327869582,560.7265565086819,125.62786954742108
327.4739056629372,1894.9935598641482,583.618816459689,106.16778690594492
336.6770216064413,1899.7832078896856,618.2203093346437,74.81307161964045
356.2739139521866,1888.1382974325782,649.5364962618055,39.81042350919726
345.01803084186486,1874.8206856839063,672.1568938101973,16.122545962839737
351.2894058981852,1861.7225838909458,675.143851606187,13.242915274468945
295.19232547456875,1829.248799647156,676.5057294334003,11.970291806482166
308.7112502491011,1871.3831278024365,676.9399219680759,11.582899228831007
270.6173331232236,1861.2962424359464,678.0760747012762,10.51341816127437
244.91591136347955,1829.8822824008391,678.3445455095826,10.286456181928164
199.94470515683594,1629.1204128130084,678.3563625249207,10.2770227501679
185.08210246430502,1615.1546804512045,678.2852403190401,10.327692948629377
161.75859296690584,1657.8465221974482,678.1660773680377,10.413331660731908
137.54914502088167,1698.5329864456096,678.1141633235626,10.450849331400976
105.28127914283544,1751.8610459902823,678.057968504948,10.492034014028565
79.91031314609677,1792.032901133078,677.9935116434449,10.539917661542344
35.7677726443826,1855.5562658573176,677.8737540848615,10.631295512867847
-6.26287970300632,1905.8499822866834,677.7734987210456,10.709588362144
-59.824313163904264,1963.1224073382566,677.6264376643259,10.824238381068156
-90.49962770707606,1977.187303928056,677.4371421290874,10.96034295232341
-113.75602417811064,2016.785490534563,677.1305457278949,11.153808911672888
-146.40851049550525,2044.310663636108,675.753862478895,11.976742280116147
-162.45484236454047,2027.9568112773702,675.1111593956764,12.41356153006262
-162.08207071908606,1961.8903241737933,675.9249543167808,11.781780488192746
-136.93823777331505,1855.2259353414606,676.1448987462837,11.605766893092515
-161.5818455085651,1791.9897239075156,676.4674039811881,11.365726382076447
