1898.5,319.5,52,125
1906.5225770593133,325.10670255679383,53.91245696535784,121.9026351162097
1910.515542917543,330.505144464213,55.78100408495806,118.91996314676928
1917.8740080299497,336.78874303484645,56.53802424619187,117.17105099390578
1923.3305658460981,341.9040430752355,56.893805670474464,117.7505085532033
1928.7566978598918,346.59999740015076,57.97903401349295,117.04457402446661
1936.028930507521,353.07523190203176,58.8335707934297,116.4572270070937
1942.010754023063,358.98296112549076,60.148646525407074,117.15506945586667
1947.5984704776024,365.044560781297,60.721886101680084,118.09533526266242
1954.0482306454517,371.17154597504674,61.3537616781519,117.97244931730152
1960.3034543564818,377.9518234119505,62.02238949718068,118.54398215101355
1965.443179211933,385.590327427347,62.315877751671096,118.61508241184647
1971.949703184078,392.76134675920946,61.83064276514467,118.0680466854385
1978.1019769246707,401.4988488639017,62.688815010521886,117.67477236497012
1982.8506435913844,408.465112794305,61.76409062484842,116.73743893928305
1988.2380052034089,417.365612691431,60.878919517193495,117.25705300611497
1992.7853224565083,424.54419869645426,59.754330100716444,115.98888360532152
1997.776525808329,433.31013524394837,59.10645899582941,114.95479989326786
2002.201738400541,440.65636307601295,57.716374311283545,116.00585829011273
2008.7205645880156,448.43271750617936,55.366737874139666,118.13679277084444
2012.513186677625,456.06463042518334,53.64074280991119,117.78341882187456
2019.55094532852,463.1273773137838,52.00889291992547,117.94134179272046
2022.441519228798,471.7818406433397,50.82985121372993,118.79408963312045
2030.0968635974007,477.8228945457548,48.589281380638035,119.23987870939368
2033.905443861609,486.53133966488645,47.88691482042226,118.13529010687256
2037.9205732322614,493.95013113565255,47.353457932297175,118.68833311901473
2043.22802007756,499.69507257994036,46.69113420324827,118.71778406985564
2047.1776013764584,508.2965818017228,46.559992712170946,117.6691139997038
2051.552674376937,515.0850436320505,46.87061960702674,114.97798402496144
2056.8209535442825,523.222256966556,46.784568436337494,112.28909526641209
2060.0412132806614,530.273349738901,46.39972113231141,109.81074910007902
2064.495705700197,537.3771031626219,47.19860582296377,107.40967974500762
2068.9894568485006,546.4744088822912,47.88888939977035,104.8335537564138
2071.378169123988,554.9372677177724,50.587710728922936,100.44085324395954
2067.637052720036,562.9776256915374,51.04446088225495,97.4933303124819
2064.1834813175187,570.4173815478498,51.50952652740761,95.45945782867773
2055.8332651181413,577.4430405786749,52.70260418983476,94.15629345355123
2041.683833027198,585.9622077539367,52.934848498673865,91.01631744805917
2025.3098115521143,592.7917792069737,52.26494940172254,89.91981473210973
2001.186071580889,599.6114090557193,50.41235076140944,89.19060351942093
1981.6367237122267,603.3490526521506,54.90022191377277,84.63805106395444
1952.3704754489224,611.1667436029271,62.539968654004696,78.6459129520743
1915.126129372055,618.7964362445947,67.27143577111816,74.87705100705688
1873.9475647309143,625.4956403797128,70.85419676726681,72.56751373901812
1831.8273800235304,634.8462232650528,74.97319777383156,70.95489090657038
1777.5202360149385,641.3484551802328,80.06819868164015,67.1605148523945
1721.9010777930011,650.9987698283365,84.71886864114009,64.03820930191465
1654.8768968363554,663.0465892431101,86.93788485130672,62.42707517207437
1591.6883089469254,672.6724172614229,87.74761678251014,62.129965110180436
1524.8053497022847,684.6364860389058,88.61039806476022,61.357066660439216
1461.709052826067,697.5823930628007,88.26053423662972,60.948523257790825
1400.8063443543142,713.195302072233,89.52432520357274,60.595059746372804
1335.2086082972523,727.9765832716797,90.90413874836047,60.67045205939315
1271.2165993426988,745.8584045616104,92.53602195287765,60.35920968705142
1209.1746881168133,762.9748420945621,92.76359745640632,60.81183953447827
1149.949456472652,778.67899872137,90.00538154551016,62.940483067971556
1108.178072284331,796.0085877611256,87.05245290066775,64.73714605291366
1073.4514887715184,812.2602109661162,81.73641674025787,67.89402156065702
1051.5121854556685,823.0266907000209,72.35163378455542,75.45168404108973
1040.7440359514449,829.4488305544062,65.24982549319807,80.84188995853998
1036.2180545852113,831.3695505645934,61.599539652361855,84.05819730220978
1036.930396153599,834.2589282654651,58.99022373741867,85.8124137594445
1039.9427875020829,834.6476581322347,56.2975185436553,87.0404958273579
1044.7914326140815,839.2037413885033,53.592854033006475,86.86861404382476
1050.2079024879488,840.90252453416,50.93762005004221,86.15116917432537
1056.1962366283085,844.4863176165695,48.706328356237144,84.27709821488945
1061.8476498940815,849.162351734979,47.355269746138816,82.12503693989304
1068.9061801867654,850.2722917823284,45.98027172943546,81.09939813051857
1073.0180330032194,855.7288126156942,45.40298085330253,79.36379138505137
1077.141215758028,857.5253631809285,44.83378323614127,79.03547649802167
1082.6837917073033,858.6252754952685,43.641112187810435,79.21675371603644
1087.0904961923352,860.4809645072509,42.90686390805422,79.83356840294823
1093.7137195033154,859.6855166105063,41.51341601961459,81.7819229369102
1097.8946493551587,859.4675656384659,40.8192957072546,83.35479718914986
1103.2028935640744,859.1116660182296,41.86376176482603,84.36694208887837
1105.850736266647,862.6872088823044,42.834219204834895,83.7429941170765
1109.3409452396065,864.0978141616652,43.66090298544741,83.95635472916186
1113.210291785193,865.2269954218293,44.70267311296348,83.16032374226559
1114.2070828142228,865.4510493107214,47.98302208136262,82.25389376728262
1114.3782990009709,865.3105146709074,49.17949401713927,82.87623000681606
1115.2804283263272,866.2731768492673,50.747861194215986,81.59148886724032
1117.7249420194987,867.0957821000505,53.459755438732444,80.54739460569847
1117.909173374714,867.425183498053,53.963822711822274,80.15979166192153
1120.2024742545873,865.8054605387538,53.05910309509639,79.75197548411502
1124.5079162524798,866.2395355335344,52.25273398425996,80.10215242078513
1127.8898066454544,867.963794267807,51.68762263190462,79.0623356568147
1133.4296973823405,866.894049223321,49.733051920156626,79.60431934186367
1136.516291878825,866.2234309883721,47.73690541147053,80.68709815108618
1139.0830589403608,866.2033900817537,46.676768924812606,80.65768614156966
1142.3702393128758,864.8110369971597,46.14817405655262,80.42703577007771
1143.8680625899626,866.9591599735113,46.17401211579785,79.94765955309228
1147.2415574262477,869.3010664712431,47.047567830495524,78.93171612549997
1149.2559044696186,870.5706906807274,47.8158469722082,78.48770829948792
1150.6540839330794,871.8425103087563,47.79995770127729,78.25669349792821
1152.083727363413,873.0501449677557,48.08344351517091,77.93724770631178
1154.8741321764824,875.8758891506236,48.569529850793344,76.82576836233503
1157.0673353505586,876.957170834466,47.13909831991731,77.0021994976717
1164.4333565904217,881.6753203694833,45.34910009830873,75.84384880715359
1170.1860659099095,882.2294693401932,43.07475293150084,76.38265930136461
1177.143818257066,884.9064103237658,42.23192012744665,75.38664934349674
1186.624678676971,887.5341147445115,42.86391877005872,73.76783718169274
1195.7084502507678,890.5682966345195,41.945376171781504,72.99994184650116
1204.9268310677032,892.3339217802546,41.575863836006405,73.51334115601341
1217.5713785339876,895.0454684001934,41.31279276818367,71.14780764475843
1232.5036561034767,896.3923241252002,41.28256151226203,69.64898800516202
1246.2786061334398,898.9796218488118,40.85282250885433,68.18920912822068
1263.8083623834423,900.4293483792451,40.93099769195474,67.11261487777901
1279.8883623454906,902.5856787353272,41.36377502005551,66.31726216236467
1301.3294247250149,903.617857191507,40.33606615456159,67.09820115607184
1322.1309052682623,905.7822577936128,40.69495428071344,66.94831783668707
1342.256356738469,904.8713696321291,40.731511667447926,65.86628723483427
1362.1768693671552,906.6369448061605,42.60656993668748,63.38503026598304
1385.2830615380974,907.9146349808993,42.51334147859196,63.55785988888696
1407.8149782039168,909.1283024722709,43.91181130857403,62.1383682813499
1433.91320053917,910.9153611929945,42.37792996204243,63.607787026120874
1458.4945856427007,913.1083415649288,42.3316682388676,63.12172099660779
1484.6802220023903,914.0421676455845,41.57226914619752,63.29853819183306
1510.4238248980466,915.6494243580873,42.36784304848818,62.09056220426648
1535.0465428693005,916.573255128834,40.08269229274818,64.88703423058325
1557.0385725294916,916.977528717683,39.8887178112332,64.53587363597508
1575.0913718812203,920.7376076987936,38.335880185656535,65.6109648497793
1588.5932471337921,925.0629586111966,36.981637203096035,66.76881481330349
1598.3701831239352,933.3304000509427,35.42761454226759,70.93495122092062
1605.714929528492,937.6253509654863,34.386492475952096,74.05893469914523
1611.832884934967,943.9425998776296,34.039617841590854,75.66571647690938
1616.1662185720177,949.3885099889511,34.07339955735773,76.06910518523574
1618.8137545617428,954.9108516985461,34.00333511193443,75.70835788512522
1620.4476417351887,962.6610450444697,34.49401079632333,73.97145328708915
1622.9040180130412,971.3416405224557,35.41314119426201,72.2100366917738
1627.8772106380925,981.9272238567913,36.42267902460383,70.66778771719446
1630.6144301128447,989.8586233590106,35.477977070796314,70.14943394133257
1634.0158195710908,999.463833281947,35.06936128601827,68.99940838256907
1637.4522160817671,1008.8747250890862,35.29074884861949,71.24292094138659
1641.2350367419526,1016.0963959183495,35.45602402833983,70.06781544313816
1643.28184117012,1027.8994400879728,35.94126210346249,69.17016979187974
1648.0416471925296,1036.121710460626,36.499673015491695,68.24171181024529
1651.1131840196274,1047.1621260002867,36.2332210844709,69.54766814547457
1653.3683470759374,1055.5232840296283,37.06316024589883,69.0582984826654
1657.2010336701826,1064.4542077321685,36.79244848395255,71.19739902985543
1659.0458569098812,1073.9058413983644,38.369548048714385,68.69601577644313
1662.309340846993,1084.5108361300272,38.16922554878877,70.13973381739027
1665.9473236753413,1096.3413165172922,37.83402813397454,71.63420097559944
1668.4739053682363,1104.6881401051598,38.75955584925881,71.0342065250837
1670.8166523991142,1116.704213928323,38.75980178155192,71.62493218503167
1674.5097234915372,1126.7753938288738,38.695074544216126,73.11168844227991
1678.801343501949,1136.556430771765,38.03589725227406,72.9634863216341
1681.520059338432,1146.1883314914412,37.33235945061561,75.6854026557194
1681.855210535801,1156.503033527466,38.396014465736386,72.63946606719021
1687.4303023622374,1171.9967831292652,37.5176823524754,73.00630837054999
1690.4017412008434,1182.1666763464796,37.89538897244344,73.00858583992995
1693.5037713254917,1192.030867979759,37.6427404472375,71.67245835645201
1695.313266506065,1204.118994171878,38.85618569400079,70.19380729057312
1698.2977598192758,1215.5876073539855,38.508463048444746,69.13064251083114
1700.761105057951,1226.8727913358846,38.34212518263617,68.0769848284048
1703.8639689850647,1240.835589403916,37.64504190924997,68.38328413911943
1706.4342481277697,1250.5122705913923,38.863928718902336,66.8298389852362
1710.7198063701746,1262.6949450105255,38.7187365352397,67.38869020495314
1713.3975820567312,1274.0394808128597,38.299472565233216,68.2080242857095
1719.2395083595677,1284.0305134847285,38.86296969863503,67.39787399629327
1721.2126148857326,1297.3493738987554,39.81805564609172,65.99867474416703
1723.6549884923418,1306.5942859025429,40.16974479990825,65.18009058949737
1726.938261948935,1321.1059974452598,40.47543843008738,64.1369684073839
1730.0083231531396,1330.797208461155,40.999805290934376,63.49814912827934
1732.7967131862156,1341.8779930388623,40.000676248647196,64.4609047714484
1737.143390488551,1353.6700771116875,40.992867565302404,63.437012657292186
1741.6653538912092,1367.5088024509303,39.641204840033275,65.13739057682919
1744.0828973514954,1377.3375632398806,40.10664596893011,65.34916411916767
1748.039247887015,1389.4542649877085,40.78719421887429,65.42184430271129
1752.2553188554532,1398.4273662193054,40.137979318283804,65.61589872123118
1756.674813644631,1414.1980534998456,40.08594748071155,66.80435967040472
1760.1138012734123,1421.310222145175,41.68907898126703,65.34234003721676
1762.367568599879,1432.138485738174,41.50314762652058,65.40831079128203
1766.466804666837,1443.0733338907178,42.228989037831454,64.52804777476857
1771.873833688238,1451.1632472036085,42.60900181106979,64.72806199981727
1776.5705739026246,1458.3498246798777,41.544806050265564,66.4841222877577
1777.6760729820319,1468.0242012723413,40.23746508940305,67.7539585040756
1782.2357898108883,1476.3715491307726,40.30045883800119,67.45740274082635
1786.7676194136698,1482.7295950506007,40.6763643373332,66.89009363127265
1791.2892973762912,1494.5946733457367,39.358742645946556,68.77222646971117
1794.6500446015798,1500.9747653482736,39.39098659868955,67.70171398105586
1798.2427475698528,1508.7392592273002,39.8543524249917,67.67098576737529
1804.2447281254483,1512.9977672567127,40.14938060976028,66.53476757155721
1808.387793550817,1520.9044344402807,40.40904138499927,65.93451456428429
1811.1397639194533,1528.1465042391194,40.075375859060756,67.19019926165076
1815.8825223733581,1534.8534712140693,40.33875936476438,67.43845479539358
1820.927476687909,1542.2943008073416,39.46937456989129,69.47982646212061
1824.3317750638316,1541.8320956468722,40.32440734990638,68.6009181633311
1828.4311274930049,1546.1497843819895,41.278560272016485,66.51305894642277
1833.105752920384,1553.8106212409928,41.148636390219295,66.20337291457359
1837.6385579652276,1560.4435157286596,40.74701441393543,67.57593824069274
1840.9653489555878,1561.4194565368718,41.21293116292078,66.56962047705534
1845.827436947329,1565.3603165691072,41.08447260955346,66.16206442167848
1852.797843499937,1572.9121259318686,39.715809734745115,68.10112834386132
1855.6625763080226,1571.0132206942812,39.2565510468273,67.39940802679956
1861.9585986153427,1576.1879674513768,38.87348031676957,67.74601284024473
1863.9303239825017,1576.3487809462601,37.08232922501439,70.29466635470513
1867.1071459402258,1576.0891428512357,36.531244685329156,69.54809355049866
1872.418008714839,1585.527792005747,35.1890124680118,70.63370493996271
1873.9168429740603,1582.286070636338,34.190651939643274,71.39539932672976
1879.061670025049,1582.9713720012248,33.559968670490896,72.28286778111445
1886.4391266398109,1583.9840650855626,34.3511999264407,71.11734602617729
1888.5992999129232,1578.1407042417122,36.90157996560388,68.01413450922719
1901.8639635050185,1580.6683677952617,38.92492612125713,66.16246121453665
1910.3574862845267,1585.7309077028392,39.696990059311275,65.27756904433994
1913.7455026152286,1586.3553851249767,39.63792450377299,65.04348138661149
1917.3365440101343,1585.7497265472791,39.86318939309958,64.46483923052122
1918.5867466354207,1583.1043061201708,41.04496979239866,63.37045145085727
1922.9120847394015,1589.219394349002,41.54897765120963,61.94241904379316
1924.1349922008283,1591.8452033659955,42.91369196038107,59.60560832944721
1931.5408769750716,1591.8651614702285,44.80209292886209,57.027899438333506
1936.430763773302,1589.5720823079423,46.96201278332895,55.204999192044156
1941.1161577878415,1587.2802134808644,48.64585884848858,53.41469147419054
1943.9919961310836,1584.3801084368838,49.81148429365696,52.17214452784983
1947.5721768224812,1578.9654500779,49.911371095065924,52.338720538420326
1946.6276468787657,1576.7616002035002,49.57898995199442,53.36888279828234
1951.4730843551677,1573.679408143679,49.86533744181768,53.7181886594105
1958.7263826807314,1571.9167778039948,50.81273840268976,53.22254765878583
1960.094553776898,1571.491592906267,50.9666521383959,53.23546665191532
1963.9235716898959,1569.9223498622696,50.8589183410561,53.31094729252271
1971.0792684947273,1568.9219612211177,50.144564907785046,54.455603928826534
1971.6803037851712,1569.1784035953578,48.98528107411461,55.735837538004716
1974.0377839441546,1557.1067537648673,49.50634942741233,55.091560523570664
1984.5207471047281,1554.4567443664625,49.885658930850056,55.30904643768962
1987.4409659655798,1549.7494571785296,50.36880814991202,55.141094606585426
1986.833128287594,1544.900940692904,50.69765883842992,55.121823752457914
1995.7506921647866,1535.403219478923,50.854871171935294,55.356041433716214
2002.6312098049966,1532.3404482637472,52.25306517008012,54.5448758905873
2004.1415791635545,1525.0309449016747,53.765334074729395,53.756405235887186
2006.9628465735714,1520.3972336452655,54.02109990243121,54.058510022570175
2010.9511355436414,1519.870691347852,53.957030449992516,54.646570116311935
2012.0439314253995,1511.2122544794443,54.244144527540996,54.478277303445
2016.7147550037034,1499.0748805818675,56.301107485984204,52.52211193636702
2021.26317192363,1493.0856201802023,56.25532097126557,52.75378177228994
2023.502339487959,1484.5287385925428,55.71521492662194,53.81038743112944
2028.1510494624508,1475.1525513648207,55.34454134604661,54.65894947812657
2031.5331181390243,1470.5863926869642,55.86742562986284,53.563540851173315
2035.8984558874065,1462.1373079927355,55.66977492100112,54.578850055914934
2035.4903226688702,1450.1426001973712,56.426479501982826,54.12264606351393
2042.2476544652982,1442.3897606290202,55.82452228424904,54.78188869966668
2042.9756732378603,1438.6255145412763,54.54556751614783,56.291883408113556
2045.8548573601104,1428.015901663024,55.18670154902205,56.35705070819739
2047.5824164758935,1415.5981698806472,54.81181784504361,58.23709091784823
2051.4024424057397,1405.5496011995258,54.61955422387615,59.840501549744104
2054.5817927477747,1396.5898749873643,55.01671672950407,60.02585553961919
2055.966557000614,1391.0553530976613,54.82692684076822,60.573987148614805
2058.8054012859166,1382.0718263063486,57.059385937094504,58.48045952396484
2059.867883728588,1373.7878996285983,57.20627688289784,58.52471897687749
2062.231542128418,1364.1278130966925,57.73635678123646,58.22918273587965
2059.1998714655365,1357.8877422509124,57.814308397526034,58.91515214045261
2062.542442487212,1348.6726407967299,57.88839124583762,58.65527822081457
2065.4746707646927,1336.8012827209986,57.16266760103313,60.034360262780126
2070.2496884382986,1323.397770933674,57.43296287363292,59.610033892360825
2068.2656914476916,1313.9529488517999,57.64464114668698,60.07233087288154
2070.6476269771324,1306.4984712631099,56.7390226131345,61.8256778730766
2071.2842301249443,1297.8982922534306,57.3617311105252,61.38312016672705
2074.9945965559095,1283.8700725924152,57.873322181243026,61.66916039512967
2075.3055287563775,1282.2039124642715,58.225443869535894,61.82188637308194
2075.072359522488,1272.9049430491207,56.58346305478298,63.826222069227974
2079.8458177545317,1263.7090017676364,57.860453489194754,62.72407844811449
2083.0360736437606,1253.1984834784905,57.197869643476,63.834769948891726
2083.2133854137983,1248.1484395922232,57.30431729661886,63.31845223436565
2079.5395264268805,1241.1092120229648,59.13217023444378,61.23208574812673
2084.508583709609,1223.3014705299965,57.829196087993516,62.28263877190494
2086.41617849919,1217.7272957807932,60.49121035480864,59.839762646227406
2087.0099625759954,1215.1286138436467,61.783312964214204,58.14636752927912
2086.5274317900203,1205.897006011566,62.25570054305314,57.17606001533969
2093.1255190195993,1182.0986618203412,61.099238036104666,58.6436590423204
2096.6778411623277,1173.3909943815763,60.5808550230782,59.54501686906895
2098.088993448424,1165.1696965932451,59.46116106280173,61.224370677848086
2100.253310294829,1158.0889156080912,58.877595920101484,62.522693359826064
2103.6635798661455,1146.5829581846756,58.390412681093686,63.53210385790243
2103.8783622994483,1138.318514958979,58.10135025243724,64.76279351669275
2104.247510445923,1128.9210292376588,58.11092625248304,65.47368330955308
2108.6575915087847,1122.321333664595,57.932928357106654,66.22115013164508
2110.447410892185,1113.2416539135595,57.492288098759985,66.91526343315462
2110.1416701694416,1111.0355305587057,56.98530209410472,68.17098166996185
2117.6051184472726,1095.6070550605207,56.78374542796865,68.70029976227895
2117.379119732164,1091.7821855327384,56.52200542999772,69.08611088128986
2121.600146823505,1083.247732707478,56.213684043031094,69.56444226728416
2124.5729981870236,1072.1663041750874,56.693454052352244,69.59705603067349
2126.426314626349,1071.8916084797988,56.762823103938544,69.62996935957493
2127.254484627696,1063.7902133704317,57.35963809430134,68.80673380621418
2126.700335438848,1064.5728821770579,57.048046187459654,68.92867935126422
2137.920532859581,1039.0941840204391,56.899626367355964,68.92489020917932
2141.914735502027,1029.8956290119372,56.90666347290582,68.92451258580233
2141.779481629079,1019.6056054143822,56.91387276690102,68.70392348940837
2139.6154673465253,1005.4150162184197,56.929593020546065,68.96296862632866
2131.9119927491834,998.8022459215695,56.894706811787884,69.70042061224115
2136.2872590449333,985.820640298827,56.89542544099079,69.83061450848268
2150.0697654961923,991.0662631061665,56.54670968813089,70.30051906317644
2154.6356870803843,983.7921208383361,56.59545238095337,70.46746834035314
2157.587826797486,973.6184221841777,56.77657543545827,70.39854294054028
2159.908687861332,976.3714738450695,56.64923042492274,70.64543558662147
2159.2918654153214,969.41387649461,56.213054889050255,71.24867388190087
2173.7672149525542,969.3717562749954,56.19056511939404,71.30652024075951
2172.935880523571,961.5989835803001,55.47641388992733,72.1983266546252
2179.683711169382,967.317391350322,55.45295013095894,72.38416507576284
2178.9854514047756,973.6900856071906,55.57131516779356,72.26650025587354
2177.3841998360876,963.2921323926255,55.147826483880316,72.74837126935421
2185.539971498843,963.6015587400336,55.82951207072372,72.32255025810217
2185.9613696761144,968.1090041917126,56.530639213380525,71.82115479999551
2193.9485421466566,981.2338655763798,56.3689544895816,72.65219489382058
2192.6658041149158,991.1087975646772,56.62008781586484,72.4964662016497
2202.87371209432,986.6972808456238,56.73308998754946,73.03622403550816
2206.9904715188545,987.0638099828423,57.74628477678644,72.80061593397238
2203.31142180437,981.5799575558664,58.4890396813713,72.3792531380829
2208.79537214205,974.7998257238481,58.905456404083544,73.10672833471227
2206.576989287363,974.302499873671,58.28798427089759,75.03692464509001
2211.0274085414535,978.6297423880851,59.086616282736045,74.91778087907926
2206.6135016044923,974.7093723800017,57.96109534830924,76.95777969956714
2209.4121819691945,974.1155883910067,58.27184523749522,77.38617827781891
2211.1178146867896,967.665129720068,58.616671397001134,77.1456428303897
2208.5999913190967,971.9730732571843,58.318299901948656,77.82017152001208
2204.192156627477,969.62401060754,58.24523256033518,78.01097546157375
2210.305057978783,964.2033407145664,59.899602587214666,77.16079741762593
2212.7943879459826,971.420807917066,60.44291340171772,76.71464017327128
2215.4307344744907,967.7943377468944,60.88040396515439,76.619317249912
2216.546904055297,956.9895348087878,61.00541992133884,77.2991993865013
2217.126795233735,960.5599328407575,62.20645976523919,77.22264711604932
2217.9350419670377,955.5311936880113,63.783825398975196,76.66902427102895
2219.5307885615653,960.9503769402447,64.10489686903873,77.41869811842979
2221.465436027913,962.3531342910695,64.55683520889554,77.96632138675099
2222.7945517059393,961.7741454772168,65.24080317840433,77.85731061781168
2230.76204439709,957.3018472023895,64.13049907814622,79.3693262195905
2240.490720083168,957.6185431486019,64.3065514840666,79.23497651032633
2247.1198088867927,952.2598104289456,62.69246548295679,80.80246426561794
2251.667433939736,946.589118866775,60.7411567795062,81.93861476971988
2253.6614642590916,955.7491543552283,59.17686036961592,83.71680848702724
2261.343290176285,951.9577004509808,57.75141902259467,84.88021308354692
2269.531500411872,942.831944533907,56.74941013436723,84.8069930909126
2275.364008023659,938.360985990655,55.8437723903465,83.96842502421833
2281.7470040934827,934.5586422135065,53.99510431686104,83.24517926705282
2283.1777884851863,933.7917676529969,52.710409074332446,82.3096626886855
2289.4496764317523,931.299512642676,52.318374209032285,80.30338568006103
2294.009629789226,941.8667420396409,50.0652544508724,81.92998378615546
2299.0490911318084,941.8888735163731,47.13696414714665,84.73814259325013
2305.0525699842133,941.870938304538,45.60144485023476,85.31002000401534
2310.952737931799,940.6191878192911,46.57631361357138,83.58242899834326
2314.859975835158,939.6995432244885,44.603672351989424,85.47402470963245
2321.5663198386533,952.0964575670753,44.67638931326038,84.90611384062106
2325.3776388436086,957.4725020848022,44.360264135991635,85.4343468800574
2332.8874974361024,965.6082799260007,44.950373038955284,84.32341284072658
2337.6822174191097,971.4865916718891,42.468279607669245,86.31621332966287
2340.9648265295455,998.2231629780554,41.1432595221741,88.73499271440056
2347.904878610293,987.637857101668,39.76643600032716,90.14165411927468
2355.8871138397462,1004.2454049784952,39.812343425332514,90.61207090834495
2360.3990082167043,1000.4267526423812,38.97213697732465,91.8172781455756
2367.1415869820116,1017.7361707324287,38.4140243151791,92.19312809218934
2375.0548708555457,1014.1212939375079,37.55143628918035,95.47884472142937
2381.3409128087565,1021.6326068815806,37.82369842920589,96.61439334805445
2383.4539126381796,1042.925081200017,38.60168226797903,95.29420758959935
2386.9544225910454,1038.4446995272663,38.744191777378525,96.37075939487877
2392.4826775228616,1056.4479026774206,40.405770063770056,95.79671851205073
2395.755104920774,1058.2119988882646,41.410203063965795,96.5377779137878
2400.7834903775556,1067.0783771108513,42.66883894971931,96.66117304942517
2403.816646176275,1080.410292493069,43.27211210341008,99.26967161543412
2411.603096795164,1076.0601971883161,44.83663151992779,99.9146063350472
2418.0894755024583,1076.448673240271,46.343112615472194,99.26951846594253
2423.088293485254,1085.2981462244431,47.93663265573986,98.65624106144102
2423.98354903187,1078.847812197227,51.52505546906301,94.19735482510191
2428.717600544003,1080.8908349641492,51.79628273654521,93.65861129893253
2434.2457256378525,1090.3186661672628,52.180972452105024,92.32314199268086
2438.9647085394768,1091.3306250280382,53.902576389152614,90.19335519398413
2444.3227046295847,1099.300580508134,56.65584537837012,85.8472829255038
2448.4849470214863,1096.863455631753,56.43487240486976,85.97104392017886
2454.2268990416887,1108.7190282424872,57.305310825096825,83.8564486865035
2464.265718153569,1117.681694391058,58.175027871721426,80.1834033003726
2469.62630829947,1128.1682735515753,56.91755359646031,79.64881881661805
2473.622695045915,1132.8661413460393,57.18303701580221,78.09980440002286
2481.064990810708,1135.5569016517743,57.813108228831354,78.77497829615163
2485.9651347894714,1144.706649306642,57.971719769289756,77.06167225643614
2489.9701068557815,1146.4566296436092,58.21648583411851,77.18826988633468
2496.0002557368352,1155.6415286228867,60.078620971486274,75.52652933134411
2497.1648460222495,1157.7751001346567,61.46213623767812,76.63287282666377
2498.093676337445,1162.9061447687693,62.43837152899474,77.57081007058451
2494.4902208721237,1167.1503108701374,63.50754613914172,77.59754878307064
2490.446365049121,1177.8032342122149,65.19271471721495,74.54826719290972
2484.744508561545,1185.7146354466859,64.5824868812093,75.074662111663
2474.29473034612,1187.9809303225995,62.61042504118569,75.95363051108087
2463.814329475772,1189.8150516730086,60.266285604513286,77.89598303655052
2454.2916824765225,1195.7212939663991,57.90488519078069,80.32554957434238
2441.9748243280587,1194.444223817878,56.74920710904639,80.85963362367308
2433.6323789407425,1201.829746500182,56.508272764660134,80.32665779336709
2422.836691121951,1199.4016668354318,55.33154003432368,81.6211258386881
2416.8781984077923,1196.218931227966,54.54509719420801,84.57759808740252
2414.743040748623,1196.3158041915185,50.82301472735965,89.7491466167794
2413.1669437848373,1204.8343565253892,47.72420968108464,95.98325548053226
2417.011734218886,1209.5231755536079,46.7653641149591,99.52822103127271
2422.7611770796525,1210.5270775148235,46.525541160454836,102.68761862785362
2426.5512431649067,1223.8306727519023,47.320119072953915,103.02076628846197
2429.1801621310015,1226.3772877458475,47.58846426912167,103.53415041342535
2434.5954659226795,1239.1522286779273,46.32673390591913,104.50412786323083
2440.6299904331167,1239.1741205813817,45.891719995518216,103.9092048208253
2443.483038038357,1244.5088920181388,47.227428145023595,102.89921452146865
2443.871677574601,1249.3361308326273,48.56329323185224,101.9660332029164
2448.923683490495,1251.9038751604464,48.87429471335783,100.08620388909043
2453.72310294167,1259.466577592933,48.42837748764415,99.46517257453252
2457.71697007275,1267.3489220570034,49.65771952705804,97.65153059005594
2460.340709717818,1277.346961026044,49.87882000605681,97.32579414367387
2463.4266174553422,1283.4039681817444,52.48143003759986,94.49555230084043
2466.4513824534106,1288.145352597985,55.03873636043363,91.58802217304037
2468.7031477813525,1299.1963667383698,55.966956955769554,91.04114869268575
2474.3294764561992,1306.6559917057743,55.98762743353032,92.04615317529633
2481.9391781664285,1298.9282416272704,56.4999134661968,91.97153057534611
2483.933960608048,1291.4387952511702,58.909033561442776,89.79279431448519
2481.5576077657884,1314.166429948331,58.34490431935696,90.76430943554419
2485.2491820932737,1310.4127026658257,57.26692333940463,92.60329361786444
2475.2776191614325,1320.1574692309678,57.48027282064082,93.2012543840649
2469.908136858548,1317.0860399598541,58.47314844478133,92.00607305126137
2452.8095163812604,1340.5258945899438,59.11516021234449,91.72120097980276
2441.0856352961437,1322.1389014614504,59.056366825326684,91.76808686447524
2432.9499956546224,1342.6702162905713,60.04797157834009,91.02531957195627
2415.093438286551,1315.0732781350653,61.56341633157227,89.6464953824799
2396.90778875419,1298.1361701907165,63.13643277300428,88.14052709759325
2379.300403616988,1296.5322313624715,63.56931980766109,87.8060806879214
2355.3112303986213,1300.7676186693354,59.88369529712986,90.33084669308971
2312.4379894757167,1381.5501316814673,59.99618208678639,90.30749242175591
2288.506337818861,1372.0850504437851,60.80882622081026,89.78391573086049
2267.6768069118507,1370.642240508558,61.05715576554437,89.6197099329796
2246.186899997902,1366.5337217576575,61.18749754754304,89.52175548379175
2225.6861607678584,1372.2467489239903,60.177280145813896,90.19901459717124
2223.2572289723767,1351.2075273167698,60.999873999533726,89.51172600008883
2204.248203533867,1344.4522360114559,61.53462943587837,89.06360175494262
2182.552420383868,1337.524376121858,62.617487544958365,88.44598436067642
2158.7372311001977,1335.5582835108667,62.53000112206557,88.49557142096205
2151.6844310202164,1327.12658233232,62.60110306730631,88.44522789792829
2139.877487050114,1320.7329339231942,62.82855645245738,88.26838859252248
2124.6187436124173,1326.3391109150562,62.926838615936106,88.16954187961174
2119.0991662498823,1315.0705210610272,62.90667479852626,88.2255166010975
2103.1835196285397,1249.6772375697635,59.389632775098065,93.00516372278481
2103.5921710557186,1247.6640793398385,56.93946604153655,97.12410424344435
2106.400516921408,1239.876868963761,58.43107976441196,94.53308920458426
2107.8624191757885,1245.9869010317657,58.836841734379696,93.67527539663843
2109.8591509937437,1242.743051452582,60.3952460603534,92.15384979914626
2112.5901008587493,1244.6344788244114,61.19426828545076,91.8044586289433
2127.499901346334,1247.6415344474042,63.59106364206825,89.9097335790942
2124.196320701947,1250.6534391830514,64.5441597987007,89.47923541761438
2126.71681280756,1254.9710268511365,65.42057690125698,89.03749670406368
2135.020297764091,1264.0235920716245,65.9395110714467,88.84512413662306
2138.5660013169545,1247.3485428110266,66.33562942882435,88.8660524307681
2142.623400918969,1261.8781182831085,66.05794265155315,89.93312981912386
2134.6025161434723,1250.3952727045655,66.14087660073956,90.2770730056286
2139.6626552852745,1249.292292372659,66.19440736864887,90.72272528454663
2148.032642744844,1241.7114280080827,65.9625348665023,91.6989138144192
2152.350906316696,1233.3310789884877,65.83755957979233,92.20655246640234
2147.0256008784236,1234.5118859344982,66.37737066690899,92.41913848931337
2149.1724656371607,1232.1903878857065,66.17368898573861,93.53874953898432
2140.813101876251,1240.76923565867,65.7772069280896,95.09155852491787
2129.680504788475,1228.7533613323965,66.52175786938946,95.3038529843493
2123.913567184372,1220.8343359718162,68.62364531514376,94.37618906012383
2107.9318026284686,1221.9246685190085,69.31755543891376,94.01853762903126
2102.519132888311,1213.8509681696066,71.73937147409892,92.63183493428068
2085.9137713101472,1215.2612277507365,74.79426996917229,90.47009432026167
2075.8103830853183,1217.0335036295319,77.90964245764792,88.49365004844208
2068.619662499186,1216.1717621851162,83.30768233139064,84.66075838740764
2059.0867466104273,1208.8466276461274,88.58081143404193,81.5362567286908
2044.3693446722853,1211.4188034435672,92.60802253688834,79.89059645423035
2028.696868731267,1209.2863939873832,97.37445650510632,77.60724861473689
2030.2315039476082,1208.3670122841845,101.2153389845641,76.47363829715063
2027.3599246740764,1208.653708231453,103.57248354694734,76.68817730843237
2005.1730201026826,1213.9691439374521,105.24327831595545,76.44940909162477
1998.2691998571418,1217.4767220895287,105.14152168179302,76.9305873402365
1991.7840440385337,1214.8761451896567,104.9680316298614,77.17264423141133
1981.4700418605855,1222.3507001720595,103.4299745843904,78.52117983545313
1979.4261359899824,1216.827047453734,101.26626092352765,80.14312077778033
1969.766720126692,1222.0748656603437,99.49684535091401,81.52046925073049
1964.561828688917,1214.7909752585733,96.16911373061437,84.01244248286008
1962.3903005057393,1208.7683737095745,88.6239960399632,90.18203475245829
1962.2844646649555,1199.9125065002183,78.87357436825928,97.53461733096046
1965.169505343909,1196.6391226262654,71.91537908251121,102.15757960363156
1964.951395907969,1197.3457954982077,64.01010053312635,111.57895923969065
1971.0623813289226,1189.9065605797207,58.10712087545359,119.21793904446864
1974.9006025525023,1180.1268311686363,54.7705178867601,123.46863913098045
1979.6109496364213,1170.9899910050513,53.516011958973394,123.08657109084116
1982.8246873167222,1168.022872032845,52.70585522859003,120.70987687582979
1987.2898667247453,1175.588110224077,51.575279642371555,120.96521611378807
1991.0833175466869,1173.446337043456,51.326309154646836,122.05879531957345
1996.1981729909555,1168.4809659131402,51.20553457592406,120.19933925409427
1998.625821263289,1170.5535830723973,52.15288228403412,117.6721910352049
2001.1679143746453,1169.304003941571,52.427858391948845,116.46147633581333
2005.955893905592,1168.276369619914,51.96760768119108,116.23929918597509
2008.6596926700197,1168.6735318704661,52.86916418599627,116.02490046039877
2011.893798020469,1171.3021728976018,53.5783459678556,116.98426126272534
2014.7385472664068,1167.3182280340548,55.378129130337804,114.82659785871596
2019.2875508303378,1168.3820834784522,57.61196251761271,115.49912295663071
2020.2922810160599,1169.1337528395445,60.21330670396833,112.7833580488382
2025.7507722664109,1168.4501384231382,61.13439888740966,112.07819823266388
2030.4535772859836,1162.8261883490013,62.767171378476455,109.98074048604023
2033.3901376721105,1161.7448082523927,63.42525626036689,109.54697119546228
2040.5828822666167,1158.7309082213703,64.10683135663301,111.09292206393422
2044.67409841446,1162.3688429102544,65.51942030880994,109.31105026001838
2052.0988495386714,1159.1596200482302,66.55266380318548,104.85151956652528
2057.10779186833,1158.1868203111428,66.103646827279,104.70329966089372
2062.7803984157977,1156.8131123657258,65.14729824955486,103.96420599018884
2066.845270601305,1161.1323039774543,64.35144860815453,103.72207539887309
2071.3888676050324,1164.36112717192,62.19259122103097,106.71745578148709
2072.347264415239,1162.9550707511455,62.20904325949251,104.7037057385148
2076.36953773916,1166.05789702458,60.671422671373044,106.07533562038711
2078.045270935417,1164.2532831629358,59.93035314088836,105.65627640977642
2079.9798219707477,1169.6796821578657,58.96115937444229,106.356286227839
2079.078011743651,1166.1336684758924,58.42966916426744,106.68896853715952
2081.8117488050916,1168.9222346708013,57.859954002110726,105.64285869601677
2082.1527439049337,1166.3233185602933,58.4097884388855,103.62024337674973
2083.343913270627,1164.178089980325,58.757882694711654,103.16076872439996
2082.8138715144114,1164.6155628981437,59.859645805534875,101.4934372510025
2083.566731028812,1160.612054865296,61.552706121292864,98.29118760777448
2083.1976985037336,1164.8997477480339,61.99215261637947,95.66961014994646
2083.293801757643,1165.2201601440552,61.94918000112088,95.79751319689709
2084.365092997955,1161.4051880121121,62.548281718876574,93.87535346450622
2083.939657805555,1162.4461881887896,62.35666567446225,93.90868547618715
2083.531643988772,1168.8726434051423,61.63255399051525,94.89595925521283
2081.1031330771066,1168.84530472929,61.66232104165969,96.37337205956925
2075.934399092436,1165.9514811580525,62.099194299698354,94.51626622276568
2069.6823621601543,1167.1293623598044,61.10219337330676,95.61744566229498
2063.2787930315044,1164.5738997726849,62.278746913809215,91.33834569767879
2049.280919838157,1162.0187554980619,61.68504627901955,89.33232126627296
2035.5315270374506,1159.9957496806164,62.202436158996775,87.52092723862722
2016.7478548688152,1164.580140989535,63.408284524587955,84.60537614621113
2001.1465920483486,1159.2026661497327,63.0953644562927,84.82746220887233
1982.0675717415845,1153.3769479105767,63.182608103268,84.48519389134685
1961.577161639739,1153.2116427624965,63.80245113410754,83.40120035812402
1943.9277924127057,1149.1570244069324,62.752152417764265,83.5127168277056
1924.9133850016954,1147.3217340062915,62.98663664286083,82.86883401356967
1904.381938356426,1140.9659260230067,65.487808131642,80.00071708524186
1882.5735504824195,1135.1445856586677,64.31184401149072,82.06061697590698
1867.2258403907708,1125.082945694116,65.63953310042768,82.91036213023014
1843.8083585537552,1123.4656496327216,68.28790085771115,80.9401894100319
1830.819604266298,1114.1831986731079,68.77338596460774,82.05998863760897
1816.3465632921368,1108.3041628801589,71.08552816988829,81.89342242901252
1800.6288672761148,1097.7169335139527,72.51401559988133,83.87213760063388
1792.397074870951,1089.465954909017,74.09568913243821,86.21825393678685
1783.9978815414804,1080.9670931215335,75.61887113287113,89.06086905991044
1778.4573362371577,1072.0277416968916,77.20073993975832,91.40996890473907
1773.3015716071736,1054.3263488507876,81.53682488286287,91.67204567360713
1771.2564040341533,1046.6275588482965,83.4245156807587,91.59780484729035
1767.996824395888,1032.9386261545408,84.22648326112224,92.64742507183794
1766.7407556714431,1031.4626448503484,85.58173711263807,90.22776607148866
1765.6971007210655,1019.8859002456325,86.56817342387806,89.30557550186779
1769.524643661483,1012.5140913267479,85.71255033830033,91.44953341989799
1772.129784335944,1002.6708715765437,84.93515129833858,91.82615083778691
1777.7756903808172,996.1194998782545,85.27498059653118,93.14678688115492
1780.1343155736793,985.3048094230588,85.97736836769818,93.82094280070156
1789.3529753131547,981.4289560427652,88.98104887348825,92.27239569318564
1790.7438949969885,971.7354619454219,86.01979082276873,95.63958179436652
1795.7162292583148,969.2410429885579,85.69246048065799,97.7420664537763
1803.0457038900115,955.1688288562699,85.24275594535307,99.59751614169194
1810.860828588324,951.8819745522526,86.8697392147439,98.2947570449538
1818.6396828740767,940.2978675790267,88.39438423515733,98.19657732990646
1825.4963606936014,938.1789888806248,88.2106678401873,99.1283442691753
1828.357220914105,930.249632748036,86.51341152958165,101.3495471883449
1834.4744147444057,922.2091822643113,88.00613377803818,99.01253853360174
1840.9398166993683,918.1243036200257,86.8709193151346,98.7203741302785
1848.1099640658863,909.8220618443495,88.93266697101447,95.37995526158693
1851.5006246632422,903.8340487618253,87.6534700858422,98.25196226159615
1856.1772322802474,896.380192834289,85.97330144072961,100.5128597703553
1860.8780397163155,890.1739870563816,85.16106301817875,103.76162462817202
1865.7181295472565,881.9804671066186,83.20917582150636,106.96649842814995
1869.977560238361,861.806991315776,83.17146125173642,107.03908172370203
1873.0685553137553,863.112977676007,80.79814734377634,112.03809285181214
1878.9784270091668,847.6830880395271,80.27338400208625,112.9644939051673
1883.532941575433,836.5443898397695,80.41998727006685,112.84906422436026
1889.3722794575572,825.107450515175,79.71838040688064,113.4257798639058
1892.4072144341735,823.1108785922831,79.72359657043873,113.23136887341623
1897.586514288443,807.2047345935787,78.01942248293261,115.52415232370605
1901.4529784497165,799.1094161743858,76.95329179832453,115.66787220042164
1910.5500870931567,791.680228783475,77.09696322909556,113.17042918744377
1916.1389319841005,783.3520236425288,74.36637122552838,113.05513956394032
1921.6968641634408,781.6950322200613,71.43979691353957,113.80401911641033
1926.4221767450433,768.0180908355322,69.6492226193229,112.95209133859332
1929.7953341674158,758.1187648482555,67.7563180185655,113.84163419754628
1936.2584543150065,752.9288698696982,66.24223668944899,112.86287312927006
1941.260995953272,751.3041984179322,66.06935632429489,110.57269719964181
1945.2517518808766,746.7984484489042,64.88766584588636,110.21168908868658
1952.1342481537529,744.1342045380775,63.78808238826815,110.81363777536077
1955.7121926379523,740.9598856182238,63.92093405478788,110.4335063127001
1961.703689458777,735.456301537493,62.48206501640986,110.27043025724274
1969.6963081120327,740.8165326995128,61.24891816400006,110.66285531571033
1972.4252039062317,732.0605081125435,62.778620567453956,108.17757477773479
1976.3488540046692,737.1445025718209,64.6007081879616,103.38816404521532
1982.3052740695662,734.8076373455798,64.15769666381968,101.96882065278791
1988.273542814994,732.2844837817678,63.42967624754894,100.78506481883348
1994.19313201517,732.2566394052599,62.512583609220684,101.00654651389644
1999.8453479197167,730.3154082164696,61.58525274464634,101.42123688448856
2009.5028661147471,729.7154070576285,60.521942505098096,100.59106828465983
2017.6322463491804,729.3177833375258,58.57892929727906,100.52735801698313
2024.712958928206,727.9992353925518,57.968037433905636,99.08873359671995
2031.9824047021723,727.0463578476313,56.5469218030263,99.50412639999328
2039.1285720002227,724.9364072274078,55.095715556229464,99.82238269529566
2046.2451004339036,724.9568712327566,54.208206364953874,100.09986990915002
2052.480023364375,721.961522595062,53.34706411729218,100.34082849130209
2058.9444512914697,725.3758568728284,52.05431952256382,100.71981488877213
2064.842207790858,721.2346205124682,49.546966847883404,102.96568654290343
2070.0516975214005,724.4919639659943,48.69089746675487,102.9352325383779
2077.7887334678057,722.0656840075391,47.993626683258185,105.02437616500515
2081.7225056439775,723.4681411773884,47.24624910947969,105.3524979619338
2086.778511364233,721.8985347198587,46.032658956504434,108.29019976215727
2094.7769534683407,715.2755683146901,44.60981516119183,112.34832930406193
2099.2799399672062,714.8752965680701,43.75021305121728,115.80804962377891
2105.2948304819834,717.5209308855102,43.54693768267385,117.96444143506565
2110.6732726242894,712.8729127244147,43.01546862785884,120.04939815978345
2116.7262124574972,707.5705228546475,42.73388209804015,121.47769283767248
2120.2663895711707,699.9592372190011,42.26793827108365,121.22740186531297
2127.346649863564,704.9273918012669,41.88572178633411,122.13235837918695
2131.7647264023,697.8255941277508,42.05023151251251,121.746389402794
2136.3212028271555,697.4044304882095,42.376624976277455,121.22486394254246
2140.18379698816,689.0634773557696,42.60249647253651,117.97925136281796
2145.661814182134,690.1816257269674,42.77205336266446,114.42665112882995
2148.7723420335133,692.7498083799197,43.32581369613041,110.43788456636385
2151.905160760547,686.7029870887187,44.01974569625612,106.83984814791152
2150.8754724852993,686.1691880033674,45.98508715773551,101.94789927576744
2152.1342652246044,687.008270320206,46.27968577450782,99.50030013042871
2146.4357421012483,688.0317883455206,46.3447246130786,96.52628447841636
2139.1509513957108,687.1227130288835,45.491550782759084,97.31947769324876
2126.3527292492936,684.5915855978801,45.1849665874344,96.40679702363926
2111.4226826700924,683.3004483981945,44.889004295397356,95.6854539455935
2094.0550883571996,681.8397007583814,45.40456554081135,95.74139393881238
2074.319211333178,678.6411059740151,45.95602005882586,95.11090024948821
2057.225648590544,676.4409962908005,47.07995889858534,94.07768799055118
2043.8777869425921,672.1471158883886,47.05985615994379,95.6111317978469
2035.1114897394132,670.7896937727548,49.28243298054691,94.85030640669319
2027.6132668648247,664.9709485765193,51.16786340989992,95.0135269322208
2026.410683840957,664.0402470792613,53.020338772839736,96.0550741771296
2024.1802406674456,658.8178048435196,54.39601122025044,98.18658603661359
2024.8492024076593,658.9828372312211,56.03289428698764,100.49549449729477
2026.7913441216142,653.2336363311367,55.26000431076844,107.44716148758785
2027.5490181891748,653.8067485380683,55.98253497508584,110.89377583791536
2032.0297209023279,651.0412895701074,55.59528821729778,115.44324965342997
2035.4563023594128,648.7023163656479,54.51084068475045,121.70290759303454
2038.6208288372825,644.3819192759781,53.51569628690274,127.16866081206223
2043.2753878626957,647.8112040976482,53.33706567809301,129.53765121205697
2047.5215775204363,649.5371832774434,53.77199253784383,128.91300079199593
2050.8582797943054,651.5177326414731,54.32886076003315,130.0919171892112
2053.4776506135067,649.2634603205518,54.658070324023726,132.3077570104211
2055.895253303603,653.4069477654756,53.76158898481596,136.52920878683304
2060.2525829906,655.4701978885415,53.93560816154218,138.58829737737125
2063.082440784807,653.29525110129,54.51071436954483,139.71869470172163
2066.408006403239,657.7435933596464,56.32349323552549,137.65696587729997
2067.9559455844033,651.6259683272813,58.17718743636856,138.38812944758467
2070.5313744133114,661.6825428855888,58.73076274287693,142.57893922379182
2073.8293506719397,662.0306821031884,60.08529593195024,144.60891405969545
2074.8585242799027,661.5252705941905,61.37077429471351,147.24489312265123
2075.6258233412104,659.6255429193769,62.24300839026775,147.20746039740357
2078.087602288349,660.678158212035,62.44334852531854,151.6816966318506
2080.0480202977633,659.2517368928279,64.6811776866958,150.22275547967644
2078.5929740622223,665.9811965557135,66.24469048687169,146.73975969211318
2077.314635076236,662.5452308378083,68.96618331847368,140.89465583434458
2074.124364484037,675.6799418907176,70.07461165649735,140.0369883366801
2071.5605463134666,679.5668415252036,72.08509244572721,140.0705306433309
2069.26916460139,662.3792306062237,76.02962739383254,130.12468085653478
2067.0035945289055,673.4147981271733,76.60440696026492,126.02476392376636
2061.9178173062423,671.9109532229614,77.06924105341875,121.7385274931764
2063.0645195335715,684.520840842791,77.25978602159691,119.58710399912283
2058.711948860982,682.9352592049921,77.91754119734208,116.23205505929704
2058.626115770673,686.8045038808416,77.34570470147303,114.49047341862716
2057.7140384662407,686.550557560954,77.23409952754636,111.75851506047752
2056.520115663852,686.545929056738,76.34376667887855,110.75695334904538
2050.5006096397788,685.6149671090805,78.136291109532,107.41374714411043
2046.9088428045227,683.4604147417808,78.32931527000378,106.83015835911729
2044.3926951527365,681.7951858121488,79.76176111106747,105.39783698254155
2036.3748366847026,683.541991364142,81.72059568476905,103.26745467646776
2032.2304452069168,684.4772186302073,82.02053043095972,104.04253895125241
2023.954994148113,685.6186362389632,83.20204587559395,102.75107226592144
2015.1598018977816,690.8363201703163,83.64725825711604,102.27909666090571
2007.1853807917807,687.1898476415702,84.27506508398578,103.33958455744816
1997.616377236257,688.1741729822259,83.5137210750382,104.38902174005888
1985.405229789608,678.0513140021147,82.9243010330332,107.1188915404912
1975.21534457414,680.0212309140593,82.89601329746509,108.52240478920336
1969.0559640597214,680.3689042448975,83.07011242292123,109.3572986632631
1952.7674625342897,683.1254895689957,83.15505385879423,107.75692284348148
1943.0921330046192,683.1937244084658,82.63364260563527,108.68221323248122
1930.1588214878968,694.3769826948712,77.80061964298662,114.32473939953847
1912.8426693061683,685.7294105127836,77.77259609506663,115.32923434965126
1899.189929126255,682.7422186423204,75.7965155570659,117.01855530066068
1880.000553647006,690.0035781280089,77.30887628729265,115.41427333337299
1862.353645753818,689.6342666822522,76.05721706756512,117.73248809519413
1849.2728440900034,694.4682921979917,72.14893514128771,123.78491226055367
1834.9363410646365,689.785380615515,70.8374956201224,125.80578904107709
1825.0110065897752,685.842266350082,69.6882275123499,129.37370397331034
1812.9040789310654,686.1277602549412,68.97644463091684,133.63121023555226
1803.4026942141256,677.3504509954901,66.57561909409337,139.56395585253824
1793.2190229081189,677.5541337069426,66.62436391252774,140.14271339544587
1784.4365125121265,676.152049093745,67.44373155204661,141.70575453479722
1774.4743711835317,678.3123365603761,67.84586416956324,142.790082536563
1763.6575063820007,670.7222187144449,67.95864726993972,145.99916306179946
1754.9864914232207,672.0010809031812,67.77769745117176,150.7080068682258
1747.2102520096616,664.8761941394455,67.39693920248402,153.5241294252383
1740.0389964050437,663.4801282092371,65.72627635471304,157.79527544390373
1731.6341784878073,664.8079119724216,65.4306627842789,160.39694296773644
1718.2315663137504,680.9735046866339,64.92763479779794,164.76895120386263
1711.3041820144258,663.9914732204131,65.51385729201573,165.78494361018096
1700.386900815642,667.835180006074,65.04765751306971,169.60020318796825
1689.8298523646042,688.6348525825862,64.61471156846554,173.03084155545153
1684.7254472348452,668.0363380658978,62.41653463773723,179.75574839644557
1674.8781901078878,663.9396590093039,62.79396171819002,183.18272953743485
1664.7352343290922,660.9909450988582,64.4075576782472,186.71617062775073
1658.6540084756573,641.1304676622517,63.23541751957745,193.53602915696968
1650.6986774235052,634.0733475414862,61.54699667710433,197.65025604706017
1644.7320554332014,631.8593512204073,61.555388286496196,198.05315465693025
1637.9098545941538,638.8736655820737,60.661191903983166,203.70186548743044
1632.724648741745,642.0594194156765,60.11307600565101,207.52652290506364
1625.639698205542,628.0875103522562,59.43114659557483,213.79616195475603
1620.050528989486,632.5503911603427,58.71666848410709,218.46303263228424
1612.4355913430795,623.8622724273857,61.26492127173242,212.52647255181137
1604.5065745126753,620.8470295961108,61.83847197660819,213.32856370599927
1599.4510926403252,619.7483992444367,62.26624251452131,215.31305524371257
1594.3363594038121,620.4436949385502,62.10769419415145,213.70660727355923
1587.1845122078685,623.5012558682553,65.04060191916878,210.5791341396587
1579.930324076521,623.2146784009269,65.6948331318151,209.27636341418207
1573.7855539285388,632.6096929421367,68.61435256138515,205.67242575479725
1566.8577856756722,636.0625200993079,69.4382375702314,208.14543450350408
1560.6862073875473,629.074939327778,70.18774523595856,213.7568684769837
1555.974097366179,627.8606909801022,70.99734506995478,217.01499447436026
1554.016098684646,635.464690543039,69.7640456724618,226.6753844781253
1550.5424185127688,630.6398828393413,69.69900586591697,230.8599925803753
1545.1688582086797,646.4212901208451,69.85064650888543,236.38800595926233
1540.4343542184536,651.2206151968234,72.93183806019933,236.36089091777953
1537.4940480792238,654.299466732652,72.81108992224662,236.97868718999425
1532.3742722559073,674.7608987407629,76.7624779069227,235.52047618890933
1525.462174224785,665.1605541966153,79.55507206334445,231.80572757884002
1519.3158087957854,691.935126549137,80.69336967091658,234.03283943507617
1511.5520851069493,686.7078733522127,80.64770360712163,236.3199712180237
1507.2819267403752,701.5617794619607,82.96573650009051,238.51591800121332
1506.2135185526706,714.3858084120528,86.19675789735764,238.28605582551637
1497.0747313890747,709.6872895746626,88.00329149884124,240.47015757576685
1489.6802758075585,714.8672182746154,90.07278413617807,241.17124759407395
1468.832658915793,729.1628505361109,90.87189975564652,242.12550385355382
1465.7678958068968,726.8704191582598,90.54007314827436,242.3675626541778
1462.5287358908179,739.3443061176789,90.44213670525494,244.4131454400514
1457.6440760039272,750.1920410663811,91.2213231935137,245.45832190495193
1451.4316525838256,753.2889555468573,93.49774493148325,245.02334161114408
1439.0723889571702,756.3587951236642,95.63102895969624,244.7054088068651
1435.9856815900841,766.5339273784695,91.97402796816033,248.7644555918103
1430.7646383074155,775.2960251691685,91.18099185283397,250.4661511236934
1423.2807369461595,788.1769479671478,93.22484628738155,250.61956393532745
1416.5821441910248,788.424532794322,91.10818158555423,255.21252332455845
1409.2816342442152,789.4302283088829,90.77510418913431,255.43856644422502
1403.378998570388,787.689877146947,92.30060373197938,250.05346600320422
1401.972244344545,795.5443282747675,97.42757754049167,242.121431137242
1391.0687145484083,810.1834082263772,101.58234678852693,235.21328542469666
1383.4404499975747,824.6668710992471,103.07826340240129,232.67248806640794
1373.019082821894,829.1837768589799,106.77016462387957,228.27842893494284
1381.8805899629247,850.4026811530513,110.91377708132018,225.47377998425114
1362.1235669037205,855.3212100297245,112.83455003688675,226.11454358100247
1373.4489087436796,861.9476325221619,119.67483696854094,220.30100914681722
1348.5687583557415,849.8124593718737,120.66007136868465,222.41259346924414
1337.5521104297961,859.9086918890613,122.79911253612748,222.24193705913663
1329.1432359059902,859.8214938564518,124.36966443255503,220.97739045353356
1321.4635916066616,866.4498642861905,124.91677918782865,222.23903071283058
1314.9669806229,857.4588753461726,122.67761170527821,226.57368593814223
1317.5825368654514,847.9233088930256,122.29087721471288,227.30627781355247
1317.030896746341,817.061090201694,121.51236538445232,230.24566957243633
1315.8259734060848,804.2458734259212,119.81666177581047,232.26241560872322
1316.6467311747608,802.7646447763013,119.73051168168828,237.0839510768319
1315.3255441030208,828.1990729268756,117.38168728543465,244.11404344511692
1311.9053322347506,789.695521818454,117.76640967080904,249.2980408035616
1317.4723823775967,784.401966443399,117.95620674687228,255.74345510057725
1316.5280791553214,792.656224536302,117.21658023549008,262.314555461402
1310.637682962756,769.3727768899528,116.74789904884383,269.4940339145009
1303.2423075586162,746.8648112590166,118.30937701471606,275.631299252301
1306.907072238868,746.3486111063607,119.57003568064074,278.20015471203175
1295.5262486191382,714.4593723830144,120.41151499712662,283.0601179070154
1286.6704739714853,694.9003545673381,118.85249353742743,289.50102951493045
1276.6596986683346,667.3784834503698,119.6336915131138,294.009226399746
1274.4625047008285,636.0457051842586,119.29717296161459,297.2281963230817
1265.3401462919378,605.1986448949715,119.86615049106618,297.78055512187086
1267.4031322853223,584.4352010431357,121.94084159404946,297.7098476106986
1265.674292650227,571.5937443361005,121.80329743742092,299.4806821673471
1250.539357698823,530.239399052551,120.63777877516534,300.2676045459695
1250.948300059242,514.6797214106459,119.22441075125761,302.75410727545847
1248.5465766706561,489.6927305108455,118.82547305653598,303.3382270145124
1246.5967687303719,456.0416842018764,117.79370198947264,303.1368406285443
1246.692161589175,420.52743986530027,117.86556974190583,301.3536303881224
1231.3914616213385,401.123901202634,118.16444892562544,299.0013639939726
1233.0872140798558,382.3176046720302,115.68873134780158,300.22633422192814
1232.0672354639908,369.5544637492537,112.88117967221348,304.5119620757819
1233.3113608396663,355.2463218104082,111.38208975660515,307.2234569825257
1234.3445609469857,327.49765419417656,108.07593879905436,310.1779493499987
1238.6917907899733,316.0609943248815,107.3406470703851,310.0875239714013
1238.296943342762,285.4182453640776,106.83495064362518,309.5250986142005
1254.6027964424939,290.59061476034503,108.22860027912262,307.57764242206844
1257.9163414373638,286.864308472102,108.45108199424683,307.8510100034374
1269.9333195110996,300.7202009778374,109.12389388266412,309.91487883107794
1261.762128950025,254.78113775690343,112.49491670555773,308.82391957958646
1266.6781601626035,255.07976038644685,111.1180115603693,312.0717709086344
1275.7984090753355,231.5187054327422,112.46138557633608,310.8309886651648
1279.8501830602702,227.63766367496936,113.83874695400077,310.2583229589087
1293.9664289869536,214.7568336901191,116.322910831835,307.89364778456627
1309.7753327264204,212.14832870145975,119.80605168664161,304.4013310178054
1308.3914534977048,200.36598311232748,122.68972044319545,300.94801682497615
1314.6805844082492,222.50189620331525,123.92279990781216,300.5576184078932
1331.1706043730383,228.46270930218185,126.78711270040165,297.50896088386605
1316.9903162713545,230.98385743485355,126.51544097896469,298.0934303465195
1332.8622402133785,223.22754571715808,129.59790611371534,295.2835497383313
1342.4947802602896,236.92941488193816,131.80849969543024,293.3073912885319
1345.260677638395,252.1543131525779,133.81178346476264,292.7669193932485
1363.4021346316874,283.32032294924363,134.71261581606865,294.36422490367676
1360.4254045464427,272.5853788293584,135.47856406562934,294.23340132093756
1372.675662990288,302.5031817296235,136.99620322957412,296.6468532901827
1384.8902844629179,328.78785788786104,137.45280546864052,301.44984212971343
1406.0773007000566,337.8422490186746,138.7261385644315,303.1834899828325
1417.9027805465319,368.6046757894318,140.60506702455731,305.019762387363
1418.2117304212366,379.4147168536042,142.32946721334991,308.55549729087846
1433.1553790421422,407.1787221753883,145.99045640952704,310.36527809018133
1430.9483378540351,418.84124168766084,146.705292856023,316.1116559204948
1447.9089525960699,442.1327025149998,147.08585933142584,323.4454250922329
1449.3542231830238,466.53545986999916,148.3815578769092,330.3126169862381
1455.93366354682,494.01402201448485,149.66059009029544,334.67346297314555
1466.0027403385543,511.3615553368361,149.27274358995686,340.5249470791755
1477.4686659391386,551.5581195849576,149.44580610033591,341.8543222450419
1486.8802593881705,584.4118130441077,150.3535514379899,342.0488289424642
1492.6863797197047,605.3911523198219,152.07159203255117,339.1560874332723
1504.1352287932086,651.6014810063512,149.97769065373194,341.89207678872936
1501.6899036458617,684.1913233712993,152.33221648057588,337.5009777216749
1511.85084115721,720.1403957028643,154.8002431912777,334.87891032905264
1513.6500605030476,755.7513263394729,155.20485530374066,329.50704752995654
1523.9147232353182,790.8147872979488,155.63024366061083,325.6487947414227
1531.055653724498,831.5318568610655,156.72831699316444,319.8526789916542
1541.258248860774,877.2613005233626,155.3888615838933,313.5665059004585
1550.8311927045454,913.0346870128619,154.1757322276493,307.00477167878404
1563.3705496681505,949.688414520949,150.03763681545408,304.1941504638793
1566.593376534056,979.8374965254161,147.8610875643863,300.775407689076
1576.7199452523548,1012.0440423991239,140.99351970023747,300.6520498283791
1587.8956508226145,1034.789458879584,140.8641048670909,298.908641946805
1596.9795824774246,1059.7535670979307,139.33960932480488,300.2014299961953
1604.4216085703902,1079.5536568513285,137.71927955861256,303.3284195262651
1615.6055492285163,1097.4598465175598,136.45838142717437,308.7777627584997
1623.0445099428978,1109.8861870595138,136.02971403436123,312.5821823520817
1626.8373305795963,1117.859993507579,136.7136354822171,316.27846365150816
1632.1042847377316,1130.659167972662,136.83382949138542,317.90505597500373
1635.1131358085818,1139.6450788469492,135.10784249479656,320.0784731027727
1637.8793114205855,1142.0135986447183,134.78241427875423,320.1653041661087
1645.0213932764984,1150.2746478219397,132.4024854530977,315.1355087062585
1643.92322836522,1158.1659564236877,130.61698491714907,309.0824628452305
1651.0887323354373,1167.3493774604822,129.1789098685605,300.8684690153552
1654.99931149664,1176.9601593487646,125.70895927930891,292.1614945484825
1657.122929529388,1190.7733753039356,124.2517861181711,280.99838432393165
1664.6746537227161,1203.8536630125584,121.90328253284522,274.6816313859341
1668.1621371432022,1212.6434164166399,119.6596355962006,267.6667236149414
1674.7494495669291,1225.5878547865782,117.44729006850994,264.0758453034096
1684.6414891230881,1239.2891146092275,114.4931136051178,262.46957504775924
1690.7213852549753,1247.51897761145,114.31047130472226,262.30070254368064
1696.4094130533292,1264.0910731587232,114.88150394959158,262.0199185841441
1698.1906921001946,1268.1714776142471,114.39103910422816,263.2167175145879
1701.8778518652973,1281.430109467746,113.14249777226478,263.9512715108371
1707.7621723730367,1292.559430592688,113.16767904529948,263.8207344245277
1711.1236511958746,1302.9268630442457,112.65440243371184,263.12403556755436
1714.8256217354137,1314.5856358915505,111.63750387706406,261.2955588579301
1718.3277607977357,1322.295624778242,111.89234383255939,261.18018942957906
1722.0288219122074,1331.2691668181303,110.77473507712655,261.3269869568582
1724.6983801836745,1348.1278995748974,111.5846997643558,254.15509944625362
1728.4106004244368,1353.4999571731041,111.69559482360293,251.3897468764881
1733.3130389582527,1364.3954292645797,109.3410508744095,247.52663815801458
1738.2998660235742,1374.7416363656157,112.00198689269232,242.41592714197782
1740.1073558829528,1382.3669971327558,113.71032184068315,234.73775590448093
1744.8970218467828,1397.4647857582697,115.38225829986415,232.19428589222258
1752.829365293559,1408.6331666504927,118.2913350629277,228.98171157725886
1752.4048098940561,1416.7744476035443,121.26870766651442,224.128888669569
1751.0007606307393,1427.453554347811,121.29761565283442,224.5754866586965
1756.4100360429986,1439.9442143341134,122.1575192274243,223.56959049895806
1758.4741704502715,1448.6472813854234,121.369886427817,224.87579961228053
1760.5199064913625,1460.1872398354744,122.56450710381375,222.46831084328204
