996.5,674.5,10,32
995.7650679125779,672.307937012468,10.063326463223888,31.59843638270258
995.9904445558786,673.1817082391977,10,31.863432600736573
995.8061577056293,673.8139965998861,10.327679404478532,31.346036102824954
995.7710827974012,674.5478074709264,10.756917462988714,30.888501731616834
995.7441204724687,673.4759556016102,11.080117778136806,30.470881112262738
995.8787999230079,673.4121137131441,11.364762354154852,30.314926292660147
995.8565246797583,674.301248747651,11.987439569188943,29.281471394411227
994.9648208002955,674.1035109855785,12.267466791081464,29.138711134979275
995.0429027797584,674.1421303412498,12.486808905392149,28.774795480334582
996.2892877595652,674.6668136404314,12.762598163231296,28.40724736723142
996.0261411810202,675.5980684195363,12.572566275689557,28.85575246127384
996.8040158401362,673.8572863802425,12.920963867171057,28.853526380635937
998.0333705353295,672.6222475094062,12.660683584450743,29.31604863753681
998.0492590079436,673.2907355355155,12.68262764618193,29.44989885351434
998.3034286805873,672.7605499434216,12.687311319731704,29.48988763337483
998.8145665006867,672.2484064827561,12.62307383079703,29.686012063384116
999.0240771942092,672.0164620806256,12.614862765321561,29.71541841239143
997.7316450862331,669.1531847183752,12.6562620822105,29.607037948598897
990.8870466232963,659.9848348665652,12.435616516934303,30.041870739377252
989.7828606027002,651.7763190268125,12.014430233312613,30.76197439459049
990.9887509614613,648.7370433733314,11.656965321225726,31.49836786082391
991.2935307887085,649.0852993570246,11.421770460031798,32.2435735181019
990.1408359708645,648.3412866447329,11.195250629930083,32.86238679211138
990.8044624801813,648.4247607887028,10.971192682516767,33.32813668246308
991.6759944838951,648.7028161970845,10.941539648638159,33.68603424468209
990.4879631739329,648.8491186922605,10.855470291481122,33.89731333140234
991.4252961527611,647.8575568119118,10.765696416039239,34.4087819617135
991.653783133351,647.1781912972194,10.857569712950506,34.676215006974836
991.9276373476938,645.4408744833688,10.83449355936942,34.99314332766937
991.9504824550634,647.2440134217026,10.84999961223507,35.071116521024294
991.6721646164278,645.1766173546944,10.767013018445102,35.425108550899495
991.8274659153709,645.7198392408446,10.766509545467436,35.87611235035346
991.0117342439463,645.7501110966489,10.853380627002297,35.931298969093014
991.755973720399,646.3495842824473,11.08123029500762,35.71856115557875
990.7696881489306,645.9116571167765,10.977621933549727,35.930915237534435
991.6149894817977,647.3329789825405,11.055006399887976,35.82689679401617
990.7669576536795,645.5772723777455,11.113945875330641,35.780031204549005
991.1858284964861,646.4866671173504,11.16106446689332,35.6783993276494
991.0945494736028,645.4459394072599,11.218678235552252,35.96732468801599
990.8206278615055,645.4785624795081,11.170327728915783,36.164950375175046
992.1570523335392,645.9819443656536,11.308322014142064,35.92734419136605
990.8012191180197,646.0947279538839,11.155608085531384,36.2232318856063
991.8306971138301,646.4521058976476,11.198485437416704,36.16687736812732
991.8249966521719,645.9269890883269,11.339534703461634,36.3685621572133
991.482680644779,646.0412062032407,11.671099916222685,36.22623603078013
991.3509034929518,645.9023502780562,11.773697673212526,36.17085709898349
991.1707467933222,644.8600251992843,11.542941314533408,36.62593939497037
991.5421571749138,646.4683138450522,11.731330950024411,36.69986727425681
991.0837449045555,646.5532136399258,11.797679523810624,36.6586442165157
992.2136702958259,645.744333923121,11.745570001798294,36.73616991885571
990.9826575434535,644.9482618098111,11.686935821408337,36.71567853298753
992.2217068000281,645.9059122943868,11.727466143937184,36.648645238282306
990.8080649689107,645.8235803361155,11.816001017338355,36.36498536856625
991.0567610741166,646.1694603640575,12.023671792346692,36.352842121573445
990.3976812096598,646.3564119349887,12.151210860478336,36.52006731709425
991.2835595441343,645.6701447396403,12.103258903825008,36.93713579497249
991.6450215522541,647.0233967063834,12.13387027748552,37.13796595076523
990.7520028124477,645.610421587572,12.25035936480247,37.219444161563075
992.0596544385791,646.082158688075,12.249304149878135,37.336935856209834
991.1389121413556,646.3471924915461,12.351581238145286,37.033810028523455
990.5924947106492,645.9887027275023,12.45788382864946,37.01911971341422
991.6672797645683,645.7185438614803,12.420740955460937,37.21122115021604
991.0137078483723,645.9249297248471,12.473414201076363,37.511256244352
991.5011369665416,644.267866722216,12.511802739411245,37.68104817177894
990.4764548600584,644.2269201827227,12.315262745148031,37.87987118419427
991.3259634251888,645.4540972407991,12.439082490802715,37.86052201761109
990.6720578467264,644.5945144086222,12.37049186569185,38.12755045013809
991.6060729261183,646.6233459530613,12.513012444288886,38.07622357341819
990.5006543411013,644.8965671558622,12.585148175419217,38.558356588196055
991.6565833572685,645.2364484055565,12.647627101016202,38.53187452580014
990.7868669592049,644.4561043777605,12.379327267367438,38.753642107339644
992.1460460360843,646.0824072831664,12.664701794883147,38.4431806904487
991.4872864469767,644.7669131989571,12.774705494964223,38.4629473069722
990.8562575349589,645.3985876841566,12.545922526343658,38.54327728783667
990.4640304423771,644.3539413974288,12.444425788541299,38.67578692424242
991.6067473080324,645.2308780131211,12.625076775934922,38.93540913810915
990.793520658625,643.8042138238861,12.679142260228078,39.12865732210597
991.8679900613442,646.0378969593572,13.04096924572869,38.4022642853403
991.2963356094175,645.3972279350119,12.89595927713058,38.55754113293561
990.4676562239123,644.8758043392179,12.956449890754227,38.17663422849224
991.8962655103518,646.5796503914764,13.061007812855054,38.15339017542787
991.1163545939859,646.2850151580834,12.96843189377854,38.40565633828158
990.2523585515692,645.5579904327883,12.810235709950513,38.45424817301959
991.619225289341,647.5490020563612,13.117330223985078,38.49382183444307
990.68023451152,646.5611394770029,13.253179235109657,38.85869987764292
989.4626201222343,646.8840633887662,13.150245782235729,39.027413063523554
989.645549538553,646.1744196328261,13.396577315389598,38.81376958136977
989.5557892407014,647.4541443498658,13.443644067141541,38.58796215321074
988.8403628433825,647.6649793595809,13.522253199898781,38.7504044203484
987.3620584172247,648.7104624603667,13.448060755980327,38.88987549752439
986.5521524666237,649.795794604058,13.73957981050251,38.39097796810685
985.8906206632631,649.4957989309216,13.7818818176832,38.55943958382119
983.9261912348745,650.0515462855255,13.70766841264996,38.633597845881084
982.209803528994,652.2852123530696,13.597576163888647,38.56197141071354
979.4569609098482,650.5619458786484,13.41300003819697,38.84855767948702
978.4245005828445,650.513264048608,13.231870334385917,38.83465383249147
976.779187837267,651.7549325558568,13.192402918588765,38.848707088227066
975.511355932972,651.3095527458709,13.017315432089113,38.71372989942218
973.951503389413,653.2905772931904,13.351556947658676,38.140108062320955
971.5474853321185,654.6117178203015,13.389599280204195,38.136378004879205
970.0018234591194,652.712386162167,13.396565526126425,38.44612850033204
967.4262988171217,654.4983415473621,13.52475571359437,38.53168771781102
963.548264456695,654.8224348089074,13.162613641906358,38.927727483516115
960.6863755540327,654.0474349747201,13.22327165429278,39.056233383198574
955.7022735053903,655.7450594952045,13.368842008291407,39.38367563976083
953.4589369653387,657.9548244757742,13.709236230209838,39.051337737184646
948.2329526418738,658.2125938547933,14.004433217288609,38.89976857338663
945.8246053064643,657.7383940721178,13.819523331070295,39.11189234661582
944.6728122439782,658.5145596081642,13.487357970217662,39.218241713518424
942.9690067786247,658.6852476495616,13.543754730468873,38.90886855659645
941.3994876126083,659.4475462609339,13.337808292680577,39.14523334328176
939.9199909541393,660.2490772940956,13.23663453541515,39.204843677432734
937.3083812462783,660.0555552161247,13.233393017451906,39.27134943177085
936.2474072759632,661.6943397788255,13.121366978132093,39.100580147296675
934.8074878512372,662.7621056345461,12.943918372979024,39.19274318568743
932.7552970880557,663.5414536434004,12.91697465443816,39.22397686787667
931.8658195886076,663.2943371412134,12.901989228415346,39.20366896152982
931.4397128246745,664.4261382651817,12.865918728705191,39.342685121796144
931.0364703962794,664.3287989980114,12.975719642223707,39.60012968656765
929.395981700905,665.5816202873652,12.806427810712988,40.105028546916394
928.80557566879,666.3638946760688,13.015452660663978,40.1467993162088
927.3782669674165,667.0563283886152,12.93919404679394,40.528253073367075
926.168886656766,667.9901011908447,13.034745859196068,40.26213216296917
925.824176378301,667.3463528647937,13.182098947959682,39.99811192454531
924.0589293490186,669.6013477250722,13.098763393792575,40.34077284638343
922.647286110904,668.1971057474308,13.29522572947306,40.87437949186706
921.517765000665,671.3326968830106,13.490750617873925,40.593813542271185
918.9279008135211,670.4113880463531,13.505022697148421,40.87391643363428
917.10577629387,671.15282995094,13.689481506653173,41.14569776079771
915.8934426760626,670.5519737926344,13.465975410053723,41.53418880160247
915.0615582382443,673.3188655000703,13.512149566757282,41.49967391853
913.5090768305508,671.8989055455281,13.44878242799681,42.05108040560216
911.8673803399284,673.4619946153643,13.553759633942454,42.07146007385198
909.8787652976401,674.5718754730151,13.574449133954914,42.26295276452589
907.3201011153016,675.2388422002092,13.601731092839758,42.54579279627499
904.7976929095089,676.0827740287473,13.872700878143336,42.43180385118933
899.8801642139846,678.2361042622402,14.024685225368858,42.48892912791665
897.6781498954095,679.6814083517957,14.279902999024051,42.43074415895
894.2643372110598,680.7624913302371,14.314933934892654,42.3065790241342
891.5358391930296,681.7103951081093,14.172270051214273,42.47497496913754
890.3631029939204,683.0476306561548,14.384632403046098,42.2293545238339
888.1244726507364,681.6189221611842,14.348194511533208,42.22421648676706
885.8444944888497,684.3436685941563,14.26014010456321,42.500597567966466
884.4010789953676,684.7465498375425,14.01311980177821,42.66366971978955
883.0046652320486,685.9123983552042,13.91156628212103,42.94387778242745
881.7262405553281,686.833217571287,13.757926839327801,43.09750340360666
880.0535500061693,687.5605723488906,13.728386377357946,43.283937170390544
878.7127314192314,688.5442751726828,13.673132043131407,43.37728391462127
876.4845163977286,690.7542561274659,13.6160613956767,43.069279078266916
874.8252777567723,692.0509004029905,13.782236650840856,43.182699673717295
873.3939523819804,692.900462613336,14.063240481174084,43.557768253819745
871.6597304102899,693.3537525121385,14.366462256586452,43.37005414883022
869.8429691358018,693.1071232860546,14.269619052388613,43.423233359006915
868.2067843262989,694.4514295967132,14.119222224327226,44.355909275668836
865.77340401313,695.7596671559096,14.175400689715428,44.470512543582885
864.6997643751072,696.8926762021027,14.029638021257055,45.172986482293936
862.9735300367823,697.7196177873922,14.073369276870984,45.6833403341149
860.9436937872458,699.2687698710242,14.38234487843746,45.84712541932265
859.80249676171,700.351943899633,14.599350726841738,45.715845635649536
856.5722482601859,699.6296688209984,14.788881200043715,45.86981480498854
854.9779482681855,702.0259132404684,14.854692754784413,46.82502045838856
852.7749187727485,702.4220741542051,14.864830515342259,47.06995379887613
848.8992626863944,703.8633232650362,14.959904608979198,47.09887377675316
846.4615683923594,705.6777228801429,15.212300681485331,47.79477299472092
842.5787423925661,707.103108067288,15.734678946025397,47.55381797954654
840.5188509922453,709.4237117895242,16.094982939217743,47.70031261866156
838.5092412853581,710.4505056475303,16.439523788920525,48.035886966248036
835.9149732737538,711.396234595064,16.482740350306514,48.270855529539396
834.6116476218688,710.6606063872753,16.625906413140477,48.8680715798978
832.2953883262843,711.371834303693,16.637950188940692,49.4813196445385
830.5312219919787,711.9505942234969,17.231188739433676,49.85165484357359
830.3869870209357,712.8370780683542,17.597522508867335,50.27101989845723
828.0053856490343,715.7322856344474,17.812254755538778,50.63762914981584
827.6910675336972,714.161306577179,17.851949531325815,51.18694996386141
824.5028321065741,715.0503537138403,17.822208532544405,51.751541866838714
823.7467060173337,717.8760868506238,17.990216230892287,52.07354294327793
822.3297788483335,718.0688312107961,18.1069942673179,52.182651091686694
820.9010778859491,718.0197307854446,18.27906747008661,52.831052404731125
820.4592772738793,718.981747949454,18.64655195590692,52.722735535437394
819.2350369191918,721.260807167152,18.851671192198502,53.22506717709792
817.8989510168282,720.8536142926858,18.95574302133978,53.67987351190126
818.0879907995437,721.6599528302157,19.02462462038296,53.83422417255162
815.8529207389947,722.8382929346712,18.97939580303503,54.37282313272307
816.0423357146448,724.724605636464,19.133101464318024,53.991709884670335
813.7588658853172,725.2443743382371,19.12454540306366,54.77076145321587
812.9436122688805,727.6317625762442,19.66993541505826,54.1979622301619
812.0062306439895,726.8067561117213,19.701558181937735,54.37869801572936
811.8720083611131,727.7480971859497,19.846975192046035,54.74380143550985
811.0787808226603,728.0766117775743,20.075526073166166,55.10316341036466
810.2692719696424,729.2995854705357,20.249236166782882,55.727135372204835
809.16236538159,731.1999353401325,20.37176769043714,55.7923835948186
808.6181007261783,734.3567778516513,21.010973525899615,55.629487832645225
806.2117194990814,734.3946562650838,21.04291227251299,56.42606763183305
805.8852120164192,735.6711610002238,21.206765448419993,56.64834364395962
802.9227137325795,735.692943528304,21.187399375718655,57.107661128025256
801.3497315084712,736.88205773051,21.50609927658702,57.064753673167615
799.6741445318094,739.5547444141527,21.850456604315642,56.91355650293441
798.5006094980774,741.3308471093625,21.933672644985048,56.86107001701002
796.6784920132419,741.537022931046,22.040149264283784,57.64404410587413
795.5319387416916,743.4629620734222,22.391676823123873,57.50888354115349
794.5626732315344,744.0865063503766,22.657225746766176,57.729851308388724
793.0196136267576,744.3620506588285,23.042913847844986,58.16600401924761
790.5362000311555,746.2537039519592,23.39723464943122,58.59257253979771
790.5699065652844,747.8568075126185,23.652200663614874,58.9745848226996
788.5903039727411,747.3378014650401,23.605588435371388,59.79139977465924
787.4783398164029,750.6648693906936,23.554448226548146,59.918958335583724
786.4586418681725,752.5410034065708,23.421193308952436,60.23248524859269
784.0326855439044,752.259023388233,23.388114311675736,60.82281761180607
782.8509760003664,754.8499740298777,23.935412178163173,60.909999828425356
780.5421214710734,758.4817500154257,24.019043115563807,60.81933995098748
779.0601020133405,758.9907529537633,24.38785955788505,60.77878587561257
777.5790354881221,760.0228169193512,24.453640555633307,61.072034281488136
776.3443387666482,760.5782446911251,24.309243963333333,61.772449451746425
774.6931597866595,762.5736188845605,24.444904659592936,61.8401508100539
775.0805234310072,763.4192124680642,24.686261445871573,62.038198066684
772.4467926321568,762.5324983986948,24.707581133019588,62.653611788728014
769.8248009198954,763.7679570661224,24.796981103410207,62.98112036672984
768.716539454336,764.7465548352433,24.740423447142,63.28352165313403
766.6831609799104,766.2153770426117,25.07517026987929,63.369898387078806
766.9879307638364,766.8500562897898,24.97719233418365,63.75073644499933
764.2208821887722,768.2874199340179,25.150468237211328,63.828821351367466
762.9507234804661,770.812785253835,25.355706937545442,63.69463038076991
761.3415392485003,772.7546580429814,25.518643320254238,64.03746399177761
761.039520548007,773.7102394577112,25.90284625943292,64.09240793474106
759.7093246808399,771.576069300247,26.18555602317062,64.54780193008922
757.8638260787704,773.8352803407245,26.189896513823797,65.15654755085541
755.2418717424223,774.2190685100571,26.3981425354581,65.39365506438597
754.5814246463468,774.8964369225564,26.48753598278953,65.78666804483788
753.6296618769961,778.3266209911452,26.911101079901528,65.91877637097816
750.9475337681397,779.932562143747,27.01386933679892,66.00086274329531
748.8120688591898,778.4813235656391,27.230577524602293,66.16681293341625
748.2764604078001,782.8143386939958,27.452765661226444,66.30985231018676
745.8625208510884,782.8863013355588,27.569784522269426,66.48471215803818
744.4363670684868,782.7503598426806,27.595568068231337,66.97426887762494
744.3462549524091,786.5477963469234,27.823716416640536,67.1732119587696
741.3800011798004,788.5316201315044,27.965547368077573,67.14276779689511
740.3086033890196,787.5532383686368,27.872917477379602,67.69709697357021
739.3328819086812,790.0798806620996,27.81473643369247,68.18506404603787
736.2914891668847,789.9391216678998,27.82249302095354,68.43954366510975
736.3632630429598,790.6944424417234,27.757164578252613,69.11589786216794
734.1853533171454,793.0570880929154,27.95084079944301,69.40190092471322
732.2684928151924,791.9161582285199,27.917132070072704,69.94299687004916
731.2879913876023,796.2949729793611,28.151628930456226,70.17837788930188
729.6278935067476,795.125459401521,28.152553604519163,70.73597527737351
728.3856299377126,798.0845286372385,28.108093334904837,71.23583511984215
727.855129290089,797.4380027088615,27.978587814241656,71.88644624030245
726.5315794136601,801.8054457672996,28.287973610266572,71.95921164320158
724.3753768319068,803.3871011114718,28.3830888491516,72.27673067058605
723.2960809455699,803.4138002093886,28.47046046229482,72.6398936312636
720.1108253953114,805.3963003691115,28.891434762427316,72.66016333516384
719.0606075208335,807.118207684544,28.839993823379444,72.93523317237741
719.1941048304558,810.2086688336959,28.817270318603608,73.16004588994277
717.3674328802861,809.7304953087278,28.939933085672678,74.02663664479395
715.7352962127673,811.2270883751935,28.84930343799843,74.50536194222154
713.797148173296,812.6922248422597,28.651171435428477,75.1781659429035
713.4705656624678,815.5191172643358,28.5189751671069,75.43789475918226
711.998463651729,815.7201161938544,28.244022684907137,76.67529011055613
711.3215517317956,819.1447696890359,28.405966775475807,76.57123906730601
709.8109534186261,818.7477381080796,28.51686195490026,77.2385045978359
709.8361518449101,820.96085839178,28.51901835744322,77.69603449628595
708.2191691385323,821.3398288680586,28.49321719152447,78.11167025633702
706.0361530433007,825.3504330976818,28.40201786038116,78.7141905492268
707.5106723183391,824.6578459838028,28.265816672593942,79.27541585721187
705.8233817698274,828.6777452085702,28.507188541101666,79.68664432418086
704.0558623823207,829.975572384345,28.16867809316883,80.52679410127797
703.5869113527466,832.9864512421059,28.3157077572784,80.60992816279494
701.8525119466871,836.2884447522042,28.014302740585936,81.02215360597702
704.4017598297825,834.7301967653798,28.07886620901433,81.62269651566116
703.1778209404321,838.7065537396405,28.3125346695541,82.13573135406598
702.581559974138,839.673804405054,28.269666177413633,82.85521456990028
701.9972812780538,842.2432556741578,28.53541657228299,83.3390375184481
702.8681301882515,845.6829387555086,28.73444431684429,83.50363478805833
700.9431358944844,848.3493524696589,28.88128954614774,83.8166971188215
703.771426836581,850.6353648204589,28.92457061895533,84.28735935646114
702.0062371554241,850.3957064509494,28.911156779822804,84.34055796002785
701.538168768,855.2858161945974,28.92970496309531,85.03127047956785
700.6529831457026,858.2237339837313,28.774377927355534,85.69733219820549
701.4647429242519,859.1090719086293,28.85448917527233,86.19050799101822
701.1329772401737,862.781065280479,28.80750087198886,86.78710161536078
700.2577736836503,863.2856203557299,28.77009265262287,87.24471311879726
699.7526745252923,867.3665092755671,28.622825273004,88.05784029316105
700.720323403589,870.1912015902207,28.719701388404648,88.20908432596325
699.3725189610378,868.0131272765732,28.777694354393788,88.86886998099871
699.545503051236,872.7863419245874,28.87327633941237,89.3764396321137
700.1235244256449,878.7149439727805,29.046020559779375,89.56450168715588
699.1863865150789,879.3051289665079,29.234218786154425,89.9365097581344
699.3061135221229,880.7248348702424,29.322906968006127,90.66346033164692
699.758721929628,882.2607169074431,29.50666284071742,90.98103761161572
698.3115188320336,881.2879132356728,29.517920604128143,91.16050449418827
699.0039652526947,887.5543651316674,29.475119442379032,91.64755538359555
699.3047943712711,888.1360896691939,29.710758048755007,91.83915866049425
697.698770828566,894.2309531667864,29.708916727411665,91.9170775011856
698.3020397894447,893.7487656666416,30.08278046466604,91.70815187758156
698.179346105559,895.4440501606326,30.128470621052656,91.88046316723297
698.3934444312662,899.1183127939753,30.12843681262735,91.96300012207475
697.9039153778608,901.5381182411247,30.212516038555744,92.02007196703387
696.8558349376024,903.7960842992469,30.245423993199886,92.22803253954069
698.2212110557697,904.2471577234169,30.39619798863106,92.54523173764849
697.3680341842689,910.3203092624206,30.36970702128238,92.6369943792456
695.8321661670354,915.3766731759458,30.435448974252182,92.5002682916971
696.1180342654883,916.6562513190137,30.51976804897204,92.40518065676063
696.6723906970639,921.7636530201971,30.57016644718867,92.31674005499195
696.8237613645438,918.5451741684776,30.800454310875487,92.25730026316111
697.2723136997284,921.156101885899,30.892409625190165,92.20023259763603
696.1831495707917,925.4639995238865,30.89288835188996,92.20366187000083
696.1340735723638,928.045600207094,30.92776874426728,92.2975825433807
