9.5,354.5,52,17
19.699796581223325,350.84861266141843,48.52154178628382,19.31595231044861
26.078309145049467,351.6364240904104,46.26459295257685,20.1218091926075
37.17552550245061,348.7409329117088,43.609379140362456,21.81061536058809
43.22426814536864,347.91747575583224,41.793775186923845,23.193213381724316
53.327039824154994,347.2302335286085,40.64262369031305,23.678195310842117
61.452348625995185,346.67700211655324,38.93567864827818,24.66626663602932
65.3351540068818,347.95186978538754,39.05089579025251,24.431087658605502
74.42438333758804,346.47804619347704,37.50978148919158,25.15317560780736
80.82162463272093,346.45978252566846,36.59472394775394,25.274276711503823
88.40165037178454,345.6283030316262,36.287346953879634,25.37997339814327
92.33483412477295,346.3280610871576,35.510591931881095,25.579382758386327
100.643094164662,344.10277104279174,34.69918755187106,26.24881751287436
107.6638357873122,343.9574970167551,33.67762084099449,27.436138545637565
112.9083873138042,342.80870768287275,32.256002643662356,28.409396897087603
120.56858946882218,342.3896179956116,31.483547170906654,28.830431138591393
122.25954406067268,344.05054092242835,31.995940116951154,28.063106607208226
126.09103709174599,342.9260573318898,32.48211253258775,27.22711952650564
133.67477619362404,343.0269288863855,32.554915433873106,27.112231024381025
142.02890042384362,340.4063718125693,31.041731518111686,28.651426808442217
144.6707308235945,341.53504806231314,29.809583436810634,28.968583929621147
153.16624976231245,342.6821622826899,30.35033152434054,27.879932266325827
158.65133120090877,341.53984804638174,29.857646674491658,28.458411160847568
162.07156086409202,342.27554978913935,29.426270237682047,28.476950225991533
166.1312195068188,341.81273804850343,29.05182504542915,28.63092351214162
173.3436457018502,339.4863653454128,28.87098453433365,28.517727775286925
174.74717172863524,338.7946233666537,29.11164504523199,28.256090992868415
179.32494577524116,342.1375117828882,28.159906690179294,29.090661755614143
181.14366631019524,342.25285670574164,27.659854088059852,29.277572780039808
184.59343834747426,343.3384882439066,27.25656255027547,29.48617678058357
189.38387328142665,341.75444925211457,27.046410684690056,29.78653821334071
190.96194155941515,342.8722253091054,27.430317959584592,29.567675638314775
194.40776722391556,342.432663357948,27.25587787707426,29.970940941681967
195.38771437933693,342.8881218391481,26.87375081915358,30.26201839837975
196.8802576644937,342.4703675513686,26.992665770904246,30.21713579342336
197.30669028328748,343.2906927259185,27.125925883315162,29.865685631052983
198.93042264263931,344.59406540168675,26.560864013808896,30.014310419592263
201.7880942541447,344.2009760392439,26.56201868889992,29.90786124959952
205.97376107695348,342.2905079840897,25.68841863626943,30.588799400770938
207.9814061060795,344.9361220072855,25.741219970534456,30.57969301270453
209.57206427622458,346.6314053547257,25.50324822329244,30.622019355620154
212.80189077356596,345.556105560768,25.559773359713155,30.53267424710918
212.09437882583734,346.2855673409729,24.809862620008083,30.92275614743854
214.17600508891525,347.1963871163055,24.415623975535578,31.14643043191738
215.0232669491363,348.2132880650493,24.129182621083164,31.110740497701862
220.01461451510775,347.91109553209503,24.201468720829723,31.105492594707815
222.81417318888526,348.5599776189565,24.2499539314107,31.020008336794536
225.57909413183114,346.46853543661655,24.084821422807728,31.253380696622145
225.54039371010515,348.98007823337787,24.107408944579895,31.23704187205089
227.7645718436915,349.8080730441194,24.225022621407447,31.12619144410269
228.87041569092912,350.00990941374675,24.04783767160691,30.899345837549888
233.02967721847136,352.05884096945175,24.132481387457446,30.66338949303133
234.22173535274894,352.55273431937775,23.486273243826027,31.342197656117307
235.35074168811485,351.8617868778362,23.432594832127407,31.44106250608879
239.65615419116943,352.347498572593,23.434116475188155,31.438841873456873
243.41737926757497,351.83140138882635,23.437449861195415,31.436483786041723
244.67531661972546,353.65069602106377,23.418083039966355,31.44583515724809
252.2284508093367,355.22687407755086,23.32810437174242,31.467198450401845
248.58174249315073,355.09741800236196,23.27438069191954,31.51439475352588
250.02001353522465,354.53808997813223,23.14079238508493,31.76628071331264
254.23964401161098,352.81656298402226,23.339293502014414,31.640257925028088
253.13984900305954,355.4675542334018,23.295085263196896,31.676468366027297
253.77468836828822,357.9267072764475,22.932349496339654,32.180416842313896
255.24779876841933,356.551900908867,22.97973597871601,32.22387689993879
256.9856941807422,357.1521009175927,23.362431568025936,32.1529744105636
258.6576895781051,358.81953617475625,23.60121708135993,31.90308056936274
262.7186317914606,359.70824695439103,24.01416751640418,31.49284960953472
262.3296385705284,362.0098933459469,24.347879324145712,30.95427841074298
262.2978286015387,361.90190872524084,25.002111137182375,30.371460356336804
264.9507201494986,363.67239558991344,26.494288322634645,29.100784869560545
266.15424430723726,363.73814082454504,27.55383708738804,28.13254627712839
270.99722411655796,364.6472957825293,28.12729309527248,27.329343516006084
273.6811280609782,365.2714344170834,27.709335765666626,27.420558448702945
276.49836775817107,365.0624587192736,27.185298056003887,27.483068750877813
280.4860955576009,366.1930843061543,26.65279032167666,27.758384788267612
284.8103701429468,366.05354524420534,25.498469514021927,28.519505940043295
287.21648606362703,366.6566298282979,24.853830674980784,29.055259031188783
292.3960956911606,367.0251998855978,24.72892347740875,29.113923357564335
293.6483703218193,368.05649551352667,24.553232353222164,29.537860736731574
299.6743399657622,369.09928869502374,24.28376376846137,29.770952752796234
301.3430794752553,369.86505539756786,24.52760718103942,29.631946451132066
310.11164062447443,370.37551810717133,25.132446933992824,28.981076707431747
313.0498799809175,372.4086755119359,24.802679189124223,29.27434241471786
316.2139773184023,370.6822703126407,24.89683349028989,29.373193252913932
321.62775872916814,372.2018712718099,24.939135132564427,29.3501034237325
325.3191333021293,373.00825856557714,24.761235229806218,29.46774549173856
331.94274123987304,374.1220647778151,24.731847151254726,29.57526590455817
337.8275625505138,374.5666537158651,24.93577439996826,29.483534696606284
342.0750920112432,374.8086471627218,24.726924584954713,29.78039636561025
343.8849722643668,374.3896170871461,24.33936231708035,30.102738414306497
351.1887175722706,375.85839364815405,24.53823576072106,30.238033612297993
356.1195598051311,376.88313268183344,24.402437639909706,30.47865778836263
359.30838599144795,376.7588040751989,24.204425083560142,30.88154817416767
363.23519281032964,376.46778155806396,24.19702430971894,31.16034799182947
367.75723215887245,376.81620027109943,24.19954309340716,31.416979901791365
371.2080139729671,376.11153265709373,23.751488319130313,32.33885964255153
378.94790031415596,377.5201538620255,23.763925071261863,32.552789269812635
381.6852034653334,377.57627775180083,23.614907948899557,32.842584534829086
390.2960838051447,378.4155826393315,23.85968855956026,32.707142231653435
390.2162439316523,378.8290998009925,23.568722710756067,33.12127640732433
396.49376767962093,380.075753068345,23.659843923620077,33.07515944209254
400.709337058903,381.9414206119471,23.677769419816727,33.12212940859934
403.5212961659997,381.56064811466035,23.945528585231454,33.24493463848239
410.92739308373444,382.9766836075128,24.245025271002177,33.081057946753305
415.2347570422672,381.9299199986847,24.341150930596857,33.06409436545936
418.60051205541725,385.0288214886722,24.32515317999253,33.102398258043
421.09143892150666,383.98629560637124,24.49236732653688,33.12631282324303
427.74333786700197,385.8762620224582,24.589147934386613,33.07592510749366
432.26913464579854,386.72964416535643,24.69944536037501,33.02555792596049
435.49171416085534,389.49338175538605,24.68491844467173,33.10385238014806
438.5455304827966,391.36341447700676,25.232919250343734,32.73540186992058
440.1998792012606,392.5154648334959,26.842746078704984,31.610864798490457
446.53087690434955,395.20578107693467,27.297956292339155,31.39128453863311
449.983472473561,399.01071448700014,27.243346799881834,31.412166944118695
454.61802043142234,401.3470170619314,27.676033110721644,31.230858085607398
456.96282744386747,404.20240558251567,27.788894538254418,31.402861119512217
461.9633216715148,408.33183632538913,28.019964608045203,31.252785263037744
465.24492423989795,412.09576653608156,28.661539573055055,30.909834185372297
468.57497536735684,414.2867358871104,29.041220319083333,30.910789522468676
471.70563142633426,418.0180940020555,29.318520566851113,30.845277214850228
476.49424539311576,420.5562998207467,29.922835029833585,30.822199336775768
479.35353666580215,425.6998080831357,30.129840615411656,30.914607860825896
481.3485505677448,428.297286525734,30.494582995089687,31.004962197705634
487.56647789528245,431.33839273479026,30.261710288866936,31.555517933737406
493.11676732243,435.62196345258144,30.213379435670337,31.82462680333085
495.69547847574904,440.35415042478434,30.063834478885894,32.47834348850269
497.43315335345414,443.0574749027358,30.26356597652737,32.73683134671718
502.4143530129335,445.6580898766746,30.38059437668498,32.82655789603204
501.5401853784629,450.05919063880606,30.501767665950794,32.78313399017725
504.25346424512554,452.66409024382233,31.068719702065202,32.48436793367859
505.69733261679073,456.5678371006327,31.360818516672452,32.381609975978286
509.19081018924487,459.2568284288798,31.64492717639066,32.22654201522384
509.95738401060214,462.3188494447682,31.85517176275628,32.12070562614723
514.1648991695344,469.22348594641653,31.936710124701538,32.04911591905422
518.5489088170466,469.34748729705166,32.079896121425065,32.10178893776032
520.6174887308796,474.48174116156395,32.31411519237969,31.958586384517098
524.9162385313648,478.0597184961893,32.969191465737836,31.535020211665262
526.3612415714659,482.89873980272927,33.20800699693999,31.360579626478348
532.2676855053277,486.8839694815258,33.54505866626479,31.241301775995947
535.3149792873529,491.97324813312775,33.88721293113289,31.165644024183614
538.8626295184664,496.2403425453245,34.07237521075768,31.110214965415167
539.4156958630975,498.51070705423376,34.87900063344905,30.68947820376118
546.5366985523467,505.25046309148007,34.88509458203822,30.685427135433102
548.0321561160833,510.6885206577979,34.92864023756968,30.719974653859524
551.515174082748,519.6815991026002,34.888775607035754,30.77359361264348
554.2082264381137,521.720197518838,34.87191594864199,30.811260652696138
556.6516771269062,521.6914825062759,34.817294730053696,31.008102440177005
560.1120198787136,527.5310425659844,34.72951594946131,31.25162502858468
562.524607335968,530.8409097077445,34.63537292963624,31.77767130841903
566.7402532654733,539.6830445376374,34.39693118354083,32.16881439887726
569.2745682395863,545.2306584150008,34.119580551263205,32.674351872421994
573.1899163716794,546.9447150036996,33.91373169918645,33.130351768373394
573.548425093547,550.7991192667688,33.56252983534224,33.67084801365836
576.8046329362473,557.9540216948542,33.81760835160196,33.886746587663254
581.1835896281325,561.3728311258358,33.740368567074746,34.05119529161802
586.0082440517347,567.5656399763545,33.649685894797024,34.24574154626905
583.2842469533073,573.4725191329121,33.62130403498083,34.437457323730065
587.9621576735904,576.1906238688867,33.287822415276395,35.00650355093846
590.8527897903188,580.5391932746647,33.496421100673466,35.145480576479606
592.5607226939209,585.2652777891105,33.85975084057314,34.93062958652857
595.1922638445371,589.3040149518313,34.580067930514836,34.59119856934503
594.0247148244398,594.5759377845033,34.86920888223907,34.52043830744358
593.6729156985703,602.8826206082957,34.87220811921902,34.51930677545928
601.2518975154079,607.2453826890023,34.90546858374922,34.52747096853828
600.9452504973017,610.7145603245091,34.99736067818551,34.51101787724276
605.6794538799854,612.494364351262,35.39523732956613,34.39719200833758
605.4111970442991,618.9871833405638,35.748505282459405,34.36803882435081
608.8290012738822,623.225989155536,36.22991151750709,34.24554594593232
608.8186916385351,625.4634260064047,36.84033460308929,34.08015148079758
610.4225893553647,629.6521535921265,37.30940784656938,33.83771465804779
613.3115087428962,632.2568959486488,37.426596708988185,33.88587602883518
614.0193035739318,635.6206518657957,37.510452485302025,33.82911719670795
616.3969978211206,637.6147335493871,37.87889335570101,33.62077784800354
617.9688990282132,639.5874958566129,38.334520548907214,33.46697863066196
618.0553323687895,641.090141336614,38.75587241986696,33.252425061177945
619.52343316234,643.2250776956756,39.42991749109148,33.095022969885875
624.3323080648347,647.4820533617689,39.65906957971754,33.00627877576086
624.6560107297662,651.1303596780662,39.83874128099032,33.03096712659522
628.7618066488839,651.9454563901172,40.28852448853133,32.932807861199876
628.3998395563063,654.8914086372266,40.80291888770501,32.78797510999241
631.1424342932467,658.1747506314314,41.05482906134647,32.738007125000834
629.1126503886264,659.8737437109547,41.51514464661832,32.67642099799759
631.497260298577,663.73914203078,41.85848795995712,32.66836977689549
631.659562328125,666.2207463010424,42.260815770844644,32.608025692547635
628.8283983695862,668.414345458222,42.904166999537274,32.44380549327034
633.2411018855655,672.6633495785352,43.17608910728812,32.53566770552464
631.3009334428011,674.0381486933084,43.395872060627,32.71038230594971
630.7300813456255,676.9407865894507,43.674013015403816,32.93901440398489
631.8540011012319,681.2284882669329,44.10463147957856,32.76832754071972
630.9756606831429,683.6338909333964,44.47585396557502,32.795294100340215
631.5629834686163,685.7070839185847,44.80735673294606,33.01237868431564
634.2578748141551,689.2708287820208,45.08395063259714,33.002511809768635
