1138.5,288.5,22,18
1137.9008102670005,286.06433976068774,21.905900636376828,18.449579946703125
1137.9124736631516,286.60985983080724,21.81158193308047,18.86234103308
1138.234338082009,286.7488209855059,21.91569290382975,19.293674240211725
1139.1779325722505,287.2796323206471,21.56596997254107,19.547819215765287
1141.1774821992467,287.9188088373433,21.000240831921328,19.72017624058511
1141.8774848988219,288.4747835132129,20.694833845285004,20.1355800563798
1139.1745762220069,288.57210241010023,20.713425094178525,20.330968295529797
1136.6460407458583,289.305678180288,20.862044489316403,20.15422012124314
1138.9585723150503,290.21819276936264,21.043532807383425,20.262853596063245
1139.0070587442626,290.9295710958879,21.410852892436527,20.294599883190617
1141.4995705227086,293.94220867106395,21.286740704868283,20.65270133119667
1138.3063177604563,294.4461870884453,21.6130975134,20.70226917752526
1140.6215950004344,294.95862289275703,21.614400428616236,20.67260869332199
1143.1458762319023,295.67623053157854,21.478637324048062,20.873673117865508
1143.6238978160377,295.6771734151623,21.41066378544666,21.02707601718475
1144.000772910297,296.34445536864837,21.28394772464013,21.456845239141774
1140.6752111557867,294.31983537190746,21.618317369372754,21.28505404365876
1143.5160682384517,298.05219094451235,21.47504867675993,21.632017970165343
1143.4409842201949,296.1726607086781,21.543286798620276,21.736571281647052
1143.266083020116,294.7116343723329,21.434717827747342,21.396290084403244
1140.3533477064434,296.06152038617216,21.587691659437954,21.37908565316034
1140.2228436399637,295.0703259831274,21.83745703018927,21.22053808458551
1140.3119967647438,296.0343124243384,21.877626569461093,21.31575593893418
1139.5870027347323,297.6228650008022,21.868669951177367,21.343171011531478
1134.2144805321575,298.27221356940134,21.987301010990112,21.300973403218084
1134.5384820915895,299.04451576102355,21.916474999460036,21.398391510475072
1138.4089768368447,297.8213010016723,21.76739634803065,21.390825562945377
1139.0906947475673,296.1545662585865,21.952735722660545,21.149073510573213
1133.8748321869416,299.34169021587644,22.081345952860055,21.171734832901322
1131.2627388970486,300.55443749834836,22.15710027785446,21.17768753548976
1128.3717277737044,301.47797422950975,22.201014366431437,21.219610078225323
1131.114260270171,302.32211902871484,22.291413622155794,21.199248221819474
1131.1911304891423,303.0426476965025,22.358671873744985,21.17283691571654
1131.4643777851852,301.0986501762767,22.44002906588856,21.099563054343264
1131.60800347595,302.04786680194945,22.525290024904866,21.052197107608944
1131.9610317807762,302.640774595317,22.555873332148966,21.083533162719547
1132.031166905484,303.1601920655626,22.641229760008144,21.05148599917522
1132.1361180799274,303.7376553532308,22.624923833793723,21.167499131594873
1129.2046169307646,304.3352994784461,22.686627036965497,21.213216778686366
1129.2735043563528,302.4496964222346,22.860717247310564,21.114663331477974
1129.283001066004,303.2594258324964,22.993045298745304,21.189818325308373
1129.5681923465565,303.8933587623067,23.041007342609724,21.290711740170416
1130.9205742237077,299.0035847320682,22.947155911305305,21.123195400928218
1128.6931809293199,300.1918732646487,22.987174281086794,20.92266494564581
1126.7503708376826,300.84138081209073,22.732243850958017,21.27722789374565
1124.118746749611,304.1870547182411,22.920946166810708,21.39107732036709
1124.4383104121273,305.160381269525,22.936171506725728,21.596985167124945
1124.7630102570934,302.9968559664994,22.98085830885511,21.861792788404244
1125.7024386491353,305.50058090865235,21.76570681413507,23.30350204945367
1126.0149990247785,302.66451177166965,22.2078400101069,23.11264803673688
1126.0495474287022,303.2586801042721,22.542299519350266,22.544988663878954
1127.19613414107,301.53504489412563,22.761901277339085,22.28527694839924
1124.809409643272,302.23715035961834,22.817986438553913,22.185089998508104
1122.2973001226296,303.0041537018197,22.867710545756488,21.977814638301297
1116.9479115509275,300.1822305849385,23.273779292248765,21.449571772179606
1108.654183196388,297.9088600898507,23.419886971787058,21.284517909144867
1109.563792758251,298.0523544080378,23.71645940728007,20.96656239297063
1113.168266020937,298.0374340061874,24.058149173412243,20.749253669598463
1116.5729098184024,301.3347616789467,25.563800123708393,19.412689773817522
1128.2255622459772,301.32159581413873,25.393083510135888,19.58295305620119
1114.8935568866814,304.8035469546828,27.31538356588588,18.316941533627414
1118.26240610188,301.06848704647024,26.976313370351612,18.75135482997197
1114.9811272737238,300.4320403180978,26.67664549413244,19.059768423073205
1106.401261761554,300.4338693022242,26.38600954459518,19.63700695159322
1107.2400998639637,302.8122100513508,26.233758177842073,19.709077971040166
1110.185945511012,303.4474744485819,27.57508289784447,18.765510276679453
1112.103019056938,303.4667003852008,28.795000556663936,18.1864430236313
1115.9693935142066,316.4963222961411,27.33562572278479,19.156509428191214
1116.3024298454145,320.5755101180718,26.097611505822645,20.07733643630733
1116.1235475128524,317.74203012327104,25.357740544153728,20.47954022321104
1115.4127430839224,315.5276991076215,24.8273390088711,20.956531369424013
1112.3791767204395,318.3719208486704,24.70416125762612,21.28232004598715
1115.5957127497766,319.4126081124157,24.103647830849187,21.320856712344256
1115.518914045759,319.52150778278804,23.72111093626819,21.580404179317807
1115.8056884618893,317.5989026587206,23.262806671402124,21.762452672844606
1115.825344120819,320.68783330430756,23.163790908240287,21.828662865282674
1118.6200586711204,318.28751611514883,22.66378784828672,22.08248232508209
1115.510756365698,318.43353617231634,22.616814189172956,21.992954668713832
1117.7581643213443,319.7350938445826,22.46196552870422,21.479056986992653
1115.2591302910434,320.45532037454564,22.418716126384744,21.161748792102514
1117.9447542931487,318.3196700346303,22.286486085584034,21.21563938434777
1120.6047507374194,319.55475032999885,21.915182180959395,21.392789527405856
1117.188660380368,319.0219176473472,22.101096911481093,21.340459153725966
1115.9290608716437,310.5257874915613,21.912668394062983,21.289411207241166
1107.7905633106036,313.7722702874796,22.19626484976169,21.021029241198008
1114.43667646977,313.57915756716227,21.834798915034565,21.755363450295768
1108.5613449242348,313.0978778430318,22.515735062135118,21.423830004956194
1108.83048238665,315.9402095344704,22.491105488238034,21.6205486106045
1108.848100247018,316.6344725576816,22.736518297031466,21.531563560733655
1112.261353631648,317.01945796276624,22.94572806143261,21.47722077848023
1115.5425790195525,311.99747831656833,23.026746142434952,21.367323793410236
1110.3226975801124,312.07598317747676,23.10616508820959,21.506078398642686
1110.874529799421,315.693229850441,23.169171329638857,21.52298695395929
1106.142846573307,315.572582556445,23.153230607183993,21.403162182219546
1106.6479317317362,316.745147368443,23.381254755963,21.320366666576334
1102.0308065342783,316.6403667391472,23.742061547362834,21.01205416112976
1105.6707433164615,314.80007610435325,23.637999273737677,21.27143181743643
1107.785361020089,317.7477317452605,24.008409004269318,21.069538561592406
1113.317487177818,332.50475973164964,23.56248573696815,21.24649592499575
1113.8166372448022,333.3875155299228,23.004139556027535,21.43717646426031
1111.3844256858729,333.4485129012203,22.842491125424196,21.502848644473072
1111.637913405805,333.9898830151964,22.580877416016172,21.635710695230145
1111.4843581402854,336.88975083261283,22.736994570085105,21.91691721432802
1111.420475216601,334.44885952851166,22.65335667502132,22.00110479842145
1108.3231004423055,335.51820304154035,22.73798831131987,21.97817023093649
1108.420890601892,335.944559987464,22.838152053616817,21.88162994977639
1108.5714936134677,336.61844580811163,22.89774498542924,22.01506663291349
1105.5228068519511,337.1115634492241,23.15975559723815,22.07863425004926
1108.1306183740624,337.6013288579529,23.32366536704143,22.19313643544501
1108.0957989020646,336.6439861532835,23.274786703586553,22.79066541072476
1107.789739517853,333.64580784641106,23.27290533038936,23.034670740442472
1105.0622440656969,333.4215290093706,23.32102825374444,23.262987821566902
1104.7291086360126,336.6194150450538,23.698719827967988,23.1680818772146
1107.5887281704968,336.92084779960544,23.86882354388132,23.25422990885608
1107.1148750096545,334.33593251599586,23.92744910270283,23.285000932465714
1107.326516007194,327.70368757161384,22.63794776586898,24.910415541993903
1101.8406922760644,316.22445047766473,23.716238904885945,23.90842334500436
1099.8365181881438,316.2015065035094,24.661217806587317,23.194629472445595
1100.4925768781088,314.75170122380223,24.857363180144095,23.08906110348466
1101.6243412648016,312.5358828704138,24.715601450826146,23.08030960759437
1098.7019843725782,313.0967153039986,25.302824600354448,22.748474173389027
1099.4619629799104,309.92380447143586,25.270338370149222,22.914774754682796
1112.270191453128,311.1211575358115,25.075577132942147,23.07300780249086
1103.0443798455,311.66554687470784,25.05038417083027,23.169122971210122
1097.2639118474547,327.479692132086,25.056931166982032,22.821567472322922
1099.825799721868,330.3190279645682,24.783327937839424,23.067154039475188
1102.4981626185331,330.72119425531696,24.405286962776792,22.885847590561326
1102.2438186968138,333.43962089594305,24.4009469594019,22.982137829664392
1098.879889511518,330.62845235826177,24.666511228278647,23.035680654538652
1102.0956654159113,330.4462065480306,24.392464931729403,23.44504688351761
1099.0618111046306,330.2642220614501,24.71486134039351,23.497255341704097
1098.7747525727134,330.43294418327235,25.152181035701304,23.61766772337806
1099.2711920669649,328.25023295891674,24.99179624647436,23.57900835064764
1096.522481904847,329.5206439136291,24.64957881436258,23.757242570678475
1097.8268769630279,327.49436409294833,24.61082630137888,23.57044521741115
1099.566545370476,329.1096395379658,24.460140437868397,22.88471606657305
1097.461553905145,331.59577180337965,24.142599374084362,23.11496236948547
1101.7157392802092,327.2623355265908,23.76959124907822,23.382834755216603
1105.001022272097,320.95390984167926,23.672253719892094,23.337608221292058
1110.5505377206293,324.73035501442104,23.4551922747318,23.105233508437863
1100.8595061134245,327.65139894512424,23.61677743128017,22.389640054685323
1100.6626100903866,328.36562310099794,23.378143394267923,22.363844841044322
1100.6115772827966,325.6080640389529,23.03257610062703,22.546835394028484
1107.1279918221965,325.5830520373637,23.096954091224454,22.309992225680837
1104.048445685295,325.0152276372328,22.94500405621943,22.31428991262328
1109.8253124948426,321.0757047266742,22.748784818533377,22.711765966742202
1110.1258952094006,320.26795802798785,22.231969178142574,23.322899880396
1106.960551989321,323.5764768581769,22.280248334518994,23.199782546250816
1104.0094976661824,324.05197834550734,22.35799613332307,22.496586582598223
1103.5950919921686,324.7397318940722,22.652681318821525,22.154181878618886
1105.5399581733245,325.34637530520376,22.861437287350626,22.049602007497068
1105.5166973099779,323.5928937460417,22.649113625154726,21.82705744111353
1105.8047442423808,324.72692109462406,22.35183738420254,21.538795696486353
1103.5654967430469,325.9923767111083,22.264001473141224,21.452660521714897
1101.2665413907976,320.50828930931726,21.98758499487044,21.677076170023444
1106.9469262730208,324.27352776808203,21.99870720582669,21.646061380179543
1104.3489903416596,324.5469914108192,21.842976514227896,21.889281339635456
1107.1611206711896,321.77961863775863,21.676251598881212,22.08681098533541
1106.7497098790823,324.9395969106031,21.683681106126638,21.998476181895096
1103.618640073903,325.7761864137615,21.99618616448355,21.69400352113648
1111.6751560083167,322.070569243432,21.854187391969447,22.087621589822838
1105.288724783008,328.0775972317392,22.30429021429073,21.67697824138216
1100.1299289375422,323.7548118588738,22.058766785288075,21.758765341483098
1105.840793817517,326.4986967180861,22.199547515756215,21.90833950657288
1105.7429498359234,328.6752491319898,22.820770025318975,21.554212101479713
1094.069991497936,329.14791737285867,23.745195078368642,21.0581594878164
1100.8331500548384,328.0786943543292,24.237044506617085,21.13681324467821
1106.9796744694816,326.31304972992945,24.15865632186198,21.390295257759888
1109.5429570137733,327.1593955657267,23.885197731996726,21.46639466568659
1105.2315792589204,327.29255827158426,24.142160013553244,21.46959254675138
1104.2070100866404,327.08437349289534,24.100134722859217,21.402799522208603
1100.250179608492,326.84280087836,24.67796165281937,21.012764719502897
1089.4543987709828,330.4280749882074,26.156463330279013,19.909409531119106
1084.6798697441645,329.7215192522941,26.14221266809537,19.895139487442805
1078.1778574461682,328.72203172056,26.133787999561847,20.002168592773504
1085.107764372757,330.5810462449399,26.323781694907098,20.18349185610171
1089.0367893637065,330.3246482038539,26.28274736089631,20.350196041978208
1083.6775081577814,327.9990015477529,26.045280834452832,20.65580101113199
1088.929015968744,331.48435694067115,27.1887152552528,19.864727180556805
1100.162990243511,327.7253438151411,26.876936597075833,20.21141296607114
1097.8418058476154,328.750216761358,26.34487263435028,20.378350938230902
1092.3350479738272,332.0753857886129,27.365389305083603,19.675498807488264
1095.468941133244,328.61288065925066,27.09550776377685,20.14427461110403
1096.2395155387649,328.0601098022064,27.13001155206965,20.42377671289932
1093.3614509316271,328.57842176596347,28.6977710153687,19.793012434566496
1100.1340872578016,325.369251953199,28.005927203656967,20.033965776220995
1097.21788085731,325.6836110746226,27.40267058249017,20.356496954016585
1101.6895071011404,326.13864981402554,26.590970791057842,20.931683418882976
1099.7977364168125,323.3367492138976,25.80957266081212,21.557864494321944
1103.770153901635,324.40542973473606,25.1374537365468,21.946362331734303
1104.0666266539404,325.0533497450303,24.970075054226406,22.099634368831715
1105.9956802639742,325.10321218549393,24.736437829657266,22.29716711992159
1108.0912282426477,326.1342145064579,24.481139563655866,22.51840637257071
1107.718595013598,322.6345780318814,24.342441423576442,22.70414172406739
1117.75557342713,325.049557424644,24.052694801590462,23.26314330002297
1117.33601944495,322.00391179837595,23.7593263169379,23.828878941902296
1110.656159040352,324.5808725515212,23.679913482029768,23.914546173099513
1106.869583228443,324.6242561870779,23.50195502894346,24.039269369176942
1100.9088210946213,314.1191369504153,23.818920351884415,23.96488259836151
1098.3559955777966,317.4751927649772,23.843801846654735,24.083113262023367
1098.421633667248,322.3430052499221,23.768608382100645,23.976123698627674
1099.373874517938,320.81890462938446,23.67839097820628,23.859283493017184
1095.6089567312474,324.7835843822966,23.896891464764767,23.60129401664235
1092.7724243313985,343.48821321147415,23.82225748058807,23.721951214244275
1092.810789015347,346.57684346396115,23.9474180001435,23.722388367809113
1093.219807913869,343.16539091038663,23.825272477478702,24.004663611219186
1091.1150896596191,342.64129114496336,23.717286119157492,24.019776722960124
1091.909669283377,345.78058708183255,23.6261234403215,24.148107666452013
1089.011850186663,343.17071256842297,23.34592497527198,24.465420913699642
1089.5035374024546,344.1981737316019,23.15698431625238,24.52738043472337
1089.914099924497,343.4581225699242,23.15287891356747,24.550346961531744
1087.8813639254533,344.1109939861608,23.265435004748255,24.092057484847857
1088.56836850522,342.56373084507345,23.24041735846741,23.770603666390816
1092.557148929349,343.49740487442597,22.938649204300713,24.10981717308494
1091.1308020478693,343.24932456683274,22.966155045736393,24.140556290449577
1091.6954748015087,340.5905177752151,22.933103941533723,24.1173486075105
1092.5192993301487,343.8685186449304,22.969908252440874,24.142659524482454
1092.9256483342444,343.7555672205508,23.083062721799493,24.13078175755441
1096.5535496475384,343.4627953857952,23.301606732937735,23.905919815073783
1093.1940061580538,345.5719450351924,23.68207257238045,23.794905062177662
1090.7295811435997,343.9829757681815,23.483275678223308,23.993593641975846
1090.4997949701328,343.5739270663578,23.719665376737105,23.64061343656113
1090.1891664189784,346.51250873711564,23.97351733268521,23.345079848158193
1091.182377203546,343.22512442283534,23.693542649613143,23.76735404617683
1089.5781015639038,340.0596681075532,23.391319078051662,24.091127470808473
1090.3020290470788,342.70300609478835,23.34865660609436,24.217907459472926
1090.0687605161993,342.80455527299074,23.15271915479926,24.235424415525266
1081.969188432393,342.76088837296453,22.86475509182138,24.59477068773041
1081.8280493480195,342.52431174389415,23.0211688740097,24.42935441204623
1084.9615762276242,341.97284984342616,23.242439756981746,24.311977538543765
1088.4416230656986,341.68769098268,23.170170139365588,24.117947110736363
1086.8539859989678,341.9306844599128,23.092800687622226,24.115833344766468
1087.0879321913308,344.77411553239284,23.137448702924086,24.143952755745065
1087.5181145065499,341.94340449204674,23.21550043429468,24.15584776353083
1084.1696983376614,343.71212800349474,23.538375614936786,24.172395634662532
1084.3678872475512,340.6134747800875,23.482072989993046,24.26689503649408
1085.3148019030564,343.5321227638332,23.64457078355092,24.041005395296686
1083.1162755076589,343.2571047343943,23.653122407048745,23.932220705845253
1083.5601816244905,340.4251736847655,23.515841966026205,23.75670826286647
1080.4545123431371,340.12889269436664,23.53353552827503,23.657006342430627
1081.1929039234606,340.49722245966075,23.486335440290404,23.647635415625064
1075.3303323772923,341.005894253164,23.256721795871698,23.895391234860888
1075.4766247543807,339.34213033831327,23.57859876168476,23.82826717476135
1081.523482417043,339.55236345098643,23.590950140156785,23.72280958970428
1082.1481520139214,342.13139042462626,23.556464590770503,23.79239436389074
1076.1014908351126,339.28792796203874,23.36524581832218,23.95408125195635
1076.2461017400733,339.753144660337,23.263808709986893,23.74131108387165
1078.8235062974836,339.8445785969782,23.457287654400886,23.262182615267598
1078.2408069155376,339.91734680917983,23.31420424818755,23.241658663136214
1072.1935503060442,338.36014213113936,23.554354979381692,22.936750058478054
1072.4563549786005,339.0015590776487,23.458913875531287,23.17491738520878
1072.8646934468914,336.5384700677865,23.44558160590779,23.12662622005783
1079.8764271619445,337.44736411907354,23.499778551106566,23.15072177684644
1079.8927483592995,337.6688420323981,23.437112250016735,23.09477446817789
1077.2586143377948,337.4512747514936,23.349532457485267,23.066149786498663
1077.8987935392784,340.0223823664601,23.504200461759766,23.122031308732417
1071.9547641369923,337.7351315638402,23.79939999814348,23.00044221572996
1078.0441162875106,337.9578082941156,24.025706874169725,22.778083455253398
1077.0537997896292,338.71401232239896,24.414627752737275,22.714115473607357
1083.2587486232737,361.7357048043191,23.73518071563629,23.189296641358904
1083.9223745123338,354.8360222124302,23.35116898401735,23.602956830935035
1084.0087012238748,360.9085323756577,22.903456456969813,24.128074863549777
1081.7208489435347,359.8142755190913,22.94144653629598,24.08726423586217
1081.5334973410609,359.50407176456804,22.86280882341811,24.06173859366362
1084.0645899591918,362.6416783205316,22.764678648496584,24.289039367234686
1083.9830757043007,362.3659499835056,22.80307926262552,24.22045216749973
1081.8041424111873,371.6935771785113,22.619520143896267,24.591164421775403
1081.2982128693027,381.32527402040176,23.014912169006948,23.749905137408533
1078.364963673969,381.5850252011552,22.954835375806024,23.822824665206795
1066.0629793133269,379.47722541735556,23.12254768839854,23.705756882036997
1051.3076993220977,362.85950198930635,23.30483389766369,23.241058016699903
1052.4365971594002,365.29928274701837,23.27458968332484,23.35849576503931
1052.914295190117,361.2578283149422,23.238806208389523,23.440698910197536
1049.8408338040779,359.38824028868936,23.260391379759778,23.508263415233007
1052.1085422955537,371.06720903263835,22.83014273939842,23.75020614584088
1055.7211888797167,364.62107607407836,23.266787284695408,23.68394545163274
1056.1267580765818,361.8693098977889,23.348095528119046,23.881630636242935
1069.169338822749,365.4402891521693,23.614458388811602,23.941501084086106
1063.6320945505895,365.932709744793,24.263394564966596,23.809296534142305
1064.4138680519163,364.11023168851085,24.384536845684188,23.881410287163742
1060.7744568966073,360.8423128149117,24.15155839031101,24.008916163329328
1063.7074411111225,366.5344484244429,24.298723963966065,24.075504014091084
1051.352313196579,379.4841891038108,23.885251994591165,23.91394150911506
1048.6925869153354,401.1802102946559,23.04645279468841,24.886588000715893
1049.436199919446,401.28943711190607,22.943848406645486,25.18699923628691
1047.426294208264,399.1191613114207,22.907719200957725,25.63643541024047
1041.3353706195787,402.5320372766691,22.06860461685342,26.58719038053111
1041.873431997259,402.4248882103308,21.223221186777653,27.590380543923622
1042.0510985141689,399.07025027948566,19.987836659313544,29.022764697239793
1041.8109835614396,399.333219452413,19.479425481531653,29.682049573163987
1048.814198811591,392.55267381978604,18.961385903774854,30.41737618235104
1043.4959509386488,399.0142793874023,18.793033932374374,30.96610508770686
1042.976087639183,393.1419746331567,19.39885028064178,30.381125706122496
1045.5660551101862,393.05594435078325,20.803136701703547,28.924708101428116
1041.832799268075,397.2044934945621,21.99253733245903,27.924628341855097
1041.4925967966028,393.76532621544237,22.654077483563213,27.486206651620385
1041.6378214009762,392.594630087288,23.38712514104252,26.584034779053386
1039.94100010569,390.97395755893416,23.874568037935063,26.3643808237677
1043.692810484862,383.99828834381486,24.087913431782034,26.348364479531128
1042.4206112595666,392.5573863956983,24.328392805453223,26.099991831574762
1039.066689170643,393.6457433836248,24.062382441521798,26.253323317376513
1039.842282182599,394.356438506713,23.767426175872508,26.972868253771473
1043.544971073414,395.03278071784325,23.90360522941711,26.75345755225222
1050.6981620993085,390.40657065355657,24.320732012467225,26.88809031968065
1043.8066166178023,389.41286289047474,24.770418434463966,26.984155099689495
1041.76009435246,388.765266709759,24.844042341368826,27.115407865898554
1042.6077243651096,396.32714320836345,25.93385392747446,25.93685578879457
1039.2708280066365,391.3141186066375,25.703180015392256,26.51326757922153
1036.0307144228836,388.7313040442894,25.68282401105332,26.81161431332328
1036.1370079018247,389.69356547215347,25.54496342612838,27.046106874694114
1036.6356073518016,387.3761275539888,25.364655957983565,27.49986326903739
1034.9401824578756,385.8412260720431,25.245294039673638,27.796851243838777
1034.1627195723431,383.73491661958104,25.251233256593157,27.674831553181896
1034.0856762036578,383.9459769578448,25.092782204618924,28.089284179400213
1034.9529799022957,384.0508975007882,25.16873384169071,28.214586778854247
1035.4754779872158,384.0840814844796,25.713831165311845,27.827529222686273
1039.2524075775334,383.8116853200013,25.82825401668976,27.897782212100502
1037.0896258839277,385.2816709919784,25.757518995392648,28.015257347943674
1033.5779641033287,382.0650763817554,26.034627689952757,28.10363036050395
1033.5102846081982,384.9897940241041,26.03943000740212,28.153912406739114
1033.1648160367956,387.3789415049161,26.11346515645581,28.27009624302779
1022.4587274856682,388.0590218180812,25.77579293925268,28.28164246007377
1025.176316836488,387.63378140038947,25.872929491824483,28.285617713124562
1031.9050047034095,381.5729635065116,25.56620568974415,28.32564186757951
1032.718914776469,387.7557108640199,25.545945462982427,28.208174000402337
1037.4220654466433,381.68992301015567,26.05613849214081,27.92243041034022
1034.665929292102,384.0080817249201,26.547402309707252,28.099816517798697
1036.2020821945364,384.23681214376035,27.183245937974363,28.0587429698807
