868.5,474.5,74,50
863.1001686573948,474.7020429803387,73.33290300350873,51.00051966638248
856.9582338307425,475.11464922728214,73.87553787745529,52.14880587454488
851.284038243838,477.15437778502894,74.57303965459695,52.82678932606793
846.0295347861561,482.2290292766027,72.5235233918601,52.50046436263474
842.633942931076,487.21655410152823,71.7665861265258,51.83329320704635
839.9676292116771,485.49819513056894,71.22006508204737,52.50138135961251
836.0391680496248,489.7033734292212,70.4027368034299,52.42266977420988
832.6623981113456,489.9881703484735,73.28194496726545,51.35642068014916
825.2063870186951,494.3077958062009,75.47798280808402,51.548407557663204
819.5075369386344,494.74931099871657,77.60700716406717,50.842999252481015
815.0755991063837,498.7677938272774,78.26426356587339,49.688769801414104
806.1322619753895,503.0683494408129,79.82558420542517,47.79596965527571
800.6193979225446,507.0373657609531,81.67902627748464,47.379201568065305
796.2698485711178,511.04275782822435,81.73248746813123,46.12557189824446
793.5200021249511,513.3122607285313,81.54892325749816,46.248063213719334
785.7342366641853,515.6841696429872,83.72217689631495,46.42908345090887
771.7946508931218,523.3869256207435,83.80822710055148,45.36835050998373
768.4157063032487,523.3549173678696,84.64479393456392,44.23925356949571
764.3672037163054,526.2540925033189,84.35464262193938,44.39886628840423
759.5579743091337,529.0789235565513,85.74662858166852,44.85355379512916
752.2898525886728,531.1007795411632,87.06264573474836,44.48734684223218
740.2629648143562,535.9071317382609,87.99692970623332,45.71839149436252
736.982578914555,537.5810328592551,88.81340304773624,46.04864263143299
734.1677834664689,540.0675538592774,90.52362972996494,46.892647750529036
724.6080389274437,542.9188963976336,92.40124029849403,47.514492798480845
719.6280464888025,547.5513969785924,92.45075898162351,48.223612730313334
711.4319389589245,551.2390977850857,92.69864115563728,48.5550020413989
702.3475146657493,555.6642385071251,94.55322353715393,48.4990883875423
695.9839921011171,557.4730554399711,95.70974635806853,48.4602196757352
688.2926216928071,558.5200100865337,97.51437266510601,49.39833214355056
675.297506157826,569.0057434226343,97.79282700166988,48.21830071304859
662.4913400203475,567.3796251756681,97.69690541615321,48.78065659746848
657.7505166164266,573.7742874447017,97.86907346422927,48.62770939399617
650.5828445629813,577.988569485737,96.7489236441179,48.07345103702316
644.7353619587047,578.9218890029293,99.02584094770275,48.583101131895816
630.615211554946,585.815438205404,101.1966894694537,49.00439677754461
623.434661675334,587.9966850580867,103.02753772568694,50.735906749547404
617.302079567692,590.57571335258,104.99348567052417,51.88506251331352
605.5256256269649,594.0507424050368,106.6682292605964,53.3813363862441
592.8251084056183,595.3944470051706,108.5042822427185,55.2457908563257
580.1307084105251,605.5319503027185,111.42256793541935,55.72578723669355
573.4557535214029,602.7965198030507,114.57102545841484,57.154743786566286
560.0719612955527,611.26164599247,118.19938108931453,58.19144277796701
546.3942598932422,614.4340143258676,119.79916865956055,60.054246623256745
541.7051048490118,614.5704278171497,121.27596850937373,62.33996356120953
541.6878527638094,612.8897048213471,123.75154633586092,64.60700306725711
549.7194640781086,611.0584097662717,123.1780020901361,65.04373448905366
542.0936472587699,609.1522084851401,121.34408542058586,65.2368974826062
538.6392015199283,609.5388443502046,118.99960375221181,66.49438556387872
532.2903113858122,615.6769458927191,112.80651678716781,71.1274537190841
519.4365746191008,617.6707306738296,108.91087333145481,74.12830273596482
504.13267616826965,625.7587335898489,107.44645419918149,77.50385444481952
503.3260466708467,627.8423075015342,105.33403069700282,79.79288385609871
490.0535791606178,629.7077171543752,103.54408488860328,80.90994014550944
477.7542112782956,632.1484566729333,104.20689803056705,80.40921271819555
462.55131256432276,642.8302411430835,103.53880095778027,81.43107506756795
449.66339187558293,646.6797228611914,104.05857124456168,80.71051615329432
441.16130610426063,652.6257431214615,104.90726335605393,80.63379850873082
423.51853345765676,666.6149772848155,103.38021709652725,83.70959043592899
404.89195137428993,670.3510066160492,104.4708866038371,84.28496467293658
389.58877843556115,673.6477846566756,104.7078419936238,84.53401942771268
375.11308758259077,699.7555180386388,107.77130331992589,82.11799495504629
348.31049950536527,701.8545878965449,107.93246397144719,82.88190090878963
343.53410729496125,706.1220822758179,107.12024576011419,83.47295546994587
328.5904127397903,721.2016491673618,107.71134542648632,82.78686512863055
300.8282554825851,725.5858559637154,110.53687988108219,79.99998887799472
288.32505342092213,728.241808255621,113.80609185047753,76.50026815114774
264.16419822701357,731.3553973644365,117.30150829298219,74.60366826069567
253.5959857994498,731.5207008160473,118.5640622985003,74.05227074775668
274.4948124246076,710.036826984159,121.25010503207152,71.39037973965844
245.5810490743321,775.3588370438579,122.21573140303258,69.89517858998713
259.1083042625783,778.6476328144647,120.86001634514368,69.870558411841
201.3490956534485,673.5168935756025,121.68166384904782,68.62266799308114
235.39778637989326,674.6609402704945,124.25162553580675,66.51699725613784
275.77498065430194,666.5587367900386,126.65288426482141,65.15926470594125
318.94811230560015,669.2934651631947,130.49318254669762,64.64430291278445
351.5048541356135,669.3345309265077,129.80058969477636,64.96780033556219
396.11805811485215,669.5969296159831,131.13828390915063,65.9020070011443
445.10558220138,658.6420391616196,133.16908748170042,64.20612461031087
495.2518148010093,648.3314085753069,130.63052090304734,64.74719512436671
540.5733742902311,650.465836559984,129.11256977128343,63.93368597775111
561.0173619120375,651.2876902566992,129.20205729622538,63.944993576081146
604.4596566314196,659.9613443800553,128.44830434427752,64.23379754250377
656.1810806361332,649.2609135727307,126.51734293153004,64.19310604130811
701.1454721709417,647.9805718347477,127.16933989120973,63.694238039841714
704.5384859011504,650.9424984721438,127.17027017157613,63.6874260667769
704.8065572571352,653.5064790078017,127.1778853751035,63.68430525501319
715.9690079534247,654.2612785516111,127.18061879392583,63.68430728357475
710.8594501751336,656.6579185108279,127.18613800651389,63.68287077944769
704.2112916611507,660.9418963458517,127.2648723318431,63.677656389002244
692.2247513422973,662.7737648230134,127.26737382221086,63.677715144288975
686.9800275447564,661.3758112940917,127.27147748418723,63.676669000838366
685.909834199516,659.8371690020865,127.29439104921018,63.67392052096002
685.1366415268162,660.6140771072307,127.3016048181097,63.674221513430545
682.2356619776674,660.5887509270757,127.30783952447025,63.67080201521532
680.7083007711032,659.8738078843213,127.24691152217817,63.72796940889821
683.720475362006,659.402550148529,127.24645998822997,63.730978528534855
677.552171758979,662.8257761344263,127.24406744605436,63.73259765506796
671.9686391723255,664.5175431696448,127.31294517276679,63.67063088161293
661.8250413987307,663.8786767964044,127.33406940037646,63.65967079610054
660.0975900723405,661.9997621482536,127.38874355279057,63.63608319939684
665.0126716648072,662.3771533179829,127.39520737438805,63.632149510870526
674.4539392643753,662.2906766338599,127.41468213924088,63.62212977738138
677.8847048632265,662.5350762143606,127.4166243569134,63.62100640239821
679.649733690403,664.0766551315315,127.41798502607735,63.62003717431873
673.5397251131945,665.9035848301057,127.41543271485685,63.62273486030023
679.1126128422161,669.1118748121048,127.41785252353753,63.620901657624
797.3412945765026,561.3454858905012,131.00684525613636,65.35791839243286
807.6090788547198,560.1483048651522,131.48113769213373,66.84456685107826
813.4353255708291,551.0343578788809,131.8064350924344,67.41219394740031
818.4078465095309,552.5338853075697,131.27303815063865,68.05016754575692
825.3445539918682,549.2923053216778,128.46148231682346,71.98597520354545
822.5125235316675,550.9400062533437,128.54920685340548,72.16178143576427
813.5938888394617,537.9773902180048,128.8521058154538,72.04779078915683
820.7962384379673,553.0485448252791,129.75614723428714,73.23027634389523
825.5636859591691,552.1385714514811,127.48007129512469,78.00940034712171
828.1539464890179,552.0367434433945,127.52828425184535,77.96195162100649
829.9356194201242,541.1134818529127,128.10292218861355,77.64571883578331
828.3152905984321,539.4246680184059,128.1337922248049,77.63092359029204
844.8442154785793,538.996989234283,128.91013664786007,77.30837190351015
854.3328427055249,542.0710440072457,129.33335102026274,77.12457872568768
867.8632352276512,542.9049404068074,129.26328672491147,77.18918860886859
868.9921291387366,546.3064586531245,129.24569370025662,77.21389040129918
869.7152355024332,549.3825139008304,129.31170350132112,77.19358532580925
852.4001151260734,551.2626633190829,129.5445939427614,77.04675251370296
852.6903246953069,540.5985184296361,129.7662732573392,76.99767527294335
859.2100304044208,542.9746780188518,129.7355173872072,77.00864459243674
866.7080456267449,542.3831043779154,129.73121858623554,77.01402316703408
873.2688754957462,542.6264554173702,129.7361009396026,77.0106670437349
876.1052159902888,540.8501125652718,129.7395326023426,77.00913397885797
812.394932291781,495.7922507666512,126.81570913021747,83.45163217326728
836.9617280911452,492.58547330718346,123.59387976903777,89.21251074828493
876.5876995107961,481.94471068843524,126.71905790141561,87.19499614508314
900.5868488142651,496.79228087184845,124.64214601322782,90.10126569036612
894.9476951801569,501.7594118230936,124.62236616138796,90.12305656802712
896.3452913382827,499.85848299007966,124.58368219550879,90.15375124729961
895.9588337863204,500.5762674133889,124.56953596577712,90.16783650300663
887.2137872738293,497.27456340162234,124.54785111295148,90.22882127824872
894.3140425834766,495.30818083302364,124.54712954089818,90.23177660671503
897.2636795746255,505.2485123057029,124.54195527097215,90.25564132554112
895.08598320527,513.0975000331038,124.52148541126401,90.27516941840774
888.8873563901705,519.3579860107523,124.51960059084065,90.27697883518113
835.9096210092723,603.5493216637261,127.43721429697283,85.1775106542335
860.2499330242815,602.930786384708,130.3664611775988,81.38789692805955
874.8053224657388,600.0850473883863,132.27768546851257,78.39544452366917
901.7289435695956,598.7298007918771,133.59456298125784,75.73518776627851
932.0246018362188,597.3380866933659,132.12968840357777,73.97607541306908
893.6293086582126,583.536863230878,131.92615702277382,74.04543937600872
916.2545679935777,580.3131556503782,130.19056144774675,73.78144163036151
948.5705601614684,575.9134806510896,129.7037416017116,74.22944275198579
979.4588948979847,566.7706261562192,128.9641357273118,74.99624419472937
1001.787678730638,565.4551906623374,127.94557944506158,74.32188909492288
1035.0945665300035,563.9054779926605,129.18441920277604,73.81086297439185
1058.7498539724318,561.6969932605298,129.06089418364232,73.2698680183348
1093.9262413770277,559.2209914145598,130.06748674505556,71.56435856864277
1129.3597782163558,556.6410966976973,130.5662806811457,70.24735757420598
1154.6399688763397,555.4476875449226,129.4391764913047,69.38756261567161
1187.1786219958044,562.3043039263516,128.24784513640884,69.91275796865838
1233.1425564720066,556.254586666753,128.38612303458999,69.7487342359025
1266.184398720736,563.2666215836955,128.85416583205307,69.47195501328447
1296.9795169653648,557.1274601590646,131.17293355422137,69.09012256622056
1330.4158225154351,550.674239373883,132.55374042283074,69.19426845176932
1346.0254820871767,548.2272873144759,132.30603611699397,68.93765463006218
1365.289841441549,552.2488016370306,131.50766790263438,69.88188871078302
1382.3964519379952,546.7891356491248,131.49157139094294,70.3094365908306
1389.766679750314,542.5842410461167,130.79047581269208,70.97639504352023
1396.4306397187459,539.2464611957396,131.14744090085293,70.28195771973832
1409.6556056500585,536.1854244289457,133.74063991286147,70.40403029965186
1395.6738145480447,533.6503754831895,134.3506492714301,70.82582039087117
1391.0891157895612,530.9426541842465,132.13303907507907,71.5485230252257
1383.3544728582515,528.4225788074141,130.3981985796661,71.7426530803433
1372.0826208233755,524.5518161813333,130.07273913623462,71.13164308470209
1363.3247037219778,517.9897393808407,129.58978259806327,71.64271379994513
1363.1616030519901,517.7298903483018,128.78875758534704,70.28193300607512
1351.1939581964368,516.1283267415131,127.83962308685906,69.5206968830895
1339.195101875826,509.8403041206852,127.66099562493137,69.32178256053623
1335.712798519224,507.2890491520806,127.1541505787966,68.60521357547363
1300.3669618119047,494.8497733566173,126.32241701101337,67.84999327003804
1290.0941330578394,491.42886931828946,122.8580037183628,66.84286574259824
1315.9839981045786,498.51648872300376,121.23345550964984,66.03706891925356
1259.2374709329622,467.09539239281236,120.19030074643739,64.22536143315202
1257.5967177332568,469.6924822797132,120.48153533913128,63.866672839770274
1248.5865434298478,468.555778695082,120.35373827029008,62.841458354522196
1246.6739372659838,467.43987385785294,119.22952203966844,61.98859724689102
1240.9133690249503,466.2902973350676,117.74488211640116,61.81157927576857
1242.297955111111,466.2795337090831,114.0917901685938,61.57382402818574
1242.9875126808015,466.4943257726045,110.31865423339059,60.35403269394008
1247.5629936533037,467.99154603137623,108.19418726824452,59.569766498524885
1240.3641615293377,466.80741365269,106.05722932379376,57.82406002252945
1251.6200239345778,471.8693802490312,105.81471723609205,57.04989928315509
1253.290877979055,467.04350418482727,104.85906008669755,57.06628878644091
1253.6633304052891,465.5575776962655,104.09718157297031,56.62478259837283
1237.9646994256755,464.0305034807065,105.57858812448262,54.574041636638064
1208.843602320411,454.43036204845,104.05863633891785,54.49180802165891
1196.2556139099001,450.58381523516437,106.15445492629733,53.66416018552261
1188.4836500399035,449.05091434896724,106.69824342984015,52.73327216146912
1191.7286718723371,448.8693633370028,105.36749770808817,52.253997893646066
1185.1744713262933,448.22635975971946,104.49845033673577,51.7030013403271
1200.7190961421352,456.3504844035272,104.05419544077004,51.02476700632482
1196.800696688051,453.3226382380814,102.05872754138211,51.18472788808922
1193.12655230514,451.2214255381346,99.65260842451374,51.51880087480535
1184.8511843051579,449.64518680969024,98.32761200260283,50.67313203614667
1170.4558184693744,448.33763827427197,98.0882590641843,50.06649506004717
1184.416238779857,447.60332094270996,95.96862503196465,49.24761765919105
1191.755385915635,445.957235945528,96.49288450949271,49.04151642667206
1193.690863277522,446.07232279542166,96.11351027201646,48.49827129715526
1165.8218871968284,443.82091150603384,95.56982714898002,49.02413893894975
1184.9655991109212,443.1304954285349,95.94561514330428,48.37495443325727
1157.8299638486935,434.5716791612781,95.14584837527887,47.98473632079817
1177.326030002122,442.06038922862933,93.36471078888084,47.8330741664424
1171.6126429087408,450.1530070322991,92.1854287622647,48.294012036275674
1160.9852279252173,438.8968206316593,92.5247905133693,48.67178705923505
1171.423917882672,439.27723883801025,91.6499015957742,48.206199244393524
1133.7472324721055,424.03566269934504,91.80402314932937,46.32267519115746
1164.9752907551062,441.10740667981906,89.98212670661853,46.18127005491651
1139.5529402597404,432.5754099457146,92.00336044271168,44.5268797340628
1130.0565624532635,430.8402129008716,90.69236124914697,43.87679090214853
1126.0770232140223,423.1285749910865,89.38303667434529,42.68769718436518
1122.5650389936357,423.9173561667363,89.47396688040816,41.71132927438423
1118.8130719144572,424.38645022810755,87.82854133570103,41.61030454037079
1119.401111723883,423.6691591599135,88.22764010163019,41.55149420926007
1119.0209189324096,423.32997458853674,88.64856355331534,40.79190022392365
1114.9215386087253,416.7575074978959,86.681387730652,41.13411433532009
1119.333174416987,431.56960469987746,85.75197025536387,41.72270183748495
1128.5142712862055,431.45580183295897,85.1485751161702,42.35289558115619
1136.711844715088,425.1872961018708,84.57321433018247,41.65128056323002
1102.2621889310594,410.6553470556589,84.76572353007592,41.776698278456465
1100.4667989624734,410.8247559089096,85.00267742125794,42.09101730214925
1124.1646343332538,418.5304700014279,83.74834884278303,41.46782573515464
1093.4024211714088,404.23553525185196,83.03031682296694,41.83370956230947
1086.5174287491902,402.8182883396827,82.67228614921592,41.7053151458338
1085.0820681821565,404.44157497310795,82.09974160678465,41.46807644319218
1084.9157511022338,403.96968987517477,81.89301488577848,41.698091269872194
1079.9071832854647,401.5294513807534,80.77785109609884,41.538439073991995
1113.857420782368,416.13404565792064,79.99648620971388,41.795908158207396
1092.1408389787864,408.561917027987,79.30960129392821,41.20324696867267
1082.820372761657,406.8172849617106,79.2928818269422,40.502892036894536
1078.2429009783823,404.4374144506772,77.59183975201164,41.04856750720353
1076.4672123944708,402.4951085476834,76.72307379239349,40.749445373066614
1075.782992493174,402.27526471654903,75.42399378717127,40.204287158641606
1078.1131195896487,399.68105158677304,75.02112484812825,40.65246235389308
1071.6234244954114,398.7797903613323,75.3375425863466,39.72357597031719
1064.989764680066,403.5844803779404,75.23556042107793,39.455816382352374
1060.2797870680572,415.5854159486005,76.56605717951909,38.72701462274614
1058.2407631229653,414.1689816511486,77.32015072590751,38.493385891752595
1069.5937808368028,403.9333015203889,77.01335197730924,38.70268598786674
1075.5681060463437,400.87137237585205,76.58725309478766,38.71213864492138
1067.1825964370282,398.028949763948,76.20564436847226,39.409190423142405
1100.0915057339096,405.1822542350881,72.20623474077397,43.02620361220975
1099.7887678528132,398.04796945421344,72.62784883008871,42.05910308423742
1101.3067622779909,398.67045293962144,70.5602927042091,43.626532162920974
1061.4921518888207,390.9342092225518,72.27118615100672,42.15176541615214
1059.6229404595763,390.0457711938583,72.05974342989012,41.36476722884916
1059.018778714537,396.1081846565113,72.5037823092209,40.86458458302306
1058.3539743746217,395.967553094331,73.97513779316935,39.92739167749178
1090.7537313480009,390.4276046874417,73.89593024289515,39.51058629705645
1087.9756922058432,392.11081109119993,74.11015252440303,39.127041684120044
1061.5211406153649,408.8216651537562,70.98506838846507,43.13940414616569
1061.4011307008436,408.3038506332461,69.08877287174356,46.15892050198241
1062.8631480745657,400.39990598970246,69.50854582159559,45.31294206751205
1054.7046626520994,407.1807428489696,69.1028165475097,46.381187401101734
1044.7667423402395,382.61365485891895,70.20721094320177,44.76364676743359
1044.6451313406376,387.9732280825514,72.36086444665514,43.38800045749777
1045.8991667458101,386.1557478761164,73.43363732336762,42.70771524201082
1046.1605192569382,391.8806972893436,69.59819531304413,46.17459688735828
1031.4152338322683,388.77515326797874,71.31335455654887,45.22149273038088
1005.3734772580095,380.65140184510045,73.81869311400187,43.54993391537084
986.4946812533894,379.2295785089643,74.32903170527332,42.34197488619652
964.4217634049749,379.36529872711714,73.17143493750282,40.58419201977624
964.4357951836689,385.4934302141797,74.81495789363416,39.50321533868092
927.7665868313649,383.6996745560586,74.55079738876962,38.86699561396851
912.9645951921924,380.8863144582596,75.47715691833517,38.21048169015113
898.8946816988383,385.26428534050376,75.87103511353949,38.11215367993533
897.1925949240087,379.04620570238427,75.46634287759989,37.43161659844727
862.503153571181,379.4493409640891,75.03885198706384,36.829204584697365
843.7524416357539,377.3912583999728,74.29656629370913,36.31221245966452
838.2496504703727,376.2858232946734,73.06046084981331,36.32868879704874
835.3238904339835,375.52161497943877,71.23686390675319,36.03919940544609
828.8605443958189,376.03064601828703,70.82259929515509,35.46889644940592
816.3965886989984,380.7871325293586,69.99594449616926,35.87085090986782
819.9997513875799,377.97212940853467,68.78160491688816,35.31670597887779
811.8674160056336,371.3955741468867,67.57909352135695,34.95344954355553
814.5213477330815,371.50312459046086,66.2461505777068,34.340768271199025
820.8002041226631,377.2003544874062,66.0947860269982,33.83620296278205
818.5454073851041,376.25738035571834,65.63915046769237,33.4614998761364
812.7966186954648,370.4095977419274,64.9880996121079,33.31249875850334
813.6781310760699,388.61737725817414,65.70348509488547,33.87028262151775
