1042.5,587.5,73,241
1036.0623402655438,591.3062348418243,72.73239706748427,240.79114340686647
1036.878225078123,592.4501113257661,72.50625612350841,242.57120192808827
1033.7673476685777,590.8532498383403,71.52166013922393,240.30803050520427
1035.2352759048172,597.6614473555735,71.53432790342394,240.67060218368934
1033.3360618355068,603.2587590795421,72.0361447329934,242.7505272663309
1035.631908631075,606.7923305660233,71.975472736858,241.96677481537145
1033.9462773331866,611.8058980200356,72.83109650435736,244.61870561169277
1037.4251946368906,617.4434381402224,73.29149672208354,244.92371112571365
1035.6536813033915,619.4581442526643,73.41620630953759,245.23599468635234
1037.8855222187647,626.4327454223738,73.22650128161737,245.47915417859835
1035.8803338001521,632.7853391579247,73.31156941446602,246.62494746616352
1035.5162460666777,634.985093279276,74.04063092582176,247.2518741218373
1035.0578438966327,640.9347947519536,73.88638891352551,247.5675466693409
1036.9715842141968,648.3786406531103,73.90898447697515,247.33047151284066
1037.3931909502205,656.2293619917049,74.5343886826162,250.6721558955881
1035.826405284224,653.1293599055471,76.23378738429923,251.83979856048785
1039.2883700743714,656.7250092842617,76.99657769841366,251.40106423329547
1038.6623522686446,662.9641138137143,76.95777244568573,250.87413767561094
1039.623468154711,662.0871259541577,77.16177687388583,252.2819567975867
1039.3818400964806,662.9368413255727,77.17440604008226,251.9693809417654
1040.6123636313264,665.3771017906506,77.82147917340893,252.12331388047556
1041.0956600065515,667.7416942511908,77.91046668132833,255.1503793408649
1040.5223432723215,662.6549762151303,77.63728985468325,255.43899161385252
1041.2936757613245,661.3556833822191,78.33973371952713,257.20361215697517
1040.851397131135,660.1643991101379,78.82850245933143,259.5366811186384
1040.6369254193755,654.8659286019115,79.46598538368269,262.7090348853353
1039.4680686157842,654.2679364336655,79.73733088783831,263.5559677165001
1037.2522123526244,656.6134298018266,80.32124673561478,267.8753264391623
1037.4987935570919,649.2801030427871,80.07608032911534,266.664962936062
1036.2344731298615,650.7171516591538,79.42037474612215,266.23827867101033
1037.671273175561,644.4611538473638,78.45348301444129,265.27571737167796
1036.2101998162925,647.7148817766968,77.76748091973072,265.8263731806451
1035.9884490498637,643.6659549910278,77.10138262386806,265.40855025356996
1035.0216285377255,644.6374696535925,76.46576209724122,264.8648969631772
1033.0942618522654,645.5506590186023,77.07345805742531,266.05266694531565
1032.5738725718495,642.6081032106862,77.88028203961917,265.5056653905242
1030.2029100378084,635.6095826887262,78.01565450684063,263.3339194318808
1029.988237095729,637.402922341008,77.8564899969033,264.10272699712914
1028.753664382349,628.5660015337755,76.54635380745225,262.25208588454325
1027.3426934836987,628.2264272189223,76.47088139729449,254.41549411965764
1026.1926807589793,630.4375279324067,76.29545990726467,249.49740413167828
1027.4709844334993,631.6478645602901,76.07649546632085,247.71847984069785
1025.0009453493567,628.7507667723199,75.99877521083911,248.71610845344244
1024.5682128941419,628.6870562248147,75.83279926719632,246.62456497173181
1023.3627273351444,631.3696551776848,76.07953717748843,246.17533357676436
1022.1759461860058,629.6687420000508,75.85329793539083,245.160061409846
1021.6659919116158,625.727673333214,75.54819082007022,244.1112380883072
1021.0700856474904,629.4799377662662,75.1798435458843,246.72866795480795
1022.0736234588411,628.5612870234961,75.11348347455912,247.28194389045933
1021.941130940868,626.0624772247555,76.1338788241116,249.87845784562177
1018.8581177115491,626.1623461355184,76.3576969926495,251.7920191554895
1021.0313418184289,629.5647553082924,75.98229212720211,254.3563376202443
1018.6160093753316,625.9154287013785,76.25673838928182,257.02173678286374
1018.6958107922214,617.5644093913816,75.49219514107338,255.17358352358497
1018.0790740012748,611.6206872167653,75.83370124755237,246.86309658314468
1018.0716695893387,616.4366647046708,75.72396635988133,245.9074941082493
1018.3125715231153,608.7471221803966,75.18792228793453,242.69513514129477
1017.7827549016358,606.3183045013252,74.61347130619241,236.13085735246486
1018.0510836443746,608.0909271267085,73.81563032042511,233.01501600279823
1020.1124031191559,606.6959753107582,72.76909768075299,231.46871224486745
1018.5208510269069,606.806679827144,72.57906176858671,230.26124783795044
1018.8557882616558,605.5118872792063,71.49132127769428,227.68271159593507
1018.3376538000348,609.1793173869845,70.81884245637582,228.18151579764543
1018.1669636462657,606.5417116031683,70.86533671130557,229.08857236268383
1016.4419233735706,607.6644420903507,71.50862523589805,230.0971633120709
1012.3658916636775,605.6364135916746,71.06843973905818,230.96389044682863
1014.1121287158819,608.8582492593455,70.88556503421619,233.83261229996327
1013.2223863682003,606.9098922087537,70.6135682442125,236.27495208779237
1010.061718654507,605.4053941097077,70.58717732653692,237.898963435001
1010.177040131834,608.0604153253913,70.54840971043716,238.00007288961996
1006.6816328854385,602.3330337119627,70.69152122318681,236.6763613087381
1007.7509218557444,603.2537074404551,70.23934631869237,236.09532056771855
1006.8501002758699,601.8594017576531,69.45299323401116,234.36262398807096
1003.709417235718,599.0137423465064,68.67340712773043,232.3945890773016
1004.3936346381242,598.522462291996,68.40454438541008,231.67570515651437
1001.7688775354355,595.1637319447733,67.93327917184237,230.25370147260278
1001.2138832333919,599.4759807161167,67.82929806844038,230.37864316941807
999.3317937413553,595.7069562144876,67.30939225560809,226.84038106122608
999.2592418818614,597.3773369799239,67.01393932920274,226.16471557489376
999.0288894202583,596.1356061935012,68.13566107427013,226.17111849867624
994.960380946664,595.6388388113448,68.61036742117783,228.333352050678
992.8016685397891,599.0268714522392,69.43652431538717,229.12227347466924
994.0966900677398,598.6071828848708,70.17079418482467,231.8927633756722
992.0246807284968,596.9794065362238,70.11532565399048,231.85790865376129
991.3049651526566,597.0018995269106,70.21379415727947,232.91529758369603
991.3527328433709,597.3733051486263,70.39910441794059,232.468420957784
986.5216679514144,599.8367060287658,71.09464522785436,235.7378863254957
983.6552924174783,593.6990887229488,71.5393756849174,237.0130217550009
986.0844902961456,594.0639545347358,71.92458887915127,236.7709906235705
983.2534497344732,593.4556353661119,71.6483422131897,235.33499577066328
983.0264287233118,589.4467983232597,71.35291704143204,232.23766054850628
984.6092785399364,594.629313185775,70.60330241298922,230.59637998424222
983.5882142687653,590.2501623690243,69.40672031347046,225.66231787873005
981.0755235270549,597.3610065592991,69.17712409379695,225.01403953236007
980.7962535411731,599.5294651217964,68.82994776554992,226.06844931166245
976.9825996961089,596.8253550622587,68.94936952275586,226.14016354084512
975.2521731089062,595.3145118540463,70.37307302942148,227.19158015803765
974.0126521877436,601.058745371323,71.29858680129679,230.54675154358907
969.3488247340787,598.7514419579259,71.57046988092887,233.01951862772287
966.9290240775836,599.6251560029501,71.20990163062557,231.69898606670608
967.9610470144609,601.4506668504243,71.45183953868568,229.90697661788946
964.8156963803802,602.9189325722994,71.45200440319088,228.39835228340013
966.1235411075697,602.4154592447197,71.69803861023462,229.50323302070984
965.3926963090822,602.826702571076,72.09032062492659,230.03441946846883
963.6213209377296,601.8419298863058,73.00961035955993,231.4031141962816
968.2180437928456,613.8214382040806,72.81356397946705,234.83415607818816
968.9477464558198,606.2866634381045,72.12219138314441,235.02442170511108
971.8180775704509,601.1987258059991,73.0078318729984,238.09777268877377
973.7816220593294,610.1460871698569,73.98818927967139,237.2143471870105
975.7076692394621,610.218138549038,74.2139514600857,237.91937166167654
976.6215405400222,611.4727181236125,74.82670959520212,238.27204155496227
978.4386411808682,612.8111587545566,74.95067939505306,238.5585546965316
979.9980673108672,615.9185955345886,74.74995252606155,237.91495017180696
979.3187718250217,614.6721024524863,74.76678035898169,236.04081940791087
978.2779435572712,619.6732351042937,74.24341279513268,235.17710486265804
977.2537992345609,620.378119420308,74.73151231263115,236.10995946442443
977.0781729675779,624.1710438105519,74.8324479287009,238.75164783908826
973.2773889549456,625.7968772945519,75.89088937086612,242.8249306124518
972.6545603300999,631.8852904426677,76.42481125278243,246.95077193401784
971.0486748713454,633.4240750576917,76.759009633823,248.73845186092183
971.5974406165884,634.9618152025641,77.06319568693901,252.4233256132302
966.736782460328,637.688303470522,78.0857548278291,253.8274948635999
964.9115904534724,644.433538041474,77.38318636122412,252.33908375087066
964.7214886930342,650.8636781984733,77.72879822964752,253.96902827512884
962.7787842924736,650.6702218159144,78.00188088559663,253.20761297437448
962.8833798505273,655.4948363357275,78.23505550525852,255.13663291240948
959.3072251223581,654.490029308334,78.22390661427623,253.12662607181076
956.2528132188876,654.4846904160039,78.03254903236231,249.98935726032533
954.630424748786,660.884174433185,78.16581879521262,249.1216932039295
955.8462953680257,664.91656532528,78.35105930149942,248.33444971930004
951.0908170941054,666.2163587575935,78.85844910739664,248.75336866636428
947.1670882041509,669.7995631305163,78.26118566538182,248.92139538347038
944.1500734599028,671.3986912192809,77.95970108527433,250.73847810364612
942.6999143904222,674.992605316019,77.9108834439011,251.52587631245265
939.8818492343383,682.1113309156158,77.3221898043478,251.22562184482638
939.7225367407231,679.1056258105971,77.49185643638991,249.49949324031917
937.5024994397762,690.2803475765326,76.59335281410154,250.1377778273448
935.205429674614,687.0834809042314,76.35625169043416,253.59595237601815
932.4209396962491,693.6293317666027,76.32571430173563,256.1617070492857
928.0428536610947,694.567198827751,76.72090824551863,256.059941027537
924.9005690508778,696.6243923011724,76.28952745374528,255.98720056125453
925.3281453615103,693.9442713909079,75.59133275684619,257.13337206165386
922.7843806510342,701.1025263663819,75.31550463385322,257.0409698530158
923.6462417991071,698.855333908503,75.11277580885306,255.6213661785329
919.6866297429061,701.2574669525104,74.84626612608893,251.93305282069693
921.0801675517544,706.9270925243296,75.19428825047308,247.6270977853043
914.9142140592195,708.9985740532068,75.40284604578454,245.18826442344235
913.5123992472563,707.5157943880799,75.61256187614703,242.7404417003208
916.129550993327,717.352544146558,74.7923585541412,240.0704078358305
913.6562579932094,719.1568636957093,75.24814608101848,235.70465927431314
916.1351408293383,727.7059610705203,74.59113924741416,235.63930334610228
915.9353961477955,731.6704290438913,75.25738836372682,238.43190403571265
912.2970573701238,734.8538327680074,74.19740076556704,239.11740991527006
911.8651007065014,738.3539343028067,74.385514007744,240.36069992581054
913.4871851228436,739.316542321385,74.3260463793594,240.52856297877236
913.6088816082696,745.9560437912567,74.41370702312388,242.07639281033005
913.9897674489206,752.0435295577562,75.1472938089238,245.61218139390832
912.4364534355735,751.3161098128636,76.16733464498992,248.69870304120994
915.063024418753,752.049368455197,76.6386108419305,250.35702959237358
914.5380107612015,755.3231423571328,77.16711003222446,251.99139993272826
914.62468858175,746.171500651604,76.95520110105835,248.76174915494323
916.2123790432948,753.4890086653202,76.92414734166486,246.02100688544527
919.0660177053537,751.5713434798233,75.99137038757263,241.00209874630713
921.8794923948819,748.3273299807842,75.08389246313652,237.55109128241043
924.6913748538365,751.7075653062165,73.65832777105764,233.21333867964157
923.9450983968812,752.1557059085951,72.5409299040996,230.02977476957722
926.217776576785,755.260184496152,71.89333560445733,229.38126385682315
925.0543079767972,751.2048266329135,71.99902417772415,228.24845884660567
927.3746932798821,760.3384018015412,71.43525418953529,228.88891844892555
927.0883635181012,763.5656469723498,71.14268964970047,226.3303767557611
924.3467792281587,764.5780473324317,70.48691837210276,225.0734155269646
924.3402042013646,756.4611798134399,69.98050284341542,227.6897875888739
926.332903462862,760.6731952868402,69.74201536930994,229.62139800712467
924.4633509860628,758.4148635703742,69.22745392199892,230.9320732713402
927.218251729688,760.265511136713,69.0704294389904,232.56018344643223
929.0754199399219,754.7925945733836,68.83275040911707,233.55428584494186
930.8142451401803,756.8907563797902,69.01324400579253,233.56661139060628
934.2239779331857,750.0881563332193,69.81321229963415,234.53455581510792
938.0626328268114,747.9161419566932,69.98183690340437,232.2729875489647
942.3041736915411,744.5621352121225,70.5986687710519,232.10382952168766
949.6683237991332,741.2980141883751,69.84636266597522,230.7042804505607
954.7112373628153,740.9583112155831,69.29999572080109,228.39507732059835
959.4282281660307,748.316857938484,68.21661721800774,222.02462827634702
958.6376642352612,744.6814599899376,68.72927376702387,220.38845605667927
963.4759501507392,737.7159616410065,68.6693248608726,218.83507870821575
966.806413632246,744.6893844012528,69.02978547491591,219.3983297377111
969.1719121548706,747.2884639611735,69.95729673044794,216.8904491479904
971.1982551110872,748.5206740612143,71.26905984221534,215.03072247989905
972.8402294600061,744.7478276862831,71.47123232205082,216.63411920162417
972.5473312924735,745.9712994613762,71.81367061129947,218.74385013187623
972.9196700319532,743.9724993521979,71.9783964564675,219.07093147511057
973.8990345641469,746.5008581845709,71.79578114063042,220.6340820888681
973.8697077562103,741.1868103731963,71.88949290843401,221.33685136426624
974.1441707280219,738.7014550756143,71.20575034803744,220.06324919621633
973.7042886830429,736.6702951728926,70.40644444211513,220.6013516344874
973.3344618872007,732.8887158752523,70.10084368409093,218.1920981203931
972.5374950323436,729.7388492563457,69.17751565025979,214.41089015794972
973.9977153342247,733.0715063932198,68.06768987079256,213.15112541041617
973.3849422489445,730.3453619742119,66.71708180932785,208.90747136970896
974.137772363693,728.7862243748209,65.39151415299662,204.91799043064293
975.3254544104213,726.5016080703837,64.7753343008349,204.1889003619051
974.9941963630563,724.6711330627409,63.39834777486783,201.13995190535837
975.4382014600707,726.7203826140656,62.68017268637752,199.57000843434662
975.4842953203207,729.5087025029438,61.94337968690873,196.2855336975598
974.6273699581777,727.044792585574,61.520062480591605,195.29293336246934
972.7021589209337,731.6043775115688,61.498474800898734,196.22595905949086
972.5522782799671,730.6682165743824,61.55615529004716,197.9749624479479
971.8050672542201,731.6530703526946,61.731518208011494,199.73098554890112
971.8054572162937,730.9771190576137,62.10558045076496,201.52735532599087
972.3956795467701,732.9863240800175,61.464746771753326,199.64403134075326
971.0532359883271,725.0460202391815,61.288100723661515,200.86044777639265
969.0186275634637,726.6397074092787,61.43504751380255,202.0517474665024
970.034312168848,720.8933261473034,60.803168778688615,196.7145901753895
968.5928587576051,718.220329998302,60.105522546364845,192.05827362787224
967.2351349797517,718.73002624271,59.72861628127078,188.17159684111306
968.6407871899903,714.9963000495749,59.385554744475996,186.20994442239066
968.487084284217,716.9509889605575,58.775337095729725,185.97419016228446
968.9647022252458,718.0453426079896,58.58920795939212,185.64572141951393
966.5027920358026,713.7779041738311,58.238454058493396,184.5327301313979
965.889215075145,709.9249172456693,58.27293715766506,183.03189780485997
966.708356509793,713.3734705862666,58.70959949977936,183.94790004471628
966.6972838040523,712.9407254501293,58.83681773740804,184.69509414079576
965.4108470588191,709.880961003343,59.89308620830511,183.30005232132515
964.1970736124588,710.8888104116357,60.27827565626237,184.76075721796602
964.662292247744,708.0771634437888,60.06531695901442,183.95651752710367
964.1821775069312,711.1955341337451,59.625686893024735,184.7863306935471
964.83839287685,711.1854810160268,59.96882213028375,186.65610376286142
962.9432642210842,708.55127105163,60.049987540036156,188.13125286531533
961.2601899698327,709.5006475688364,60.51091839498671,189.10087703961216
960.2415319153944,705.7684330158052,60.74184850990591,190.02256723118495
961.6511295737828,705.1185870038423,60.33709144080974,188.57756263798407
960.0626709887066,701.9361758750657,60.016355126617654,186.44112032339385
959.9111098584931,699.3914934030913,58.82081455764546,183.80640518158805
959.0784253322925,698.6087489306934,57.984653678024735,181.62112546488487
961.0931525416963,700.6633752196853,57.10677720874094,179.31446897912508
962.2447295188459,697.5582366940582,56.19295626416138,177.03977021556008
960.4948331750202,698.3488422696987,55.83768408288602,176.12988552273322
959.8116517585248,695.1988301942328,55.492941092359935,174.8052897128802
957.4058270077416,696.431258459311,55.11907852803884,175.40170270443707
956.96688829362,695.6164286531223,55.300123716654355,176.08800020000075
957.5432597641022,693.3241166430024,55.73139388012845,177.93671690403266
957.5350755852756,695.531513597271,55.73470933745991,177.78606455509623
958.7651495054253,696.9439571048043,55.094504329153786,177.69135708829324
956.7546039373098,700.341469639248,54.43775332518704,178.8861911235624
958.045321301103,702.743333010601,54.17446244220517,181.288807078
954.8102646254055,695.9749032850856,54.48076506361952,183.44085131296632
955.0177151298133,696.4921722831991,54.45090803349508,184.0806677507525
952.7896223479413,693.4741919135869,54.58759028989645,183.7120898585378
952.7978110991792,694.461895144577,54.74134774902578,182.3049603979385
951.7757129309823,691.9615515263074,54.47676556102078,180.66614606282246
951.7005353937418,692.0039771664693,54.08677937745275,179.0390193537267
950.169951603513,691.6658531097934,54.24199569638988,180.1507942553132
948.7767546940654,692.5692978879092,54.60407811582547,179.79717954515866
949.7730670173554,695.1965104528974,54.825593169181275,178.32668781629002
950.7616875324294,688.816212972098,55.14000362638372,177.023264528377
949.639813161427,692.0558458234802,55.455785296855396,178.0099960446982
948.2369900265736,684.2799413399619,55.79929315217911,179.79904580305586
946.5834467636419,687.596109412561,56.0538431904634,178.05454229945917
946.304304765279,689.7624572153846,57.18336069816027,178.32094585305248
946.2669261456397,689.5570579250343,58.64453794895923,177.58015515934667
945.3705452658354,691.3501302728224,58.0449940960037,179.7520837936961
944.153031351363,694.2888085454242,58.46652934072001,180.72525215083613
943.290507620541,690.2781551779517,58.9712440606266,182.1097881605309
942.6938273678047,691.1065724992225,58.55112817049207,182.05827075298242
941.1442462743171,694.3103711469332,58.15660582720926,182.10715205329464
942.4777536647944,691.7218561615053,57.98345319835429,184.7378103257709
941.5184333252632,690.8481619363813,58.230083098035706,185.75194869447972
941.1106339639626,690.5583678062825,57.83312450481054,184.8648763358953
939.0025569523161,686.5943437454752,57.37257888973693,184.65123611064723
939.0201141907958,687.9215649834467,57.1596956607987,184.14561618070934
938.25420769666,688.8292868463182,56.74353110619296,180.9822392817868
938.6573694325463,689.0455359484401,56.47365855690961,181.43464355480722
937.3770834039241,686.9519212442535,56.383755827395575,177.12383085655213
936.5306196172918,690.6572898214426,56.41362619259884,174.9928655069834
937.3025282863919,688.6700958566287,55.64862394505499,176.09827565150078
935.7949411332972,684.3308195170606,55.503187575432435,178.17279533732042
935.6605193219464,688.4382967070187,55.79260061203472,180.12921432471387
933.4243293480596,691.3592259907405,55.3867056422058,179.95432696393516
933.0908211767021,687.3921491455772,55.48606081872967,181.40674590160683
931.5753689545289,689.7253079313998,55.560385101027535,183.15080392505422
929.6807033850628,694.0915618839379,55.795293861419935,185.41771713966813
927.4594468719057,694.8365598400111,54.933728308785106,182.8734827889155
928.0666913767961,694.6714754497981,54.72955400199176,182.32513298795112
926.6074169121538,693.1382538382559,54.175783566728846,181.9766778154971
925.5721292866438,695.7020014939549,53.37196058624243,181.85085238782722
924.3684153444991,692.9772766798983,53.772688908459045,181.11213015238457
922.6363769152077,692.8614172716756,53.769825602475656,175.96398856767627
920.3758080786635,697.2438759043519,53.749878032339105,173.2897876643234
919.2128416246414,694.5106993749332,54.0330844236596,174.01163388722298
917.7491273761904,694.0127032112052,54.623443170729516,175.16105633383575
919.2435149835902,697.6557820146193,55.44879921584815,173.52071314580064
916.3519793774825,697.4311609860845,56.448080793359004,172.0232659547851
914.454522323083,699.1030562520077,56.863690493130946,171.04883277042694
913.5967959863317,700.443478744159,57.26563668260175,171.64929596025766
913.0192625212707,701.9656351366937,57.83043291465323,174.29664024153357
912.1776959973905,698.0742178903085,58.49659246693022,176.7281034460043
912.3940363179127,701.9521575939183,58.8845273558999,179.92339877480774
911.9864146814763,704.021298975939,59.34411132272332,180.00457745180634
910.2028018656549,704.5156109957825,59.438002880345614,181.75858651644387
909.106821539387,707.9259951294584,60.11796464105106,185.58909483753177
908.2016482866225,706.9226091529629,60.46941832431453,189.41479133676472
909.0837363412345,708.9301307398343,60.6983646735485,193.09656508425593
907.2205179417782,706.4622389651352,61.002690199649116,192.8086466797663
909.5188532981431,700.590222084296,60.1214318652306,190.20808548600039
908.6677980451583,704.2731294102472,59.77413584272719,190.89951990331184
906.853118404859,705.2690528471403,59.13104849094057,189.26502919040476
908.6953345140213,708.6044573752474,58.88566527812435,189.28015801566005
907.2105250440067,708.0928004521212,58.81362533982724,189.31681519611058
908.2116895481196,706.3810410137951,59.196142542081105,189.1493873984159
907.3945751069728,709.310201025258,59.21658425014991,189.18326546127503
906.0660652711131,705.6667235798204,59.64376268956957,190.94141700360888
906.158158850519,704.9859321695089,60.187452611198005,193.66011115903248
906.8340558348931,705.5893990129866,60.31486699263158,194.34020115943974
907.554585628938,710.1941654549989,60.10317406465994,195.25515805965603
906.7655066170574,705.4190171273252,61.013202405880016,196.7032122452158
906.5288301969595,712.1993358856907,61.06045552845889,198.06977981423913
907.7646298320506,707.9601128366171,61.679193773154154,200.82312205725333
908.5146580187247,708.9840027936798,62.240852764261994,202.521642125199
908.7008040161386,713.5999372195238,61.750323035593325,202.90081720356469
908.4916063767305,704.461240659116,61.991242206335414,205.5982981387112
909.4831978289142,712.3932462275932,61.97021345197718,207.047248580126
909.1765284741018,707.9824474376531,61.904211262611184,206.87336657626585
909.0051661559055,709.1677672022969,61.73578649257064,205.95812834836232
910.1560456398536,708.541352383771,61.07883700915633,204.46031640101768
912.5934409710179,706.3942529076988,60.341941454096876,204.03755730720255
911.0782591065737,704.4570095892219,60.26267078357141,204.0779484660987
911.8404759023024,705.4154523552622,60.19658713527497,204.27392456731877
912.8360519309919,707.617992278446,60.57353572105394,202.79715559207554
912.7781058496681,705.6429050034965,61.26787164934174,204.32301278205028
913.8503755122389,707.1960224513572,61.98245054739043,203.33149250882641
915.6577915283092,707.4354632540425,62.897533371207025,202.53467659897996
914.4256466357135,709.1987283678832,63.826058939021564,202.56911524718373
916.8557441192152,713.3678308818174,63.37105300934119,201.4142631665501
918.8770151379241,711.0718057974656,63.72578928079174,202.83839417631833
919.6457704067359,707.1261467917124,63.67055887832296,202.8683573599439
920.9964982255867,710.9061611238894,63.708299779546564,204.45753008871736
921.3945174461447,716.3629474771991,64.74214968224156,207.26927819813787
922.3625554419698,710.3615725328243,65.33580949419557,210.65856563876753
921.0154042369163,705.2057977977099,64.93061983124323,210.63558904698456
926.3288677713518,709.8800453601848,65.03155035209403,211.98198775900994
930.0134811861374,706.5659041167921,65.73085360522549,210.4648558933782
932.5769380247693,712.6963915916606,65.72542802229137,208.40413824497176
934.5674390396058,715.5067189558149,65.49793312991709,206.8892755622564
936.458593817566,712.0779993765834,66.31778784249038,208.40332091807662
937.3125639779698,712.0974116214906,66.47530231465919,209.19547082830584
940.7884289128938,714.6223660869222,66.60867261876142,209.6538221475341
944.6615428644801,715.4057503600807,67.23747714051541,210.82610613532043
945.9315986765914,718.2545809000272,66.97837614403942,210.51936760181408
949.1030825197711,720.3921143767584,66.70674758808173,209.27057366051292
951.4447318882146,720.3369307078129,67.35384407290483,208.96099212249987
953.9825886244801,725.3913577997387,67.11962420694135,209.94494856944686
954.0007911931953,728.1940371726048,67.54823075559757,212.51281045817493
956.6181422264029,726.0857950863856,68.6206175411109,215.12343713912009
959.5910266442361,732.9562350648516,68.60317149749787,216.3953135298442
960.6569100884254,728.0365879118607,68.84922796193297,219.93989052396708
962.2984143207822,731.0563283127235,68.49870364715228,220.08091309061922
965.5116066711144,732.3585085100668,68.32816926158198,221.54054328888893
966.3217819160984,727.8974791982797,68.54245140673041,225.08117700859367
969.0519529333575,734.3262736966557,68.557588975026,225.55221464453209
972.5165140389693,733.1798415750551,67.7273146298607,221.68152803400395
973.3090921050074,736.1065472060784,66.70467381617813,219.1391800615998
974.8830729261634,737.2765721020862,66.60134794657121,218.71691484123176
979.0660483224092,737.5508336351695,65.73898487685807,217.10632891553
984.6141270728133,740.2394310347803,65.81855998865969,214.57987359537339
986.8628134944202,742.5398583823957,65.99517405721966,211.79421529506297
987.1882031963747,739.8381655984424,66.96388265418018,210.7394623970882
985.9520635494639,745.1049794952523,67.8635639675027,209.77267858997936
989.4013092775218,747.8440122646227,68.87904298181533,211.19402902108743
991.6415973312531,752.1384081332825,68.90979223369719,212.15393857008377
991.5882997807558,753.6071087620332,68.86368092023054,211.70060189159224
993.874601787767,759.1233689252468,69.10703540611665,214.66229085471576
994.1673998132784,756.101081348199,69.83714024372755,216.43556378560584
993.9347272901739,768.9971918786421,71.10774183548018,215.1731603058965
994.8794093476043,756.8203020923239,72.17407549550654,218.18812228209723
996.9491967566205,761.6369698846619,71.36023934591606,218.71722890475786
1000.6391065072413,758.4929135354263,71.33766338257719,218.14119250960104
1002.1640484194398,757.414668685104,71.84136103439161,218.37536804322312
1003.8237210605397,763.806566589944,71.80184072434463,219.31387371669717
1004.4898708732665,764.2105360170399,71.12228127938359,219.19435772122057
1003.8698810554696,766.0027050258184,70.48354349249193,219.38207342223035
1006.4312744564431,771.9985225150792,70.40214854006265,218.43877542643577
1007.720971037135,776.9789300903212,70.09258560557711,216.09289567405358
1008.3197552360958,780.1325070916098,69.85207021335083,215.14778982058525
1007.8251992048624,777.1619554781564,69.48336236099973,215.5380412255928
1008.4581136944324,785.575200724531,69.76859417764368,213.00703622936453
1007.9492040431162,787.6192335540455,69.68355493688018,213.5225500915147
1008.3349336855892,788.9548680007075,70.34885023624645,215.74569848410982
1009.2645718296369,791.4429887012525,70.60021900392222,216.44560263660873
1008.866601561516,791.9747423690903,71.03991974447925,217.2609434960091
1007.9962052471758,791.8872866089795,71.67153812160319,218.63372348260796
1006.3798202052184,792.3417960796515,72.32808530894214,221.93953207880054
1004.5273262577606,798.1673760217182,73.71017910748304,224.4070512412983
1004.2329005897897,798.6794720919288,73.5427236163566,224.86368214088543
999.8324071202328,797.9809788397532,74.26952899876879,228.26540053877602
1000.3676455513122,797.8401598972193,74.39140490836898,230.06892536861466
999.1932674847973,794.1662171160821,74.11621532835551,231.17718070856853
1000.388699155463,786.506768117727,73.99677246584488,229.9891798252737
1001.0463334229239,793.0468622549548,73.84551827037001,225.68379948081096
997.3153148537797,793.8356233628158,73.83746406573258,224.02800832732237
998.8666784287152,792.532972298687,73.784279581343,221.424485821028
998.5753327119211,799.2076582462396,73.43467581172234,217.41412416457013
994.7113399650361,802.6884390136075,74.35483717066565,213.96929436887854
993.6567432302581,803.0319196818676,75.13939072380171,212.16169633077453
993.2561468729532,804.2498563790534,75.83861728830645,212.633149157869
990.4956446671764,801.272435398053,76.59750336032147,213.05969131136774
986.9755787836827,806.3219409386751,77.67401303410821,212.48812030122937
985.9479217803054,811.7832828190303,78.18395884628276,213.41954535094362
981.5463684046179,818.462255687281,79.61105136502243,214.8607529423843
981.5801866864599,817.0772365472477,80.3024131953506,219.8585951679923
980.303332242228,815.7756693817256,80.11798769965945,225.33581063383258
977.5494934738091,806.2104888481699,81.02349238493466,227.0192474913493
975.4526111304381,799.1153463146856,80.35691313857119,230.20220166384775
975.3879248771734,817.8910471060243,79.69089092645353,227.28129705993007
973.9999757446467,818.1944724559135,78.99931258513777,225.8651582756447
972.9849510219042,820.0776650190392,78.51092726766827,225.2420505560858
972.0772450096781,821.5888396294149,77.91610865552376,223.93401579608874
970.769280777005,818.0076093929838,77.08451448064163,223.70862789172318
971.1971039405842,824.4507754076462,77.23866429606153,222.64385481472993
967.1542125948274,812.8507517886886,77.34812767452564,225.09201949954442
965.1174874664154,822.9181743926229,77.82213378042503,226.12351416594367
963.1147074960221,816.8119366989031,77.58613183156307,226.79526289170093
960.1203058434445,818.9825340079665,77.1097185000605,224.65635547068723
958.2121073614885,820.4767318247218,77.4153923499588,223.8644184152863
955.655115363031,821.3068789062324,78.06273444395049,226.73239783472349
953.3579537105372,821.3561593226738,79.3386704789641,231.1755941086219
948.9561935761002,820.412640035709,80.52364521561162,235.50147068761714
948.6453569876849,816.4645840201142,81.23011843465429,241.18315763183182
947.7311260247734,816.6044038124573,80.3614849663428,243.9886761568105
947.1686163784852,813.9542718163027,79.86227816562682,245.45905466633164
945.2535181017815,806.2317172520914,79.36153685663798,247.33392949604837
944.1834508973118,802.7209794816686,79.94380242726712,249.1270958823834
941.4186231921418,803.1350545802316,80.10410692742042,249.69079329573094
933.9126901093815,795.414644222666,79.68391189756748,248.40711526208293
933.1185500539551,790.0206128060765,78.94270683042653,245.20626646653852
933.5402686994165,788.9159157376148,79.15098312535734,245.89742396634662
929.4675369775155,788.2700342036997,79.0550582482364,243.32536338190948
926.2745401537092,784.9966302765663,80.05734723352612,242.53680164923168
921.7599161077148,782.6914749722692,80.03177145008753,240.50163973127547
921.0256027549098,783.6779319461668,79.68991362715619,236.81307367528785
920.2589870908595,786.5100454597667,80.43832463703457,235.85201790129236
920.8504914965719,789.7473361033085,80.98592381205995,234.37303540723866
915.3833880360462,789.7638466410649,81.9604940448789,234.6745159558331
913.5959326710786,785.5907173507605,82.77330741611061,232.42427700073637
911.8470869497711,787.210802573777,83.26257910660446,234.45960685224978
