1008.5,752.5,34,102
1009.6191440505996,751.1877460636032,34.588556352612414,103.77091255638354
1012.5008795764581,753.1486788949136,34.76490845153008,104.58267087523858
1015.7568914748684,751.9381468638414,34.78579786271744,105.00690948076364
1017.9375724704316,751.1700000477812,34.35155512665695,104.5031642888028
1020.9335917194137,756.3337094323082,34.43218088955695,103.37881329928976
1025.0083544899953,755.7895025153525,34.2312699457143,103.16969767420143
1029.0958525425488,756.5219489260214,34.098120115937206,103.19239707317008
1031.4346328000056,761.1687929429229,34.53065414829514,104.61163781133968
1034.3574618846837,760.3960652276016,35.429863303767945,105.14980609732129
1037.622070254226,763.4289477991027,35.031545040330286,105.74404032489409
1040.4835853789052,767.1780463908373,34.97352905793988,106.04526063715242
1044.3504402478277,768.940348309527,35.170368941676806,107.83841583679083
1046.050264760279,768.8445463360104,35.10430374856125,108.04306944593733
1047.8124848054883,770.4767354965694,35.088752379608714,107.26067931642397
1051.8827246968817,775.0545459101629,35.38224114082823,107.24028664628037
1060.126466829681,771.1205926356231,35.49886568565434,109.74437598039411
1061.001463378731,774.334601742156,36.06634003865041,110.99030557845512
1061.6598461398073,770.9476847743999,36.10174760647848,112.48622165202872
1065.114919268616,775.7360051396854,36.179373336776266,115.20147869520031
1069.4075508769665,777.0288098444095,36.51452122999931,116.42105174272251
1071.223759524744,772.5889425530073,36.49797345653913,116.95448620040466
1075.2974283363476,779.9223778054672,36.66968948323429,117.65669528532862
1079.3567677009644,785.5504426561815,36.7646271251557,116.34657998819682
1080.9971482127653,787.3491851887591,37.221729880621695,116.26036616136886
1085.1403565819287,791.8227249199707,36.93099538182747,115.91238585818624
1088.0526646919088,791.6001535032739,37.23341001132386,117.38678384332859
1090.0786426444804,794.3733497777811,37.056078358500294,117.20840992148095
1092.3512082285436,791.8324003166438,37.01218029126514,115.52871883978841
1095.3695139415472,793.6775943989948,37.483187292534055,114.03273694606717
1096.9142286189256,797.0591561286625,37.38143884979532,114.11321137567833
1097.5483985197043,793.62732762125,37.264158318143174,113.59345745986973
1099.8357657253205,792.9880853938895,37.466705191242816,114.22609870675446
1101.7334798543043,791.5213405853041,37.708695775591096,116.23815642485475
1104.7120827149129,790.2750920952278,37.98238700414169,116.93972861748583
1106.7954431885776,794.2104336084553,38.333168364704164,117.32190375295701
1109.4798352329826,791.6880004083818,38.625011641006274,117.61444271093504
1112.8351123874554,788.8982004513072,37.832821856902264,116.83862537349735
1115.003685141785,787.0121837556369,37.94698555234499,116.31089079379895
1116.7129238189486,786.4476278678283,37.77346850609239,114.83082903311552
1118.9792863017697,786.9928934412178,37.913350962325396,114.87278828283615
1119.596781665109,789.3763569846499,37.571194362596096,116.17817212050204
1119.964772261984,789.2826870314825,37.7565416538577,117.40320087819316
1120.1143828715244,789.7033712062248,38.12042335960075,120.24840364992463
1120.7595649411464,786.6732976890631,37.41101025537938,120.42906221607763
1122.0577160940425,787.9263126281904,37.401690915056946,119.68177562395587
1120.9618910004817,789.5468852195095,37.62100290256299,118.93774033130202
1121.477329242386,791.7252911301747,37.74117662875321,118.98510855986773
1122.6617689086024,788.1125716729821,37.32927287558216,117.51511481128918
1122.7460066915612,789.219138293059,37.48703841545954,116.50183356088141
1123.3271763033956,790.1958557907087,37.239816813212755,116.33621640138966
1124.915588473588,793.5026498211456,37.45999254721448,117.18663810232633
1123.6977094347715,789.8887108482024,37.81929169387834,117.90055282570904
1122.1949804021995,786.7750383580546,37.00612359363235,117.57716900809197
1119.6425902858628,779.6369968252238,36.73782738740201,119.22257008217642
1116.1936469534605,773.4085271542929,37.26064634132978,117.64093234426532
1105.125828987325,770.2609925339746,37.05719764835698,117.09513740338353
1090.3784195961657,770.6992113331936,37.58247297364436,114.56786488692316
1069.7849962599091,774.0849900125967,37.49208652237783,111.67521163234977
1041.257926134038,766.1459703206743,37.345062528514795,110.68380903011062
1020.0858095789363,767.3178226825918,37.79123197905026,110.27832969480255
989.8449098098357,767.620842089783,38.0221617662748,107.37532337401151
945.8831042835404,768.5501818006829,37.36734264308424,104.17430622466486
911.3558150307213,769.4627221798974,37.01148261112483,104.44995064018623
866.959702414649,766.3234620258393,37.092999225105444,103.32272210415559
830.2708560358075,763.987959376423,36.93667251257346,103.23860855609496
791.6913702914934,767.7150365161316,36.483301166729106,104.72141449701465
754.8576603640134,767.6053967952718,36.24491352657168,106.17294045686927
728.5098315194846,770.0942085429771,36.503979113578765,105.52063577478276
699.3846946665967,768.8952620334061,36.500232128436515,105.55349254476381
678.5200465992993,768.7387688076158,36.938661411224444,104.4481257963858
666.8059225608937,773.7858615508267,36.39692543347047,103.6013682503325
654.136394928041,771.4003380504605,36.213550279253894,103.9508006041534
642.4403544114557,772.7681068289636,35.439922770554446,102.90690068237822
637.938943922597,773.0251998905968,35.41332671030787,103.1103051891662
634.1782238462275,774.7316119060137,34.869287584482336,101.75928831394154
624.249497800553,771.4563851929156,34.178796560597306,102.08289552202869
622.1528107382335,775.6189600598062,33.750162361566666,103.0896015621731
620.1776357472112,769.6288832263102,33.51249878999185,104.71047178189956
620.2385331309026,772.2396221105186,33.24514031585335,105.14089621227427
619.8095661553899,773.0998591833725,32.77566058870953,105.57697557341764
619.686909000917,773.652687348795,33.1018886499729,104.02994607315054
617.9614510896016,772.739631989651,33.43812704340442,105.22010598768185
618.169663607057,772.7450197933638,33.49756740237047,106.72554570465797
616.9497769246983,768.8725215492703,34.06629911154748,107.61704421081987
617.0871336515658,770.2227887615785,34.320781026102566,108.38523475225264
615.0181418361824,770.3109589276343,34.41167078861363,107.79462425755884
615.9208803893201,771.908287367078,34.53429438748503,107.82687367826242
614.7509508217527,765.4812066958768,34.51671662724937,106.48534391196108
611.6902437518211,762.6928851132066,35.0849100182114,105.23991361767631
616.1649832192738,767.6646983175068,34.76105764733154,104.19334092764285
611.7596371684853,766.0642016803962,34.73963266822023,102.71078861241699
613.053946519401,768.4509799412662,33.44952904779441,104.63530547782301
613.0752604649583,764.4164337347321,33.367852693573624,104.9122640827553
613.9261849061409,761.3659355359781,33.123913872091244,102.48126375327338
610.5526485974005,763.7712460011937,34.03046896866725,103.3689512907071
614.2392619430242,764.3825023575756,34.309655645645165,102.47187618332451
612.7757902334099,765.4419934940552,33.51162157158744,102.42384918685448
609.625405021027,762.371239979458,33.85964274403419,104.58420964202865
617.1874549479978,764.057571728878,33.5017029013839,104.41081996788026
612.0798935544451,760.6093631861829,34.12283250153865,103.46600427662871
610.4788872144899,762.1764800764993,34.393658982260916,103.16710241280491
609.437879115922,760.5431409148185,34.6999752062902,103.61016733093885
607.4830651012351,755.0191604380127,34.67651898616748,104.44124653253624
605.7238470321837,752.2748609267403,34.50435639799782,105.47112344051801
611.6324512466748,753.561278556351,33.96566664577325,105.66625159072055
607.874005360219,754.9580200559338,33.58105199473477,103.22410417667218
607.7959673078042,758.703123951553,33.62278275764355,102.93247998833914
608.0688946791598,756.7625207793568,33.99409967201761,104.41892906191866
604.890614242728,753.4679586187088,34.644202453145425,104.07904537616487
601.3785437116286,752.4848849580806,34.91069266314084,103.80630586423064
601.0589347593996,752.0690626017291,34.55855312188221,103.12107292571876
601.6183297064312,750.9068891695379,35.271225134252155,103.17213034803909
602.1205064116914,753.5471255714888,35.776758346160484,103.38455982303732
599.8613766699292,751.1279126147392,35.61534749582253,101.79796218078071
597.9291878035078,752.5842671945954,34.37165199410726,104.63682229215593
597.661270479057,752.9467989317268,33.894891823940064,107.70384279654627
595.2686054680502,742.0754033489607,34.88145117983107,108.04212918607752
601.3012109574519,747.5818426055127,35.39809597495361,106.44223456732149
598.818183340388,744.6716385693667,36.09750243970256,105.02399708602472
595.9470518667944,750.2923394688885,35.41741593391747,104.44322932781375
592.3600183062499,750.2675195248839,35.710665641676414,104.71656775734475
585.0396609999145,743.9471360201152,35.65255823286263,104.76032987644035
600.6709225143525,755.2399690004819,35.607541612678176,105.61011160857811
589.5136698036671,745.5066468119367,35.515430823111544,104.10095070307577
586.5481602017971,744.8546816714937,34.91400221191008,102.40712617172105
584.8594069639837,743.1232920793619,34.79643131593953,102.62375080924701
583.0531611575321,745.5049207025289,33.87263705161499,102.28597822020069
583.5861638832627,745.1413669456385,33.382455562842296,104.59401322516945
581.5169642444608,739.2290282443869,33.85853303449193,105.32231325493098
578.8150871692484,743.4106525839508,33.758141562663454,104.87155589736692
583.1807791486868,741.8409723833532,34.187809353969726,103.61795002811537
579.2521263759176,741.6341897883544,34.64441194616958,104.94130048880375
585.0709991832412,744.884091464852,35.286140589945205,105.18808298175594
575.60717429178,745.9392412767759,34.98682160760887,105.55348731260474
581.621801676346,742.5799789911331,35.70709381601583,105.89549983326171
577.7202874615691,741.584580150509,35.73589987160729,105.48444586045719
575.1673918053095,743.5690431895854,35.71949260243083,106.33106820225684
581.0849808296601,740.7532935688527,36.168360726825334,105.06677352892737
570.9487095507218,737.8390923883223,35.81186542764641,104.11717505838396
576.9464123487533,736.6661147133232,35.2097989886879,103.37794798002238
573.6101455023754,735.4843566017607,35.19377601030105,102.95495278194363
569.9503585840745,734.1639710584059,34.711504773202975,101.49252009515472
567.3581881422743,735.9462138011055,34.67822385351962,101.10516149421602
572.4198645577212,735.6663215818913,34.675385892315674,101.5433616885719
568.2715250981347,733.3870509280017,34.644617873927665,101.11455205564674
564.5328123862766,735.6923054298097,35.3553697327329,99.59001226170183
563.7666407953665,734.0521027096023,35.37665756424964,100.37416206590134
559.7204953098727,731.7758324315317,36.03228633812415,99.67989933835105
565.8235095148685,741.5550300363344,38.019852860688644,96.65474158602119
556.1591035060402,739.6886493443678,37.39701998088425,96.50012141630441
563.0591270336257,741.9236907630938,37.16106460814745,96.18389533315556
560.2707804432245,742.9869362175428,37.07569419031721,98.1901687637043
558.760200959968,740.6686711448297,37.46684112146019,99.37306440862727
580.1139958602971,765.70880500225,40.780377114258926,95.15496023748781
570.6115961717264,765.956433482646,42.19903490509654,96.1364995461124
570.3288424961215,767.8445099672654,46.27451506705176,92.65011816353027
575.032728115527,746.1514485046639,47.506929184380816,92.08184579454381
546.3138842320296,741.0702636104943,45.48044840279151,96.34029493240081
542.7277622945738,737.905755341882,44.148982484612425,97.76537699086569
539.4423793388631,736.1049545758345,42.27497853671977,99.44090950173562
544.8004012000268,735.970882287763,40.99941409295692,100.00938093186929
540.8743011898301,734.4791472359923,40.59636032154106,100.19185425501516
537.5470781688421,736.7098394730781,39.77211478560583,100.0291267213039
544.3576256312291,736.9124979329772,40.42617302092708,100.43443440096243
541.0660970289855,738.919462078981,40.737104504436594,99.7022341382058
540.0958088834296,742.7063010828505,40.2303701094367,99.85535371118588
538.7637803255893,740.6393779745631,40.60474912834625,98.78184824319037
538.4953892561072,742.9477941270749,40.558579423572,97.99402952421107
535.9058253935807,745.227672406642,39.94697095019962,98.67051716673706
527.8085719122289,746.0046489875426,38.63608965301549,101.04201599887804
528.9239783997932,743.3456584049591,37.12458290843199,101.86210192326148
528.6017523452227,744.1001723581237,36.768759644114006,103.75590890920509
534.6760773105653,739.3630564635914,36.790990031116685,104.33909226687327
534.407316459326,742.2406109002893,38.510444540564166,101.84970686035058
524.8179779338783,742.1092353146727,38.19651256741176,101.5337530187856
522.9937245079966,741.6509802717308,37.98171981094454,100.53304382347278
521.2459406072146,739.9600703413624,36.99378427083356,100.14417062047346
527.1591459916494,731.1933686057075,36.53176578254268,101.15496056639259
553.8076862342168,752.9981694172832,37.91795098344289,100.12935476233316
562.2102762862015,757.579335268691,44.590195501055554,93.9464716164176
552.8702709866523,750.2923743851017,46.933055526423715,90.79559708843031
553.3261086802726,744.7181321991117,46.2974187560788,91.35081974166019
552.9363653162595,745.7425483080925,46.37522464504305,92.67385827984779
551.9825992493611,742.8658866243074,44.500608417633856,95.74584524452486
560.3659658722058,749.1464794166351,43.78986157636327,97.09459656477681
568.8689135413216,747.1937187002482,43.89520662509467,97.15345881404838
569.7884411406817,749.5093845377851,43.70661095434389,97.06526707351443
570.3373442226664,745.4066411430385,43.79002246081508,98.55945587411583
579.5748600547388,743.6083912516494,45.52191714249561,97.66012655151701
578.697444852515,743.2916120929406,47.22806479767177,97.66576060545738
574.6519719879519,758.4914532958114,53.45933583464409,91.58673783716687
557.825032034764,744.3338329095387,52.432406720023685,93.49781334176791
558.9413859531046,747.7516142585727,50.66999967699021,97.08183110329469
548.285401151232,740.6171420924906,49.3918508725323,97.50123949338136
547.6908855760961,742.0857386420123,47.44379277033231,100.3968854064837
548.753400697155,745.1583014785541,45.348526142973164,104.63856145306558
558.1282823379817,737.8064088713742,45.496210447379646,104.66366624750364
557.9864950650806,735.7759531441084,44.2409609117609,105.92118433808275
568.5511143156793,740.3669098413378,43.25822395170094,109.55409981630436
586.0848459030146,732.6637835243233,43.29318921330976,108.64510396095343
595.9922541154363,734.7973214367629,42.91418287757769,105.54610143262127
604.5321983184185,733.0864976488704,41.80924144732114,106.30139292167533
623.5598851200865,740.1747996383403,42.24126408421958,107.01585167924668
623.0495129143799,732.2175408626562,41.66310948878933,106.25459751735822
632.5499480565928,738.2675498981926,42.23253453822575,104.9188998198205
631.7611749455942,732.9155823350206,40.67530798266561,107.2108304753391
639.2698889654307,729.1805180171759,40.380486601928176,105.8312753494319
645.4358283524904,726.8614129595682,40.75571537175417,103.72505921418977
651.4913474904375,726.1024117852784,40.41480534598188,102.17231776355979
649.0106839975049,718.8203112601178,39.69205506896871,102.23587985208876
640.3343574391203,724.0841316817982,37.81390183502998,102.96522085839833
646.6902483164008,725.9081120334093,36.92817942189949,101.41674054572499
645.8210571008917,729.0386898968322,36.294313680157686,99.84920979217624
645.2813553830736,728.4043587705099,35.48862604943366,99.3513327095699
653.1760982662735,734.2666669723661,35.80942699568036,102.61703460419753
669.0242578202799,728.0866871863371,36.451235023897794,102.17415775810362
684.9876990796959,730.0934331446703,36.7942499660034,102.7874816373357
717.0157164305847,736.3435790620999,43.223124321843045,96.78967936927927
727.2369009464285,727.2706053923791,42.077092417841,98.28757830784211
702.5206121404578,686.5040831291444,43.86678291430362,98.86662808333499
710.4452668612547,670.0237765343718,44.40483118450203,97.90631613249934
708.2918560738357,677.337210078373,42.93529749276898,100.68355709198234
707.3891794768177,676.4974678558332,42.967668685500186,100.66506315971968
706.6586223174453,675.6564964808329,42.973354642352405,100.66182369593703
707.1528997931175,669.3496366773112,42.986196347044306,100.65281018683042
706.919480006359,665.7105524207213,42.99009296268339,100.65493957647509
794.3671499264758,683.8214874455314,42.394878244519965,101.50757056445266
867.3593514610918,725.3476119165922,44.35262910595206,99.09140713258486
868.7199281767598,723.8789177104533,44.570584761606426,96.92258149838457
871.1930743371711,727.9802153223563,45.24291569746715,95.8404477385065
871.5519592839739,718.3064409658452,44.41453107940427,94.2884088203032
872.2940314148625,720.2821403682724,45.48837903755191,91.60741650005272
874.4407748735515,730.3573766116581,45.50644655208936,94.53638317648928
872.5067772703575,719.737013024723,45.87921346791957,93.6866924884211
874.0417053075264,720.530999056685,45.76841472466686,94.30588733466855
864.2621478797657,723.0331334736762,43.15604558665781,99.2005318841699
886.9601917279912,734.2671802632077,47.19469604938663,95.33220026799759
881.9123153190747,750.9891930970387,54.40981670512558,88.8902497956484
879.5499894406986,743.6356674457455,60.102021958238524,84.16633185995323
875.4034025964146,737.0118945984078,63.74762455992309,82.13464552948216
871.3096454143994,734.2964307160016,67.53335831863737,81.04873426688977
866.9468196257101,733.7995754912274,69.26873785088034,81.60666121099837
864.6902055663687,733.2015293640775,70.8062984929091,81.63227500212534
865.4005183633127,731.8641437320904,72.99590406013868,80.75948533584764
862.8776341533243,729.3254198258223,75.1977331757637,79.85135937976781
860.8761008483822,729.0885521558403,76.7758482323031,79.44211830695897
863.4640126285398,729.7574150731284,78.64916607900098,78.90841955291845
859.5660960029709,729.2325994716122,78.45120250472976,79.9758842011723
857.8679383458544,732.4575527284758,81.24685093835507,79.19754989584946
864.7711630484788,745.4696431706617,82.49349925802076,79.79299791772776
853.833060935023,733.1388783639879,83.38721866742745,79.18622652094338
854.050618673733,744.2380292319449,84.0963324828771,80.00360700548856
860.8061263505051,748.0301198981748,84.91071652813656,82.07431001140745
855.6996882940405,739.7094005005582,86.38669707984775,82.59996130053723
854.5978687784668,739.8618795739901,86.82747855465192,83.13329092442153
853.0203257948956,741.1671213436791,87.1143766174365,82.30760004671035
851.0587210192737,740.8406269607517,87.99588580552118,81.14488005611831
850.4168583805953,754.3618090390681,89.82205066284158,80.40186473066228
851.6945968466157,755.2761794077755,92.83872539171992,80.31470567163791
847.8430920148434,745.818934950973,90.75410878878513,82.81704706327031
848.518653955639,746.2300503993908,92.96320038036869,80.62591813233901
847.671243721348,745.5454974007616,91.60017835589349,81.07616160794892
852.1653838312109,760.774409033687,91.88349504473709,81.43057894268419
849.2771506029337,744.7126747045434,92.24373654477905,84.0448999569285
845.2428458349041,748.5776678407178,94.15534649282556,82.74990599796463
846.4883174967049,751.6057647791336,94.77926871068216,84.95348442185335
843.5777988285789,745.2821327256097,93.39647437426565,87.72536705917446
846.8054107804348,760.066175648672,92.46076407757883,88.02416162992003
843.628438721319,751.5449045592836,93.02293583024051,88.47154809275423
839.0004851326231,741.0151264484215,93.33879383618456,86.99539302602653
835.5788174730764,741.7202333854567,92.32157541382297,88.21319157070307
838.7496377657019,749.8025451265859,93.77242197304206,88.8040974921311
838.0686325292819,749.2763693714247,92.76836694371526,89.03261672897021
843.881882066394,753.5780537226677,93.4149429732509,86.81572502004491
838.7955474025387,755.9125275767672,94.38959994897178,87.55714193968414
837.4168792496488,744.138506043696,94.60073550249336,87.35156104342431
841.8929293614358,744.711351815111,96.22278536436862,88.27618152375697
835.2679731420485,746.0440355252845,97.30500371134625,88.8419530480359
835.0521624653884,745.2247776678363,99.06767689114346,88.29299856525482
838.2864850054726,744.6557477385328,99.28700721762165,89.07405711923516
833.3081002701795,736.0894785892482,99.03036821805438,89.2095384567448
838.764212083744,739.9901604320313,101.1610198808421,89.60375906835878
845.3845291561335,746.7353470495477,101.45355071409055,89.24157205921699
829.1941566834505,749.102922251588,102.18851128140481,88.24250087113991
837.5458578007202,737.8489331946536,100.54486627953138,90.32461762636632
840.1440761831498,732.4036355569942,100.36463101079664,90.97564037666062
838.5063101284874,744.1162934883787,98.30128448852957,93.04519374606934
834.2536011238114,745.1793380056597,97.68923175660932,92.23855652043686
842.9122951624963,745.3254834173044,95.17709956913231,93.83089375462711
840.0789742260035,758.4142925969634,96.09926750794426,92.20412340251137
836.4829303505926,757.1356054434493,97.11993563825212,92.34126732089813
839.5715560411347,754.7663838422257,96.90711840404896,93.82085661099208
835.5731340612091,755.5260965120824,98.09742568940086,93.14819959088516
834.00849286155,752.6925866195451,98.92633811076789,92.83187339054739
833.4219570433762,754.5208843620678,99.34007256030222,92.02964087013201
827.3704897087223,755.9180888557925,98.94090628509088,92.26895452176659
843.5590767512217,751.4795922469815,93.40075116676681,100.08855907609663
832.4494623859529,735.8720286985329,87.70979122237779,104.75175288441955
838.4368247857615,729.7277562919132,89.29422570163014,102.10526199209235
828.0137335956548,738.4478002759388,84.86200766070111,107.06871368163407
839.3389829092648,739.6914722008219,88.07737474087854,104.32909111649582
841.3261624991728,730.236245852255,92.9463545274321,101.31916226760912
832.1933177331175,737.381625283776,88.49289351632984,106.02554428896667
841.9013358761202,729.584513033258,90.21068062509981,103.58611362337649
834.5781265643627,735.5696951733728,91.20085973903218,103.05188082050283
825.898949972154,729.6844479617238,87.72250103990473,107.13672012676592
829.9296516475938,722.6352690512921,84.198944731109,110.76392754937504
837.6023123645996,715.6765083669073,87.4637688659451,107.22293947295408
828.0241234828899,721.8959239225857,82.24200331881744,113.21196480690999
832.283252605175,719.3102094111875,76.49119421479588,119.89133817518042
835.7191089813932,718.4972252830061,73.67313088786614,121.80943511367981
838.4051177619426,709.3925420995574,71.49107523701525,121.92088010911716
842.3570526244782,712.5065774209008,70.35201082886893,124.59234846026595
846.1534314824085,704.8559565028723,75.62667903158764,119.62319883208947
838.7810775613996,715.6173739449694,82.89843069303299,113.24828169539308
841.0149927084647,716.4821116826239,80.46960162532777,118.25743508437216
850.6836488837793,701.0166434984469,79.34893165445934,123.85603311959642
850.9460919352532,692.5209974444722,78.35560099551358,122.82336320667171
839.7554914112693,695.0504904107626,76.6918115039307,121.46463076072435
840.1688246153362,690.4596402720075,75.59955389163031,120.48848458742876
841.7923802839542,693.5715926875595,74.40689282790831,119.68893955475625
829.7262199233757,696.606995751855,70.86720503466103,119.63441360042039
844.5894659086108,705.7132890318009,69.73689874839495,121.31709834179831
846.6231619799489,704.1433795843141,67.79400592670248,124.08551851960685
836.9828291663848,701.2950710158239,65.64257697985607,126.10888593506033
826.494006295544,702.6146002295408,63.14482179685518,130.09665951598825
827.6114917131754,700.8401651625572,59.22094405355711,132.36707713435328
851.0359499863226,704.6062448371503,60.56887351556348,133.14148593091903
850.630383392153,704.949456457273,61.638195339013464,134.60546046823112
827.0428586854316,697.4207719956966,58.19457714991712,140.7918605727194
839.5452451533181,671.1882060685999,57.171957152987076,142.0737458143637
838.1292279432474,692.7558697775477,56.673578708443245,142.55686474656588
839.0266845042794,691.0953962391089,57.997020622161195,140.81855431611925
848.5914203849918,678.7975613545642,57.35507861537514,143.03572600781612
848.4592386797004,693.6202778745496,57.176093707619366,143.8014925375474
833.376400372146,689.8892904940376,56.88835540573611,140.9972720013302
831.7985144787193,686.3894075050695,56.78601213941253,140.74461516966556
830.4956188048304,693.0851552862988,56.708144887336914,140.7073743298021
828.4948368813197,686.0126288076158,55.10766844352579,139.67908553606958
841.39262820013,685.4961888812718,55.64264076806332,138.46093446682164
854.0517262804077,685.2628621073842,56.78539164425118,137.93960913895958
850.1225578763442,676.4862989861452,57.22625179832535,137.73476266415247
852.4814939031344,689.4364448691439,57.7029693596132,137.01186767244707
852.957436580582,697.306598344389,58.9189297307312,136.02170472677858
850.814884614638,700.522499306706,60.62865142995306,132.5569009024254
849.4786933869154,714.2364102037798,65.25949087850131,126.78359151367349
844.8063219504314,715.9006278252306,67.5788402654463,124.91379279306497
841.7620963371688,711.1874921847541,67.92983755444104,124.02025416038254
829.3601022935812,710.321328255964,66.83732028578133,124.36001807886824
819.6286542058136,711.9360416139544,65.37528398145811,126.06854197400176
820.9807085949799,719.2883699002873,63.93733867148644,128.66005277499346
821.4185895915036,718.3061525397533,61.50212962834443,134.24255833689705
829.686935176611,719.620445776002,61.3147350279539,134.45463553589303
827.5549765976293,728.3982682100317,61.1612718529704,134.80068401194995
827.0551013985915,755.3903428166731,61.05818516532208,133.94064597420427
828.2637976394765,774.5149806203659,61.299062327335925,133.89602506042212
830.5849239829457,781.0093740355694,61.14080030964786,134.35577128818161
828.5975166901899,769.0711291219227,61.32723427229582,134.5460142435267
841.617045424653,760.4790643728226,61.57590988137226,135.59753342068205
842.3505806463181,772.821537717425,61.794564411720685,135.50785879568622
820.4078724036392,784.5162278110948,61.832362794051235,135.06225378534842
834.9918715635106,772.5574824631946,60.380041735661095,137.22226576715983
843.3863780329411,771.5776725273923,66.70376454509103,132.01042739444046
841.1855868447117,772.8889671755809,68.26792502747647,130.9205591406965
830.4380313496936,785.789270731588,67.91792417058866,133.02456361620665
819.5327758686574,787.7085123988504,67.33776244894536,134.0429571318101
823.229224120978,788.6227538907921,65.51201129189938,136.51995319760923
834.538475987021,706.9121740458561,62.520592291869065,141.41018332205158
843.4261589181782,712.7652215180656,62.90043883189832,141.61878793207597
842.9935467346098,719.6003501237735,62.91483830651415,141.78813414473223
839.188896729715,794.6592820701186,65.62158142009422,139.5513127325109
835.1027966414863,794.3840059122604,65.96392615450452,139.24692743521697
833.5817163616094,793.0357262926129,67.46079910515778,138.62829516717235
816.9573536439558,817.2336512084969,70.63636436895624,136.53099880220137
803.7699088833408,788.739678618223,70.7094274131355,140.24772282186046
811.2412465990797,830.2316793742095,75.5889489421071,136.4903829920164
786.6021929459341,863.6200786062187,74.5395110823824,140.35800133707994
802.305443238451,863.1705162304827,75.80796014334491,139.43371259730299
803.9680070893982,862.8885934515546,76.84931756031652,138.67815069208538
797.5480475823589,878.6659716459441,85.76551335356984,130.8693602609481
760.2181648203957,858.973859301012,83.33629724907811,134.8269225057438
761.0814684815099,882.9922834536901,84.36289641832012,134.02140888666702
750.8376815938485,873.212200967229,84.41601241471211,134.28704680575598
758.0510940888915,882.1705099040122,85.16186923309783,133.602610481262
771.705730959212,869.9343453176734,84.64070241079177,134.66710273987698
772.53368821526,864.574627708871,84.47515948358819,135.20264761476926
735.7581750277161,902.155246183249,89.603937018344,130.6273100190408
723.9349571117817,928.8472773469459,93.42092224291288,127.17674988891264
710.0625285891387,925.2080702038897,95.60536783495185,125.7700187969121
712.4469419306108,941.5173942198105,98.67778537274116,123.92296576629131
688.4572373108073,934.0947294334225,95.70789956840302,127.58292012544442
694.0618916840936,953.5414428845809,96.73011910399596,126.83898357957275
651.0775961270274,952.7888472009278,95.2928874642221,127.13087388429514
793.9172127172305,938.522005286828,90.58151927405022,132.0123551062937
780.3631029740388,948.7875361638378,86.28239775701547,132.39871469321633
774.943179907817,961.4249816324842,90.37987423766484,127.56954824322821
738.3370061449315,961.1248843064659,93.16912606031087,124.29031164755361
739.1196671655975,963.8703091915029,94.53862967777705,122.88131717456837
720.2688987558024,965.7813975957545,96.65216143144933,120.55463580464095
623.5664867675247,955.0485819237341,96.57204583280937,118.92572178430171
625.0028691888705,957.581706201913,93.62551459466825,119.95290422388506
613.3363310855984,969.7416325107766,94.52177172467415,116.88006660554736
608.760170485258,976.5553600367034,95.92909113244747,114.83578435185053
597.8628392685542,970.2620559369575,95.06459676653843,114.93700856391581
588.3102732136191,980.0307175732846,96.4991661322681,112.15211906811693
593.6213495355084,976.1333576087893,96.90642385073316,111.32481732199766
569.722123414608,972.7154904696033,97.14355864868648,110.85839705935393
565.5970389333546,964.8108159897802,96.94700462687909,110.95629162752086
565.0833906612532,957.6747703594218,96.82622547127566,111.00402146855991
540.2302756913622,939.2698024113295,96.16099545012031,111.68940368432459
558.5964977969462,936.4601308027538,95.83225683587592,111.96995600792106
556.2288989955189,933.0105674780503,95.73014269404078,112.09484216355382
553.650320261205,931.8779490818273,95.72359910523446,112.1013950360932
557.0027822139178,933.5880604610667,95.70225941306559,112.12585296837983
558.2094059842403,928.911343011528,95.68480459512271,112.1398618268078
558.4481241307101,931.3104782055435,95.61433090551371,112.21884401751198
558.4489955012707,935.6049026918281,95.60607817489246,112.22662418770413
560.5935981677828,942.7971516742366,95.58946443274964,112.23577532414438
556.0034067959588,939.0477662517516,95.56848933490605,112.24952267057935
555.1304203791051,939.1118420285438,95.56338618556585,112.25326200997729
557.8497196351861,943.3803831559992,95.53322730963427,112.27028837475666
556.7281278207676,944.3961702734576,95.52923238393636,112.27763263501794
556.8484244014917,941.2854129408134,95.52330950389836,112.28178394276239
555.6678557386163,942.4538379356862,95.51920363316182,112.28513962241992
552.9281796765226,946.2140875869165,95.50386915380291,112.2976961022774
550.9636739557652,946.9687209488488,95.49858422576517,112.30177175893651
550.7675413168225,944.3819990686775,95.49187678374277,112.30666884264335
548.7127462966943,945.6636788249326,95.47887818950831,112.31346995749819
544.1144650629891,940.7602353526333,95.47175775744348,112.31878124139128
541.9362558530751,939.4378673065729,95.46403662038695,112.3253325476692
540.1269333805717,937.5315996565604,95.45713153373164,112.33137289644601
537.0828967258425,939.5730655431918,95.44684954991617,112.33715143125814
539.9302079128954,937.6780478006954,95.40974127111662,112.37400545873163
539.9424120268151,939.2607075479594,95.3998883680776,112.3827351032262
542.399318530803,933.2812763693009,95.3902220313968,112.39258470419557
545.602898683109,930.2087931726609,95.36716979334386,112.4067889972559
547.9178569001375,932.3906761596395,95.35394494864224,112.41482058494425
547.0685657773964,933.616142165,95.34579051027892,112.42053883133374
549.5075051020552,928.4402791415572,95.32292952300963,112.43473951048257
547.7626798768221,926.079091516648,95.31711231066475,112.43885828675977
553.7853400997134,924.6347029742057,95.29429476405194,112.4594498514724
560.5910206542849,926.9975838935793,95.28930267346368,112.46312154925457
562.0566674767138,929.6477035036744,95.29003875272704,112.462402821618
534.239440085851,948.6416510954957,94.47477124441353,112.98145038699877
537.186822401858,956.2621331163452,92.4200394283328,114.21560307503619
539.0882266070862,952.7386448700554,92.36246812992168,114.2441102339671
539.591716703038,950.2217072898408,92.35108214149012,114.24979049006892
543.2327512300029,950.8888621396152,92.2938856766717,114.28421193161063
559.0974401724592,953.7485708219506,90.1405213568225,115.76798107893329
557.9898847290552,950.9434679176977,89.6418732981653,115.9770991265137
555.3795212061515,941.1816433660312,88.15542604282533,117.34162957750296
555.6280477550828,942.9164213949296,88.13639522231792,117.34831320095014
532.3202193565417,948.8531323731731,85.36775941686122,118.59463077693353
533.3411734536571,945.9807680217203,85.35441448366241,118.60066767304605
548.2485320896778,947.9931172401831,84.38783029877922,119.42052270673204
545.3657084021359,948.0441956426379,83.75841713461762,120.07970902335116
558.128037446025,942.4717099907971,83.18968975667804,120.59416522846092
557.9472050041652,937.9707369248204,82.9576954182717,120.81230742059502
558.5384305887775,939.219835418169,82.82600630635145,120.91274634583914
557.4698292454235,937.1510893835083,82.7748747664511,120.96361951486175
553.6670339559249,942.777851993485,82.74990399367226,120.99589522874606
554.5489098727118,942.0703649186913,82.70069895975834,121.0130025332025
554.9405474831015,939.3356051316408,82.64315129711488,121.08903322333141
556.7050907245524,942.88663087876,82.61208045637909,121.10898623806513
553.0332254117777,942.8531604839822,82.59944778541978,121.12516146109297
552.0788248663646,936.8256678469838,82.53486604562625,121.22357134141303
547.6680245799207,940.0128660733461,82.52380975816229,121.24144831474423
544.0364933185989,934.8970980848926,82.49330986854392,121.26751897487884
521.0628315621498,951.722327619168,80.89626845224292,122.63987179597642
524.5842131169507,947.449210134638,80.86254236046358,122.65421589589586
523.9493419885907,954.4519047493959,80.6727312562443,122.72228343060127
527.6875971730404,952.0820083294392,80.63372565571652,122.71498974555135
523.2909605304792,942.5563949409825,80.61263641489903,122.72610307336791
523.7418957949151,939.9793668082121,80.59855424137785,122.73866363425786
525.2415393626818,946.0805549449886,80.59326277234821,122.7412987285026
522.7185234280659,944.8830640647208,80.59042741593316,122.74380130774877
524.7267345031432,951.1953715717901,80.50596513325586,122.76630104733307
528.2434778315774,949.086194847113,80.4664379032675,122.77086551048144
542.4918336676855,953.4907399307759,80.11971631283834,122.91371683332885
545.6025882789188,945.6565864140654,80.08282413291325,122.92422700700871
545.8013258313208,948.0781902120052,79.98759264826634,122.95242787365356
545.5733797588667,946.2024120446412,79.97790099190499,122.94930166748794
546.6201876692421,941.8930192597877,79.89979644549211,122.99667610438235
544.8836352734553,942.9660868918314,79.8521876693318,123.03499146666839
547.4632533200996,946.8793744564932,79.70860995464427,123.12332093176603
543.2037460104735,939.0798362254062,79.64255110282717,123.18373448347876
543.3796301947842,941.0107341084192,79.63626281862494,123.1880068422237
539.3975127662067,941.0477816883147,79.57224125945942,123.23601024008389
542.929576468556,939.4447419778285,79.33547829949329,123.42236862986734
545.7272625265445,941.1727305949424,79.2853709044331,123.45556337745106
560.4868659421537,941.3848632741832,78.69312024997252,124.12868330625433
558.7848347775353,938.3581760174508,78.55217296617236,124.26597353016831
558.470270954752,936.9808719999099,78.49767932439303,124.31557568107954
558.0439599427234,952.105168771297,78.11818572211506,124.25482546105914
574.488791764463,956.1572719313523,77.95130802834265,124.21047746309225
573.0860596268863,953.589566965112,77.85362818232623,124.1711938111306
572.9555333598157,944.083955376585,77.7543232531075,124.22956855373656
546.5388799422165,950.439359794555,77.12428932902868,124.43205260262314
546.5241661565159,954.6659653809188,75.91459498651986,124.9744535743657
546.8179053335875,948.0974821855995,75.88768967381577,124.99103765604445
550.1815403064375,947.1241318875402,75.84831311877143,125.0017778401375
547.2838142681461,945.8824651182545,75.84621213291516,125.00427403358573
545.8345868259721,943.2759760749336,75.84164401273131,125.00949321672402
541.6695816061741,943.1631387028497,75.81899999523485,125.03644836998944
543.6875096259939,945.2119125925971,75.8138398708174,125.03927671964526
544.4378739891669,941.7561541157233,75.79207881109762,125.05908196150901
545.5688875798949,944.5466878965497,75.78757015953346,125.06961434111
560.4069958405098,947.814219947704,75.63774752868451,125.08752589340341
562.8431127899856,948.8223685300457,75.63327238064826,125.08399485153807
563.2087665650341,946.7185118290038,75.59468554178254,125.10490157484985
562.5652524565937,943.1660646555497,75.5850908863108,125.11373993726096
561.96666150021,945.7064533503694,75.57721076733243,125.114352928481
560.0222497618138,939.4266506871837,75.56912429196105,125.11573453048702
535.3655125956992,945.5770121383496,74.93339131828195,125.67777980137309
536.0381249410086,941.1048846640485,74.87406185604917,125.67637225150118
534.5021267530501,941.2816454182972,74.87161846794339,125.67696003026562
536.2870293653958,937.9414389070184,74.86762368522263,125.68211823104596
535.719272353083,935.5485124929056,74.8584624550265,125.7088052954165
538.6471408393802,943.7967621143821,74.77194774195375,125.73745253683865
539.6111561924489,940.7600968362077,74.76922883963411,125.73860711357307
552.381675399305,915.2683065381809,74.19605541615618,126.4037978170485
553.6645991960334,923.0136550443166,74.18640904225812,126.41353377291688
555.5987491150888,930.2093251050989,74.13417165455618,126.46711895957985
556.5634380651263,934.6727793288435,74.1255138548841,126.47578218262288
558.6568332224919,935.5500220412933,74.1113576649088,126.48899003889679
571.1165440832104,943.3778147196558,73.73738615404285,126.87144484330472
571.8181440369076,942.6962799806008,73.57193475033371,127.10710510167299
572.3971982649298,947.5578403154421,73.55612022434308,127.10629449821339
573.648189471732,944.02196532841,73.55319224265381,127.10951343590075
571.0119122922218,939.7054643820818,73.5022192655536,127.14043879810069
572.0972082311303,939.5860136525536,73.35610391590441,127.32473418082712
572.8243544735572,940.6928118803345,73.30702335655715,127.34409961834687
577.1997306465838,941.059017226956,73.28054850684187,127.36522824891065
576.9694818308616,937.3107563804019,73.25903565454443,127.35446291656726
574.9954555160249,934.0317458633295,73.23280148955531,127.39469315633927
576.3385699521472,932.0075570441144,73.23105185391367,127.40337553186075
563.3511771219457,941.7833039053747,73.16429355374513,127.37903863917401
564.5877985392254,928.5583657800667,72.71282000438788,127.98813081691432
569.4667643182756,942.5083399811048,72.66823397393628,127.99135204679592
570.5622265387466,948.2658959648153,72.65316683852116,127.98388664004392
573.4912605575579,946.6239477380759,72.65354206109143,127.97283880717633
559.3702162526695,949.8091757934155,72.56434900888102,127.96491578899571
562.8339829330187,944.267985502248,72.515394787892,127.94821151720465
564.1199453669583,944.5249212659829,72.50427357182245,127.95947765262252
551.0595278051871,952.5722491208759,72.3554591897495,127.64342454293423
549.5405001231417,947.8640731882464,72.34850923233783,127.63199434947757
496.4053588118813,945.0557258885246,71.40210179138207,128.04130483942401
508.38732845720773,945.3536102999442,71.1681067298551,128.16323131239542
508.1243056713757,941.588050863193,71.16029364463596,128.15945142796332
521.5961391832756,952.7707657732769,71.07196376378064,127.93140602246835
520.8263689999017,945.2184755500982,71.01553040044102,128.0045419192652
532.3969456478903,951.8309617576906,70.55410656613363,128.2756441805942
533.6375092529507,946.2358584532404,70.5406493198496,128.24661060089576
538.186678955672,944.6476130307146,70.52959590989023,128.24470235994892
534.9578880873722,946.9908234487889,70.5380571249445,128.2587042876247
534.5473641987412,945.3472773283037,70.55167946284887,128.31243218495206
522.6887920420054,946.3811440062016,70.63786331184298,128.248637027246
524.6334985868153,945.1440635595152,70.62351387998365,128.23928671113083
527.7603887882358,936.3565210688488,70.63099446347087,128.23134480647713
530.6321896554288,953.1495887169555,70.56054660634325,128.09244080298845
521.6038139222329,945.3509672304241,70.42826837913131,128.28209004893932
522.7938751922004,945.2298088189347,70.37018496654629,128.32448627722601
526.7111447810536,955.0486771833425,70.38716155879838,128.24039754340538
529.7000167176894,949.0359852661929,70.31131845380669,128.27474782362745
530.3981327581412,943.0548385461412,68.39321540217719,130.30555131927275
541.3030427844529,946.2275608515677,68.2866023655449,130.33675799549877
516.9810465346087,949.0748565797576,67.83702415600482,130.4782890519363
515.3767869003054,939.3112995556476,67.75476931763194,130.570117531919
529.2899770230464,938.1029186002563,67.66737604114434,130.6362048134901
530.8070742630692,951.0283336048693,67.36591290341428,129.93078343463523
520.2278887112816,950.7093515254764,67.114249827302,130.05701346542276
507.60963255664524,951.0939765814591,67.19751811802003,130.00140195714465
493.4125569219827,944.305719082763,67.08849746656878,129.89309105732013
494.83933815036175,943.836490454566,67.08712192806934,129.8885046645172
491.24462180699055,939.2595728447518,67.01685574701386,129.9459625114041
496.5712836763232,945.4676658315403,66.97419923704724,129.9326943997656
508.44087725250034,946.8391948671913,66.94233706638246,129.94744811320797
509.9838836146719,951.9679192042963,66.82309069946125,129.77782330679568
509.93885785024315,947.9810617650545,66.85940015484239,129.73896971146343
509.430502364016,938.1435515819531,66.7896100057758,129.95709043472178
509.67041042954656,946.6100133759827,66.81109575936583,129.9762180093823
509.7138736251961,941.9844927433868,66.80896944753167,129.999207135292
510.67619942431816,943.8422568444593,66.88934204400488,130.06298367596014
511.97358940181044,953.6773312839366,66.8727440710608,129.9197741890952
511.2309023857227,948.1537993654966,66.85976521798999,129.91107192032345
547.6641361583504,956.9572682513646,66.97117242859395,128.79464890383662
537.4622402821267,941.4068568510628,63.90652507886861,131.24844754977696
538.2886000994208,940.3123482778657,63.84905724291011,131.37500188946953
524.1549553587265,930.4250400404153,63.96472013738459,131.9155771503811
537.3389328549097,941.1922997079967,63.99757729406622,131.88069923367541
522.8480890158166,944.5557266773425,63.82470106844369,132.04769180682456
522.9770877155644,942.0906803863945,63.750538102503675,132.0680897170895
531.8435628118709,942.4889192732232,63.65203119297167,132.06599815148957
518.9931144521794,947.948264165742,63.65346502172965,131.95733453527524
509.0580885892367,947.716485023022,63.60951528277137,132.36030610001038
522.5923175238053,943.75301469275,63.76067334991364,132.15813070220486
536.141296923532,940.2687119946099,63.729624340499136,132.03974574203957
522.8716738386942,946.2106365287863,63.507649578167864,131.96000624705113
548.997084091956,947.5197245449519,63.5265090948375,131.9994265644358
