860.5,349.5,39,101
858.711390205479,350.3849243882904,39.475313527869595,99.68192260193638
859.3331304160274,351.77993648435597,39.15595114876477,99.5409753484344
857.9245688926188,351.5029897840429,39.78222322245286,99.45856443015566
858.0874319559293,352.63560799723535,39.62180452824498,99.38499746788203
858.8212523897674,352.8419999735104,39.43634087042276,100.45936942963857
858.407861039234,352.3525673531792,39.23488086423707,100.55260638727715
859.3355792041743,353.64746545998673,39.477714950616274,100.62316216531553
859.280834216666,353.874238548925,39.68589386335651,100.15614212465684
860.2849706992309,354.23265804495696,39.629268418291915,100.88457915455032
861.0730909020004,353.1151143095319,38.95208665275612,101.31567161216344
860.8035142610715,352.3611379540398,38.738147347619744,101.28340608908542
861.1603963981775,348.6794097176175,39.52592099245253,100.20113807462545
862.4982840101734,351.1783252292298,39.75441451006821,99.63257398102722
863.4372623678441,349.63086176856325,39.1328202329287,100.0265755521712
863.68153743416,349.9539912947664,38.69822571858919,99.76029798775421
863.8643748375098,349.48086912251387,38.43383497624193,98.42977603205797
864.8392510800293,351.27379102669164,37.37371930579737,98.28115851917356
865.3856882833542,350.54582964324294,37.08707568261012,98.66605317270576
865.4457272088678,351.7084317834457,37.3057589526174,97.74727651414176
865.666455035101,351.7728804508877,36.761728169390466,97.37026487650323
867.033109363386,351.66156081186955,36.503975171160825,96.63018054175421
869.0575157875719,351.8221604501643,36.13690093782497,97.37626251135009
867.440385361706,352.18799004313337,36.846585602422934,98.05520196108549
867.273716739826,354.48743389351034,37.185661763921175,97.64965599235667
866.7014779475683,350.7886366711298,37.52914268725047,96.85582606730576
866.3659588360216,353.0678973496929,38.20751216616719,96.69033296945688
866.8303621377577,353.3725399581333,39.09817978297095,96.89197484560515
865.1842995264176,354.00403499744596,39.97206040535511,97.02457304575017
864.3457036395617,352.68368103578433,39.72985053340635,97.96765533201902
865.7426956859852,345.11281670987955,39.882798994804396,95.81292097113332
867.3283662093448,348.2777887061787,39.2054018777574,95.94797617744858
867.2545215972519,347.8519799027212,38.536379556952575,97.07968694761539
867.1355706939307,351.18353860030743,38.26737920533466,96.4086311674332
867.1547750573234,349.7196368970163,38.21128932692079,98.1242408465222
866.7736560215244,350.76684862708174,37.97283467333737,98.28659920287384
866.1574275937671,351.78850818411354,38.069366474301646,97.65157536259109
865.798537819623,351.91096823334595,38.09283345011057,97.0898533286919
866.6140421280502,351.28598150311285,38.15349489341403,97.10991271998242
865.103045637842,348.4044814717673,38.06997668532341,95.76112450981583
865.3539346680916,348.08116559818995,37.4278734510885,95.68514554491917
864.9326516883245,352.3774249397876,38.035170892294076,95.7778723756399
865.225947039229,350.7520377942194,37.95294873411,96.64391847349317
865.6150084596763,351.825211988844,37.22753013806735,97.48765878549221
866.0697676241228,350.3503609496788,37.640033889595735,96.40612993730886
866.2756562912609,351.62860550884363,37.347799452067214,96.9877500261325
865.7291804925524,350.69488315830824,37.12851879354875,96.55467383029169
866.2194248098066,353.08381238758164,37.204380867047966,95.81522508167527
865.6657669216861,351.42903872493133,36.794870132859515,94.42793355123248
866.9459273904439,351.59392791137316,36.236521155411786,92.49324921540484
867.3194162209087,350.9717001773901,36.165727910299495,91.44937651259457
867.2929478020087,350.9666425049419,35.858516437438126,89.92659545799307
867.3066129850577,352.66071786642203,36.10122130841408,89.32510802887117
868.1224038140653,352.3426550811118,36.10554896932281,88.9021680191237
867.490351319576,351.2317836428075,36.61863769910799,88.08034657612168
867.8550705232801,353.18749487527054,36.706345354550656,87.84924508936018
867.527779414118,353.48406448432416,37.30732569324842,87.06013670688147
867.9820842298626,352.1844969702678,37.53446850125816,86.32235719565712
867.4656898201624,353.1372937309152,37.548037326113366,87.40550244961561
867.9785476122108,355.56714016699266,37.49073133989036,88.33359844541104
865.9674673391828,353.77590525376536,37.46412098140531,88.71083708213789
866.9469863389116,355.7455603241396,38.11061181342966,90.1240454998916
864.2385368658378,354.71004575188215,38.88814365600075,91.40238013537716
866.2484996999357,355.6071662612876,39.44276480176983,93.55501993397957
865.3357152120274,355.1530925395478,40.15514086166986,93.5604099116198
863.4665102868898,356.7490270738617,40.51891668446379,93.32170208261593
864.0868036674979,358.1411111837098,40.730102970694944,93.1288333967638
864.9539524889713,354.5858295550922,40.70622879729178,93.47030361734744
863.4509731559907,357.1129795644549,40.70211785456447,92.78622902815684
862.313910013767,356.1670131480057,40.735438989933634,92.63990760003838
861.3246495095925,354.4958826189107,40.57256729045779,92.88294313714084
863.5982366313716,360.50400633570985,40.91607145266124,94.69023829845216
863.1406411131065,357.7066262720722,40.72521986567158,96.22170687604492
864.142628819089,358.8065425366423,40.56511843136755,98.08169976728429
864.9874500902091,356.51694669114687,40.3373799380473,99.09051911521182
862.9739596477202,355.31950275973,40.08632852016861,100.51815984955883
862.4235698044658,355.89161136169145,40.12418572895517,100.42319825514832
861.2343489760249,358.1702392682872,39.34601212857398,100.86387249185304
861.7304038820532,357.91187368371783,39.43716785950129,100.95225219910446
862.2033219276661,358.5113842890958,39.624240112544136,101.85839670833442
862.599218645986,356.21701250111954,39.37908838332484,103.21603304933215
863.7000228750505,357.76676053172787,40.25612563137252,105.15016449818637
863.3673170600471,355.26320409940445,39.92411653317282,106.89893509675039
863.989450057137,358.4138966116932,40.62156470658787,108.870475449065
863.9286090645617,358.38790308440053,40.66419089815517,112.06693724844703
862.2030419089184,357.1084001596316,42.01528405839481,112.39858118048909
861.8703145320393,358.307923207244,41.979627495472265,114.15515422970407
862.627016485011,357.3624004020103,41.72380887662273,115.29824696169632
861.6752890004203,356.28646665933877,41.81218928277776,115.4401514114559
861.96548533668,358.1037068050336,41.50505380620805,117.3523539546915
861.8141333884496,356.954531898944,41.222406473954734,118.19459829621323
861.9498466873296,355.31303058908566,40.90309199211452,117.15429149439069
862.542147208994,356.2226452014379,40.42891406070121,117.6678226037011
862.0993059505284,357.9540966429662,39.97245578383196,118.0796824941583
859.8642428074314,358.2516986049978,40.22274011293371,118.52573905097586
858.895822401532,360.5233791255817,40.7560167100262,119.20221043015712
858.7816397421014,357.1713175777684,40.189328844854714,119.44374140084484
857.6927652709027,359.32673167199175,40.024021108480376,119.1669107481037
858.0202176715388,358.74185223600875,40.0876380214186,117.89702075341619
857.437697083668,357.7515855396342,39.73622461971428,119.04296931397374
857.1081442383557,359.13290313584605,40.47140885191562,116.90347463544711
855.247861452774,358.6312209380591,40.31908418908547,117.9612954624397
854.822138661393,358.74419691987595,41.523105282587835,116.59098975143812
852.4685094815925,357.1158979222815,41.551010405036735,117.19723574543681
851.1653969989967,355.47294144294744,41.149392114231745,118.45505536609227
849.6802408001311,357.4226217707352,42.26729634126286,118.5418745391605
850.2625430412261,352.7373160396646,41.54126021272576,119.95079939012616
849.5438833808888,356.2608964320488,40.68521286279184,120.82351661133923
849.7633081331297,352.9007687655676,39.90186731677356,119.50752850558096
845.1286158574082,354.73521818951656,39.854220007864996,119.66086381143057
847.4706223292416,356.37404715056476,39.195338289784246,121.2449989305634
847.9400090305035,354.95357639314,39.204526515697516,121.06527837609224
846.4105721288572,354.26962094964455,39.03585005081682,121.75364773485816
845.9598041174745,353.15312166619157,38.72119668912193,121.79371274234641
845.2939020003662,354.2286208994132,38.13524162406031,122.40299345452249
844.9997328976642,352.19378638594395,38.27482432676325,125.06139841953323
845.0097717519076,355.1321708133701,37.44829321146577,126.56184065858346
846.0185763815389,355.85285243441473,36.81188641153852,128.1093652033595
845.7961396274724,355.21415587721077,36.45949367478335,128.019482960521
845.4167829424349,356.52848543728976,36.44697056557587,128.74468231127975
844.5092083428788,358.12699087788826,36.53547834813855,130.67180358645493
843.2423673727703,359.24635968342926,36.621241158029875,131.93979486293082
840.5027604795347,357.89855492073013,37.07564749134569,131.2163877886739
839.7867495335888,353.11132010510823,37.65513419503931,130.96710787768146
838.6933030483966,353.24396469094296,37.67293474866051,131.88372969768065
838.6228241570178,356.4290944690634,37.965908783697444,133.95114657118836
837.5483932390881,356.775776356928,37.953421799824156,133.38377649429447
837.214981046544,354.03702256965954,37.9284482131868,134.97685342193506
837.1325228413249,357.10015457296623,39.72517791136005,134.72398438144717
835.9250497114773,360.65537747737926,40.36449822691774,135.72112638695216
834.4587817679346,358.84790366997765,41.03072008430951,134.95063651319953
834.0144156025049,360.9402186686816,42.17019067829915,132.95443157987847
831.4332686820151,358.88938466469796,42.47288492897728,135.53961353914738
831.180617406187,361.5556359055019,42.6105120570113,135.7119094698625
830.856469272649,359.6515844438891,42.62150437568484,134.79556991109342
831.2185355752785,361.0062152643077,42.4928257480107,134.48514130667897
829.8673748191148,360.4700915953788,42.41774247518166,136.77449629815467
829.3468846955724,360.5770102592163,43.177146237824935,137.16044727862322
828.2076352622253,360.55946128413996,44.38787760364187,135.80030718689824
827.400729392398,363.08817636352734,44.60709515079129,136.73815729393155
827.4274504513371,360.83071143127626,45.19528934492098,135.7180801584642
827.0907920036866,363.4124071614242,45.06174060768818,136.59967542302184
825.2793076155003,362.5409024431468,45.55300266943046,135.63160144740613
826.0122711293216,362.5057747701894,45.56455998722404,135.76754295215693
824.9317385858797,366.3406808557363,45.35978082438254,136.62675871990592
826.7043733412393,363.1330757093517,45.11109711192701,135.0080554003093
825.8855353500757,364.30465546452206,45.05569958313052,135.78502023002605
824.4292293421814,365.19172062732207,45.25647144617836,137.08417214624723
824.5231341486499,362.2740928727254,44.866616914108455,136.97942139933713
824.7158041475257,362.04908822038226,44.913654463382535,137.85553155412862
824.5395091517106,365.88579470016055,45.210833641472426,137.01203268758974
823.7302491347659,364.5729205656775,45.89231918763734,136.15720014982355
822.5869021232878,367.7590248395858,45.774329620658456,138.8813231983816
822.1759075471373,368.9141511689766,46.71935864441369,137.72148357594628
820.0314514267542,367.74529094879347,46.5224658505425,138.02095714627166
820.788203561227,367.753635446624,46.22834076822707,138.9276405981013
820.1413234437799,369.32741955590586,46.02356739659198,138.65483086151704
819.2651960620153,371.3098493058299,45.64132451760411,139.38441601804095
819.4087291376117,372.2041707593155,45.80568478304689,140.47688616343794
819.1202075880626,375.77147230676303,45.94132049965668,141.4306247814945
818.9508651045943,369.1256988146931,45.67756528819903,143.0126762212008
818.977966514099,373.2771504624049,45.7341136510306,145.70917592565516
818.6470118156285,368.450889087935,45.23293687205295,147.57871918622206
817.2171142651969,370.84689785183485,45.25477363703973,149.29018781488605
817.2430572939013,372.1760251959346,45.239985611121995,148.9327704050527
814.6446043190933,367.6274445980463,45.49262762564879,147.95276695086585
813.5083624098711,369.889139858513,45.30461859474318,149.42508060397427
813.9045525836971,369.61297537016867,44.96147809713552,148.05359587998686
812.968928093404,372.40625590795366,45.222979310273274,145.77017306048987
812.4401392839524,371.77091503324743,45.294381868904246,144.27005064310862
812.4694535048295,372.96949899413704,45.237082375802416,144.86099374046387
812.6328521335782,371.4839792907335,45.546680691921,144.33322714751506
811.7825192034366,372.2740869641216,45.75930634338772,145.58801469990888
811.0921657208554,371.439000431147,45.2887441826116,147.74792545535306
810.4605708664599,371.1309059408344,45.262956506835465,148.26128949470075
809.8831349102232,368.2787401411525,46.32010100881359,144.91806898529995
809.2836903895227,373.58910683545247,46.83172584618943,144.10252949776202
808.74066478096,376.1380799039558,47.45231568998573,144.72224283417455
808.7005580985135,376.5299451323898,48.19711094975317,145.08286600546506
808.1798907690021,374.824471342763,48.416891424816065,145.37599689808854
806.2768342882314,375.3719815519034,49.03391747229499,143.6663188989552
806.8221025959637,375.27711058245757,49.1852523330037,144.17827675257305
807.2536783001194,376.88580938715563,49.34790818615924,144.6976662239417
807.9451292010174,374.8628864301594,48.42177024792692,145.5744671664682
807.2442803401798,376.2440091285664,49.53948956698731,144.8786184829109
805.762666811496,376.15626518722013,50.06787022314025,145.60890568391704
805.3379838956048,378.1143428690992,50.728277767683615,143.92050682040318
805.0482444773912,376.06672526582093,50.76249420777518,141.37175961652872
804.8954006153316,375.5424421780167,50.80285865060629,138.9888227346573
804.9941293455079,380.8305406907282,50.61491331949367,138.38171044891942
805.5617908903373,378.7623238676534,50.152424864615654,137.99471088660349
806.1434929495263,384.7941360727594,50.16471032429403,136.74052232081283
805.7147442299065,380.637557820095,49.439489987235014,137.58350117568995
805.1128628824384,381.62708055972723,49.16310102888122,136.7890660632467
805.4057402002809,388.27363407000433,49.019728281824406,137.06725764193573
804.6580278999185,383.56215724235165,48.44065923592759,138.14032821771235
804.142864343454,381.8700563705388,48.22631476568087,138.85906746744155
803.7306373869137,380.4877597731462,48.27961218891228,140.42788658385751
803.879551983266,383.2470657090077,48.89581235602542,141.22815670065995
803.1870137549435,383.6657131037969,49.00613917602017,143.96096364905762
802.9017622654126,381.08347424568973,49.082949518592244,146.07941632750644
803.1207446014928,382.09576081654905,49.419640188533734,145.711386798268
802.5332697623128,386.1718200879138,49.715195156829964,144.01151253730734
802.8180587684022,383.0728611221685,49.884561198300844,143.9716203339102
802.0147324663433,385.24843790341754,51.13343066366677,143.58283120660803
802.0546291145844,384.22732060034195,50.672893833811784,146.1954381558226
802.4177820613128,385.5365883170409,51.28598072161257,144.41400054604452
802.3808803704534,385.60906003262653,51.66644374221304,144.51996918514766
802.2173824947029,386.64576262016755,51.995531190432644,143.5560997041879
808.0221401743873,382.6167062564423,51.986970840524194,144.4046315333535
805.0917337791882,385.5188857804883,53.16962439401465,144.43897659445332
804.4194798916167,387.56881581645035,53.40909376469294,146.83824343369255
804.0164012844895,386.5788678245953,53.52666939306321,148.14766625904315
803.1939376144825,384.68204980615604,53.905191865904854,150.74623500943028
803.3375487236808,384.2708577062149,54.442468718152725,152.63434358217643
803.1728860444775,382.0561465054743,55.468005653020924,151.42049835212674
802.9595381748111,383.29961384881796,56.095727876724055,151.85083456425843
802.8008198673467,382.8644266452287,57.22384422540604,152.0380665478072
803.1124481078284,383.59561969408304,57.07914548012417,154.14544935573815
802.6754238293368,381.6099972210221,57.234831407693875,153.24387440134734
803.0220887063349,382.14966203434295,57.445724738147526,152.6495795087163
803.4472087723212,383.261776048517,56.61423712335345,153.3070064581667
803.5341735644108,383.4571900207047,56.4008888194653,153.2932692957185
802.6557360572028,383.8918196275811,56.216214413524554,152.78648467250548
803.1907374582519,384.16623584718826,55.77680455366425,152.06223914628083
802.8493123059926,384.44926508469774,55.45861308820142,152.5928681073657
802.7305006946051,388.4693968433862,55.24389976121767,152.50429287963107
802.1940671930009,390.5395122226372,55.25704541375602,152.3520048167468
801.6424787976082,389.0632341024285,55.006174071644985,151.82144586093614
800.7313944687957,389.6485348379583,54.9056135947105,151.87682538696208
801.4490081160284,387.26541158328706,53.56528525427904,152.58555007623627
802.5278900852862,386.6730436894505,52.33365071649336,153.3436198425624
803.424221582304,386.89213154140873,51.4341935439719,155.2951180869338
803.8879734415005,386.61296285600275,50.72423065595256,156.14783960944294
804.4447992808199,387.35163498837994,50.50158204957573,158.1365268960497
804.5316746545249,386.4629427059745,50.379178334355224,159.09505015514685
804.7301463707065,384.99646904638706,51.24053294142824,157.60772893870774
804.7451888098241,387.4493101434158,50.964434749661145,156.27892624599298
803.8260377283458,385.54072567507785,51.52719584549443,154.35361013628224
803.933285068376,382.93637830823286,51.65680775022132,151.31917990811917
803.9554591833283,388.3071938343316,51.867028633571195,149.98484980501837
804.9837765573427,385.11510554837304,51.97319300549177,146.76479072782664
804.9350760325242,390.84371014008883,52.25381366677346,145.77811205434372
805.1631906699074,384.3691691611687,52.23283378022496,143.3163072476576
806.4571399435898,383.52727484920604,51.93760286019484,141.9074192320261
807.0506335621934,385.0811270827442,51.33560987948411,139.94342513978185
806.8746471973095,386.36595092700287,50.81284379680532,138.4623935840008
807.5483207475288,387.22012743897585,50.69138065709058,136.65165239416365
809.2623059629512,388.0117970379453,50.38064564838014,135.46381308130697
810.3610423500621,389.16886878936253,50.04373424500806,135.12479012290612
810.9258456028685,389.20818334639654,50.22425928923032,134.19620974159568
810.7207052720659,391.29276127372333,50.09146772717242,134.8752990308325
811.3252765158079,392.42908328572145,49.74965257218503,136.24424941677887
812.1187703861015,393.7045218502444,49.1074236640524,136.7725932979411
812.0191422659996,390.67537515677725,49.23126673677952,135.54031022689804
812.0391103536542,390.54576275263634,49.32080679578708,134.96541750340347
811.872222158614,394.6574038276843,49.4601358472864,133.49086696646683
812.7108320541939,396.70853571867326,49.07705341479218,133.01328751829004
813.0998054818965,396.8448034334492,49.11418416225027,132.95026999981474
813.0262766056554,399.32985827000465,49.796233536703475,133.5841489741648
812.0153830347467,399.9378769671449,49.92084834671085,133.64668974207757
813.7150288411397,403.1988524218471,50.17774212249014,134.47343792553818
813.4930003797786,405.9360461545325,50.50186812967786,135.79629071743062
813.0981480770155,406.5858187376658,51.01289422859128,136.58696385675165
811.5838750263883,409.14502821730105,51.28550895243466,138.61166423265587
812.9960785676925,409.0331742517701,51.57930360246167,139.00388967878098
812.2322759283753,409.8208899562341,51.55979105177341,139.20123523117954
811.9537621898012,409.6505682064293,51.52356211498504,140.08247086478806
814.692844489041,412.0770819421483,51.633255239741445,140.4266694408659
814.5884777762255,412.81083574201676,51.36336318901215,139.54549231455204
814.9197539882375,416.3754789257904,51.00374964352432,139.97192866047527
815.6121766436069,418.35800029906557,50.851010780005446,139.11736932189913
814.6267235384455,422.7222152971126,51.31458955292746,139.3737787651972
815.1928216740754,421.46332406823615,52.078783123701015,138.94968624202352
814.8585057818597,425.2641103821619,52.323129675111666,138.28734071835908
815.5485967261453,424.60552583183676,52.64130620309772,137.8566139821791
817.3241969842124,428.1296961822045,53.03654852944699,138.430061306346
816.623948200764,433.1187627087877,53.30486790897355,139.42423641205414
817.4908411639104,433.9399741657172,53.232022033759506,139.62131821697565
818.9224734384056,436.2517183748714,52.90017771563455,140.6158579625772
818.3292580738944,440.34114107096894,52.73244372507535,141.07990826892947
820.2338675183859,442.0504150454972,52.951522737245924,141.71925454976196
821.7114459973059,443.5652825140639,52.72604989386217,141.70953294499546
822.8274382095387,443.78463271827474,52.690774863851445,141.91927593743358
823.2420943154502,447.7379863297142,52.62190681630454,142.2312500500039
823.5285190252492,450.9534224516739,52.231923627313456,142.1243323882989
825.4432427939108,451.3286852882534,52.06392099241035,142.75507390511933
825.6494998552414,453.9171410648445,51.85760080860062,143.80047384867174
827.773708686419,455.7351000838478,51.45847208667517,144.83418919918455
828.2748609096186,455.4652778139529,51.81207949120506,145.54522500257838
830.0857012569107,459.5355426234158,51.994502647939214,146.32228647862334
829.2424248839866,460.6449632827571,52.32473906573897,146.67973934367177
832.5288335578172,463.67291361067424,52.38369900460727,146.95969798654357
832.6171692804378,467.41884060804557,52.48512343057604,148.24443147806804
832.2623109297723,468.5987360042242,52.62989890447108,148.31771182218543
833.7119222286476,473.1502999594533,52.42745984935348,149.44774011595075
833.5797618817774,474.36676101022874,52.13495162702115,150.57909637858145
835.2621440784094,478.69856775739754,52.0134416568986,151.9318174179353
836.4873696785609,480.7097706968036,51.849527865424406,153.90231429486045
836.8970765020074,484.83169953742555,51.844983324347126,155.4870355625911
838.6991816016093,485.9389292247083,51.80292646452919,157.16828927892226
838.0267526300947,490.8917936325032,51.77056687635422,158.9064928058617
840.007571777476,488.2823195110687,51.94890222203363,158.936323140253
838.268134752171,494.3194513332529,52.22635548864685,159.70516481204658
839.8334321010078,496.34454437658474,52.314219681888346,160.88139245218963
840.5125259967875,496.7254405852824,52.035952063020154,162.1066372166485
841.4747443743053,497.54962065466856,52.0695953613143,162.74521049996486
839.7354908385599,500.07424974461406,52.29850130708767,163.21094837186214
841.4524381576265,496.67168536679196,52.30067329645701,164.61259182934958
842.034678700408,497.51938341594416,52.594928034525424,164.95157616698884
843.2102402232238,497.580960033132,52.92861824992597,165.59472659109863
842.5431901795056,500.5373364047558,53.10201026756086,166.22813883732238
843.4981487270577,498.8109687338671,53.003171840097465,167.03327758142828
845.218257010385,500.23183264135986,53.02141608124326,167.79934548177482
845.6235294418657,501.43808762714764,53.21665894849856,167.8639184779575
846.5039054564984,503.9431906028028,53.2309928452891,168.14904114374303
846.480290590307,504.4887945991121,53.36123386959298,169.09373040606826
845.9052355797792,506.83562683922946,53.58265166900729,170.15017845940295
847.5334011914898,508.00645552815604,54.00644854311998,171.60947208557815
848.8398805792922,505.5719296998629,54.214393068754404,171.68496562143682
850.9635392337692,508.3647542431724,53.892293626697786,172.9171780918247
852.0998863390877,511.17828854443434,53.68323238114877,174.07050499711332
853.3493803173576,511.86558381989846,53.996612579134805,174.69616216308873
853.4882032476102,511.9791516418183,54.35221743197793,174.95683772702037
856.1411381388853,511.0246395099243,54.78513100895554,176.00538078820588
857.4084405710146,514.7950566965802,53.48707957525402,179.87364027170568
859.064454364305,513.1677694030225,53.198786558222814,181.19211819057762
860.5905179774679,512.8462090788232,53.17369432983695,181.61940210539663
861.2380042655011,512.244861958163,53.1031959454363,182.40643677006247
863.3892151007892,511.35559968959393,53.26361435512136,183.47771255985197
864.2530196650171,514.182629354043,52.8867853560982,185.8423643210418
866.9760340215239,515.9158299766598,52.542820298937734,189.2908524114405
867.2048741681986,519.7252751717843,52.192586825132295,192.81305432160642
870.2429698435267,523.8483913675863,51.66717100243023,196.86040389258798
871.33949416914,524.5296524882051,51.627936666999474,199.7979900841201
873.0695897797654,526.1196451765865,51.52373680927407,202.7353791275235
873.9768361532664,528.4897973337665,51.69318788227189,205.69745165566198
873.3330915374726,528.0465763531827,52.68568129929756,207.4103394943819
874.2666709573581,527.1267235411608,52.521782285233115,210.78505283365067
875.0554137394404,525.9017778670725,52.86526167735191,213.38860644617455
875.1820706712394,527.2652435818303,53.44681451631057,216.10819963671506
875.8869801286295,527.1165807872544,54.12205262171775,218.31749309943996
876.0426830630722,526.9140191443005,54.587559144018144,221.16410727394344
875.4732266352377,522.5802003033984,55.182512620491124,222.03226928588674
874.7372940384456,522.8014908806394,55.95007985427062,223.95215995032856
872.1343552550143,520.9649101490814,57.703040083715706,223.66306307451651
872.9416784416154,519.8021152665722,58.312043450732475,223.85507334696607
872.4429698493814,517.0615653986545,59.46684978427047,224.93903687140613
873.0558554104932,514.7714543999447,60.642112778791606,224.83987463725833
872.6255341378659,517.6579129855453,60.66414693991395,226.38204573815193
872.2294906254075,512.9898865218324,61.5591920330823,227.0724268210953
873.2371347055349,508.37691864401074,61.54331068740264,227.88013061262717
873.2756960702585,506.9816624559097,61.18556717438819,229.08375741734955
874.9678149659999,506.2321592977429,60.78150630856445,231.699913325129
876.2894586129361,504.4515574286444,61.214534417676774,232.21958979205527
876.3369581888703,504.8172602808363,62.111651180629956,231.44128308514524
877.3847006479473,503.2985653358646,62.39488320812417,230.48393296578064
877.6945441823178,500.0438420510578,62.486526016759626,227.22919553728633
879.3513290667662,505.062067348984,62.25194074684046,226.37625190707126
879.7398425668463,499.8484196002263,62.93379512485429,222.38278629618827
880.8369088547522,503.1036179348414,63.016188523315954,220.6389592413684
881.5019695204807,501.94098821183815,61.912804244061306,219.55428965028082
881.9679804910278,501.11546888860323,61.26346591388327,218.41834981355052
882.0110853593891,499.89960592914616,61.20565752590061,216.10984946369635
882.4110560403038,500.0127421152088,60.82856519337355,214.05593226658937
883.2428826676608,497.8574674126554,60.75995988940451,211.140889058476
884.7053041625101,497.9664933605142,60.42211726973145,209.19206800534866
884.161488299428,496.2959204911825,60.16861695110343,206.8460112903988
884.8171234738722,498.6146910594034,59.23461721135524,205.78171401038705
885.2209938696701,498.21813596964273,58.72481086251815,204.16024265266168
886.0304716706692,497.49140437833677,57.9958067876387,203.0213749026565
886.4051730659064,498.0136764347823,57.443188985209915,201.8490752968397
886.4584189041453,499.85864414235266,56.94673323483562,200.45039702471968
886.9467800390763,500.4061319589632,56.760363011463305,198.46042725182724
887.401481256503,501.9494540225729,55.86355983249966,198.03209306113126
887.8012467554121,498.83751010911107,55.757408475260675,196.3385137707454
887.9487701364658,502.15163458877197,54.80626501629969,195.79486669054347
888.6793218397082,500.38380585228253,54.80364959733309,194.69230671433405
887.780840181685,500.21936482550444,54.783621941814395,193.2366336903375
886.9148220786827,501.1981871492479,54.52693308163392,192.26590713462463
885.9134899533124,501.09463368285924,54.54983239402013,191.96724141716004
885.9718124640169,500.76606797110554,54.83876270763676,191.32326865270204
885.0152230853826,496.5976993538835,55.35185291624514,189.2722085314943
886.2419144358598,497.8231006170974,54.90970545241237,189.35910260502678
884.261579233265,496.0402346888076,55.30658052946151,187.8465168193945
884.4634676640383,495.94830916213084,55.23364482177527,188.25192495349364
885.5172137405965,498.3683392928856,55.081824813548664,189.2577213585492
884.5241810313265,498.8582611255927,55.58941048908477,187.85151356931362
885.4091277084061,499.612149874592,55.8542125218121,187.63774945231938
884.2319703090305,497.81175173963055,55.90698336952866,187.1368783180675
885.3257917655739,498.8377801947052,55.27567817063739,187.58196753752634
885.217835514349,498.18452151111165,54.88864367639832,187.38942177052
884.2471592358563,498.81262942635044,54.91846669236784,186.69411294630623
885.1387607088037,496.7415357765163,54.57764608213591,186.49977718994424
885.1703005217043,494.5755814470791,54.13016084338923,185.6510012823207
886.1969616501476,495.2947581087256,53.441997859650144,185.4942582095008
886.2631025599408,496.32048005627234,53.22342979328724,184.8672357440414
886.4244755461117,496.6462582352862,52.98252372513454,184.08899695550795
886.4512636860483,496.4941218470957,52.99432678173771,183.04490645159268
886.1349107856338,493.8173622753429,52.965667609975306,181.60349942856385
886.0087729381394,494.65390896219867,52.42432093042962,181.26069792210836
885.7722586378511,494.1568091432112,52.1767263358348,180.4751779689426
885.6291602216926,493.35724019005823,52.26115466555861,178.2465415889784
885.2452318172506,492.44089833459833,51.958333717179606,176.63307785803417
885.5056241029679,493.4253763973402,51.74602440171121,175.48635666115848
885.3249716929205,493.03103328799773,51.3053151093334,175.03184615399803
885.9588406999861,492.4199566547826,50.591704967192406,175.39240140559676
885.9638073989183,488.1436187786642,50.47553416527938,174.35484144768958
885.2357026132509,490.8611075174231,50.63296711002745,173.5275204490536
884.9015505310128,492.36053518220535,50.20717926305179,172.93135910638165
884.4400164419651,490.1521682934417,50.13803413233605,171.63501676925446
884.9150603908637,492.799965350899,49.629343782260804,171.24754662437155
885.2699323555003,491.27086975965716,49.08988346857669,170.33025963455307
883.5767283430885,491.91063979087704,49.27852638147709,168.50813855032754
884.7091842738538,492.76715470234194,48.96071611296399,167.84544461149196
884.4588974405276,492.12504406345323,48.66664578147039,167.4299567122522
884.4338440851591,492.375004977679,48.645693146008504,166.44774533111206
882.5558863923414,491.38021331765475,48.943907087017834,165.24134309551178
883.0726670364149,491.97320735742886,48.66467261924446,164.85614782926461
882.9493389728397,491.4553321270224,48.52700175197584,164.9843918837703
882.6451195085289,492.62366641084037,48.64006057700939,163.3443760861768
883.1794807472522,491.5593210358114,48.956697625243116,162.21188953482786
883.4629482691003,489.2600086706165,49.15757781382389,160.99430161110385
883.1062580116916,487.65087484724967,49.08078366557436,159.81073143206245
883.2573999455625,486.46244738145253,49.2106015839693,159.21560269246834
884.5221349064564,486.38447296378024,49.45422703152061,158.80337263567728
882.1163606519702,486.5484966388485,49.39386925997512,157.55722695504303
884.0283495881943,484.9376569845622,49.020487243240005,157.3669706957599
883.2334849567065,483.84860525024345,49.10601664373535,156.5292841787406
883.4413114084838,482.9904249898793,49.17664197609318,155.61339295996694
884.2979754310654,479.582158221958,49.563772314490144,154.3283639958094
883.6607819138625,480.8309103647081,49.45109691851417,152.9397180572484
883.768384688235,476.85481394266054,49.45933173377236,152.2543462422249
884.4403898917132,473.0036443718746,49.47504715975517,151.82844861316684
883.6946128650476,476.1170521980431,49.18212028371169,152.2065371356345
883.4784640687661,471.39345660005523,49.54860627946368,150.80150207428608
883.3151690729575,468.59161273893415,49.46846979155062,150.63577203377187
884.008277556481,468.11841266320766,49.43380805273701,149.19718292359767
884.1675080652054,465.7394731346161,49.410634465574496,148.5589957919685
884.4388794359154,462.4180792634198,49.39306216959666,147.5502556527387
885.5082508303971,464.098611437391,48.58443612944331,147.69170304452717
884.4520896948126,467.1422817515547,48.48996032398254,145.8074211358349
883.4581566508765,463.8459226187318,48.53700965179158,144.40210587792112
884.0396065569188,459.7309372334296,48.356392359047504,143.30085029964863
882.8849128559953,462.2721963167388,47.66347043853729,142.34460004303384
883.4113714448337,459.9871538737871,47.45764344554917,142.19581524281045
883.0331309975354,459.2041169121466,47.34360041054963,141.50396913931232
882.7329130813446,456.92548274785156,46.9992988681488,140.66821445383374
882.9577861583737,458.52271544617736,47.159837996225534,139.40087474954976
880.4660106468478,457.41212280741763,47.38085535457381,137.84248634809882
881.4244859600935,452.50641776557444,47.16105293193227,137.50767908559385
881.4536987342902,451.9707207880058,47.15260673127454,136.9003129890039
881.1108990209364,450.1235235361377,47.24899475365866,135.97094107046826
881.217738420924,446.8135175057774,47.45066710610363,134.92547442482908
879.8064392130327,446.1988012149205,47.668167274357884,134.12474586419364
879.82776578842,446.28116748689877,46.95386335625701,134.75521450260248
879.0971984364228,445.2474266495133,47.63489509203545,133.06081291855384
879.2984836524129,445.15937761470667,48.22364747547358,130.93693940766175
878.7153005421701,445.07995224134976,48.165973902944586,129.49836803142026
879.7451463147991,441.79982380344643,47.855824117177576,128.8936592776492
878.8451072690953,442.3039179685091,47.4995072500891,128.16297744800647
879.1540050645718,440.7340208948315,46.976152812245076,128.44279649579818
879.2229663773844,439.9112373075752,46.458493524708864,128.23356988330812
878.3146538797957,437.3302997269631,46.45331101618609,127.49117534925027
878.3147118657379,434.03474803769006,46.17470307042481,127.12547206809793
878.8823463856431,433.51575332873057,46.258367970547965,126.26605908027808
878.3800590455867,431.19408166458675,45.8845406559559,126.85960201260013
878.6283348966933,428.8322595438031,45.38590018882724,127.45138361378658
880.2528652328607,426.02738843613145,45.344389326902096,127.48697574368072
879.4114127451498,422.576423386665,44.85073199305863,128.0492657020801
879.205859929137,420.1416299957413,44.34235336738626,128.6604215261333
879.4687406946273,418.8126366080377,43.85390602786634,129.1007879287684
880.2166590657707,418.12018003933076,44.12846897525375,129.00813172452257
880.0090746349554,412.4456950193392,44.40775870771322,129.24097188932265
878.9197708863485,406.7159420889562,44.0390386864637,128.7208863804598
877.420113575382,403.4336863592547,43.871412380891286,129.06324465306471
877.7091648959564,402.7828881224045,43.19223164669056,128.47369399007687
876.7481811269155,399.54855137313314,42.85636308133309,128.7570790593593
876.414320067462,398.5871717129784,42.89027730267241,129.31702633743242
876.9278543926266,395.0676841332791,42.49552792390755,130.8600846534167
876.4270067490213,394.37448392202265,42.46908350069184,130.57590766904642
875.8481748069433,391.67762679096194,42.527303829969576,130.72275904283163
875.9118352814651,393.4559890010179,43.1171398871897,129.36350194983763
875.0293282701178,391.4906480889257,43.128447097025706,129.80312852385413
875.5804443950551,386.66688652147576,43.349897393766675,130.35255862591714
874.5650580156399,387.37865924124014,43.005532823495464,129.6232773598961
874.3245331976478,387.04075476820526,43.01165697124614,128.86594686256834
874.2706604135258,382.4627836311758,43.31831343150002,129.4417967065125
875.0112508518877,378.4703934928147,42.57817087722492,130.08186138798933
874.1963094565954,376.5229698256944,42.20208056714738,130.4489613295754
873.1654236548959,373.85445750940835,42.31986730440391,130.72539950966342
872.1906139180365,371.83240575418415,42.27412771497418,130.23053827172927
871.9445114321716,372.32541937792143,41.89537036494586,129.66315700222867
872.4696649332327,368.7214380322809,41.481173072563244,129.76897974371113
873.550185664917,368.5575109101734,41.293297002070425,128.45523087570538
873.2743974814296,368.96222458240254,40.676073849506416,128.25611068828673
872.5428651005935,365.9359504427759,40.37689843974583,128.5373123984788
872.7953342172632,365.30789032617366,39.954290850537376,128.34931222457877
872.1678559483523,365.4796469918785,39.74291054200742,128.6460063626324
872.3881907440891,364.31458176325634,39.76980320877733,128.38213934139156
871.6508117657494,361.4793652601053,39.976310223226704,128.48796949582612
870.8486299362079,361.7191716227036,40.0837878673712,128.01667941002023
870.1476878405442,360.9455823197226,40.543256344434624,126.6137637929598
869.8872027706094,359.8890444421512,41.0797684522402,126.43404079054953
868.737140420437,356.9726774185493,40.61560639606963,128.3430194304199
867.9873232695121,360.0552063395718,40.927837734280935,128.09996962594204
868.6481845513863,355.7410863712229,40.76873380761744,129.33156115565748
868.1312595232034,356.92756599541764,41.15869145656596,127.12920625545064
867.6264897096157,354.6085905480822,41.5418738859799,126.501470161291
867.5211918512351,350.99757758996776,41.09201336256386,127.31594478891506
866.5064835166677,354.30493612378024,41.261412493628015,127.06287055881457
866.2312704333139,354.16675390086766,41.352470818853575,126.24634426519883
866.8080764629696,352.5542067298947,41.25022580399109,126.62157221691646
866.7948113561362,353.756208373545,41.69866460487523,126.01434665483553
865.8188448210738,352.9497387860617,41.4566768242461,125.1342707789141
865.332650298338,352.94884347367923,41.2515669330647,124.51363632433336
866.34519206694,354.2965154815871,41.47061806039621,123.57761900491352
866.2323588038203,356.16740296890043,41.201485985961995,123.58049558630178
864.0559367334774,354.0644206980605,41.0641515415951,123.97950717464312
863.0058106650042,354.2309255674242,41.85195505774537,123.43840590869203
863.5123436548645,356.1730212487969,41.752880946520584,124.17006880925243
863.2646907925908,354.72054945109153,41.54304470949338,124.50389428828433
862.8195633892076,351.8918354941497,41.622382257997366,124.57687148042727
863.4293926980479,351.1317806129382,41.353618472927806,125.50613881702702
863.2210537097758,352.4939632200618,41.03309612970501,126.09120134096949
863.3145716033695,347.20741502961675,41.43133539649547,126.3483196716277
863.6348164129919,346.4746252554349,41.67022624180456,125.8731544623391
864.2199222380525,346.9661647541526,41.3054638390435,126.2048908669347
864.6815618075532,344.5301710656809,40.82583104160451,126.45273321290263
865.2235787797357,342.897621740101,40.2356424408293,126.96808196515205
864.6130978867512,346.2393156383888,39.87068520423806,127.2490009999363
865.226481130922,344.9583611839461,39.50852914947504,127.56579319815873
866.298482391806,347.12058290726236,39.50762736623225,126.66907387452741
865.9465974068504,348.4344659084966,39.40144901098643,125.26841015172202
866.497183003861,350.08031972168214,39.18764691324449,123.96036632272939
865.9006911066461,348.8752078973141,38.82218048565878,124.07168173782298
867.5550473016104,350.78683500775725,38.839690515468845,122.70098698806706
866.4238582001091,350.4915352760047,38.745182570018784,122.37506531957985
866.6423813385225,351.18110890164075,38.9397810785963,121.48654046954522
865.9045373175331,350.9851041857385,38.42008693082425,123.1161516583992
864.780317430233,345.50910053550024,38.40641480318753,124.84974465223513
863.0714528917184,344.91170096700466,39.32007598242016,124.1041328175848
863.5878677577376,345.78101694614946,39.97995283531221,123.51739232925055
862.6726662012752,345.0232832388931,40.475610779551076,123.03809648864399
862.6843883690224,344.98349550571703,40.61181022822202,123.62468336857033
861.8919263326703,346.75264030914053,41.10259853966523,123.9564892531326
861.0019170740082,346.30203244440173,41.50585156741102,123.87898890718988
860.3455353706585,346.21816798097973,41.71316589364342,123.9081335927628
859.2464986027454,346.4392717961259,41.82637052154111,123.33115002586693
858.3777782065015,345.95885738268504,42.39335860006261,122.57022096395475
859.187107381543,346.0162333878719,41.93367120201348,123.10508763882649
857.1174015287872,348.8885299168558,42.972818119851155,121.53770777284475
856.2222459237977,344.94804689296154,43.137660837322265,121.63635332121316
856.0149547966864,346.83373330937815,43.4039671499344,121.42263010080669
855.7303832258679,348.6435151265604,43.35459176024918,122.51318714439029
855.5796516345695,348.81534841798987,42.629306524037816,124.90142602188894
856.8324878675635,346.02738075157055,42.303613143972115,124.9344479178379
855.6400870159472,346.92958695578216,42.93050364191295,124.34154473716734
856.5582516532266,345.1342758021427,43.31008003370544,124.05539535598496
856.1092843001924,347.37628232416034,43.45119006755186,123.36266353524678
856.0930967730269,344.3146597156225,43.01806998252224,123.52321315372029
856.2670752622498,345.87511445338885,42.848221279013075,123.65317795911713
856.3145059900885,345.66726103619794,42.88517594229134,124.2232784217385
856.597715378803,346.42910471362393,43.04086087980542,124.16629722361726
856.5264030562029,343.2527994579045,43.03153845881782,124.63629502982545
857.6446416860998,346.91888103347077,42.661302296474204,123.78829945452901
856.7090241423823,341.29119134663114,43.1432720850657,123.79947430702906
858.3649990284924,344.98499567241794,42.54099619437616,124.14617008355603
858.2142515283302,344.7949733204147,42.341426536535614,123.41968638618764
858.8568509577294,343.99029929187384,42.093649857913135,122.74344951666416
858.1133148863236,346.3889576254661,42.2406648660966,121.25877542379001
857.8660161970428,347.6538645956111,42.54673127801849,120.61504365589379
859.7661520218234,345.6745679603,41.79524221550883,121.5304245127281
859.7069073070023,346.52472325210204,41.150851379438166,122.7603800710155
859.9409043061786,346.4753566187961,41.5242661106388,123.0016653259907
859.4666811992755,343.4542526295443,42.66535249489996,122.58651208318079
859.4503954032284,347.30764132383854,43.56538362259288,121.79579514228516
859.4022552991795,346.3913681875067,43.887367606573406,122.09139499904774
859.8160921146393,347.75628197697785,43.9258680774832,122.63921300802659
860.5815963814656,346.64248425650766,43.935064426452584,123.74847117536925
860.6435897633793,346.47644414431477,44.53789294592368,124.5084525485511
860.8242357837947,345.0457234625127,44.61383378687711,125.22217381365978
860.8306439712055,343.7464408265036,44.54506540696732,125.97291558504466
860.2019760484139,346.4042283040524,44.951173194212224,125.5912805637239
859.512751273927,343.0533238534081,45.24672710662749,126.16909988295083
858.5130846055205,343.70856402119557,45.30549795679202,127.26906666804231
859.2441846438405,344.2046397167157,45.764499705294,127.36613568162703
859.3354827210464,343.9859143828291,45.73516884829496,127.3883041893565
860.5077196920912,346.0460521721477,45.4848649997419,128.95988118029942
860.7779701112287,344.93774475971225,44.983906963145145,129.55094347011317
861.2703022138526,342.1258767663421,45.26056096468446,129.82153528799978
862.1563110563998,344.87068697793575,44.920125730456675,129.77005525711593
862.7689543105018,342.5367328284102,45.1374550889135,129.52401072871334
862.893416216881,343.68171169761496,45.8171434487591,127.55009890042388
862.8959182693304,346.20756760399854,45.888263415934986,126.85945295221975
864.066515364071,346.4263069690829,45.46001008624838,127.55431024252073
865.251240105615,344.35097855005574,45.10542385580026,128.02362066410157
865.6058950062171,344.526509645201,45.327466431533715,127.84872853981017
865.7278221519465,345.75673873108707,45.036484975174645,128.92056344932155
865.7148404464406,345.13600174787234,44.69726893686685,128.82062546754696
866.1747392931983,343.6078608118295,44.70749306580379,128.75528739982857
866.815062297908,345.1248024098463,44.98708088779012,128.3910585731491
868.0579428516248,343.49208516265554,45.45267738342945,127.4977544544021
869.5619587646927,342.52430213344945,46.256068620572066,126.04296373371574
871.3440742064057,346.1623234066719,45.16128368097849,127.78551497541783
871.7934480153784,344.6081381736035,44.66921241505705,128.1742463786732
873.6942162006188,345.22804192684714,43.86305120097871,128.7171276091015
875.0990233659344,346.6301314587818,43.95551955200368,127.83908837677505
875.9603534016188,346.821849418493,44.11408971573461,126.39290712463477
875.8278147536408,350.4062435308941,44.34881754474086,126.27276821089833
875.8282209333418,351.36746753283865,44.53286683044136,126.4682897199487
877.2884086497072,353.9814943708479,44.20285394653873,126.9580295085908
878.2851618678075,354.2121418890979,44.58603670597108,126.16615349250516
878.9329473886587,358.90036152226014,44.63938481748198,126.2950328678433
878.8653827906917,356.5277611405893,44.442781084663224,127.26700808530181
879.2960887567191,363.24399923430497,44.45576577478927,128.71363937315112
879.6849641025261,364.54148917612105,44.86864706883972,127.58614670551484
879.4749807428085,365.9546460922768,45.25746793621584,128.3357713364144
880.315163026896,369.7095819184738,45.220070949789715,129.37531336505057
879.8371965347443,372.42932402836374,44.77189409846845,130.28306768592014
880.2476533126119,369.2928682631162,44.7522918568393,130.38550421031178
880.5951362611601,366.5425220416469,44.811212182582196,129.5225787562166
882.8527367228241,360.3167345959756,44.14800672739383,130.7974635459357
883.4978359624337,360.1376954308082,43.844300464761865,130.94883918197365
883.6051670711068,359.3190267904902,43.298918031379486,132.2813928799222
884.6956834944193,359.760009668568,43.189393830765916,132.4359605986889
883.973159187628,358.526255540641,43.893667336011305,132.8061592651569
886.0440988766567,355.49373653937033,43.50977188091227,135.5979152166118
886.4675221399391,350.27450275501786,43.51053123842264,138.47941695737484
887.3253315887613,343.3928999571415,43.56687557949434,139.766938387173
889.8466256167902,344.8327961522094,44.25020629327283,137.34725380038182
889.1596109313887,341.89328049777714,44.47135571069168,136.46928037139236
887.972063575921,342.67493155500006,45.349617574031726,136.03268366504295
888.9706129506283,344.99381544602016,46.434938458482435,134.82173568433322
890.3229903065071,344.4402944086373,47.25308385124765,133.6746736216782
890.4881212978537,342.780573638267,47.807310033932936,131.81951122336253
892.148129374545,343.5634686640798,48.80790392693722,129.80008726727988
893.7312062332497,344.7948516643667,48.53135740061337,128.74143730121375
895.4328407850481,343.9225959437237,48.6554201260877,127.28325146543065
896.3305238303805,345.55227220903066,48.710145135162165,126.21002492854544
897.6445422301838,344.81461215187215,48.245623664916266,125.37203608862349
899.5426946352168,347.5320939555668,48.27242752794608,124.83081885727182
900.7310180703317,353.29569102642165,48.114703034348814,123.46121748899958
901.9195904565256,354.34890641261507,47.92742766580021,121.74182613960176
904.5353394616008,354.7580029749546,46.74535430393485,120.6291962323241
904.7735640972849,357.0647776443661,47.37089370577668,118.46073432636251
904.0361899176636,354.52949019206307,47.5783278693863,118.01294384782038
903.3037923722434,356.3334004680951,47.30316884626658,116.96283060547918
900.6243160335481,359.0380375031595,48.47153304938333,114.8501654602161
892.2076796712153,357.0060841404786,49.62861253674431,114.11323037725879
890.078791380042,356.95876009404566,49.51027236646643,112.8453477618117
887.6006755479506,365.6826298484326,51.412209444467656,109.77214572099429
876.9187495902548,377.5121860900018,51.003073994136564,108.60233110467723
875.9946059191002,375.604548338624,52.28550642940985,106.68346525764039
865.0865977436629,381.4611128691002,52.196995116099856,103.9666120984824
856.052676040879,385.41969555273806,50.79638988275187,103.78336396753483
856.3056160547297,389.08479690024126,52.32476512123971,99.54474547815586
846.5247241432172,392.143629197661,52.37181849077366,97.26864363127164
835.75655361478,395.1798108123703,51.89397841056305,96.05913535943361
825.9847382866337,399.0822276754086,50.822695126425984,95.22302683782479
816.9777399037555,401.139254449286,49.95718864206044,95.44223334942674
809.3579827749697,406.65205717115197,47.57968324631166,98.53303816112694
800.5285859769796,407.025309885714,45.73457249964048,100.54582938765773
793.9521063399252,407.3276571341951,43.695868985358246,103.0832547751865
793.9376661662652,404.02876848763185,42.893979555380106,104.01609647947632
786.052690367992,406.5679029041176,41.79679705768836,104.3904066679587
785.1437001537066,409.0955397667269,41.86380831473512,103.6873019796053
784.0138483357869,412.89671873510736,41.20328561504899,103.91843775240861
783.7571470216498,411.76441108707155,40.73903020995219,103.14019325577088
778.7676870563336,398.63280623733255,44.02498654042596,98.58042779655746
786.0607125315647,392.65791971725525,45.842765164548545,96.29004180198311
783.587082334026,404.7551203223379,46.23152383919754,95.38289301796526
774.2701818556892,425.1310396709082,43.89401513400584,99.40033761550237
782.1476286053439,430.98550916675265,43.60238037798258,99.93125915848145
740.0398940141703,404.8184505977113,48.03460065896265,95.06936952166174
715.4183724291456,398.77427251590234,51.804628997469074,91.65717732254781
741.6623828514156,407.88250411905796,51.71747180039008,90.9132349444836
750.9057959456325,420.9641893369336,50.71638627357744,91.16938202582224
737.6115646711154,412.2741904419518,54.09323993589291,87.40581368419394
738.0608939736888,405.7594796807343,57.938534558742816,83.8367130203497
741.4050231135352,400.7420964562678,58.724728774624886,82.78308148954635
746.1732325053609,405.54235768263794,59.050714814276795,82.43791201074411
741.5217363792952,402.2398021469795,59.292461148134244,82.17188737039102
738.0857646754393,394.99851384869845,59.65354840426505,81.78857251034913
736.2578556418136,400.3566635082288,59.52750564311697,81.87106030829283
711.8587056845081,403.03329824431165,60.112495316028905,81.34968332651404
701.695772787317,407.94429521537114,60.79543394061114,80.58878176110404
673.534613444648,435.50596359210766,59.76582772970895,81.42977758819741
674.1721206922258,432.03012370372375,58.213628628954865,83.02623752396184
667.3549688299961,429.0703972408709,56.65408183614125,84.42125874419277
670.1112231013506,434.64796850606353,56.61161790631688,84.46022422314581
670.4314806234976,439.43084838376996,56.4765270635114,84.56997296687847
669.8103892786376,434.05614378538684,56.035058544353824,84.92507979548064
668.3204079357004,430.5775748858301,55.86577692175672,85.05331487318917
667.7523351058334,437.316485920395,55.63422069340611,85.24095815897871
667.9614093244138,433.96584529383824,53.98921375957936,86.55558551194582
675.3988382927597,420.8110768655054,53.65068127759939,86.78351073531063
666.8760022235872,425.2669068812461,51.698256949880125,89.52284405099725
673.8698309439372,422.0610859597276,52.1513229283693,88.72911832887917
672.929378951953,429.09012460523195,52.02486192401085,88.75952866299258
