709	72	628	967
705	106	638	939
706	113	619	947
747	59	571	945
737	109	590	966
738	90	579	943
736	91	582	960
736	78	581	962
737	84	580	960
736	79	578	949
725	81	604	964
752	100	567	944
738	86	577	954
734	105	580	930
746	77	567	964
732	84	577	972
723	73	609	982
735	59	593	957
740	105	585	962
720	92	610	946
720	46	593	987
739	69	579	975
739	64	565	1000
720	70	608	969
746	89	560	949
708	60	613	994
739	60	578	975
721	43	590	986
741	94	569	970
738	76	566	956
742	53	560	987
731	109	583	959
726	92	583	939
717	85	589	941
745	90	559	957
727	93	582	941
707	87	609	957
719	95	587	948
727	51	573	986
712	78	604	964
727	92	571	941
755	57	537	962
740	35	558	997
725	69	571	958
730	36	569	993
730	57	575	979
738	49	557	968
732	58	566	968
719	32	585	996
731	55	568	965
739	32	555	991
736	40	555	984
738	46	557	963
735	48	560	953
740	61	552	947
736	47	559	949
736	57	553	937
736	44	554	955
745	54	547	944
732	34	555	953
744	45	559	952
748	32	544	976
738	54	546	949
755	55	525	931
714	34	579	974
742	41	535	957
734	37	564	964
719	63	575	937
716	69	575	939
751	56	519	924
722	76	577	902
733	37	561	955
750	56	530	935
741	68	541	925
741	76	537	912
751	41	527	954
762	68	504	915
772	40	492	941
757	55	513	930
762	64	510	917
760	70	505	901
754	69	518	916
766	67	501	918
748	61	522	920
737	80	530	910
738	94	535	881
739	64	530	928
740	54	535	930
761	77	517	920
757	68	507	915
740	79	525	892
768	67	488	916
739	102	522	868
738	108	518	865
755	104	496	863
761	80	491	885
759	76	493	908
763	98	490	888
754	84	494	900
775	100	475	870
776	105	470	845
773	96	474	857
758	102	481	884
768	133	476	831
783	107	444	848
782	133	444	834
785	102	438	860
756	141	490	816
783	117	456	840
778	100	467	857
782	122	453	834
795	106	427	853
782	105	442	859
800	140	425	809
793	134	432	800
788	155	431	792
769	145	460	808
785	157	430	790
793	151	432	795
786	152	430	805
769	145	472	802
790	179	439	769
799	142	421	790
795	150	424	812
790	156	429	784
796	160	415	802
814	170	391	773
822	157	383	787
814	159	383	778
819	157	373	769
807	181	389	738
827	169	365	758
800	168	404	772
799	170	405	784
795	196	416	802
772	174	447	797
777	198	443	773
803	197	398	737
817	182	377	756
828	214	359	745
822	200	364	735
831	217	355	686
823	223	368	696
829	213	353	710
822	230	362	674
828	213	347	714
824	224	358	723
816	234	370	700
830	242	357	692
824	236	367	684
807	247	376	711
798	236	398	706
788	253	406	757
828	252	356	677
822	263	355	661
846	261	315	657
842	261	330	657
812	266	368	668
810	278	374	658
812	276	373	650
807	275	378	663
826	276	353	659
829	273	350	660
855	293	310	621
856	296	302	630
843	301	312	622
837	310	327	616
839	310	323	623
828	300	333	641
859	300	301	625
864	302	290	621
853	312	306	616
846	301	310	629
832	324	331	624
817	312	353	628
822	330	351	642
815	330	364	629
831	327	338	614
854	335	293	593
862	326	277	600
838	334	321	597
847	321	302	594
851	324	294	593
861	319	282	596
857	327	296	591
854	316	298	588
869	324	276	591
846	311	304	635
847	315	306	585
853	340	292	542
864	324	273	556
851	314	296	587
849	311	301	583
845	318	306	580
849	327	299	540
850	313	295	567
866	334	280	533
879	321	248	542
879	296	248	566
882	319	249	531
872	306	259	551
871	298	264	550
867	326	269	511
852	306	292	552
872	323	262	520
868	312	271	537
872	304	263	541
884	298	239	525
877	306	255	530
865	308	270	529
863	307	278	537
876	318	255	498
867	320	275	505
873	313	259	522
863	311	272	506
883	324	240	495
882	316	238	512
886	324	231	491
892	325	220	477
890	319	223	491
885	326	234	470
876	332	242	474
873	334	252	470
880	329	231	468
889	328	227	476
878	324	247	493
885	333	230	473
886	340	231	448
888	337	225	454
887	333	233	470
888	333	223	471
883	339	224	446
893	340	221	447
893	331	209	458
886	345	224	446
887	346	221	427
893	341	213	437
885	336	227	451
893	339	216	437
893	327	217	449
876	325	255	459
888	339	221	417
891	330	214	433
888	336	220	419
900	333	204	423
904	335	195	419
899	329	202	428
896	331	214	429
887	328	221	435
882	324	229	428
890	325	221	427
901	331	200	400
899	326	202	416
893	328	221	412
893	322	212	424
896	333	202	397
901	327	197	402
902	331	197	396
902	325	191	405
903	326	190	398
907	331	186	388
900	326	205	404
897	327	200	394
900	320	194	403
903	323	195	391
904	325	195	392
901	327	191	383
903	324	189	390
905	317	188	398
896	326	201	386
904	330	187	359
900	325	196	384
900	321	199	389
902	320	193	386
903	318	185	381
900	325	189	373
907	320	179	388
911	327	176	359
907	313	184	389
904	317	186	374
907	318	177	373
914	320	169	370
909	321	176	368
909	323	178	355
908	321	176	360
908	321	173	359
909	320	176	360
911	314	173	373
907	315	179	373
910	316	175	362
909	326	177	346
910	316	174	355
911	314	172	361
918	320	162	339
919	314	161	356
912	313	168	366
913	312	170	356
915	306	165	369
915	312	165	347
913	317	170	347
910	311	172	349
914	312	167	342
914	312	167	347
916	309	165	355
914	311	163	342
912	309	166	337
909	308	170	348
909	308	170	343
914	309	163	341
913	321	162	318
908	315	171	332
907	313	175	335
911	318	169	334
909	316	170	339
908	312	173	336
917	323	158	326
920	319	152	323
918	323	156	331
912	321	165	335
912	325	163	321
917	325	156	326
912	326	161	322
916	327	154	333
914	331	164	324
912	327	164	328
914	339	161	312
915	329	156	340
916	335	158	329
918	346	153	306
920	345	150	314
918	350	150	308
920	353	150	305
918	355	150	307
924	353	142	313
918	355	150	308
920	354	149	321
923	359	143	310
918	365	149	303
920	365	146	307
921	365	147	311
922	369	145	306
918	375	149	302
921	372	146	312
917	373	151	313
917	378	148	300
920	382	147	299
919	386	148	298
923	381	142	311
925	388	138	300
921	384	143	314
922	394	142	295
921	397	142	296
920	395	142	301
921	397	141	302
922	404	140	285
923	411	136	275
924	405	135	283
920	410	142	286
917	414	148	283
922	410	141	299
922	415	137	290
921	415	140	288
922	416	138	293
921	419	140	283
922	423	137	287
921	420	140	280
922	416	136	295
920	420	141	283
920	419	143	290
917	423	146	278
922	426	139	283
918	423	143	285
916	422	147	280
922	427	137	276
922	424	137	288
920	426	138	273
917	424	142	283
920	425	137	275
923	426	133	275
925	423	130	277
928	422	127	285
927	428	127	269
923	426	131	270
921	426	134	270
923	425	133	271
926	430	129	257
926	425	129	274
928	427	129	268
924	425	132	277
925	425	131	265
927	421	129	277
924	419	132	286
925	429	131	255
926	428	131	264
926	422	128	270
925	429	133	259
927	427	125	263
925	426	127	255
924	424	127	256
927	423	125	265
925	424	132	264
929	419	124	272
925	421	130	270
923	427	133	253
924	425	127	254
925	421	128	262
928	424	122	252
927	424	124	253
927	429	123	246
930	426	120	254
930	427	121	252
930	427	120	258
932	429	116	248
929	430	122	248
930	434	121	248
928	437	123	249
929	435	121	250
926	438	124	249
924	442	129	248
930	441	117	248
928	444	120	246
931	446	116	247
931	444	116	250
929	447	119	252
929	450	120	246
928	451	120	250
928	454	122	243
930	453	117	248
927	452	122	245
928	454	121	244
927	454	123	249
928	458	121	234
926	464	123	221
929	451	116	245
930	452	114	249
930	454	115	244
930	458	116	239
930	452	118	246
929	455	118	237
931	458	115	230
933	453	112	239
931	454	115	240
931	453	115	237
932	452	113	238
930	460	117	226
933	456	111	232
931	457	114	228
929	453	115	237
930	453	114	234
932	457	112	224
931	457	116	230
933	455	110	233
933	457	112	229
932	453	113	229
932	453	113	235
933	453	113	230
935	451	108	231
934	451	109	234
931	452	115	237
935	450	110	223
935	451	109	229
932	449	114	237
933	452	111	222
931	453	113	215
937	456	104	215
936	451	105	222
936	453	105	221
934	451	108	224
935	455	108	219
935	452	107	219
937	454	105	217
939	451	104	229
935	451	108	225
933	448	110	232
937	456	104	208
930	454	112	219
934	450	108	225
933	451	110	218
935	450	106	217
933	447	109	221
935	449	107	221
934	446	109	218
935	450	107	210
936	450	106	217
939	447	102	219
936	446	105	226
937	450	104	212
933	449	108	212
934	451	106	201
937	448	101	213
935	444	102	222
930	444	111	238
921	443	128	262
915	447	136	258
912	445	145	263
916	439	136	266
918	437	136	266
912	447	144	262
905	444	162	259
898	444	194	263
895	441	209	263
907	448	169	254
910	451	161	248
911	448	165	252
920	446	135	248
911	444	150	259
907	444	163	250
917	445	132	250
919	441	125	257
914	440	136	256
913	451	138	245
922	442	125	248
918	440	134	256
915	443	138	253
918	438	130	253
922	442	125	248
916	443	136	251
925	442	121	245
919	439	129	253
916	441	130	249
922	436	120	252
921	449	129	237
932	439	109	238
930	444	115	239
929	439	114	243
928	438	116	243
931	436	111	245
929	441	116	242
927	440	120	242
928	434	115	249
918	441	136	242
925	441	116	235
929	437	113	240
929	440	111	237
932	437	107	241
932	439	110	237
931	438	109	236
931	435	109	240
927	438	115	237
920	436	126	241
921	442	123	235
924	438	117	229
929	438	111	237
932	435	107	232
924	440	123	231
930	430	111	238
924	439	114	233
916	438	131	232
925	441	116	229
926	434	115	232
924	434	115	235
923	432	117	238
928	439	113	231
932	435	107	232
929	435	110	228
933	435	105	229
926	432	114	236
928	433	110	234
925	437	117	227
921	437	120	232
927	432	111	233
928	433	112	230
927	432	115	233
932	434	105	230
925	431	114	231
927	437	112	227
929	432	108	230
926	434	112	226
932	431	104	229
937	432	96	226
921	437	122	220
925	432	114	227
926	437	114	222
922	435	118	221
930	434	107	219
930	433	108	222
930	434	106	221
931	431	104	221
934	433	100	218
929	428	107	225
925	436	115	220
929	437	110	215
931	429	106	225
930	435	106	217
929	432	104	218
929	431	107	218
930	434	107	215
927	431	109	219
934	434	100	211
929	430	111	220
928	434	106	219
926	432	112	213
930	433	107	211
925	432	113	217
922	432	115	213
929	430	105	218
924	431	112	217
924	431	113	214
929	430	105	213
930	430	109	212
926	433	112	214
923	434	115	207
928	426	106	215
930	429	104	212
925	425	111	220
923	429	113	212
930	431	102	209
935	427	94	206
937	430	94	206
936	426	94	211
936	428	94	208
929	430	102	208
928	431	108	208
933	429	100	206
932	429	99	206
934	432	97	203
933	431	101	203
930	427	106	209
932	427	100	208
936	427	95	206
933	430	99	204
938	427	93	205
936	426	97	206
930	425	106	208
931	432	100	198
935	422	99	207
933	430	101	203
932	429	100	200
934	430	99	199
931	430	103	202
929	430	103	199
925	428	111	200
937	426	95	203
936	423	95	205
934	423	97	209
939	424	92	200
939	429	89	196
940	429	88	195
938	431	93	194
935	425	96	199
936	429	94	197
937	427	92	197
930	425	102	198
937	423	92	201
929	422	106	205
928	425	107	199
931	429	102	193
939	423	89	196
932	427	100	197
937	427	94	188
937	427	95	195
934	427	98	194
937	424	92	195
937	427	93	192
933	427	97	192
938	426	92	192
939	425	92	194
937	427	92	191
940	426	88	186
940	424	90	192
940	426	89	190
939	425	91	190
939	425	91	189
940	424	89	192
938	428	91	184
939	425	90	189
936	426	93	188
940	423	90	187
941	424	86	191
937	424	93	190
942	424	86	179
939	424	89	184
936	423	97	191
938	423	94	186
939	422	90	188
937	423	96	187
931	422	101	187
937	424	92	184
937	423	93	186
932	427	100	184
931	425	103	182
937	426	92	182
941	423	86	183
942	423	85	184
934	421	96	188
941	426	90	181
937	426	96	183
940	420	89	187
942	422	87	186
941	427	86	181
943	425	86	178
940	426	89	181
941	427	89	178
940	428	90	178
941	425	88	182
937	425	92	182
939	423	91	184
939	427	90	183
938	425	94	178
937	428	93	181
936	428	94	180
935	428	97	179
929	430	106	177
935	429	96	175
945	426	81	171
944	426	83	180
944	422	83	185
937	429	92	179
935	428	97	176
931	431	102	175
937	428	95	175
942	425	89	182
942	431	90	175
941	430	89	176
935	429	103	179
935	433	105	173
936	434	97	170
938	431	93	170
939	433	89	171
940	429	88	173
936	433	94	172
933	433	102	171
938	431	94	172
939	430	91	170
940	434	88	170
942	432	86	170
940	430	89	174
936	435	94	171
938	434	93	169
936	434	95	172
940	431	90	169
939	432	92	170
940	430	89	172
941	434	87	168
940	431	89	168
940	428	91	176
936	431	95	173
941	434	89	164
941	430	87	168
938	434	93	165
938	434	92	165
935	431	95	166
938	433	93	166
937	432	94	166
940	433	88	162
943	428	84	169
938	431	92	167
942	433	89	163
940	427	89	173
943	433	85	162
938	432	90	168
939	435	88	161
940	429	87	165
943	432	83	167
943	429	83	167
940	434	90	164
938	431	90	165
940	432	87	161
942	434	85	161
939	430	89	164
934	432	96	165
937	434	93	160
937	436	91	158
939	428	86	167
939	431	90	163
939	434	88	159
941	428	85	167
944	432	81	164
944	428	83	164
944	434	81	163
946	431	77	160
942	432	83	163
945	432	77	160
940	432	86	163
943	435	80	153
939	434	85	161
943	431	80	159
940	434	83	159
938	432	85	161
942	433	80	156
941	436	82	157
943	431	79	161
946	431	74	162
942	434	81	159
939	432	83	162
942	432	80	158
939	435	85	158
943	430	78	160
940	436	84	158
943	432	79	157
943	433	81	158
938	433	86	159
941	434	80	157
939	437	83	154
939	437	82	150
937	436	85	156
934	438	90	152
936	437	85	154
939	439	80	146
941	436	78	153
937	435	83	155
939	438	80	153
937	434	83	155
939	436	79	155
939	436	80	152
938	436	81	155
939	435	79	155
937	439	80	154
937	437	80	153
936	440	83	151
936	440	82	149
936	437	80	151
938	439	77	154
937	437	79	153
939	438	76	154
937	439	77	151
936	436	78	155
936	439	77	153
936	438	78	150
933	440	83	154
934	440	81	149
932	436	79	155
928	441	84	151
931	442	80	147
931	440	79	151
929	443	81	147
929	442	79	146
923	442	86	150
929	441	77	149
928	441	78	150
924	444	80	146
921	444	83	144
921	444	81	145
916	443	85	148
912	445	89	144
917	444	78	141
914	449	81	143
906	445	90	145
904	447	91	144
901	448	84	144
889	449	94	143
882	450	103	140
879	451	85	137
870	452	86	139
864	452	89	138
856	452	89	140
853	453	88	141
851	452	86	141
851	451	84	145
849	452	86	143
856	449	76	147
858	450	75	144
856	455	82	140
863	453	73	137
863	451	76	144
859	453	84	141
864	454	81	141
868	452	82	142
872	454	79	138
874	453	79	142
878	453	78	140
879	455	78	141
878	452	83	143
880	454	84	140
887	454	76	140
885	453	81	143
885	454	80	140
890	453	75	142
891	452	76	143
889	453	80	141
887	453	81	143
895	451	72	141
893	457	77	139
892	452	78	143
892	453	80	141
893	455	78	139
892	454	78	141
895	451	76	140
897	454	74	139
891	453	81	142
895	454	77	139
894	454	78	141
897	454	76	138
901	452	69	139
895	455	78	139
892	456	84	136
893	455	80	138
896	454	76	139
895	455	79	136
898	454	75	136
898	454	75	137
895	456	77	137
898	455	75	135
896	453	77	140
895	455	77	138
902	455	71	136
899	456	76	137
899	456	75	134
904	452	69	139
900	453	74	139
904	451	69	139
903	453	70	141
902	453	71	139
902	453	71	141
902	455	71	134
898	458	77	131
900	456	73	133
896	456	78	136
901	454	72	135
898	457	76	134
896	455	79	135
896	457	79	134
902	455	72	134
898	455	77	135
895	454	83	136
902	455	73	135
902	455	72	134
901	457	73	134
900	454	74	135
901	456	73	131
902	455	72	133
903	456	70	134
901	453	74	136
907	455	66	134
906	454	67	135
904	456	71	134
903	455	72	134
901	456	74	135
905	455	70	132
903	456	73	135
900	458	77	130
904	458	71	131
901	457	76	133
900	456	76	134
905	456	71	135
902	457	73	133
906	456	69	132
906	454	68	136
904	457	70	132
902	457	73	132
904	458	71	129
902	458	73	129
903	460	72	130
903	457	72	133
907	458	67	129
908	458	66	130
905	456	70	132
908	458	66	130
907	457	68	132
902	460	74	128
904	459	71	129
905	460	70	126
906	460	68	127
903	459	71	130
905	459	69	127
904	460	71	128
902	458	73	129
902	460	73	128
898	456	79	132
906	457	67	130
905	463	70	126
903	455	72	133
905	459	69	129
903	460	72	127
900	462	76	125
900	461	76	126
902	460	74	126
901	461	76	126
900	460	76	127
904	460	71	125
900	460	76	127
902	461	74	125
909	461	64	124
908	458	64	129
907	457	67	131
903	458	73	127
905	462	68	123
905	460	68	125
900	462	76	124
899	460	77	127
901	462	75	124
905	461	70	125
904	461	69	125
904	460	70	124
905	460	68	125
906	463	66	124
904	460	71	124
906	461	66	124
904	460	70	126
903	462	71	122
905	462	69	120
904	463	68	119
905	461	67	124
902	462	71	124
905	461	69	122
902	463	71	122
900	462	74	122
902	462	72	122
902	461	72	125
904	460	70	126
908	463	66	122
904	460	68	124
908	463	64	120
905	463	68	123
904	462	69	123
906	461	67	124
901	463	73	124
903	462	69	122
902	463	72	121
902	462	73	124
902	465	72	120
901	462	72	123
905	463	68	122
904	463	69	122
903	464	71	119
906	463	67	119
904	462	70	121
905	463	68	121
902	463	70	120
902	464	72	121
901	463	72	120
905	465	69	119
903	465	71	119
903	463	70	121
906	465	67	117
907	465	66	118
910	465	61	118
904	464	70	121
902	466	74	119
904	464	69	120
904	465	73	117
905	465	71	119
906	465	69	117
905	465	69	117
911	464	61	116
911	464	61	119
908	464	66	120
908	463	65	120
904	465	70	119
904	465	70	119
906	465	68	119
906	466	69	116
907	466	67	118
907	466	65	118
910	465	62	118
907	465	66	120
906	465	69	118
908	467	66	118
910	464	61	119
908	467	64	117
909	466	64	117
906	465	67	119
909	467	64	116
908	465	65	118
908	466	66	117
909	467	63	114
908	464	66	118
908	467	65	114
907	467	66	115
908	465	65	117
907	466	69	117
909	466	62	116
908	468	67	113
907	468	66	113
909	465	62	117
908	467	65	117
908	468	66	115
908	468	66	114
907	468	67	114
910	464	63	117
908	468	65	115
907	465	67	116
910	467	61	114
907	468	67	114
908	468	67	113
910	467	62	115
907	468	66	112
911	469	61	112
908	468	65	114
909	468	63	114
908	466	67	117
908	467	70	115
911	467	63	114
909	469	65	113
911	465	61	116
909	467	64	114
910	468	62	112
912	468	61	113
908	466	66	117
908	468	66	113
906	468	72	114
910	468	62	112
909	467	63	113
911	467	61	116
908	468	65	112
909	467	63	115
910	468	64	112
909	469	67	111
908	469	70	110
908	469	71	111
908	467	64	114
906	469	67	112
908	469	65	113
907	469	67	112
908	469	64	112
911	470	63	110
909	469	63	111
911	469	60	112
909	470	62	112
906	470	69	110
907	471	66	111
905	470	73	111
910	470	61	111
908	471	67	110
907	471	67	109
907	470	67	111
907	469	67	111
907	470	67	111
907	471	67	110
908	470	67	110
906	469	69	111
906	470	68	114
906	469	67	113
909	470	62	108
906	470	69	109
911	470	61	109
907	471	65	108
908	471	65	107
907	470	64	112
909	471	63	109
908	471	66	107
908	471	65	108
907	472	67	109
909	471	65	109
910	472	62	108
909	472	66	107
909	471	63	107
909	471	63	108
911	472	61	106
908	472	69	108
907	472	68	107
908	471	67	108
910	472	64	106
907	471	68	108
909	472	65	107
907	473	67	105
910	472	62	106
908	474	69	105
909	473	66	106
907	472	67	107
909	472	63	106
910	473	62	104
908	473	68	107
911	474	61	106
909	472	66	106
908	474	66	104
910	473	63	107
913	471	59	108
910	473	63	104
910	474	62	104
910	474	65	103
911	474	62	104
912	472	60	106
910	472	65	106
910	472	64	106
912	474	61	104
910	474	63	104
911	475	61	102
912	473	62	106
910	474	63	105
910	473	63	107
910	473	64	107
910	474	66	105
909	473	69	106
910	474	66	105
908	474	66	104
908	474	64	104
908	475	65	103
913	474	57	103
909	474	64	105
911	474	60	105
910	473	62	104
909	474	65	103
910	473	63	104
912	474	60	104
910	475	65	102
909	475	65	102
911	476	60	102
912	476	61	101
911	475	62	101
908	475	67	102
911	475	61	101
911	476	61	101
912	475	59	102
910	476	63	101
910	477	65	101
912	476	61	101
912	475	61	102
910	476	63	101
911	475	62	102
908	475	68	101
911	475	61	104
912	476	60	101
911	476	62	100
912	476	62	100
911	477	65	99
911	475	64	103
913	475	60	101
911	477	65	99
909	476	66	101
910	476	63	102
912	475	60	102
911	474	59	102
909	475	64	102
911	475	60	103
908	477	67	100
910	477	63	100
910	478	62	100
909	478	69	100
911	475	64	101
911	476	63	99
914	476	58	100
911	477	61	97
912	476	61	100
910	477	65	98
912	477	62	99
911	478	65	97
911	477	64	98
910	476	67	100
914	476	58	99
911	478	65	97
911	478	65	98
910	477	64	99
911	476	63	100
913	477	59	98
911	477	65	100
912	477	62	97
912	477	65	99
911	477	61	98
911	478	65	97
914	479	57	96
913	477	61	97
911	479	66	97
910	478	68	97
913	477	60	97
914	479	59	95
912	478	63	96
912	477	64	97
912	478	63	97
914	478	60	97
911	479	65	97
912	478	63	97
912	479	64	96
912	478	62	97
911	478	65	97
912	478	64	97
916	478	56	97
914	479	58	96
913	480	59	94
914	479	58	95
913	479	60	97
914	480	60	95
918	479	52	95
913	480	58	94
913	480	61	95
914	480	57	93
912	480	60	95
912	481	61	95
914	480	58	94
914	480	59	95
914	480	60	94
913	480	63	94
911	479	66	95
912	479	64	95
914	479	58	96
913	479	62	96
914	480	57	95
912	480	64	94
909	480	73	97
915	479	59	96
911	480	67	94
911	479	68	96
912	480	59	96
912	480	60	94
913	480	60	94
913	480	59	95
911	480	65	95
912	479	60	96
911	480	62	95
912	480	61	95
913	481	58	94
912	481	61	94
911	480	62	94
914	481	57	95
915	481	55	93
913	481	61	92
912	480	61	93
913	481	60	94
915	480	58	94
912	482	65	92
913	480	59	95
915	481	57	94
912	481	62	93
912	482	65	93
912	482	61	93
916	482	56	93
913	481	61	96
914	482	59	94
913	482	58	93
912	483	59	93
914	483	57	93
912	483	63	91
913	481	60	94
911	483	63	94
912	482	62	93
913	481	60	95
914	482	60	93
913	482	64	93
913	481	66	93
914	482	58	94
913	482	59	93
913	481	60	93
913	483	58	93
914	484	57	91
912	483	58	92
913	483	60	91
913	483	59	92
914	483	59	92
913	483	61	90
915	483	56	91
911	484	66	90
913	482	62	93
912	482	66	92
914	482	60	92
914	482	59	93
912	482	62	93
912	482	61	92
913	482	59	93
913	484	59	91
914	483	57	91
916	484	55	89
914	483	59	89
914	483	61	91
913	484	61	91
913	484	61	90
914	484	58	90
914	484	58	91
913	484	60	90
913	484	62	90
916	484	54	89
915	484	58	90
912	483	64	91
913	483	64	90
914	484	60	90
913	484	63	90
914	483	57	91
915	484	56	91
913	485	63	89
915	484	56	90
916	485	54	89
913	484	61	90
914	484	57	92
913	484	62	91
914	485	60	90
913	484	61	89
916	486	55	89
913	485	58	88
914	487	58	88
915	486	58	88
913	485	64	89
915	485	57	89
911	485	67	89
915	484	55	89
914	486	59	89
914	485	59	89
913	487	61	88
912	486	64	90
913	485	65	90
919	486	48	88
914	486	57	88
912	486	62	89
916	486	54	89
913	487	63	88
914	487	59	88
913	487	60	88
914	487	59	88
914	486	58	89
914	487	60	87
914	487	62	88
913	487	65	89
912	487	62	87
913	487	65	89
913	486	62	89
913	486	61	89
915	487	54	87
914	488	58	86
913	487	61	87
916	486	55	88
916	487	54	86
915	488	56	86
912	488	63	87
914	486	63	87
913	487	60	87
913	487	59	87
916	487	55	87
915	488	57	86
914	488	57	87
913	487	57	88
915	487	56	88
915	488	54	88
913	488	60	88
915	487	58	88
918	487	52	86
914	488	62	88
913	487	68	88
917	487	52	88
914	488	59	86
915	489	58	85
914	488	64	86
917	487	50	86
915	489	58	84
914	488	57	87
914	488	56	86
914	488	56	86
914	488	57	88
917	487	52	87
916	490	54	83
916	490	55	84
915	490	58	84
914	490	63	86
914	489	59	86
913	489	65	86
916	489	57	86
914	489	63	86
919	489	52	84
914	490	61	84
915	489	60	86
915	488	60	85
914	489	67	86
918	488	51	86
919	490	51	83
917	490	57	85
915	490	62	84
915	489	63	85
919	488	49	86
917	490	55	85
915	491	61	84
916	489	59	84
917	489	54	84
916	490	56	84
914	489	61	85
913	488	66	87
915	487	56	88
917	489	53	85
915	490	57	84
917	489	56	85
914	490	62	85
914	490	60	84
912	489	66	85
915	488	57	86
914	490	56	84
917	490	51	84
913	490	62	84
913	489	66	84
914	488	59	85
913	489	56	85
916	490	53	85
913	491	57	83
913	491	57	83
916	490	56	84
915	491	57	82
913	491	61	84
915	490	60	84
913	490	64	84
912	490	69	85
912	488	63	86
915	489	60	84
916	490	54	84
915	491	58	83
914	491	61	83
915	490	62	83
915	490	55	84
914	491	55	83
916	492	52	82
913	492	59	84
916	491	56	83
914	491	64	83
914	490	68	85
915	490	57	85
916	491	57	83
915	491	61	83
916	490	58	83
917	491	51	83
918	492	51	81
918	492	51	81
915	492	60	81
914	491	63	83
917	490	53	82
917	491	55	82
915	492	59	80
915	492	56	81
915	492	56	81
918	493	54	80
916	492	59	81
914	491	63	82
918	491	52	82
917	493	56	80
915	491	63	82
914	491	62	83
917	491	56	81
914	491	63	83
913	490	66	85
916	490	51	82
916	492	54	81
919	492	51	82
917	492	55	82
917	492	58	82
918	492	51	81
917	492	54	81
915	492	61	81
916	491	56	81
916	491	54	82
917	492	55	80
916	492	58	81
917	491	57	83
917	492	59	81
918	491	50	80
919	493	49	79
918	493	53	79
915	494	61	79
917	491	52	82
918	493	52	81
917	493	58	80
917	492	58	82
920	492	48	80
917	492	53	81
917	493	55	80
917	492	59	80
919	492	50	81
917	493	56	80
917	492	54	80
917	492	57	80
917	492	60	81
919	491	53	82
916	493	60	80
918	492	49	79
917	493	53	79
916	493	59	79
918	493	56	79
919	493	50	79
918	493	54	79
916	492	60	79
919	492	51	80
916	493	58	80
916	492	58	81
918	493	54	79
916	493	60	78
917	492	55	80
915	493	58	80
916	492	62	80
915	491	55	83
917	493	52	81
916	494	56	79
917	494	57	78
918	493	54	79
919	493	57	80
919	493	49	78
918	495	52	78
916	494	56	77
918	493	53	79
918	493	55	78
917	493	60	80
919	494	49	77
918	494	52	77
918	493	54	80
918	493	55	78
916	493	59	79
920	492	46	80
919	495	51	77
918	495	55	77
917	494	60	78
921	494	45	78
920	495	49	76
918	494	53	77
916	493	61	78
919	493	48	77
919	494	52	77
916	494	56	77
916	493	61	79
917	492	57	79
917	493	48	77
917	494	52	79
916	494	59	78
918	494	54	78
916	494	61	78
918	492	50	80
919	494	47	77
917	495	54	77
916	494	57	77
919	494	55	78
917	493	60	77
919	492	48	78
918	494	50	77
919	494	48	76
917	494	51	78
918	495	52	76
917	494	59	76
918	493	55	78
916	493	58	79
917	492	57	79
917	492	52	79
918	494	50	77
918	495	53	76
918	494	57	77
919	493	49	78
917	494	54	77
920	494	53	76
919	495	52	75
920	495	51	75
918	495	55	76
918	494	56	77
921	494	43	76
920	495	46	77
917	496	52	76
919	495	51	77
918	495	54	75
918	494	55	78
918	494	60	77
919	494	52	79
918	495	55	77
917	495	61	77
919	494	52	77
919	495	50	76
918	495	53	75
917	494	55	77
920	495	49	77
918	496	57	75
921	493	43	79
920	496	48	75
919	497	51	74
918	496	55	76
920	497	48	75
918	496	51	76
919	496	54	75
919	496	53	77
920	496	51	76
919	496	51	76
918	496	58	76
919	497	52	74
919	496	52	76
919	496	50	75
918	497	53	76
919	497	56	76
920	495	46	75
918	497	51	75
918	497	59	75
919	496	52	76
918	497	57	76
919	497	49	75
919	498	53	74
919	497	56	75
922	497	46	75
920	497	52	75
921	498	50	74
919	497	52	75
921	497	50	74
920	497	50	75
920	498	53	74
919	498	55	74
920	496	49	76
917	497	58	76
920	496	53	77
920	497	52	74
920	497	54	74
921	497	45	75
920	497	48	74
920	497	48	73
920	498	50	73
918	497	56	74
920	496	48	77
921	498	49	73
919	498	53	73
918	498	56	73
920	497	49	75
917	499	57	74
917	497	60	75
921	499	44	72
919	499	49	74
917	498	58	74
921	497	50	73
920	499	56	73
922	497	45	74
917	500	56	70
919	499	57	72
920	497	52	73
920	497	55	74
921	498	46	74
919	499	54	71
919	498	58	73
921	496	48	76
920	498	48	72
917	498	60	73
917	497	58	75
920	497	46	73
920	499	49	71
919	498	51	73
919	499	52	73
920	499	53	73
920	498	51	73
918	498	60	73
920	497	48	74
918	499	49	72
918	498	53	73
919	498	53	73
921	498	45	73
920	499	47	71
919	499	49	72
918	498	57	73
920	498	48	74
919	499	53	73
919	499	50	71
920	499	48	72
922	499	47	72
919	499	58	71
918	497	55	74
919	497	56	74
919	497	51	74
917	497	58	74
919	498	54	74
920	498	45	72
917	499	53	71
918	498	57	72
919	497	55	74
920	498	52	74
922	498	44	73
920	499	49	72
920	499	48	72
920	499	48	71
921	499	48	71
920	499	47	71
919	499	53	71
921	498	45	72
919	500	51	70
922	499	47	71
920	499	48	71
919	499	52	71
922	499	44	70
920	500	49	70
919	501	56	69
920	498	50	72
921	498	50	73
921	499	45	71
919	500	47	70
919	500	48	70
922	499	42	70
921	500	45	69
919	501	56	69
920	499	58	73
921	499	54	71
920	499	52	71
921	498	54	72
922	498	49	71
920	499	54	72
920	498	53	72
922	498	45	72
919	501	52	69
919	499	56	71
920	498	46	73
922	500	42	69
921	501	46	68
920	501	50	68
921	500	49	69
919	500	55	70
919	499	52	70
921	499	50	70
921	499	52	70
920	499	50	70
921	499	50	70
921	499	47	70
920	499	51	70
919	499	54	70
923	498	41	72
921	500	45	69
919	499	50	69
920	500	51	69
921	499	49	70
920	500	52	70
920	499	50	70
920	500	52	70
921	499	51	71
922	500	44	70
919	500	53	69
921	499	48	70
919	499	55	70
921	499	47	71
920	500	49	70
919	501	54	68
921	500	50	70
922	498	46	71
922	500	46	67
922	500	43	69
922	500	45	68
922	500	42	68
921	500	45	68
920	500	50	68
919	500	51	69
920	499	49	70
919	500	50	69
921	500	48	68
920	500	46	69
921	500	44	68
919	500	48	68
920	500	47	69
921	500	44	69
921	501	45	68
919	501	54	68
919	499	55	69
920	499	47	70
921	500	49	69
921	500	50	68
919	500	56	69
921	500	47	70
920	500	53	68
922	499	42	69
921	501	46	67
920	501	50	67
919	500	54	68
920	500	50	70
922	500	46	69
921	501	46	67
920	501	52	67
920	499	51	69
920	499	52	70
922	499	45	70
921	501	50	69
923	501	41	68
923	501	41	67
922	501	43	68
922	502	46	66
920	502	51	67
923	501	40	67
921	502	47	66
921	501	47	66
920	501	52	67
921	501	49	68
920	501	47	67
921	501	48	68
919	499	53	68
921	499	49	70
921	500	52	69
923	500	43	68
922	501	46	66
921	501	45	67
921	501	43	68
919	501	51	68
921	500	51	68
922	500	44	67
923	501	43	66
921	502	47	67
921	501	45	66
920	502	49	66
923	501	46	68
921	501	50	68
919	501	51	69
921	501	49	69
923	500	43	69
922	502	44	67
921	502	47	67
921	502	45	66
921	502	50	66
921	501	54	69
920	501	51	69
923	501	43	69
922	502	46	67
923	502	41	69
922	502	45	68
920	502	54	67
924	501	39	70
921	504	47	65
921	503	48	65
922	503	49	66
921	503	49	66
922	503	51	67
924	502	40	68
920	504	52	64
921	503	50	67
923	502	42	69
923	503	43	66
921	504	46	65
921	503	48	67
920	503	51	67
919	502	54	69
922	501	44	70
924	503	40	66
921	504	46	66
922	503	44	66
920	503	49	67
921	502	47	66
921	502	50	67
920	504	52	67
921	503	48	67
921	503	51	66
924	503	42	66
922	504	44	65
920	504	48	67
920	503	53	67
924	501	41	69
922	504	45	66
923	504	46	65
921	503	52	66
922	502	47	68
922	503	47	67
918	502	57	68
922	503	52	66
924	504	44	66
923	504	46	65
920	503	53	66
921	503	52	67
923	504	44	67
921	504	51	64
922	503	46	68
923	503	41	67
922	504	43	65
922	503	47	66
921	503	54	66
921	504	50	65
921	502	47	67
920	503	51	66
922	503	44	66
921	503	49	65
922	503	47	66
924	504	40	65
922	504	42	64
923	504	41	66
924	504	39	64
924	505	39	63
922	506	45	63
922	504	47	64
922	504	46	65
920	503	51	66
923	503	40	66
921	504	46	64
920	503	52	65
922	502	44	67
922	504	46	64
923	504	42	63
922	505	42	64
922	505	43	63
920	504	48	65
922	503	44	64
923	504	43	64
922	504	44	63
922	504	45	65
921	504	49	66
922	503	45	65
921	504	47	64
923	502	42	65
922	504	45	63
922	504	45	64
922	503	46	65
922	504	47	63
920	503	50	65
923	503	45	64
922	505	47	64
923	504	43	64
922	505	47	63
921	504	49	64
921	503	48	64
922	503	49	65
922	503	44	64
922	503	47	65
923	504	43	64
923	505	44	63
921	504	47	64
924	503	42	65
922	505	49	63
921	503	49	65
923	502	44	66
921	504	45	64
922	503	45	64
924	504	39	63
922	505	46	64
923	503	44	64
922	504	47	64
923	504	48	64
921	504	49	65
923	504	46	64
922	504	46	63
923	504	43	64
922	505	48	64
922	505	47	64
924	505	39	63
924	506	42	63
922	506	43	62
921	505	49	63
922	504	45	65
922	505	48	64
924	504	44	64
924	504	38	63
921	506	46	61
921	505	51	63
922	504	44	64
922	505	47	61
923	504	43	64
920	505	52	62
920	504	50	64
921	506	49	62
921	505	53	63
922	505	49	63
923	504	40	64
923	505	39	63
922	505	44	63
922	504	46	64
924	507	41	62
921	507	50	61
922	505	48	62
924	505	40	63
922	506	45	62
922	506	45	62
921	505	51	61
924	505	41	64
923	506	42	62
922	506	44	61
923	507	46	60
924	506	41	62
922	507	47	62
922	506	51	62
923	506	43	62
922	506	48	63
922	506	46	63
920	506	53	63
920	505	52	63
922	506	46	61
924	507	41	61
925	508	41	60
921	507	49	62
919	506	55	62
922	506	48	63
924	507	36	59
924	508	39	60
922	509	43	60
921	508	49	60
921	507	48	62
922	506	42	63
922	508	43	61
921	507	48	61
922	507	45	62
921	507	52	62
923	507	48	61
925	507	44	62
924	507	45	62
922	507	49	61
922	506	47	62
921	507	49	61
923	506	45	61
923	508	43	60
923	508	43	60
924	507	47	61
922	507	51	61
923	506	50	62
925	507	36	60
922	508	45	60
922	507	46	60
920	507	50	60
922	507	47	60
921	507	50	61
922	508	46	61
922	507	48	60
922	507	46	61
922	508	49	60
923	507	42	61
922	507	43	60
921	507	48	61
922	508	45	59
921	508	49	60
924	506	42	62
923	508	45	60
922	507	48	62
924	507	39	60
922	509	46	59
922	508	49	61
923	507	46	61
921	507	51	62
923	508	43	60
922	508	46	60
922	507	47	60
923	507	46	60
925	508	41	59
923	508	44	61
924	508	42	59
921	508	48	59
921	507	52	60
924	508	38	58
922	508	48	59
923	507	43	59
925	508	40	59
923	508	46	59
921	507	52	60
922	508	53	60
923	508	45	59
923	508	41	59
922	508	48	59
921	508	50	60
922	508	45	59
922	508	47	59
922	508	49	59
922	507	46	59
922	507	48	60
923	507	44	60
922	507	49	61
923	508	46	60
923	508	46	59
923	507	45	59
922	508	46	59
923	508	43	59
922	508	49	59
923	508	46	59
924	508	43	58
924	508	39	59
921	508	46	59
921	507	47	59
922	508	44	58
923	506	43	60
923	507	44	60
921	507	49	60
922	508	51	59
923	508	46	58
922	508	47	58
922	508	46	58
922	508	46	59
923	508	45	59
922	507	46	60
922	508	46	60
922	508	49	61
924	508	44	59
922	508	47	60
921	508	49	58
922	507	49	59
924	508	41	59
920	508	49	58
919	508	50	58
921	508	46	58
921	508	46	58
924	508	39	58
922	509	44	57
921	508	47	59
923	507	44	60
919	507	54	61
922	509	42	57
921	508	47	58
924	509	38	58
923	509	41	57
922	509	46	58
923	507	44	59
923	507	39	59
922	508	43	58
923	508	41	58
920	509	48	57
921	508	45	57
921	509	47	58
924	508	38	60
922	508	43	58
922	508	47	58
921	509	47	58
921	508	48	58
921	508	50	58
922	508	45	59
921	508	47	60
923	508	43	58
920	508	47	58
922	508	45	57
922	508	45	58
922	508	45	59
923	508	44	58
924	508	39	57
924	509	40	57
923	509	41	58
923	508	42	59
922	508	44	58
922	508	44	58
924	507	40	58
922	508	47	59
925	508	37	57
922	509	45	57
921	509	51	58
921	508	47	57
923	509	42	57
922	509	45	57
923	508	42	58
922	509	47	58
925	509	36	56
924	509	40	56
923	510	45	56
923	508	45	58
923	508	44	58
922	508	47	58
923	508	47	57
924	508	43	57
923	509	42	58
923	508	41	58
922	510	45	57
921	508	47	58
921	508	49	59
921	508	44	59
922	508	45	57
925	508	38	57
923	509	43	57
923	509	42	55
920	507	49	60
921	509	47	57
922	508	45	57
924	509	38	55
923	509	39	56
924	510	39	55
923	509	43	57
922	508	42	57
922	508	43	56
922	508	46	58
923	508	40	58
922	509	42	57
923	509	40	56
921	509	43	57
923	508	42	57
924	508	36	56
925	509	35	56
923	509	40	57
921	509	46	56
922	508	42	56
922	508	41	57
922	509	43	55
924	509	40	56
923	510	42	55
923	509	40	56
922	510	44	55
923	509	39	56
923	510	40	55
922	509	44	55
923	509	45	56
924	508	39	57
922	508	43	57
922	509	39	56
921	508	46	56
922	509	42	56
922	509	43	56
923	508	39	57
923	509	41	55
922	509	41	56
923	508	39	56
921	509	47	56
923	508	40	58
922	509	40	57
924	509	38	55
923	510	43	55
923	508	43	57
926	508	33	57
923	510	42	56
922	509	45	55
923	510	39	55
923	510	41	56
923	510	44	56
922	510	42	55
923	509	39	55
923	509	40	56
923	510	41	54
922	509	44	55
923	508	41	56
922	509	45	55
922	508	42	57
922	509	44	55
926	509	33	55
923	510	40	54
923	509	44	56
924	508	37	56
924	509	38	56
925	509	39	55
923	509	43	56
924	509	37	56
921	509	42	55
921	510	43	56
923	509	39	57
925	510	36	55
923	510	40	54
922	509	42	55
922	510	45	55
922	509	42	55
922	509	42	56
921	509	45	55
922	509	47	55
924	509	37	55
922	510	44	54
922	509	45	56
922	509	42	55
923	510	39	54
921	510	44	54
922	510	41	54
922	509	40	55
923	509	40	56
920	510	44	54
922	509	41	55
920	509	46	55
923	508	40	55
922	509	44	54
924	510	39	54
923	510	43	54
924	509	38	55
924	510	40	54
924	510	36	56
924	511	38	54
923	511	43	55
922	509	46	55
924	510	41	53
923	510	42	56
923	510	43	57
924	510	41	55
924	511	41	55
923	510	42	56
925	511	41	56
925	510	38	55
925	512	40	54
924	512	42	54
925	511	39	56
924	511	45	55
924	511	42	54
923	512	45	54
924	511	42	54
925	511	39	56
925	511	43	56
925	511	43	55
925	511	43	55
924	511	43	57
923	511	44	55
926	511	39	55
924	511	43	56
922	511	47	56
924	511	46	54
924	511	42	55
926	510	39	55
926	511	40	55
925	511	43	55
925	511	42	55
928	512	34	54
924	512	41	54
924	511	43	55
924	511	46	56
923	512	49	56
924	511	45	54
924	512	45	55
923	512	49	54
923	512	50	55
923	512	50	54
924	512	48	53
923	511	46	55
923	512	46	54
925	512	44	53
925	512	43	53
925	511	45	55
925	512	45	54
928	511	35	55
925	512	43	53
925	511	45	54
926	512	41	54
926	512	39	53
925	512	41	54
926	512	39	54
924	512	44	54
924	511	44	54
924	512	47	55
924	512	46	54
924	512	44	53
924	512	45	54
925	512	43	54
924	511	44	54
924	511	45	54
923	511	46	54
923	511	46	54
926	512	42	53
924	511	45	54
925	511	45	55
926	511	41	54
926	512	39	53
925	511	41	55
925	511	43	53
923	511	47	55
925	512	43	54
925	511	45	54
926	511	42	55
925	511	44	55
926	511	41	53
925	512	42	54
926	511	39	55
926	511	42	54
928	512	39	53
926	511	44	54
927	512	40	55
927	512	38	53
926	511	41	54
924	511	45	54
927	512	37	52
924	512	44	55
926	512	38	53
926	513	40	52
925	512	42	52
924	511	46	55
925	512	41	52
926	512	36	53
926	513	39	53
925	512	42	53
925	513	40	53
925	512	42	53
925	513	41	54
924	511	44	54
925	512	42	52
923	512	46	53
924	512	48	53
925	512	41	53
925	511	43	54
924	512	44	53
925	513	39	53
922	513	46	54
923	512	44	54
926	513	38	54
926	512	36	53
924	513	41	52
924	512	42	52
922	512	45	54
926	511	39	54
924	512	45	53
924	512	46	54
926	512	40	53
925	511	41	55
926	512	37	53
926	512	36	53
925	513	40	52
925	512	38	52
925	513	42	52
926	512	36	52
925	512	40	52
925	512	43	53
925	512	41	53
925	512	42	53
925	512	43	52
925	512	37	52
925	512	38	52
922	511	45	53
922	512	44	52
922	511	47	53
926	512	39	53
924	511	43	54
925	512	42	52
926	512	39	53
924	512	45	53
924	512	41	53
923	512	47	53
923	512	43	52
925	511	39	54
926	512	40	53
926	511	39	53
926	512	38	53
927	512	35	53
925	512	37	54
925	512	39	53
926	513	34	51
926	513	35	52
926	513	35	51
925	513	38	51
925	512	38	52
925	512	41	52
924	512	41	53
925	512	40	51
925	513	39	52
925	513	41	52
925	514	39	51
925	513	39	52
926	512	42	52
925	513	47	52
925	513	39	51
923	512	42	52
923	513	40	52
923	513	40	51
924	512	40	52
924	512	40	52
924	512	38	51
925	512	37	52
925	513	36	52
926	512	35	53
925	512	38	52
924	513	42	51
924	513	45	52
924	512	43	54
925	513	38	51
924	512	42	53
926	512	37	52
924	512	42	52
925	512	38	52
924	512	40	52
924	512	41	53
926	512	36	52
926	513	37	51
924	513	40	50
925	513	38	51
925	511	39	52
924	512	42	52
925	512	38	52
924	513	43	51
923	512	43	51
924	512	40	52
924	512	44	52
927	514	34	50
926	514	38	50
924	513	41	51
927	513	35	51
925	512	38	52
925	513	38	52
924	512	39	51
924	512	42	53
926	511	35	55
926	512	36	52
924	513	42	51
925	512	39	53
925	513	39	51
925	512	40	52
925	512	39	52
923	512	43	53
924	513	40	50
923	513	41	51
925	512	40	51
924	512	41	53
925	512	37	53
924	513	39	51
926	512	36	51
925	514	37	49
924	512	41	53
924	512	40	51
924	513	38	51
924	512	41	51
923	512	42	51
924	512	42	51
924	512	45	50
925	513	39	51
924	512	39	51
924	513	39	50
923	512	41	50
924	513	40	50
923	513	42	51
922	512	43	51
924	513	39	51
924	512	39	51
925	512	39	52
925	513	39	50
925	514	38	50
923	513	41	50
924	513	39	50
924	513	39	51
923	512	40	52
925	513	36	50
926	512	36	51
924	511	38	51
924	512	38	51
925	513	37	49
925	512	37	52
924	512	39	51
924	514	40	49
925	513	40	51
923	512	40	50
925	513	37	49
924	513	39	52
925	512	37	50
924	512	40	50
923	514	42	50
924	512	37	51
923	512	40	51
924	513	39	50
924	513	39	50
926	512	34	51
924	513	37	50
925	513	37	49
924	514	40	48
923	514	39	49
925	513	35	49
924	514	39	48
924	513	39	51
923	513	39	50
923	513	40	50
926	513	35	51
925	514	37	49
924	513	40	50
924	513	40	49
924	514	40	49
924	513	38	49
924	513	40	50
924	513	38	49
924	512	39	52
924	513	39	50
926	513	35	50
926	513	36	50
925	513	36	50
924	513	40	50
925	513	35	48
926	514	36	48
925	513	38	49
925	513	37	50
924	513	39	50
923	514	39	50
925	513	37	50
924	513	39	49
923	513	41	50
923	514	39	49
923	514	40	48
923	514	39	49
925	514	36	48
925	513	37	50
924	514	39	49
924	515	40	48
923	514	39	50
924	514	38	49
924	513	38	49
921	514	40	49
924	514	37	47
922	514	41	48
924	513	39	49
924	514	38	48
926	514	33	47
924	514	37	48
924	514	38	48
925	514	37	48
923	515	40	47
924	514	38	49
923	514	40	48
923	514	43	47
925	515	38	48
923	514	39	47
923	515	38	48
924	514	37	48
924	514	37	47
923	514	39	48
925	514	35	48
925	514	38	48
923	514	41	48
926	514	34	48
925	514	36	49
925	515	34	47
924	515	37	47
924	514	36	48
923	514	39	48
925	515	35	47
924	514	35	49
923	514	39	48
925	514	37	49
924	515	39	49
925	514	35	48
924	515	37	47
925	515	35	47
925	514	35	48
924	514	38	48
924	515	37	47
924	515	37	47
923	515	39	47
924	515	42	48
925	516	37	47
925	516	37	47
925	517	36	48
925	518	35	48
923	518	38	49
925	519	35	47
923	520	39	49
924	522	39	48
924	524	40	47
924	525	39	49
924	525	41	47
923	527	41	47
925	528	38	48
925	529	39	48
924	530	40	48
924	532	40	47
924	532	40	48
927	534	35	47
927	535	33	48
926	535	36	48
925	536	38	48
924	537	42	49
926	539	37	49
926	541	38	48
927	542	35	47
926	542	35	48
926	543	37	47
926	544	40	48
926	544	37	47
926	544	38	48
925	546	39	47
925	547	41	46
926	547	38	47
926	548	37	46
926	546	39	48
927	548	38	48
927	548	37	49
926	549	39	48
925	548	42	49
927	548	37	48
926	548	38	50
926	549	38	49
925	548	38	48
926	549	39	48
925	549	41	46
927	550	36	46
926	549	38	48
925	549	40	49
926	549	35	47
926	550	35	46
925	549	38	48
924	549	41	48
924	550	41	47
926	550	36	46
925	550	38	47
925	549	38	48
927	550	35	47
926	549	37	48
926	550	37	48
925	549	37	49
925	550	37	48
927	551	34	46
925	549	39	49
925	550	36	47
926	550	35	48
927	549	34	48
927	550	35	47
926	550	37	48
926	551	39	47
924	550	39	48
926	551	37	47
927	550	35	48
925	550	38	47
927	549	36	48
927	550	34	47
927	550	35	46
924	550	41	48
925	550	38	47
925	549	39	48
926	551	38	47
925	551	37	47
926	550	38	47
925	551	38	47
927	550	36	47
926	550	36	48
926	550	37	48
925	551	38	47
926	551	36	47
927	551	33	47
925	551	40	47
925	550	39	48
926	551	35	47
926	551	36	46
924	551	38	47
925	551	39	47
926	551	38	46
926	550	36	47
926	551	36	47
925	551	38	47
925	550	36	47
926	550	35	47
927	550	34	48
926	550	37	47
924	551	39	46
925	551	40	45
925	550	41	48
926	551	39	47
925	549	38	49
924	550	41	47
925	550	39	46
923	551	44	47
925	551	42	46
926	551	38	46
925	551	39	47
925	550	39	48
926	551	38	47
926	550	36	47
926	550	36	48
925	550	37	47
925	550	39	47
925	551	38	45
925	551	38	46
925	551	38	46
924	551	40	46
926	551	35	47
925	551	38	47
926	550	37	45
925	551	36	46
924	550	39	47
926	552	36	44
925	550	36	47
926	551	35	46
926	550	36	46
927	551	33	46
926	550	35	46
927	550	33	46
926	551	36	45
926	550	34	47
926	550	35	47
925	551	35	46
925	551	36	46
926	550	35	47
926	550	35	46
924	550	38	46
925	549	36	48
926	550	36	47
926	551	33	46
926	551	34	46
926	551	36	46
926	551	34	46
926	551	37	47
926	551	35	46
926	551	34	47
926	551	34	46
926	551	34	46
926	551	35	46
924	550	38	46
926	551	34	46
926	550	34	47
924	550	36	46
924	550	38	47
925	550	36	47
926	550	35	46
924	550	41	47
925	551	37	45
925	551	35	45
924	551	38	46
925	551	35	45
926	551	35	45
927	552	32	44
925	551	36	45
926	551	35	45
925	551	36	47
924	551	39	47
924	551	39	45
927	551	32	45
925	551	35	45
924	551	37	46
926	551	34	46
926	552	34	46
925	551	35	46
924	551	37	46
924	551	37	45
926	551	32	45
926	551	33	46
927	552	33	45
925	551	37	45
926	552	34	45
926	552	33	45
925	552	36	44
924	551	38	44
925	550	36	46
925	552	38	44
924	551	37	45
923	551	40	45
924	552	38	44
925	551	36	45
925	551	35	46
925	550	35	47
926	550	35	45
926	550	34	46
926	551	34	45
925	550	37	45
926	551	33	44
926	552	35	44
925	552	37	43
926	551	35	46
925	551	35	44
927	550	31	46
925	550	36	47
925	551	38	44
925	551	37	45
925	551	34	45
926	552	32	43
926	551	31	45
925	551	33	45
925	551	35	45
924	552	36	45
925	551	35	43
926	551	34	45
924	551	36	45
926	552	35	44
924	551	37	45
924	551	38	46
925	551	34	45
925	552	35	44
925	551	35	45
925	551	35	44
927	552	31	44
926	551	34	46
926	551	32	45
925	551	35	44
926	552	32	43
925	551	34	45
925	551	35	43
927	550	31	46
925	551	35	45
925	552	35	45
925	551	37	45
925	552	35	44
926	551	32	44
926	551	33	44
925	551	36	45
924	551	37	45
923	550	38	44
925	552	34	42
925	552	34	43
924	551	38	44
925	551	36	43
927	551	32	44
924	551	36	44
924	551	37	44
924	551	38	45
925	552	35	43
925	552	35	44
925	552	35	44
924	551	37	45
925	552	34	44
926	551	34	44
927	551	33	43
925	552	37	44
924	550	39	45
925	551	36	44
924	552	37	45
925	551	36	44
925	552	38	43
926	552	35	43
925	551	37	44
925	551	36	46
925	551	35	44
924	551	39	44
924	552	36	44
922	551	41	45
924	551	36	43
922	551	39	45
925	551	36	43
925	552	35	44
924	552	37	44
927	552	32	44
927	552	33	44
926	551	35	44
925	551	36	44
924	551	38	45
923	552	38	43
924	551	38	44
925	552	36	44
927	552	33	45
927	551	35	45
926	552	37	45
924	552	39	44
923	552	39	44
926	552	36	43
926	553	35	42
926	552	33	42
925	551	36	44
924	552	39	44
923	551	41	44
925	552	35	42
925	552	36	44
924	552	37	43
925	552	36	44
924	552	39	43
925	552	34	44
925	551	35	45
924	552	37	44
925	552	36	44
926	552	34	43
924	551	37	45
923	552	37	44
924	551	36	43
924	552	36	43
926	552	33	43
925	552	33	42
924	551	35	44
922	552	38	44
923	552	36	43
923	551	36	45
923	551	36	45
921	550	41	46
922	550	42	46
923	552	36	43
921	551	41	44
923	552	36	42
922	551	37	44
924	552	34	41
924	551	35	44
923	552	36	43
924	552	33	42
924	552	35	43
924	553	34	42
925	552	32	43
925	551	35	44
922	551	40	43
923	551	39	44
923	552	39	42
922	552	39	43
925	552	35	43
924	552	36	43
923	552	36	43
924	553	33	43
925	552	33	45
924	551	36	44
925	553	32	42
924	552	33	43
922	552	37	44
924	552	35	43
923	551	37	43
924	552	38	44
923	552	37	44
924	552	36	44
924	553	36	42
924	552	35	42
923	553	39	42
921	551	41	43
923	553	37	42
924	552	35	42
924	553	34	43
921	552	40	42
922	551	38	43
924	552	35	43
924	552	34	43
923	552	38	43
921	552	42	43
925	552	33	43
923	552	35	43
923	552	37	43
925	552	32	44
924	553	34	42
924	553	34	42
923	552	36	43
924	551	33	44
924	552	35	43
924	553	31	42
924	552	32	43
925	552	31	42
925	552	32	43
922	552	37	43
924	552	35	43
924	552	33	42
924	551	33	43
925	553	33	42
924	552	36	42
924	552	35	42
924	552	37	42
925	552	33	43
923	552	36	43
923	551	37	42
922	552	38	42
924	552	36	43
923	552	39	42
924	552	36	44
923	552	36	41
924	552	34	41
924	552	35	42
924	553	36	41
922	553	37	42
925	552	33	41
923	552	36	42
925	552	34	42
924	553	35	41
923	551	36	42
925	552	33	43
925	552	34	41
924	552	35	42
924	552	37	42
926	553	32	40
927	552	32	41
927	552	32	42
926	551	34	43
926	550	34	45
925	550	35	43
926	552	35	43
926	552	36	42
928	552	32	42
928	551	33	43
925	548	38	46
925	551	36	44
928	553	34	41
927	553	35	41
927	551	34	44
928	553	32	42
929	553	32	41
930	553	31	41
928	553	33	40
927	553	36	40
928	552	33	42
927	553	35	41
926	551	37	43
926	551	37	43
925	551	38	43
928	552	34	42
927	552	36	41
928	552	34	41
928	552	34	41
929	553	34	41
928	553	36	40
928	552	34	40
928	552	36	41
928	552	36	41
928	553	35	40
926	552	36	42
927	553	34	40
929	553	32	41
927	552	34	41
929	553	31	39
929	553	32	41
930	553	31	40
930	552	30	42
929	552	32	41
928	553	34	40
929	553	34	40
929	553	35	40
929	552	34	41
930	552	31	41
929	553	31	41
930	553	32	40
930	552	31	42
930	553	31	41
928	552	33	42
929	554	31	40
928	553	34	41
929	553	31	41
928	553	33	40
928	553	33	40
928	553	32	40
926	552	36	41
926	553	36	41
925	552	38	42
926	552	38	42
925	553	39	41
926	552	35	40
927	553	35	41
928	553	34	40
927	553	36	40
928	553	35	40
927	553	36	40
927	552	36	42
927	553	35	40
927	553	35	41
926	552	36	42
926	552	36	43
925	552	38	41
927	552	34	41
928	553	33	41
928	553	32	41
927	551	35	45
926	552	37	42
928	552	33	41
929	553	32	42
927	553	34	42
929	552	31	41
928	553	32	40
930	553	31	41
929	552	33	42
927	552	34	42
926	552	37	41
928	553	33	40
927	553	35	40
927	553	34	40
928	553	34	40
930	553	30	41
928	553	33	39
929	553	32	40
928	552	34	41
928	552	34	42
927	551	35	42
926	552	36	41
928	552	34	42
929	552	31	41
928	553	33	40
928	553	34	40
927	553	35	40
928	552	32	40
928	553	34	41
928	552	33	42
927	552	34	40
928	552	34	41
927	552	37	40
927	554	35	37
928	553	34	39
926	552	36	41
927	552	34	41
929	553	30	38
928	553	33	40
926	552	36	41
928	553	33	39
927	554	34	39
926	553	35	41
926	552	36	40
927	553	35	40
927	552	34	40
927	552	32	41
928	552	33	40
926	551	34	42
926	552	36	40
925	553	36	40
924	552	41	41
926	552	36	41
926	552	35	42
925	552	37	41
925	551	38	42
925	552	36	40
924	551	38	41
926	553	32	39
926	551	33	42
925	552	36	40
926	552	34	40
928	552	31	39
925	551	36	41
927	553	32	39
926	552	37	41
927	552	33	40
928	552	30	40
928	553	33	39
927	552	33	40
926	552	34	40
926	552	35	40
926	552	35	40
926	552	34	40
926	553	35	39
926	552	37	41
926	553	35	39
926	553	35	39
928	551	31	40
926	552	35	40
925	550	35	42
927	553	33	39
926	553	35	39
925	552	35	41
926	552	34	40
926	551	35	41
927	552	31	40
926	552	34	40
927	551	34	41
924	552	37	40
925	551	36	41
925	552	36	41
925	552	36	40
926	551	36	41
927	553	32	39
927	552	32	40
926	552	34	40
927	552	31	40
927	552	33	40
926	552	33	40
925	552	34	41
928	553	30	39
926	553	35	39
925	552	35	40
925	552	34	40
926	551	33	40
926	551	32	41
925	551	36	40
926	551	33	41
927	552	31	39
926	552	34	39
926	551	35	41
927	551	32	41
926	551	35	40
927	552	33	40
924	549	38	43
925	552	36	39
926	552	35	40
928	552	29	39
927	551	32	40
928	552	30	39
927	552	32	39
926	552	34	40
925	552	36	40
925	552	38	40
925	552	36	38
924	551	36	40
927	552	31	40
926	552	33	40
926	552	33	40
926	551	34	41
924	552	37	40
923	552	39	39
923	552	38	38
925	553	37	37
924	551	39	39
923	551	40	39
924	552	38	40
926	552	34	39
925	552	36	39
925	552	36	39
923	551	40	41
925	552	37	39
925	553	36	39
924	552	36	40
926	553	33	39
926	552	33	39
926	552	33	39
926	552	33	39
926	552	33	39
925	553	34	38
926	552	34	39
927	552	31	39
925	551	35	41
926	552	33	40
925	551	37	40
925	552	37	39
925	553	35	37
927	553	35	38
926	553	36	39
926	553	33	38
925	552	34	40
925	552	37	39
925	552	37	39
924	553	36	39
924	551	36	39
922	551	40	41
921	551	41	41
923	552	38	40
924	552	36	39
925	552	34	40
926	552	32	39
926	552	31	39
926	552	33	39
925	551	33	41
924	551	36	40
924	552	34	39
924	552	34	39
925	552	33	39
925	551	33	40
926	551	31	39
926	552	31	39
925	552	33	39
927	553	30	39
926	552	31	38
926	551	32	40
924	551	35	40
926	552	31	38
926	551	32	39
925	552	34	38
925	551	33	40
925	552	34	38
925	551	35	40
925	552	35	40
926	551	33	40
925	551	36	40
924	552	36	38
926	553	33	38
926	552	33	37
926	551	33	39
925	551	34	40
925	551	34	40
925	551	34	41
926	550	31	40
926	551	31	39
927	551	30	40
926	552	31	39
926	553	33	39
926	552	32	39
925	551	33	39
925	551	33	40
925	551	35	39
924	552	36	39
924	552	35	39
925	552	33	39
926	552	32	39
926	551	33	40
925	552	33	40
926	551	32	39
925	553	32	38
925	552	33	39
926	552	32	38
925	552	32	38
926	552	31	38
926	552	30	39
925	551	33	41
927	552	29	39
925	551	33	39
924	551	35	40
925	552	33	39
924	550	34	41
925	551	33	40
927	551	28	39
927	552	29	39
925	552	33	38
926	551	31	39
924	551	36	39
925	551	34	39
925	551	33	39
926	551	35	39
926	551	34	40
926	551	34	39
926	551	31	39
926	551	31	41
925	551	33	39
924	550	35	41
926	552	31	39
927	552	29	37
925	552	32	38
925	552	35	39
925	551	34	39
925	551	34	40
925	551	35	39
924	552	36	38
925	552	35	38
925	552	34	39
925	551	34	39
925	551	33	40
924	551	34	39
923	550	36	40
923	551	37	39
924	551	36	39
924	552	34	38
926	552	30	37
925	552	33	39
925	551	31	40
926	552	32	40
925	552	33	39
924	551	34	39
926	551	32	39
924	552	35	39
925	552	32	38
926	551	30	40
925	552	32	38
925	552	32	38
926	552	31	36
927	552	29	37
925	551	32	38
924	552	34	39
924	552	36	38
924	552	35	38
924	551	33	39
925	552	33	38
925	552	30	37
925	551	31	39
925	552	31	38
924	551	33	38
925	553	30	37
926	552	28	38
925	552	30	38
925	551	30	39
924	551	34	39
926	551	30	39
925	552	31	37
924	552	34	37
925	552	32	39
924	552	33	38
925	552	31	37
924	552	33	37
925	551	30	38
925	551	30	38
925	550	30	40
925	551	31	39
925	551	30	38
924	552	32	39
925	551	30	38
926	552	28	37
926	552	28	37
926	551	28	37
926	552	29	37
925	551	30	38
924	552	33	38
924	552	34	36
925	552	31	38
925	552	31	37
923	551	33	38
926	551	29	38
926	551	27	38
925	551	31	38
925	552	30	37
924	551	32	38
924	551	34	38
925	552	30	37
924	551	33	38
925	552	32	36
926	551	28	38
925	551	33	39
925	552	29	37
926	551	29	39
924	552	33	38
924	551	32	38
923	552	33	37
924	552	31	38
925	553	32	38
926	552	30	35
924	550	32	39
925	552	32	39
925	552	33	38
923	552	35	36
924	552	32	37
925	552	31	37
925	552	30	38
925	551	30	39
924	552	31	35
924	551	33	38
924	552	33	38
923	552	32	38
924	552	31	38
925	552	30	36
925	553	31	36
925	551	30	40
928	552	30	37
926	552	33	36
926	552	31	37
926	553	32	38
924	551	35	40
926	551	32	38
925	552	35	39
925	553	34	38
924	553	36	37
925	553	38	37
927	552	33	38
925	553	37	37
927	553	34	37
931	554	28	35
929	553	32	38
928	553	34	37
931	553	28	37
932	553	28	37
929	553	32	38
932	554	27	37
930	553	31	39
930	552	31	39
931	552	30	38
932	553	28	37
929	552	31	38
932	553	28	36
931	552	30	39
931	553	29	37
932	553	28	37
931	553	29	38
929	553	32	38
933	552	27	38
931	553	29	38
930	554	31	36
933	554	26	36
933	553	27	37
930	552	33	39
930	553	32	38
929	552	33	38
931	553	29	36
931	552	30	37
928	552	33	39
929	553	32	36
931	554	29	35
931	553	28	37
932	553	28	36
930	553	32	37
929	553	32	36
931	553	30	36
932	553	28	38
931	553	29	36
929	553	32	36
929	554	31	36
928	552	32	38
929	554	31	36
931	553	29	34
930	553	31	38
929	553	32	36
929	553	31	37
928	553	33	38
931	553	29	35
931	553	28	37
929	552	32	38
927	553	33	38
928	554	31	37
927	553	34	36
928	553	34	37
928	553	34	36
928	553	32	37
927	552	34	38
929	552	31	38
930	552	30	38
932	553	26	36
931	553	28	37
931	553	29	37
932	553	27	36
930	553	29	37
930	553	29	36
928	553	32	38
928	553	32	38
928	553	31	37
929	553	31	37
928	552	31	37
929	552	31	38
929	552	30	37
931	553	28	38
928	551	34	39
931	553	27	35
930	552	29	37
930	552	30	38
931	553	27	37
932	553	28	36
929	553	31	37
929	552	30	38
930	552	30	37
930	552	30	39
929	553	30	36
930	552	28	36
931	552	28	37
929	552	30	36
929	552	30	38
928	552	31	37
928	553	32	36
928	553	31	36
927	553	33	36
929	553	31	37
930	552	28	37
931	553	27	36
929	552	32	38
929	553	29	35
930	553	29	37
930	554	28	35
931	552	29	38
930	552	30	37
928	552	33	37
927	552	34	38
926	552	36	38
928	552	33	38
929	552	31	37
930	553	31	37
929	552	33	36
930	552	30	37
931	552	29	37
929	553	31	36
930	552	31	38
931	551	28	39
929	552	30	36
930	552	29	36
929	552	30	38
929	552	30	36
930	552	29	37
929	552	30	35
927	552	34	36
926	552	34	36
927	551	33	36
928	553	32	35
929	552	28	35
928	553	29	35
927	552	32	34
929	553	30	34
927	553	32	35
925	551	35	38
925	552	35	36
927	552	32	36
927	552	31	37
928	552	31	37
929	552	28	34
927	551	32	36
927	552	32	35
928	551	32	37
929	552	28	36
928	551	30	36
930	552	26	36
928	552	31	36
926	551	33	37
926	552	32	36
928	552	29	35
927	552	30	35
925	552	35	36
925	551	35	39
925	550	36	40
922	552	41	37
926	552	32	35
926	552	34	34
927	552	33	35
927	552	32	36
927	551	32	37
926	552	34	36
926	551	34	37
926	552	35	37
926	551	36	37
925	551	36	37
925	552	35	35
925	552	35	35
926	552	34	37
926	553	32	34
927	553	31	34
927	552	33	35
928	553	31	35
927	552	33	36
926	550	35	39
928	553	32	36
927	552	31	36
926	552	34	37
925	551	35	38
926	552	34	36
928	552	32	36
927	552	33	37
927	551	34	36
927	553	35	35
925	552	37	37
925	551	36	36
925	551	36	37
926	552	34	35
926	552	34	37
927	552	34	36
928	552	30	33
928	552	30	34
927	551	32	35
926	551	33	36
926	552	31	34
926	551	32	36
926	552	32	34
927	552	30	35
927	552	29	34
926	551	33	37
928	552	30	35
927	552	31	34
926	552	33	36
926	552	33	35
926	552	34	34
926	552	33	35
927	552	32	35
927	553	32	33
928	552	30	35
926	552	33	35
927	552	30	35
927	552	30	35
926	552	33	36
925	552	34	37
927	552	30	34
927	552	30	35
926	552	32	35
928	552	30	34
927	552	31	36
926	552	33	35
928	552	31	35
927	552	31	34
927	551	32	35
927	552	31	35
926	552	32	34
926	552	32	35
926	552	33	36
925	552	34	37
929	552	29	38
927	552	30	36
928	552	29	35
927	552	29	34
927	553	30	34
927	553	31	34
926	553	31	34
925	553	34	35
925	552	33	35
927	552	31	35
926	553	31	34
926	553	32	34
926	552	32	35
925	553	33	36
927	553	28	33
926	552	32	35
927	553	32	33
927	552	32	34
926	553	34	35
928	553	31	32
928	552	30	35
927	552	31	35
927	553	30	34
928	552	29	35
928	552	28	35
926	553	31	35
925	552	33	35
925	552	33	36
925	552	34	34
926	552	33	36
926	551	33	37
925	552	33	35
927	553	30	33
926	552	33	35
925	552	33	36
925	553	33	34
926	552	31	35
926	552	31	35
927	551	29	36
927	552	28	34
926	551	30	36
927	552	29	34
929	552	25	33
926	552	32	33
927	552	31	34
926	552	31	35
927	552	29	34
927	552	29	33
928	552	30	32
927	551	31	34
925	551	34	35
926	552	31	34
927	552	28	34
927	551	30	35
928	552	29	35
925	551	33	37
925	552	34	35
926	551	31	35
927	552	29	34
926	551	30	36
927	552	29	35
927	551	32	33
926	551	33	35
926	551	32	36
925	551	35	37
926	552	33	34
926	552	32	34
927	552	29	35
929	552	26	33
928	551	28	34
927	551	30	35
926	551	31	35
925	550	34	36
925	550	34	35
925	551	33	34
927	551	30	34
927	552	32	33
925	550	33	35
925	550	34	36
926	551	31	34
926	551	30	34
926	552	30	34
926	551	32	34
927	551	31	35
927	551	29	35
925	551	33	35
926	551	31	35
926	551	29	34
925	551	31	34
925	552	31	33
926	551	29	33
925	552	32	34
926	551	30	34
927	551	29	34
926	551	29	36
925	552	34	34
927	552	32	35
926	552	32	33
927	551	30	34
926	551	31	35
926	551	29	36
926	551	31	35
926	552	30	34
925	551	32	34
925	551	31	36
926	552	30	35
926	551	31	35
926	551	31	36
925	551	32	35
925	551	31	35
926	551	30	36
925	551	31	35
927	552	28	33
927	552	30	33
926	551	30	35
925	552	32	34
925	552	33	34
925	552	33	34
925	552	34	34
924	552	34	35
924	552	34	34
925	552	33	33
925	552	32	34
926	552	31	33
927	552	28	33
927	551	28	34
926	551	30	35
926	551	29	34
926	552	32	33
925	551	34	34
925	552	34	34
924	552	35	34
925	552	32	33
926	552	29	34
925	552	31	33
924	552	33	33
922	551	38	35
924	551	34	35
923	552	37	32
926	552	30	32
926	552	29	33
926	552	32	33
925	552	34	32
924	552	35	32
926	553	29	31
926	552	30	32
927	552	29	31
927	552	30	33
928	552	27	32
927	553	29	30
927	552	28	32
927	552	28	33
926	552	29	33
925	551	31	35
925	552	33	34
925	551	33	34
924	548	34	38
924	551	34	36
924	551	35	35
926	552	33	33
926	552	32	33
926	552	30	34
926	552	30	34
925	551	30	33
927	553	27	33
927	552	28	33
926	552	29	32
927	552	26	32
927	552	26	31
927	552	28	32
926	552	30	33
927	552	30	33
927	553	27	32
927	552	28	31
927	552	26	32
926	552	28	34
927	552	27	32
926	553	29	32
926	553	28	32
925	553	32	29
926	552	28	31
926	552	29	32
926	552	31	31
926	552	30	32
927	552	28	31
926	553	30	30
926	552	29	32
924	552	34	32
925	552	33	33
926	552	31	32
927	552	27	32
928	552	25	32
928	552	26	31
927	552	26	32
925	552	30	32
926	552	28	31
928	552	24	31
926	551	28	33
925	552	31	32
925	552	30	32
926	552	27	32
927	552	26	32
926	552	27	30
925	552	31	32
925	552	31	32
925	552	29	31
925	551	28	33
925	552	29	33
925	552	28	32
927	552	27	31
926	552	27	30
925	551	28	30
928	552	25	32
928	552	26	31
927	552	26	32
926	551	27	31
925	552	29	33
926	552	27	32
925	552	29	32
926	552	27	31
926	552	29	32
926	551	28	32
927	552	25	32
927	551	26	32
925	550	29	33
928	553	24	31
927	552	25	32
927	552	26	31
927	552	27	32
928	552	24	30
927	552	26	32
927	553	25	30
926	552	26	31
926	552	28	30
924	552	31	32
925	552	28	31
926	552	27	32
927	552	25	31
926	552	27	31
926	551	27	33
925	552	28	31
927	552	25	31
927	552	25	31
926	553	27	30
926	552	28	32
926	551	26	33
925	552	28	34
925	552	29	31
926	553	26	30
926	552	27	32
927	552	26	31
926	552	26	32
927	551	26	32
925	552	28	32
925	552	28	31
927	552	26	32
925	552	29	32
925	552	28	31
927	552	25	30
928	552	25	31
926	552	26	32
926	551	27	32
927	552	25	31
926	551	27	32
926	552	27	31
925	552	28	30
926	552	28	31
925	552	30	31
924	552	29	32
924	551	32	32
924	551	31	33
923	552	32	31
924	552	31	31
925	552	30	32
926	552	27	30
925	552	28	31
925	552	28	31
925	551	31	31
925	552	30	30
926	552	29	30
925	551	29	31
925	551	29	32
925	552	29	31
924	552	28	32
925	551	30	32
925	551	31	32
927	552	26	32
926	551	29	32
926	551	28	31
927	551	27	31
926	551	27	32
926	552	26	31
927	553	26	29
926	553	30	29
926	553	29	31
926	554	32	30
927	554	30	30
928	554	31	31
930	553	27	35
926	555	32	31
928	556	29	30
929	556	29	32
926	556	34	32
926	555	34	31
929	557	30	32
929	557	32	31
932	557	25	30
931	558	27	31
929	557	30	35
931	558	28	32
932	557	27	33
929	558	32	31
930	557	30	33
928	558	32	32
931	558	29	30
931	558	29	31
935	558	24	29
933	558	27	31
934	558	25	30
933	557	28	32
932	558	28	31
931	556	31	35
932	558	28	30
932	558	28	32
931	557	30	33
933	557	26	34
932	558	29	32
933	558	28	33
933	558	28	31
933	558	26	29
933	559	28	30
933	558	27	30
932	558	29	32
933	558	27	30
932	558	29	31
933	557	27	33
934	557	25	33
932	558	29	33
931	558	32	32
932	558	29	31
932	558	29	33
931	557	31	32
931	557	31	33
932	558	28	31
933	557	28	32
933	558	28	31
934	559	26	30
932	557	28	34
932	558	28	31
932	558	30	33
933	558	27	29
933	557	27	31
933	558	27	30
932	557	29	31
930	558	31	32
930	558	32	32
930	557	31	33
933	558	28	30
933	558	27	31
934	558	27	32
933	557	27	33
932	557	28	33
934	558	26	31
934	557	27	32
932	558	29	32
933	558	28	31
934	558	26	32
933	557	29	31
933	557	27	32
932	558	29	29
932	558	29	32
932	558	28	30
933	558	29	31
932	557	28	32
932	558	29	30
933	558	27	31
931	558	30	31
934	558	26	31
930	557	30	33
931	558	31	31
930	558	31	31
933	558	27	30
934	557	25	32
933	557	27	30
932	557	29	33
932	558	29	32
929	557	33	33
928	556	35	33
929	557	32	31
927	558	35	33
928	558	33	34
928	558	33	34
931	558	30	32
929	558	33	29
932	557	29	31
933	558	28	30
932	558	29	31
930	557	31	31
933	558	26	31
933	558	26	30
932	558	29	32
930	556	31	34
932	557	28	32
930	557	30	34
930	557	30	33
933	558	28	29
932	558	28	32
931	557	30	34
929	558	34	31
931	557	29	35
933	557	26	30
934	558	25	29
935	558	23	27
935	558	25	28
934	558	26	31
932	557	28	30
931	557	29	33
935	558	23	28
933	557	26	29
933	558	28	30
931	558	29	30
928	556	34	35
929	557	31	31
932	558	27	30
931	557	29	30
929	557	32	33
926	557	36	32
929	557	33	32
931	557	28	32
933	558	26	31
932	558	28	31
931	558	28	31
929	557	32	33
929	558	32	29
932	558	27	31
932	557	27	31
929	558	30	29
932	558	27	32
933	558	25	28
932	558	28	32
931	558	29	28
931	558	29	28
933	558	26	28
932	558	28	28
933	558	27	29
933	558	27	28
932	557	28	32
933	558	27	27
932	558	28	28
933	558	27	29
930	558	30	30
933	558	27	30
932	558	27	31
930	557	30	31
931	558	29	31
930	558	30	32
931	558	29	29
932	558	28	27
933	558	26	28
932	558	27	28
933	557	27	28
930	558	30	33
934	558	26	29
933	559	26	29
932	558	28	28
932	558	29	29
933	558	27	29
932	558	28	29
933	558	26	29
934	558	27	30
934	558	26	30
932	557	28	34
932	558	27	30
930	557	31	32
931	558	30	30
930	558	30	32
931	558	29	27
930	558	30	29
932	558	29	29
932	558	29	32
933	558	27	30
933	558	27	28
933	558	27	26
933	558	28	31
932	558	28	30
932	558	26	28
932	558	28	29
932	558	26	29
933	559	25	27
934	559	24	26
933	559	26	27
934	558	25	27
934	558	25	26
933	559	26	27
934	558	24	26
934	558	24	27
934	558	24	27
934	558	24	27
934	557	25	28
933	558	27	29
933	558	27	28
934	558	25	29
933	558	26	28
934	557	26	29
932	558	29	28
931	558	30	28
931	558	28	26
930	558	29	27
931	558	26	29
930	558	30	28
932	559	26	26
931	558	28	29
931	558	29	29
934	558	25	29
933	558	27	29
933	557	26	30
932	558	29	30
929	558	31	29
929	558	31	29
931	558	29	29
932	558	27	31
932	558	28	27
932	558	28	31
930	557	29	32
933	558	25	28
932	558	27	28
933	559	26	27
932	558	27	26
932	558	27	28
932	557	27	27
932	558	25	29
934	559	23	25
933	558	25	26
933	558	26	27
933	558	26	28
933	558	27	26
933	557	27	27
933	558	26	26
933	558	27	25
933	558	26	27
933	558	27	31
933	558	28	29
931	557	29	28
932	558	27	27
931	558	28	26
934	558	24	26
933	558	26	30
933	558	26	27
933	558	26	27
933	558	26	29
933	558	25	28
933	558	26	28
932	558	26	28
932	558	26	27
932	558	26	26
934	559	25	26
933	558	26	26
934	558	24	26
934	559	25	25
933	558	25	26
934	558	24	25
933	558	25	25
934	559	24	25
934	558	25	27
933	558	26	27
932	558	27	27
933	558	26	26
933	558	26	27
932	558	27	27
933	558	25	26
933	557	26	28
933	558	27	26
933	558	25	27
932	558	27	27
932	558	26	27
933	559	24	26
933	558	25	26
934	558	23	26
934	557	24	27
934	558	24	27
934	557	23	29
934	558	25	29
933	558	25	27
933	558	23	27
933	558	25	26
932	558	26	27
931	558	27	27
934	558	24	27
934	558	24	26
933	558	25	26
933	558	26	26
932	558	26	29
933	557	23	27
934	558	24	28
932	557	27	28
930	558	28	30
930	558	29	26
928	557	32	28
930	559	28	26
931	558	26	28
932	557	27	28
931	557	26	30
932	558	25	29
933	558	24	27
933	558	26	26
931	558	27	28
932	558	26	27
933	558	27	27
932	558	28	27
931	558	29	27
933	557	26	27
932	558	27	26
929	557	30	28
933	558	24	27
931	558	27	29
933	558	23	26
934	559	24	24
933	558	23	25
934	558	22	26
933	558	26	28
932	557	26	27
932	558	25	26
933	558	25	26
932	557	26	28
932	558	26	27
932	558	25	26
933	558	26	27
931	557	28	29
931	557	27	29
931	557	27	28
929	556	30	29
931	557	26	27
930	557	30	27
929	557	30	27
932	558	27	27
933	557	26	27
933	558	26	25
933	557	26	26
933	558	26	26
932	557	26	27
930	557	30	27
932	556	26	29
933	558	23	26
932	557	27	27
932	558	25	26
934	558	21	26
934	558	23	26
933	557	25	27
932	558	25	26
932	558	25	27
934	558	22	27
933	557	25	27
934	558	21	25
934	558	24	25
933	558	23	25
934	557	23	27
933	557	25	27
933	558	26	25
933	558	26	26
932	558	25	25
933	558	26	25
930	557	29	27
932	558	27	27
933	557	25	27
932	557	27	27
932	557	27	27
932	557	26	27
932	557	27	27
932	557	27	29
932	557	27	28
930	557	28	27
933	558	25	26
933	558	26	25
933	557	23	26
932	558	26	25
932	558	26	26
934	558	23	24
933	558	25	24
933	558	26	25
933	557	25	26
934	558	25	25
934	558	26	25
934	557	25	25
934	558	25	25
934	558	25	25
932	558	26	25
933	557	25	26
932	557	28	26
930	557	31	27
932	558	27	26
932	558	26	26
931	557	28	28
933	557	25	25
933	558	26	26
934	558	24	25
934	558	23	26
934	557	24	25
934	557	24	26
932	557	28	26
931	557	30	27
932	557	27	27
932	557	28	27
935	557	22	26
933	557	25	27
933	557	25	26
933	557	25	26
932	557	27	30
934	558	26	26
933	558	26	26
932	557	28	26
931	557	28	28
931	557	29	27
933	557	27	27
933	557	26	26
933	558	27	26
932	556	28	27
932	557	29	27
932	556	29	29
931	557	29	28
931	556	30	31
933	557	27	28
933	557	27	27
933	557	27	27
933	557	26	27
933	557	26	26
933	557	27	26
932	558	28	26
934	557	26	26
933	557	27	27
934	557	25	28
933	557	28	27
933	557	26	25
933	558	27	26
933	557	27	25
933	557	27	27
934	557	25	27
934	557	27	26
933	557	26	26
934	557	26	25
933	557	27	26
933	557	27	27
932	557	29	27
933	557	27	24
934	556	26	27
934	557	26	26
934	557	24	26
934	558	26	25
934	557	26	27
932	557	28	25
931	557	31	26
933	556	27	27
933	557	27	26
934	557	25	26
933	557	27	25
934	557	26	25
935	557	25	25
934	557	26	27
935	557	24	25
936	557	25	25
936	557	25	24
934	556	26	26
935	557	24	26
935	558	26	25
935	557	25	26
935	557	24	25
934	557	25	25
933	557	27	26
935	557	27	26
936	557	26	25
935	557	26	25
933	557	26	25
934	557	26	25
934	556	25	24
934	557	26	24
933	557	29	24
933	556	27	25
933	556	28	27
935	557	24	25
934	556	26	26
934	557	27	26
933	555	27	27
931	555	29	29
930	556	32	28
933	555	29	29
932	555	30	28
932	555	28	29
933	556	28	32
936	555	24	28
934	557	27	25
934	556	27	26
934	557	26	25
934	556	26	25
934	557	25	24
933	556	27	26
933	557	26	26
933	556	28	27
933	556	27	26
934	556	25	26
934	556	25	25
935	557	25	25
934	557	28	25
934	556	27	25
933	556	27	26
934	556	26	25
934	556	27	26
934	557	25	25
935	557	25	25
934	555	27	27
933	556	27	26
934	557	26	25
934	557	27	25
935	556	26	27
934	555	28	27
932	558	30	22
935	556	26	26
935	555	24	27
935	557	24	26
936	557	23	25
935	557	25	25
934	557	25	26
934	556	27	26
935	557	24	26
935	556	24	27
935	556	25	25
935	556	26	26
934	556	26	26
935	556	24	28
933	556	28	27
934	556	26	25
934	556	26	27
934	556	26	27
934	557	26	25
936	557	22	24
935	557	25	24
934	556	27	27
933	557	28	26
933	555	29	27
933	556	28	27
934	557	27	26
933	557	27	25
933	556	27	27
934	557	26	24
935	556	27	25
936	556	24	25
934	557	26	26
934	557	26	27
934	556	26	28
933	556	26	27
934	557	26	26
936	557	25	25
933	556	29	27
934	557	26	26
935	557	24	25
934	557	25	27
935	556	26	27
934	557	27	25
935	557	25	24
933	556	28	26
934	556	26	26
935	556	24	26
935	556	24	26
935	557	25	24
936	556	23	25
936	556	23	25
936	556	22	24
934	555	26	28
935	557	25	27
933	556	27	27
932	556	29	28
932	556	29	28
935	556	26	25
935	556	25	27
935	556	24	26
934	555	26	28
935	556	25	26
934	556	26	26
935	557	23	25
936	557	23	25
936	557	23	25
936	557	22	23
934	557	27	26
933	556	28	25
934	556	26	27
934	557	24	25
934	557	24	25
935	557	24	24
936	556	22	26
938	555	20	26
935	556	24	26
936	556	24	26
935	556	24	27
933	557	29	30
933	556	27	26
934	557	26	25
936	558	24	24
935	556	25	27
934	557	26	25
933	556	28	27
934	557	25	24
933	556	28	27
932	557	32	25
933	556	29	27
933	556	29	27
934	556	30	26
934	557	29	25
935	557	25	25
935	557	25	24
935	557	26	25
933	557	28	24
933	557	30	26
933	557	28	26
934	557	27	25
933	557	28	25
933	557	27	26
934	557	26	26
934	558	27	25
934	557	27	24
934	558	27	24
935	558	25	25
934	557	26	26
935	557	26	25
934	557	27	26
934	557	24	26
934	557	26	25
932	557	30	26
933	558	26	26
935	557	25	25
933	557	28	27
933	557	27	26
933	557	28	26
934	557	26	26
933	557	28	27
933	557	29	27
933	557	28	27
934	557	26	26
933	557	27	26
934	557	26	24
934	558	27	24
934	558	27	24
935	558	25	24
935	557	24	26
935	557	25	25
934	557	26	26
934	557	26	27
934	557	26	27
935	557	24	26
934	557	27	25
935	557	26	25
934	556	26	26
934	556	27	27
933	557	28	26
933	557	28	26
935	557	26	26
935	556	25	27
934	556	28	26
935	557	25	27
935	557	24	26
934	557	25	25
937	557	23	25
934	556	27	26
934	556	27	26
934	557	26	26
934	557	26	24
936	557	22	23
935	557	25	26
935	557	24	25
935	557	25	25
936	557	24	25
934	557	27	25
934	557	28	25
934	556	26	26
937	557	22	24
936	557	24	24
934	557	27	25
933	556	28	27
935	556	25	28
933	556	27	28
935	557	25	26
934	556	27	27
936	557	22	24
936	556	24	26
936	556	24	24
937	557	23	24
934	556	27	27
934	557	27	26
934	556	26	26
935	557	24	26
933	556	26	25
934	557	26	26
934	557	26	26
934	557	26	25
935	557	25	25
934	557	28	27
933	556	28	28
934	557	27	27
933	556	29	28
934	557	28	26
934	556	28	26
933	557	31	24
934	557	26	25
933	557	28	26
934	557	27	26
934	557	28	24
933	555	28	28
934	555	28	28
934	556	27	27
934	556	27	27
933	557	29	27
934	557	26	25
935	557	24	25
936	557	25	26
935	557	25	25
933	557	27	25
935	558	25	26
933	557	25	27
934	557	27	26
934	558	25	25
934	558	27	25
934	557	28	27
934	557	26	27
935	558	26	25
934	557	27	25
934	557	26	25
934	558	28	25
935	557	26	25
934	557	27	27
933	558	27	25
931	557	31	27
931	557	30	27
931	557	32	27
933	558	26	27
933	558	26	26
935	558	26	24
934	557	27	26
932	557	29	27
934	557	26	27
933	557	28	28
932	557	31	26
933	557	29	27
934	558	27	25
934	557	26	25
934	557	26	26
936	558	24	23
935	558	25	24
936	558	24	25
933	558	28	26
934	558	28	26
935	557	26	26
933	557	28	27
934	558	27	25
933	556	27	25
935	558	24	24
936	558	23	26
936	558	24	25
937	558	22	24
937	558	21	24
938	558	20	23
937	558	21	25
937	558	22	24
935	558	24	25
936	558	23	24
938	559	20	23
936	558	23	25
940	558	18	24
941	558	17	22
939	558	19	23
935	558	24	24
935	558	25	25
937	558	21	25
935	558	24	25
937	558	22	24
936	557	22	25
936	558	23	24
935	558	25	25
934	557	27	25
934	557	27	25
935	558	25	25
936	558	23	25
937	559	23	24
936	558	23	24
935	558	26	26
936	558	24	25
935	558	26	25
936	558	23	24
937	559	23	24
937	558	22	24
935	557	24	26
936	557	22	24
935	558	25	23
934	559	27	23
935	558	25	24
933	558	27	26
933	558	28	24
934	557	27	25
933	558	28	25
936	558	25	25
935	558	25	24
937	558	22	24
935	558	25	23
936	558	25	23
935	558	25	24
935	558	26	24
935	558	24	24
936	558	23	25
934	557	25	27
936	558	23	26
933	558	27	26
933	558	27	27
932	558	29	26
935	557	25	26
935	558	24	24
935	558	24	25
937	558	22	26
935	558	25	26
935	558	25	25
935	558	25	24
936	558	24	24
935	558	26	24
935	558	24	25
938	558	21	23
936	558	23	23
935	558	24	24
935	559	25	22
933	558	27	25
935	558	25	24
935	558	24	22
933	559	26	25
933	558	27	25
934	558	24	24
933	558	26	25
937	559	20	24
935	558	23	25
936	558	22	25
934	558	26	25
935	558	24	26
935	558	25	24
934	558	26	25
933	558	28	25
934	558	26	27
933	558	27	25
933	558	28	26
934	558	24	25
932	558	28	27
929	558	32	30
932	558	29	28
932	558	28	24
933	558	25	25
936	557	24	26
934	558	26	25
934	558	26	25
934	558	26	24
932	558	28	25
933	557	27	27
934	558	23	26
934	559	23	25
935	559	22	24
931	559	28	25
931	558	29	26
933	558	26	24
934	558	24	24
935	559	22	23
935	558	24	24
935	558	23	24
933	557	26	26
933	558	25	26
933	558	24	25
934	559	24	24
934	559	24	24
934	558	24	25
933	557	26	25
933	558	25	25
935	558	23	24
934	558	24	24
934	558	23	24
935	558	23	24
933	557	26	27
933	558	25	24
933	557	25	26
934	558	23	25
934	558	24	24
935	559	21	23
935	558	22	24
934	558	23	25
933	557	25	26
934	558	23	25
934	558	23	24
934	559	22	23
932	558	26	25
933	558	27	26
932	558	26	24
932	558	29	23
933	558	26	24
933	558	25	24
933	558	25	25
931	557	29	27
928	558	33	25
930	558	29	26
932	558	26	23
931	558	28	25
934	557	25	26
933	558	25	25
929	557	31	26
931	557	30	27
931	556	29	28
932	558	28	27
932	558	27	25
932	558	25	24
930	558	30	27
932	559	25	23
934	558	20	25
934	558	23	26
932	559	26	24
932	558	26	25
932	558	25	25
932	559	25	25
933	558	23	24
932	559	25	26
931	558	26	25
934	559	22	23
933	559	22	24
933	559	22	25
934	559	21	23
934	559	21	22
934	558	21	24
933	558	24	26
931	558	28	26
932	558	25	26
930	557	28	27
931	557	26	28
929	557	31	28
929	558	30	31
932	559	24	24
933	559	26	25
932	559	28	25
930	557	30	29
933	558	25	23
934	558	22	25
934	559	20	24
933	559	23	24
933	558	24	23
932	558	26	24
933	558	22	23
933	559	23	25
931	559	26	21
931	559	26	25
932	559	23	23
933	559	22	23
933	558	22	25
932	559	24	24
933	559	23	25
932	559	24	23
932	559	26	23
933	559	23	24
933	559	23	24
932	559	24	23
932	558	26	24
932	559	26	25
932	559	27	24
931	558	28	26
932	558	23	23
934	559	22	21
933	559	23	23
934	559	25	23
934	558	24	24
932	558	25	25
930	558	27	25
932	558	23	25
932	558	23	24
934	558	21	24
932	558	23	25
931	558	25	25
934	559	21	22
934	558	20	23
934	558	21	23
934	558	21	25
934	558	22	24
934	558	23	24
933	558	22	24
933	558	21	23
934	558	21	25
933	558	24	23
933	558	21	23
934	558	20	24
933	558	22	25
934	558	21	25
932	558	26	26
931	558	26	26
931	558	25	25
930	558	26	25
932	558	24	25
932	557	22	25
932	558	23	24
932	558	23	25
933	558	25	24
932	558	26	24
928	557	31	27
930	559	25	22
933	557	22	24
932	557	23	26
932	558	23	25
933	558	22	24
933	559	19	21
935	558	19	24
934	557	18	24
933	558	19	24
933	558	22	24
932	558	22	25
932	558	26	24
931	558	27	24
931	558	27	25
929	558	27	24
932	558	23	25
934	558	20	21
934	559	23	22
934	559	24	22
934	559	25	23
931	559	28	23
932	558	25	24
933	559	25	22
934	558	20	24
933	557	22	24
931	558	25	25
932	558	22	23
931	558	23	22
932	558	24	24
932	558	22	23
933	558	21	23
934	558	20	23
934	558	19	24
935	558	19	24
934	557	20	24
934	558	19	23
932	558	22	25
933	559	21	22
933	559	22	22
933	558	25	24
933	558	25	24
931	558	28	25
932	558	26	24
931	558	24	23
930	558	27	25
932	558	23	24
933	559	23	25
931	558	24	25
929	558	25	24
932	558	22	23
933	558	21	23
933	559	20	23
933	558	22	24
931	557	24	26
933	558	20	22
934	558	18	22
934	558	20	24
934	558	19	23
934	558	19	24
934	559	19	22
933	558	20	23
933	559	22	23
933	559	21	23
934	559	21	21
934	558	20	23
934	558	20	23
933	558	24	23
933	558	23	23
932	558	23	23
931	558	24	23
932	558	21	23
933	559	20	22
932	559	22	23
931	558	24	25
930	559	23	24
931	559	23	22
933	559	22	21
932	558	22	23
932	559	25	26
932	559	24	23
932	559	24	23
932	559	22	23
932	559	22	22
932	558	21	24
932	558	21	24
932	559	22	25
933	558	20	23
931	559	23	23
932	558	21	23
933	559	20	23
933	559	21	23
931	559	23	23
932	559	23	24
933	559	21	24
932	558	22	25
932	559	21	23
933	558	21	24
932	559	21	22
932	559	22	23
933	559	21	24
932	558	21	24
933	559	20	24
934	558	20	24
934	558	19	25
934	558	20	25
933	558	20	25
932	558	20	24
932	559	21	23
933	558	20	24
932	558	22	25
933	558	20	25
932	558	22	25
934	558	18	24
933	558	19	23
933	558	21	24
933	558	21	25
932	558	22	25
933	558	20	24
931	558	23	24
934	558	18	24
932	558	21	24
933	559	19	23
933	558	20	24
931	557	22	25
933	558	20	25
934	558	18	23
933	558	20	25
932	558	19	25
931	558	22	25
931	559	21	23
933	558	20	24
934	558	19	24
936	558	16	20
934	558	18	23
933	558	20	24
933	558	20	24
933	559	21	22
933	558	21	23
932	559	21	23
932	559	21	23
934	558	18	24
933	559	20	24
934	558	18	24
934	558	19	23
933	559	19	22
935	559	17	21
933	558	21	24
933	558	21	25
935	558	18	24
934	558	18	25
934	558	19	24
934	558	18	25
934	558	18	23
934	558	19	24
933	558	19	25
933	558	19	24
933	558	19	25
934	559	18	23
934	558	19	23
934	558	19	24
933	558	19	23
934	558	18	20
934	558	18	22
933	559	19	21
934	559	19	23
931	558	20	25
933	558	20	23
933	558	19	24
933	558	20	25
931	558	22	25
931	559	20	24
932	558	21	24
925	558	25	26
911	559	25	21
911	558	24	20
909	558	27	21
909	559	27	23
909	558	22	23
910	558	20	22
909	558	20	22
910	558	19	21
910	558	21	22
910	558	19	21
909	558	21	25
909	558	20	23
909	558	22	24
909	558	21	26
910	558	20	25
910	557	20	24
909	558	20	22
909	558	21	24
910	558	19	23
909	558	20	24
909	557	21	24
909	558	21	23
909	557	20	26
909	558	19	21
909	558	20	23
908	558	21	23
908	557	21	24
908	556	21	25
909	557	20	25
908	558	22	23
908	557	22	26
909	558	20	21
908	557	21	25
908	557	21	22
909	557	20	21
909	557	19	19
910	557	19	20
910	557	20	22
910	557	19	20
909	557	20	21
909	557	21	23
909	557	21	20
909	556	22	22
909	557	20	20
909	556	20	21
909	556	19	21
909	556	21	25
911	555	18	22
909	556	20	21
910	557	18	18
910	556	20	21
910	555	19	22
908	556	20	22
911	556	17	20
910	557	20	22
909	556	20	19
909	556	20	21
909	556	20	21
908	556	20	20
909	556	19	20
909	557	20	19
909	556	18	19
907	557	22	20
908	557	21	21
908	556	20	21
908	556	20	20
908	556	19	21
907	555	21	21
909	556	20	21
908	557	19	19
909	557	19	21
909	557	19	20
908	557	20	19
907	556	20	21
909	557	18	20
908	557	19	21
908	556	20	23
906	557	23	26
905	556	24	25
907	557	22	22
907	557	21	21
908	557	19	21
907	557	20	24
904	556	23	22
907	557	20	21
908	557	18	21
906	557	20	21
908	557	19	20
907	557	20	21
905	557	23	23
904	556	24	27
902	556	26	23
902	557	25	26
902	557	28	27
900	556	28	28
901	557	28	23
903	557	25	24
904	557	25	19
903	557	25	20
904	557	24	20
903	557	25	21
903	557	25	20
904	557	24	22
904	558	23	20
903	558	24	23
906	558	21	20
903	557	25	23
903	557	25	22
903	558	24	22
901	557	27	22
903	557	23	19
905	558	22	19
904	557	22	20
905	558	21	19
904	556	24	23
901	557	26	24
903	557	24	22
903	557	25	24
904	556	24	23
902	557	26	21
903	557	24	20
905	558	21	17
903	557	24	20
903	557	24	20
903	557	23	22
903	557	23	20
903	557	24	19
903	557	25	21
904	557	22	19
902	557	25	23
902	556	25	23
901	557	26	21
903	557	24	22
903	557	23	22
902	557	25	24
902	557	24	21
903	557	24	21
901	557	25	26
904	557	22	21
904	557	22	21
904	557	23	20
904	558	22	20
902	557	25	23
903	557	24	23
904	558	23	24
903	557	23	23
901	557	27	24
902	556	25	24
902	556	25	24
905	557	22	20
904	557	22	22
903	557	23	23
904	557	21	23
903	558	23	24
904	558	20	20
904	557	22	23
904	558	22	22
903	558	23	21
902	558	24	24
903	558	22	22
904	558	20	24
904	558	21	20
902	558	24	21
902	557	24	24
900	557	27	24
902	557	25	22
901	558	26	25
903	557	24	23
902	557	26	23
902	557	24	23
902	557	25	23
903	558	23	22
903	557	24	24
904	557	21	22
905	558	21	21
904	557	22	22
905	558	20	22
902	557	25	26
902	557	26	23
902	557	24	24
903	558	24	21
902	558	25	22
902	557	25	22
904	558	22	20
903	558	24	23
902	558	25	24
903	558	22	21
902	557	24	21
903	558	24	20
903	558	25	21
903	558	24	19
905	557	22	23
902	557	26	25
903	558	23	24
905	558	21	20
908	559	17	17
907	558	18	19
907	559	19	21
905	558	22	24
905	558	22	25
904	558	23	20
906	558	20	19
907	557	18	20
907	559	21	19
906	559	21	23
907	558	19	20
906	558	21	22
904	558	24	21
903	558	25	22
906	557	21	26
905	558	23	22
905	558	23	21
904	558	24	24
904	558	24	22
905	558	23	22
905	558	23	24
905	558	21	22
906	558	22	23
907	558	21	23
908	557	19	23
908	558	18	23
910	558	15	20
907	558	19	23
908	558	17	24
909	558	15	20
909	558	17	23
909	558	17	20
909	558	19	23
907	558	21	24
908	557	19	25
908	558	18	23
907	558	21	22
909	559	18	18
909	559	17	19
909	559	19	20
909	558	19	22
909	559	20	21
907	558	21	21
907	558	20	22
909	558	19	22
908	559	19	21
908	558	19	21
908	558	19	21
908	558	20	22
908	558	19	21
910	558	17	18
908	558	19	22
909	558	20	23
908	558	19	24
909	558	18	24
910	558	17	23
910	558	17	23
908	558	19	24
909	558	19	22
910	558	17	20
909	559	19	22
909	558	18	20
909	558	19	21
908	558	20	22
910	558	17	20
909	558	19	24
909	557	19	24
909	558	19	23
909	558	19	23
909	558	19	24
909	557	18	25
909	557	18	25
909	558	19	26
909	558	19	26
909	558	18	25
909	558	18	23
909	559	19	21
909	559	19	20
909	558	18	20
908	559	20	22
908	559	21	21
908	559	20	22
909	559	18	19
909	559	19	21
909	558	18	21
910	558	18	24
909	558	19	23
909	558	19	24
909	558	20	21
910	558	20	23
910	559	19	21
909	558	19	21
910	559	20	21
909	558	21	22
909	559	20	21
909	559	20	20
909	558	20	23
910	558	20	24
909	559	20	21
909	558	20	24
908	559	21	22
908	558	22	24
909	558	20	23
909	557	21	25
910	558	20	26
909	558	20	24
909	557	22	26
908	558	21	25
910	559	19	20
909	559	20	20
909	558	20	22
910	558	19	22
909	558	20	22
909	559	20	23
910	558	19	24
910	558	20	25
909	558	21	25
910	558	19	25
910	558	19	25
910	558	20	24
910	558	20	21
910	558	21	21
910	558	20	21
911	559	18	19
910	558	20	22
910	558	20	21
910	558	20	21
910	558	21	22
912	558	18	19
912	558	18	20
913	559	17	19
912	558	18	24
911	558	18	21
911	558	22	23
910	558	20	21
911	558	19	23
912	558	18	21
911	557	22	24
911	558	20	22
912	559	19	18
911	558	21	21
910	558	20	22
911	558	22	23
910	558	24	22
911	558	23	21
910	558	23	20
911	558	20	24
910	558	21	24
912	558	18	21
912	558	19	23
912	557	18	25
910	557	22	27
910	557	23	24
909	557	28	28
907	557	29	27
908	558	26	32
907	554	30	28
910	557	25	22
910	558	23	20
912	558	20	20
910	558	25	21
911	557	24	23
910	557	24	24
909	556	24	27
909	556	26	23
909	556	26	23
910	557	26	18
910	556	24	23
910	556	24	23
911	557	22	22
911	557	23	20
913	556	20	19
911	556	22	20
910	556	26	20
910	557	26	22
911	556	23	22
911	555	22	21
911	555	23	20
912	556	24	19
911	556	25	21
912	556	23	19
912	555	23	21
913	555	19	19
913	554	19	21
913	553	20	23
911	556	24	19
909	555	26	21
911	554	23	22
910	553	24	23
909	552	27	23
910	553	26	23
910	553	24	23
909	553	27	23
910	552	25	25
910	552	24	25
910	552	25	23
910	553	24	23
911	552	25	23
910	552	25	24
911	553	21	21
911	553	23	21
912	553	24	22
910	553	26	22
911	551	23	24
910	552	25	23
910	552	25	23
909	552	27	22
909	552	27	24
909	552	29	22
909	551	28	24
910	551	27	24
910	552	26	24
911	551	24	25
911	551	26	23
911	551	25	24
913	550	21	24
911	549	24	27
913	551	20	22
912	551	22	24
911	551	24	23
910	549	29	25
910	549	28	26
910	550	27	26
909	550	29	24
910	551	28	22
910	550	27	22
910	550	28	25
910	550	26	24
912	550	24	22
911	549	26	25
914	550	23	23
917	550	19	23
915	550	22	24
916	550	19	23
914	550	21	25
915	551	18	21
915	550	19	21
915	551	21	20
915	551	22	23
915	551	21	21
912	551	24	23
913	550	20	26
914	551	21	22
913	549	24	25
915	550	19	21
916	551	17	22
917	550	17	23
914	551	20	22
915	550	19	20
916	551	19	21
915	549	21	25
916	551	20	22
915	550	19	21
915	550	22	22
916	551	18	21
915	551	19	21
917	550	17	24
915	550	21	22
916	550	21	22
915	550	22	25
917	551	18	22
916	551	20	21
915	551	20	21
914	551	23	24
914	551	22	24
916	551	20	22
916	551	19	22
913	551	23	24
915	551	21	22
916	550	19	24
916	551	21	23
913	551	23	21
917	551	20	21
916	551	21	21
914	551	23	25
916	551	21	22
913	550	25	25
914	550	22	25
916	552	20	21
915	551	21	22
917	551	19	23
916	550	21	24
918	551	17	21
916	551	19	24
917	551	18	24
916	551	20	24
915	550	21	25
917	551	19	21
917	551	18	22
918	552	16	20
917	551	18	23
918	551	17	24
916	552	21	22
915	551	21	22
915	551	20	23
913	551	24	24
916	552	20	21
916	552	20	21
916	551	21	23
916	551	22	22
916	551	19	22
917	551	19	24
916	551	20	23
915	550	21	24
914	550	22	26
911	550	26	27
911	551	28	23
914	552	24	22
915	550	22	23
915	551	22	24
916	551	19	23
916	552	18	22
917	552	19	22
916	551	20	23
915	551	22	24
916	551	21	24
916	551	19	24
917	551	19	24
918	550	19	24
916	552	21	21
915	551	23	23
916	552	21	22
918	552	19	23
917	549	20	25
917	551	19	23
918	551	18	23
917	552	20	22
917	551	20	23
917	552	20	23
917	552	21	23
917	553	20	22
918	552	18	22
918	552	19	20
918	552	18	21
919	553	17	21
918	553	18	21
918	553	18	23
917	553	18	23
918	553	19	21
918	553	19	21
917	553	18	20
918	552	19	23
916	552	21	24
916	552	23	23
916	552	20	23
918	552	18	22
916	553	21	22
918	552	19	23
917	553	19	22
916	553	20	23
915	554	21	20
916	552	23	23
917	552	20	22
918	553	21	23
916	552	25	23
916	552	23	23
916	553	22	22
918	552	18	24
920	554	15	21
919	553	17	22
917	553	18	21
917	553	21	23
916	552	24	24
917	552	22	24
918	552	20	22
917	551	22	24
917	552	21	23
918	551	20	23
918	554	19	21
917	553	21	23
916	552	22	23
916	553	22	22
918	554	20	21
918	553	19	21
917	551	22	24
916	554	23	21
916	554	22	20
916	553	23	22
916	552	23	24
916	552	22	23
916	552	21	24
916	552	23	24
916	553	24	23
915	553	23	23
917	552	22	25
917	552	23	24
919	554	18	22
919	553	19	23
919	553	18	22
918	553	19	22
919	553	19	23
918	553	20	22
918	554	19	20
918	554	22	21
918	553	21	22
918	553	21	22
917	553	20	22
917	554	21	22
918	554	19	20
917	554	23	21
917	553	21	22
917	553	21	22
918	554	21	21
918	554	20	21
917	554	21	21
917	554	23	21
917	554	21	21
917	554	23	22
917	554	23	22
917	554	22	21
917	553	21	22
918	553	20	21
917	552	24	24
919	554	19	20
918	554	20	21
917	554	21	21
917	553	22	21
917	554	22	22
917	554	23	21
919	554	20	20
920	554	18	20
920	555	17	20
918	553	21	22
919	554	19	22
917	553	23	26
916	552	23	25
918	553	20	22
919	553	20	22
918	552	19	23
919	553	18	22
919	553	19	22
918	554	19	18
918	552	20	21
918	553	21	23
917	552	20	22
919	551	19	24
919	550	18	25
917	551	21	25
919	552	18	22
919	552	17	21
920	551	18	22
919	552	19	21
919	552	20	22
917	552	22	23
918	551	21	23
918	551	21	23
919	550	19	26
917	549	22	27
918	550	21	25
918	550	21	24
918	550	24	25
920	550	19	25
917	550	23	24
918	551	20	21
917	550	22	26
916	550	24	27
918	549	22	27
916	550	27	27
918	549	21	24
917	550	26	25
917	549	23	25
917	550	24	26
917	549	23	25
915	549	28	27
915	549	26	27
913	550	29	25
915	549	26	25
916	549	22	25
919	549	19	21
919	549	18	19
918	549	23	21
917	549	25	24
916	548	27	22
916	549	24	20
916	549	23	20
918	549	20	19
917	549	22	23
916	548	25	26
917	548	22	22
917	548	24	22
917	548	23	22
917	548	24	22
918	548	21	20
918	548	22	20
917	548	22	21
916	548	25	25
916	547	25	29
914	547	29	30
916	546	25	28
917	547	22	26
918	546	21	22
917	548	23	19
917	547	21	20
918	547	23	20
918	547	24	23
917	548	23	23
918	545	22	25
917	543	25	26
917	545	25	24
916	545	24	24
915	545	27	24
917	546	22	22
917	546	21	22
917	546	23	21
916	545	27	24
914	544	31	25
915	543	28	25
916	543	25	25
918	542	22	27
916	545	24	23
917	545	20	23
919	544	19	24
916	542	23	26
919	545	19	23
919	545	18	22
918	545	20	22
917	543	22	25
916	544	26	24
917	544	22	22
917	543	25	25
917	543	23	25
917	543	22	23
916	544	24	23
918	543	22	23
916	544	25	23
913	545	28	26
916	544	22	23
917	543	23	24
914	544	27	24
916	543	25	26
915	544	25	27
917	543	22	24
917	544	22	23
918	544	22	24
917	544	24	20
916	544	28	24
918	543	26	21
917	543	25	25
918	543	21	20
919	543	21	20
919	543	19	18
919	544	19	20
920	544	17	18
920	543	16	19
919	543	18	20
919	544	20	19
920	544	17	20
918	543	21	23
917	542	26	26
914	543	30	30
915	542	28	28
916	542	25	22
917	542	21	20
919	542	18	20
918	543	19	22
918	542	21	21
918	541	20	23
919	542	19	22
918	541	21	23
918	542	19	21
917	541	21	19
918	542	20	19
918	542	20	18
920	542	16	19
918	542	19	20
920	542	16	18
919	542	17	18
920	542	17	18
919	541	18	18
919	542	19	17
918	541	22	19
918	542	19	18
917	541	24	20
918	542	19	17
919	541	18	18
918	542	19	17
918	541	20	18
919	541	18	18
919	542	19	18
918	542	19	18
919	542	18	18
919	541	19	17
919	541	18	18
918	541	19	18
919	540	18	20
917	541	20	19
917	539	21	21
917	540	21	19
918	539	18	21
918	540	19	19
918	540	20	19
920	539	17	20
919	540	18	19
918	540	19	19
919	540	19	19
919	539	17	20
918	539	19	21
919	539	16	21
918	538	19	20
918	539	19	21
919	539	18	20
918	539	20	20
918	538	19	22
917	538	20	22
917	538	20	22
918	539	18	20
920	538	16	19
919	537	17	21
921	538	15	19
919	537	16	17
919	537	19	22
919	536	18	22
918	537	18	23
918	537	19	20
918	537	20	22
917	536	22	22
917	537	21	21
917	536	21	22
918	536	18	22
917	538	21	21
917	536	21	23
916	536	22	23
916	536	22	23
916	536	22	24
916	536	22	23
916	537	22	20
917	536	21	21
917	536	20	23
918	535	20	23
917	536	21	24
918	535	20	22
918	535	19	20
918	535	19	22
918	534	21	21
917	534	22	23
918	535	19	24
917	534	20	26
918	534	19	20
920	535	17	18
919	535	19	21
919	535	18	16
921	535	15	18
921	534	16	19
921	534	15	20
920	534	15	20
920	535	17	19
918	534	19	22
918	535	18	21
918	534	19	24
916	533	21	27
919	533	18	21
919	533	18	22
918	534	19	21
918	534	19	19
918	534	19	22
919	534	19	22
917	533	20	25
919	534	22	25
917	533	22	24
915	533	25	23
915	534	26	24
917	534	21	22
917	534	21	20
917	534	20	19
917	534	22	18
917	534	21	21
917	534	21	21
917	534	20	24
917	535	22	20
915	535	26	25
914	535	27	25
912	534	32	26
910	535	35	27
908	534	39	31
909	532	37	29
911	533	30	31
913	533	26	31
914	533	27	30
914	534	25	28
913	535	26	31
915	531	26	28
913	533	28	27
914	535	25	25
916	534	22	22
917	535	24	25
917	534	19	20
917	534	20	23
917	534	19	21
918	535	21	18
918	535	19	17
919	535	18	19
919	535	16	22
918	535	18	23
917	534	19	25
918	534	19	26
916	533	20	27
918	533	18	27
916	533	20	27
918	534	18	21
918	535	17	19
918	535	19	19
917	535	20	24
918	535	19	22
917	535	19	23
918	535	19	20
917	535	19	22
917	535	19	21
917	535	19	21
917	536	21	19
917	535	22	22
916	535	23	24
917	534	20	24
918	535	19	24
917	535	20	24
916	535	20	25
918	535	18	21
917	535	19	24
917	535	19	22
916	534	22	24
916	534	21	21
916	534	23	21
916	534	21	24
917	534	21	22
916	534	22	23
917	534	19	23
916	535	21	23
914	535	23	23
917	535	21	18
918	536	20	18
917	535	19	21
916	535	21	20
917	535	22	24
916	535	22	20
916	535	22	24
916	535	21	23
917	534	21	23
917	534	21	24
916	535	22	26
918	535	19	23
916	535	22	25
916	535	22	21
915	535	22	23
915	535	25	25
916	534	21	24
915	535	23	25
916	535	23	24
916	535	23	21
916	534	22	22
915	535	27	27
914	534	27	26
915	534	24	24
917	535	20	22
916	534	22	25
915	535	24	25
916	535	21	22
916	536	24	24
917	534	21	22
916	535	22	22
918	536	19	21
917	535	19	25
916	535	22	24
915	535	25	20
915	535	25	22
913	535	29	24
911	535	31	25
912	534	28	30
914	535	24	29
916	534	22	25
917	534	21	23
915	534	23	27
916	535	21	25
919	535	18	21
918	536	18	21
918	536	16	22
917	536	20	23
915	535	22	21
916	535	20	21
917	535	20	23
918	535	19	23
917	535	20	22
916	535	22	23
917	536	20	24
915	535	22	24
915	535	21	24
916	536	20	21
917	536	19	23
917	536	19	22
918	536	17	18
918	537	17	18
917	536	19	20
917	536	19	22
917	536	18	23
916	536	20	24
917	536	20	19
916	536	21	20
915	536	22	19
914	536	24	23
914	537	23	21
915	537	25	24
916	537	22	22
917	535	20	23
917	537	21	22
918	536	18	19
916	537	21	16
916	537	21	19
916	537	20	22
918	537	17	20
917	536	18	19
918	537	18	20
917	537	19	16
917	536	21	19
917	536	21	21
914	535	25	23
912	535	28	23
912	536	26	23
913	536	24	21
916	536	20	24
912	536	25	24
915	536	22	24
912	536	26	23
915	536	26	24
916	536	25	23
916	536	21	18
914	536	24	24
914	535	25	22
914	536	24	20
915	535	23	23
917	537	20	21
917	536	20	19
915	535	23	22
914	537	25	23
916	536	22	21
917	536	18	20
917	537	19	21
917	536	19	23
916	535	21	25
916	536	21	25
916	535	21	24
917	536	20	24
915	536	23	23
914	535	24	24
916	536	21	21
916	536	21	23
917	536	20	18
918	536	17	22
919	536	16	22
919	536	17	20
918	536	19	23
918	537	19	18
918	536	20	21
917	536	20	19
918	535	19	22
918	536	18	20
917	536	18	20
917	536	18	22
916	536	21	23
916	536	20	22
915	536	21	23
917	536	19	22
917	536	19	23
918	537	18	23
917	536	20	19
914	536	22	24
916	536	20	24
916	536	21	24
917	536	19	22
917	537	18	20
917	537	19	22
917	536	22	23
918	536	18	22
916	536	22	23
917	535	20	22
916	537	19	23
919	535	18	20
919	536	19	23
917	537	20	24
914	534	23	23
912	535	26	24
916	536	21	22
915	536	22	25
918	535	19	24
916	536	21	23
916	535	21	22
914	536	22	22
915	537	22	22
913	536	25	21
911	536	27	24
912	536	26	25
916	537	22	20
914	537	26	25
916	536	23	23
915	535	23	21
915	536	22	24
917	536	18	21
916	537	20	21
917	537	19	22
915	535	21	26
916	535	20	24
916	536	20	24
917	536	19	23
917	535	20	22
918	536	17	24
916	537	19	21
915	536	20	24
917	537	19	21
915	537	20	21
914	536	22	22
913	537	24	23
915	537	22	21
915	537	24	23
916	537	20	22
918	537	17	23
918	535	18	25
918	536	19	26
918	537	17	22
917	538	18	22
917	537	18	23
917	537	20	22
917	537	20	19
918	536	18	20
918	536	19	22
919	536	17	23
918	536	18	21
916	536	22	24
916	536	22	24
914	536	23	23
915	535	23	24
917	537	19	19
915	537	21	23
915	537	22	22
916	537	20	23
916	536	20	22
914	536	22	25
918	536	20	23
914	536	24	26
916	536	20	26
914	535	24	27
915	536	23	26
916	535	21	24
919	535	18	25
918	536	18	24
918	535	19	24
917	535	20	28
916	536	24	27
916	536	22	29
919	535	19	27
916	536	22	26
914	536	27	25
914	536	24	26
916	535	21	25
916	534	21	22
917	536	20	23
917	536	20	23
916	536	19	22
916	536	22	25
915	536	23	24
915	536	21	24
917	536	19	20
918	535	17	25
915	535	20	27
916	534	23	22
915	534	22	22
914	537	24	25
916	535	22	23
917	535	19	21
917	537	21	21
918	537	19	18
917	536	20	20
918	536	18	16
918	539	19	21
916	536	20	24
916	535	22	25
917	535	21	25
918	536	17	20
917	536	20	24
918	536	17	22
918	537	16	24
917	536	18	23
918	536	17	21
916	535	18	22
916	536	21	22
917	536	18	18
915	535	20	23
915	535	20	19
917	535	19	16
916	537	20	20
916	535	20	18
916	536	20	18
917	536	18	20
916	536	21	22
914	535	21	21
918	535	18	20
917	534	17	20
918	535	17	20
917	534	19	23
916	535	19	21
918	535	17	26
917	535	18	25
916	536	20	24
915	535	20	25
917	534	19	22
916	534	22	25
916	534	22	27
913	534	25	28
916	534	21	24
914	534	23	25
914	534	24	26
914	534	22	28
916	534	20	26
914	535	22	27
917	535	20	23
917	535	18	20
916	535	18	20
917	535	18	20
916	535	18	24
917	536	16	20
916	536	19	22
916	535	21	26
914	535	24	24
914	535	25	25
912	536	25	20
912	535	28	23
911	535	29	28
913	535	25	22
913	534	24	26
917	537	20	22
918	536	17	19
917	536	17	22
916	535	20	25
915	534	22	26
916	535	19	25
917	536	19	20
917	536	18	20
917	535	18	23
917	536	19	22
915	535	22	24
917	536	18	25
914	537	21	25
914	536	21	21
913	537	24	22
915	537	20	20
916	538	23	19
916	539	21	16
916	538	22	20
916	537	22	21
916	537	21	20
916	537	21	22
913	537	26	25
912	536	29	24
912	538	28	25
913	537	25	22
913	539	25	21
910	539	26	19
915	537	22	22
914	536	25	23
914	537	23	22
915	538	22	21
913	539	24	20
915	539	21	20
915	540	22	19
914	538	24	22
913	539	25	24
912	538	27	22
910	539	30	22
910	540	31	20
910	540	31	20
909	540	32	24
909	540	29	26
911	540	28	27
913	540	24	19
912	541	25	20
913	540	23	19
915	542	21	16
913	541	24	19
912	541	29	18
914	540	26	19
915	541	22	21
914	541	21	16
915	541	22	18
915	541	22	18
915	541	20	18
916	542	19	18
914	541	22	18
915	542	20	19
914	541	23	18
913	542	23	19
911	542	25	18
912	541	26	18
914	541	23	19
916	542	20	18
917	542	19	17
916	542	21	18
914	542	22	17
914	541	23	20
914	541	22	18
915	541	20	18
917	542	20	17
917	542	17	18
916	542	20	17
917	542	18	16
915	543	21	17
914	542	23	18
915	542	22	18
915	542	21	17
915	543	22	21
915	542	21	17
914	542	24	18
915	543	21	18
916	542	21	17
915	542	21	17
914	543	21	17
914	542	22	19
913	543	27	17
913	541	25	21
915	542	19	16
915	543	20	16
916	543	19	15
916	543	17	15
918	544	15	13
917	545	17	15
916	543	17	16
917	544	15	14
917	543	16	15
915	544	18	16
917	543	17	20
914	544	22	21
912	544	24	21
915	543	21	22
913	543	23	26
914	543	22	22
915	543	20	24
913	543	22	26
915	544	18	28
916	544	18	24
917	543	17	21
915	545	19	18
914	544	21	19
917	545	17	17
915	544	20	20
913	544	24	21
912	543	24	26
911	544	31	26
909	543	36	32
910	543	28	31
908	543	32	36
910	539	28	31
913	544	25	30
911	544	27	32
911	544	27	33
911	545	24	32
911	540	26	31
910	544	30	30
909	544	33	35
909	544	27	40
908	542	29	38
910	543	27	34
910	545	27	33
912	544	23	31
910	545	26	33
913	544	22	34
911	540	27	32
910	543	28	29
909	544	32	35
910	543	28	29
912	545	24	27
913	545	20	33
912	540	24	33
913	544	24	34
911	543	26	37
910	545	27	40
911	544	31	47
908	538	36	41
910	546	31	34
911	546	28	30
911	547	25	30
912	547	24	28
913	548	23	27
912	548	27	27
914	545	22	31
915	545	19	29
916	547	16	22
918	548	14	19
917	549	15	17
916	549	17	18
916	548	17	14
916	550	17	17
914	549	18	18
