1127	835	73	49
1119	835	79	47
1119	832	75	48
1117	830	72	47
1114	828	74	46
1111	826	74	47
1112	825	70	45
1105	822	74	45
1102	820	73	45
1102	819	70	43
1097	818	73	44
1098	815	69	44
1095	813	70	44
1092	811	69	43
1089	809	70	45
1089	806	65	45
1086	805	66	43
1084	804	65	43
1079	802	69	43
1079	800	66	44
1079	798	62	45
1074	797	65	44
1072	795	65	45
1070	795	64	41
1067	793	65	43
1065	793	64	41
1063	792	63	40
1063	789	62	42
1060	787	60	43
1058	786	61	43
1054	786	64	42
1054	785	62	40
1051	783	61	41
1048	783	61	39
1048	780	60	41
1046	780	59	40
1042	778	61	40
1041	777	59	41
1041	777	57	40
1038	776	58	39
1036	775	59	40
1034	774	59	39
1032	773	57	38
1029	772	59	39
1028	771	57	39
1025	771	58	37
1025	769	55	38
1022	768	57	39
1021	767	56	41
1019	767	55	37
1015	766	59	37
1014	765	57	38
1014	764	55	38
1011	764	54	37
1010	762	53	40
1008	761	54	39
1006	761	54	38
1005	760	52	38
1003	759	53	41
1002	759	50	37
998	758	54	38
998	757	51	37
995	757	53	37
994	756	50	37
992	755	53	38
991	754	50	38
989	755	50	38
985	754	52	38
984	753	52	38
982	753	50	38
982	752	48	38
979	753	51	36
976	751	53	35
976	751	50	36
974	750	49	36
972	750	50	37
970	750	49	34
969	748	47	37
966	748	51	35
964	747	52	37
962	748	50	35
961	747	49	36
959	747	48	36
957	747	51	35
955	746	50	36
954	746	51	36
951	745	49	36
950	745	50	37
948	744	48	35
945	744	52	38
944	743	48	38
943	744	48	36
942	744	48	35
940	743	47	37
938	745	48	33
936	743	49	36
935	743	47	36
933	743	48	35
930	742	48	36
929	743	47	34
928	742	46	37
925	742	47	34
923	742	47	35
921	742	47	34
921	741	46	35
917	742	48	34
916	742	50	33
914	742	45	35
912	741	48	35
910	742	48	34
909	742	48	35
908	741	48	34
907	742	49	35
907	742	46	34
905	741	48	35
906	742	47	35
906	742	47	36
907	742	47	35
908	742	47	32
911	741	47	36
914	741	45	34
917	742	46	35
920	741	46	33
922	742	46	34
925	742	47	34
929	743	47	35
932	742	46	33
936	741	46	34
938	742	45	33
941	741	48	34
944	742	46	33
948	742	46	35
953	743	45	34
955	742	45	33
958	743	46	35
961	742	45	34
963	743	43	34
963	742	44	33
964	743	43	34
962	742	46	33
962	744	45	34
961	743	44	33
960	744	42	34
958	744	40	34
956	744	42	33
955	745	42	32
953	745	45	33
952	744	45	33
950	745	44	34
948	745	44	32
948	746	42	33
946	745	43	33
944	744	44	33
945	745	41	34
942	746	42	33
940	747	43	33
939	747	42	32
937	748	44	33
936	748	41	32
934	747	40	33
933	748	40	33
932	748	41	34
930	748	41	34
929	748	42	34
928	749	40	34
925	749	41	33
925	749	40	35
922	749	43	33
920	750	43	33
920	750	42	32
918	750	41	34
917	751	41	34
915	750	43	34
914	751	40	34
913	751	40	33
912	752	41	34
910	752	42	33
909	751	42	33
909	751	40	33
908	750	40	34
906	749	41	34
905	747	43	34
905	746	40	33
906	744	38	32
904	742	39	33
904	739	37	33
903	735	40	33
901	731	42	34
901	727	41	33
901	723	40	35
900	717	39	34
902	713	37	33
902	708	39	33
900	701	41	35
901	694	38	34
901	690	38	34
901	683	40	35
901	678	39	34
901	675	37	32
900	670	40	33
899	667	42	33
898	666	40	32
897	664	40	32
897	662	39	33
896	662	39	33
895	662	39	34
894	662	37	33
893	662	40	34
893	662	36	33
891	662	39	33
891	662	38	33
889	661	39	33
888	660	40	31
889	657	37	32
887	656	40	31
886	652	40	33
885	649	41	32
884	643	42	34
883	639	40	32
884	635	36	33
884	629	36	34
881	623	38	33
881	616	38	33
880	609	36	34
880	602	38	33
879	595	37	34
879	585	37	37
878	579	36	33
877	570	35	33
878	560	34	33
875	551	36	33
875	545	35	33
876	536	33	31
875	525	35	34
875	517	34	33
873	507	36	32
873	499	35	32
872	488	35	34
872	480	34	32
870	470	35	33
869	461	34	35
870	453	34	32
870	444	34	33
868	435	35	32
865	425	37	34
865	420	37	33
866	413	35	34
865	408	34	33
863	403	37	33
864	400	35	32
863	396	36	34
862	395	35	31
863	394	34	31
863	392	39	32
866	392	34	32
867	393	36	33
869	393	33	31
870	393	39	33
872	392	38	33
876	392	36	33
878	393	34	34
881	393	35	32
885	394	34	31
886	393	35	32
891	394	36	32
894	394	38	32
900	394	38	33
908	393	36	33
915	393	35	32
922	393	35	34
931	394	34	32
939	394	35	33
948	394	34	33
956	395	34	33
964	394	34	33
970	395	35	33
974	396	35	33
977	394	34	34
978	395	36	34
979	395	32	31
979	395	34	33
980	396	32	33
979	395	35	33
978	397	33	33
978	394	32	33
977	395	29	34
977	395	31	33
976	396	33	32
975	396	32	33
974	395	33	34
974	396	33	35
973	396	34	34
971	397	37	34
972	396	34	33
971	397	35	32
970	397	34	32
970	398	34	31
969	398	35	33
968	397	36	33
968	397	34	33
967	398	34	33
966	398	34	32
965	397	35	33
965	397	34	33
964	397	35	33
963	396	37	34
961	398	37	32
962	396	35	33
962	396	35	33
961	397	34	33
959	396	34	32
960	396	33	32
959	396	33	31
959	396	34	31
958	396	35	32
957	395	35	32
957	396	34	32
957	395	32	32
955	395	36	32
953	396	37	32
954	396	34	31
954	396	32	31
953	395	31	32
951	395	34	32
951	395	34	32
950	396	35	31
950	395	35	30
948	395	37	32
946	395	40	31
947	396	36	31
945	394	38	31
945	395	38	32
945	395	37	31
945	395	36	32
945	395	33	30
943	395	36	31
944	394	33	31
944	395	32	31
942	394	35	30
942	395	33	30
943	394	34	31
943	395	32	30
942	394	34	31
941	394	33	30
940	395	35	30
941	394	34	31
940	394	33	31
939	394	34	30
939	394	35	31
936	393	39	31
936	393	39	32
937	393	37	32
937	393	34	31
937	394	32	31
937	393	32	31
937	393	33	30
936	393	33	30
936	393	32	31
936	393	31	32
936	393	32	30
935	393	34	32
935	393	32	30
934	393	33	30
934	394	31	29
934	393	32	30
934	394	32	29
933	394	32	29
934	394	30	29
932	394	32	30
932	393	35	31
931	393	35	31
931	393	33	30
930	393	33	31
931	393	32	31
930	392	32	31
930	394	32	29
930	394	30	29
930	393	31	28
929	393	31	31
929	393	32	29
928	393	33	28
928	393	32	30
926	393	34	29
927	393	34	30
927	393	32	30
927	393	32	30
926	392	31	31
926	392	30	31
926	393	32	31
926	392	31	31
926	392	31	30
926	392	31	31
927	392	30	30
928	392	31	29
929	392	30	30
932	392	30	30
935	392	32	30
940	392	29	30
944	391	31	30
950	391	31	30
955	391	30	30
962	391	31	30
968	392	32	29
975	392	33	28
984	392	32	29
992	391	31	30
1000	393	31	29
1008	393	32	28
1017	393	34	28
1025	393	36	28
1037	393	34	29
1048	394	33	28
1058	394	35	28
1070	394	33	28
1081	394	33	29
1091	394	34	28
1102	394	33	29
1112	397	34	26
1123	396	34	28
1133	396	32	28
1142	396	30	30
1146	396	30	29
1150	395	27	31
1153	395	29	30
1154	395	29	30
1154	396	29	29
1154	395	30	29
1155	395	28	30
1154	394	30	30
1154	394	31	34
1155	394	28	38
1154	394	30	36
1155	393	29	34
1156	394	27	37
1155	394	29	37
1157	394	26	37
1157	393	27	38
1156	393	29	38
1157	392	27	38
1157	393	28	37
1158	393	28	37
1157	392	28	36
1158	393	28	36
1158	393	27	37
1158	393	28	36
1159	393	27	35
1160	391	27	37
1159	392	29	34
1160	391	28	37
1159	392	29	35
1158	392	30	34
1160	392	29	35
1159	392	30	35
1158	391	30	35
1158	392	31	35
1158	391	32	33
1160	391	30	31
1160	391	31	29
1161	391	29	30
1160	391	31	30
1162	391	29	28
1164	390	26	29
1163	391	28	30
1164	391	28	29
1163	391	28	30
1165	390	26	30
1165	391	26	29
1166	390	26	28
1165	391	27	30
1165	390	27	30
1165	390	27	29
1166	390	28	29
1167	387	28	30
1167	386	28	30
1167	382	28	29
1167	380	30	28
1168	375	29	27
1171	370	27	28
1169	365	30	28
1171	357	27	28
1172	351	27	27
1174	344	25	26
1173	335	27	30
1175	328	25	29
1175	321	26	28
1173	314	28	27
1175	306	27	28
1176	299	26	26
1176	291	27	26
1177	285	27	26
1178	275	26	27
1178	269	27	27
1177	263	29	27
1178	256	29	28
1179	249	26	28
1181	242	24	29
1181	235	26	27
1178	226	30	30
1179	222	29	29
1182	217	28	27
1184	209	25	28
1183	202	26	27
1185	193	25	29
1185	187	26	29
1186	178	26	28
1187	171	26	27
1187	162	26	27
1188	153	26	27
1189	144	26	27
1190	132	26	28
1191	124	26	26
1192	111	25	29
1193	102	25	26
1194	90	25	28
1194	79	25	28
1195	69	26	26
1196	55	26	28
1198	44	25	27
1198	30	26	28
1199	17	27	30
