923	586	68	114
929	577	62	106
935	580	59	89
932	578	63	78
940	590	69	77
942	582	58	79
942	582	58	79
942	582	58	79
935	592	52	74
935	592	52	74
935	592	52	74
935	592	52	74
932	593	55	70
932	593	55	70
932	593	55	70
940	607	63	58
940	607	63	58
940	607	63	58
935	610	72	58
934	607	70	59
935	611	67	56
935	611	67	56
933	605	67	58
936	610	60	64
933	603	52	76
933	603	52	76
937	594	39	80
932	591	41	84
928	590	39	84
928	590	39	84
928	590	39	84
928	590	39	84
928	590	39	84
928	590	39	84
928	590	39	84
928	590	39	84
928	590	39	84
928	590	39	84
928	590	39	84
928	590	39	84
928	590	39	84
928	590	39	84
928	590	39	84
928	590	39	84
928	590	39	84
928	590	39	84
928	590	39	84
928	590	39	84
928	590	39	84
928	590	39	84
928	590	39	84
928	590	39	84
928	590	39	84
928	590	39	84
928	590	39	84
928	590	39	84
928	590	39	84
928	590	39	84
928	590	39	84
928	590	39	84
928	590	39	84
928	590	39	84
928	590	39	84
928	590	39	84
928	590	39	84
928	590	39	84
928	590	39	84
928	590	39	84
928	590	39	84
928	590	39	84
928	590	39	84
928	590	39	84
928	590	39	84
928	590	39	84
928	590	39	84
928	590	39	84
928	590	39	84
928	590	39	84
928	590	39	84
928	590	39	84
928	590	39	84
928	590	39	84
928	590	39	84
928	590	39	84
928	590	39	84
928	590	39	84
928	590	39	84
928	590	39	84
928	590	39	84
928	590	39	84
928	590	39	84
928	590	39	84
928	590	39	84
928	590	39	84
928	590	39	84
928	590	39	84
928	590	39	84
928	590	39	84
928	590	39	84
928	590	39	84
928	590	39	84
928	590	39	84
928	590	39	84
928	590	39	84
928	590	39	84
928	590	39	84
928	590	39	84
928	590	39	84
928	590	39	84
928	590	39	84
928	590	39	84
928	590	39	84
928	590	39	84
928	590	39	84
928	590	39	84
928	590	39	84
928	590	39	84
928	590	39	84
928	590	39	84
928	590	39	84
928	590	39	84
928	590	39	84
928	590	39	84
928	590	39	84
928	590	39	84
928	590	39	84
928	590	39	84
928	590	39	84
928	590	39	84
928	590	39	84
928	590	39	84
928	590	39	84
928	590	39	84
928	590	39	84
928	590	39	84
928	590	39	84
928	590	39	84
928	590	39	84
928	590	39	84
928	590	39	84
928	590	39	84
928	590	39	84
928	590	39	84
928	590	39	84
928	590	39	84
928	590	39	84
928	590	39	84
928	590	39	84
928	590	39	84
928	590	39	84
928	590	39	84
928	590	39	84
928	590	39	84
928	590	39	84
928	590	39	84
928	590	39	84
928	590	39	84
928	590	39	84
928	590	39	84
928	590	39	84
928	590	39	84
928	590	39	84
928	590	39	84
928	590	39	84
928	590	39	84
928	590	39	84
928	590	39	84
928	590	39	84
928	590	39	84
928	590	39	84
928	590	39	84
928	590	39	84
928	590	39	84
928	590	39	84
928	590	39	84
928	590	39	84
928	590	39	84
928	590	39	84
928	590	39	84
928	590	39	84
928	590	39	84
928	590	39	84
928	590	39	84
928	590	39	84
928	590	39	84
928	590	39	84
928	590	39	84
928	590	39	84
928	590	39	84
928	590	39	84
928	590	39	84
928	590	39	84
928	590	39	84
928	590	39	84
928	590	39	84
928	590	39	84
928	590	39	84
928	590	39	84
928	590	39	84
928	590	39	84
928	590	39	84
928	590	39	84
928	590	39	84
928	590	39	84
928	590	39	84
928	590	39	84
928	590	39	84
928	590	39	84
928	590	39	84
928	590	39	84
928	590	39	84
928	590	39	84
928	590	39	84
928	590	39	84
928	590	39	84
928	590	39	84
928	590	39	84
928	590	39	84
928	590	39	84
928	590	39	84
928	590	39	84
928	590	39	84
928	590	39	84
928	590	39	84
928	590	39	84
928	590	39	84
928	590	39	84
928	590	39	84
928	590	39	84
928	590	39	84
928	590	39	84
928	590	39	84
928	590	39	84
928	590	39	84
928	590	39	84
928	590	39	84
928	590	39	84
928	590	39	84
928	590	39	84
928	590	39	84
928	590	39	84
928	590	39	84
928	590	39	84
928	590	39	84
928	590	39	84
928	590	39	84
928	590	39	84
928	590	39	84
928	590	39	84
928	590	39	84
928	590	39	84
928	590	39	84
928	590	39	84
928	590	39	84
928	590	39	84
928	590	39	84
928	590	39	84
928	590	39	84
928	590	39	84
928	590	39	84
928	590	39	84
928	590	39	84
928	590	39	84
928	590	39	84
928	590	39	84
928	590	39	84
928	590	39	84
928	590	39	84
928	590	39	84
928	590	39	84
928	590	39	84
928	590	39	84
928	590	39	84
928	590	39	84
928	590	39	84
928	590	39	84
928	590	39	84
928	590	39	84
928	590	39	84
928	590	39	84
928	590	39	84
928	590	39	84
928	590	39	84
928	590	39	84
928	590	39	84
928	590	39	84
928	590	39	84
928	590	39	84
928	590	39	84
928	590	39	84
928	590	39	84
928	590	39	84
928	590	39	84
928	590	39	84
928	590	39	84
928	590	39	84
928	590	39	84
928	590	39	84
928	590	39	84
928	590	39	84
928	590	39	84
928	590	39	84
928	590	39	84
928	590	39	84
928	590	39	84
928	590	39	84
928	590	39	84
928	590	39	84
928	590	39	84
928	590	39	84
928	590	39	84
928	590	39	84
928	590	39	84
928	590	39	84
928	590	39	84
928	590	39	84
928	590	39	84
928	590	39	84
928	590	39	84
928	590	39	84
928	590	39	84
928	590	39	84
928	590	39	84
928	590	39	84
928	590	39	84
928	590	39	84
928	590	39	84
928	590	39	84
928	590	39	84
928	590	39	84
928	590	39	84
928	590	39	84
928	590	39	84
928	590	39	84
928	590	39	84
928	590	39	84
928	590	39	84
928	590	39	84
928	590	39	84
928	590	39	84
928	590	39	84
928	590	39	84
928	590	39	84
928	590	39	84
928	590	39	84
928	590	39	84
928	590	39	84
928	590	39	84
928	590	39	84
928	590	39	84
928	590	39	84
928	590	39	84
928	590	39	84
928	590	39	84
928	590	39	84
928	590	39	84
928	590	39	84
928	590	39	84
928	590	39	84
928	590	39	84
928	590	39	84
928	590	39	84
928	590	39	84
928	590	39	84
928	590	39	84
928	590	39	84
928	590	39	84
928	590	39	84
928	590	39	84
928	590	39	84
928	590	39	84
928	590	39	84
928	590	39	84
928	590	39	84
928	590	39	84
928	590	39	84
928	590	39	84
928	590	39	84
928	590	39	84
928	590	39	84
928	590	39	84
928	590	39	84
928	590	39	84
928	590	39	84
928	590	39	84
928	590	39	84
928	590	39	84
928	590	39	84
928	590	39	84
928	590	39	84
928	590	39	84
928	590	39	84
928	590	39	84
928	590	39	84
928	590	39	84
928	590	39	84
928	590	39	84
928	590	39	84
928	590	39	84
928	590	39	84
928	590	39	84
928	590	39	84
928	590	39	84
928	590	39	84
928	590	39	84
928	590	39	84
928	590	39	84
928	590	39	84
928	590	39	84
928	590	39	84
928	590	39	84
928	590	39	84
928	590	39	84
928	590	39	84
928	590	39	84
928	590	39	84
928	590	39	84
928	590	39	84
928	590	39	84
928	590	39	84
928	590	39	84
928	590	39	84
928	590	39	84
928	590	39	84
928	590	39	84
928	590	39	84
928	590	39	84
928	590	39	84
928	590	39	84
928	590	39	84
928	590	39	84
928	590	39	84
928	590	39	84
928	590	39	84
928	590	39	84
928	590	39	84
928	590	39	84
928	590	39	84
928	590	39	84
928	590	39	84
928	590	39	84
928	590	39	84
928	590	39	84
928	590	39	84
928	590	39	84
928	590	39	84
928	590	39	84
928	590	39	84
928	590	39	84
928	590	39	84
928	590	39	84
928	590	39	84
928	590	39	84
928	590	39	84
928	590	39	84
928	590	39	84
928	590	39	84
928	590	39	84
928	590	39	84
928	590	39	84
928	590	39	84
928	590	39	84
928	590	39	84
928	590	39	84
928	590	39	84
928	590	39	84
928	590	39	84
928	590	39	84
928	590	39	84
928	590	39	84
928	590	39	84
928	590	39	84
928	590	39	84
928	590	39	84
928	590	39	84
928	590	39	84
928	590	39	84
928	590	39	84
928	590	39	84
928	590	39	84
928	590	39	84
928	590	39	84
928	590	39	84
928	590	39	84
928	590	39	84
928	590	39	84
928	590	39	84
928	590	39	84
928	590	39	84
928	590	39	84
928	590	39	84
928	590	39	84
928	590	39	84
928	590	39	84
928	590	39	84
928	590	39	84
928	590	39	84
928	590	39	84
928	590	39	84
928	590	39	84
928	590	39	84
928	590	39	84
928	590	39	84
928	590	39	84
928	590	39	84
928	590	39	84
928	590	39	84
928	590	39	84
928	590	39	84
928	590	39	84
928	590	39	84
928	590	39	84
928	590	39	84
928	590	39	84
928	590	39	84
928	590	39	84
928	590	39	84
928	590	39	84
928	590	39	84
928	590	39	84
928	590	39	84
928	590	39	84
928	590	39	84
928	590	39	84
928	590	39	84
928	590	39	84
928	590	39	84
928	590	39	84
928	590	39	84
928	590	39	84
928	590	39	84
928	590	39	84
928	590	39	84
928	590	39	84
928	590	39	84
928	590	39	84
928	590	39	84
928	590	39	84
928	590	39	84
928	590	39	84
928	590	39	84
928	590	39	84
928	590	39	84
928	590	39	84
928	590	39	84
928	590	39	84
928	590	39	84
928	590	39	84
928	590	39	84
928	590	39	84
928	590	39	84
928	590	39	84
928	590	39	84
928	590	39	84
928	590	39	84
928	590	39	84
928	590	39	84
928	590	39	84
928	590	39	84
928	590	39	84
928	590	39	84
928	590	39	84
928	590	39	84
928	590	39	84
928	590	39	84
928	590	39	84
928	590	39	84
928	590	39	84
928	590	39	84
928	590	39	84
928	590	39	84
928	590	39	84
928	590	39	84
928	590	39	84
928	590	39	84
928	590	39	84
928	590	39	84
928	590	39	84
928	590	39	84
928	590	39	84
928	590	39	84
928	590	39	84
928	590	39	84
928	590	39	84
928	590	39	84
928	590	39	84
928	590	39	84
928	590	39	84
928	590	39	84
928	590	39	84
928	590	39	84
928	590	39	84
928	590	39	84
928	590	39	84
928	590	39	84
928	590	39	84
928	590	39	84
928	590	39	84
928	590	39	84
928	590	39	84
928	590	39	84
928	590	39	84
928	590	39	84
928	590	39	84
928	590	39	84
928	590	39	84
928	590	39	84
928	590	39	84
928	590	39	84
928	590	39	84
928	590	39	84
928	590	39	84
928	590	39	84
928	590	39	84
928	590	39	84
928	590	39	84
928	590	39	84
928	590	39	84
928	590	39	84
928	590	39	84
928	590	39	84
928	590	39	84
928	590	39	84
928	590	39	84
928	590	39	84
928	590	39	84
928	590	39	84
928	590	39	84
928	590	39	84
928	590	39	84
928	590	39	84
928	590	39	84
928	590	39	84
928	590	39	84
928	590	39	84
928	590	39	84
928	590	39	84
928	590	39	84
928	590	39	84
928	590	39	84
928	590	39	84
928	590	39	84
928	590	39	84
928	590	39	84
928	590	39	84
928	590	39	84
928	590	39	84
928	590	39	84
928	590	39	84
928	590	39	84
928	590	39	84
928	590	39	84
928	590	39	84
928	590	39	84
928	590	39	84
928	590	39	84
928	590	39	84
928	590	39	84
928	590	39	84
928	590	39	84
928	590	39	84
928	590	39	84
928	590	39	84
928	590	39	84
928	590	39	84
928	590	39	84
928	590	39	84
928	590	39	84
928	590	39	84
928	590	39	84
928	590	39	84
928	590	39	84
928	590	39	84
928	590	39	84
928	590	39	84
928	590	39	84
928	590	39	84
928	590	39	84
928	590	39	84
928	590	39	84
928	590	39	84
928	590	39	84
928	590	39	84
928	590	39	84
928	590	39	84
928	590	39	84
928	590	39	84
928	590	39	84
928	590	39	84
928	590	39	84
928	590	39	84
928	590	39	84
928	590	39	84
928	590	39	84
928	590	39	84
928	590	39	84
928	590	39	84
928	590	39	84
928	590	39	84
928	590	39	84
928	590	39	84
928	590	39	84
928	590	39	84
928	590	39	84
928	590	39	84
928	590	39	84
928	590	39	84
928	590	39	84
928	590	39	84
928	590	39	84
928	590	39	84
928	590	39	84
928	590	39	84
928	590	39	84
928	590	39	84
928	590	39	84
928	590	39	84
928	590	39	84
928	590	39	84
928	590	39	84
928	590	39	84
928	590	39	84
928	590	39	84
928	590	39	84
928	590	39	84
928	590	39	84
928	590	39	84
928	590	39	84
928	590	39	84
928	590	39	84
928	590	39	84
928	590	39	84
928	590	39	84
928	590	39	84
928	590	39	84
928	590	39	84
928	590	39	84
928	590	39	84
928	590	39	84
928	590	39	84
928	590	39	84
928	590	39	84
928	590	39	84
928	590	39	84
928	590	39	84
928	590	39	84
928	590	39	84
928	590	39	84
928	590	39	84
928	590	39	84
928	590	39	84
928	590	39	84
928	590	39	84
928	590	39	84
928	590	39	84
928	590	39	84
928	590	39	84
928	590	39	84
928	590	39	84
928	590	39	84
928	590	39	84
928	590	39	84
928	590	39	84
928	590	39	84
928	590	39	84
928	590	39	84
928	590	39	84
928	590	39	84
928	590	39	84
928	590	39	84
928	590	39	84
928	590	39	84
928	590	39	84
928	590	39	84
928	590	39	84
928	590	39	84
928	590	39	84
928	590	39	84
928	590	39	84
928	590	39	84
928	590	39	84
928	590	39	84
928	590	39	84
928	590	39	84
928	590	39	84
928	590	39	84
928	590	39	84
928	590	39	84
928	590	39	84
928	590	39	84
928	590	39	84
928	590	39	84
928	590	39	84
928	590	39	84
928	590	39	84
928	590	39	84
928	590	39	84
928	590	39	84
928	590	39	84
928	590	39	84
928	590	39	84
928	590	39	84
928	590	39	84
928	590	39	84
928	590	39	84
928	590	39	84
928	590	39	84
928	590	39	84
928	590	39	84
928	590	39	84
928	590	39	84
928	590	39	84
928	590	39	84
928	590	39	84
928	590	39	84
928	590	39	84
928	590	39	84
928	590	39	84
928	590	39	84
928	590	39	84
928	590	39	84
928	590	39	84
928	590	39	84
928	590	39	84
928	590	39	84
928	590	39	84
928	590	39	84
928	590	39	84
928	590	39	84
928	590	39	84
928	590	39	84
928	590	39	84
928	590	39	84
928	590	39	84
928	590	39	84
928	590	39	84
928	590	39	84
928	590	39	84
928	590	39	84
928	590	39	84
928	590	39	84
928	590	39	84
928	590	39	84
928	590	39	84
928	590	39	84
928	590	39	84
928	590	39	84
928	590	39	84
928	590	39	84
928	590	39	84
928	590	39	84
928	590	39	84
928	590	39	84
928	590	39	84
928	590	39	84
928	590	39	84
928	590	39	84
928	590	39	84
928	590	39	84
928	590	39	84
928	590	39	84
928	590	39	84
928	590	39	84
928	590	39	84
928	590	39	84
928	590	39	84
928	590	39	84
928	590	39	84
928	590	39	84
928	590	39	84
928	590	39	84
928	590	39	84
928	590	39	84
928	590	39	84
928	590	39	84
928	590	39	84
928	590	39	84
928	590	39	84
928	590	39	84
928	590	39	84
928	590	39	84
928	590	39	84
928	590	39	84
928	590	39	84
928	590	39	84
928	590	39	84
928	590	39	84
928	590	39	84
928	590	39	84
928	590	39	84
928	590	39	84
928	590	39	84
928	590	39	84
928	590	39	84
928	590	39	84
928	590	39	84
928	590	39	84
928	590	39	84
928	590	39	84
928	590	39	84
928	590	39	84
928	590	39	84
928	590	39	84
928	590	39	84
928	590	39	84
928	590	39	84
928	590	39	84
928	590	39	84
928	590	39	84
928	590	39	84
928	590	39	84
928	590	39	84
928	590	39	84
928	590	39	84
928	590	39	84
928	590	39	84
928	590	39	84
928	590	39	84
928	590	39	84
928	590	39	84
928	590	39	84
928	590	39	84
928	590	39	84
928	590	39	84
928	590	39	84
928	590	39	84
928	590	39	84
928	590	39	84
928	590	39	84
928	590	39	84
928	590	39	84
928	590	39	84
928	590	39	84
928	590	39	84
928	590	39	84
928	590	39	84
928	590	39	84
928	590	39	84
928	590	39	84
928	590	39	84
928	590	39	84
928	590	39	84
928	590	39	84
928	590	39	84
928	590	39	84
928	590	39	84
928	590	39	84
928	590	39	84
928	590	39	84
928	590	39	84
928	590	39	84
928	590	39	84
928	590	39	84
928	590	39	84
928	590	39	84
928	590	39	84
928	590	39	84
928	590	39	84
928	590	39	84
928	590	39	84
928	590	39	84
928	590	39	84
928	590	39	84
928	590	39	84
928	590	39	84
928	590	39	84
928	590	39	84
928	590	39	84
928	590	39	84
928	590	39	84
928	590	39	84
928	590	39	84
928	590	39	84
928	590	39	84
928	590	39	84
928	590	39	84
928	590	39	84
928	590	39	84
928	590	39	84
928	590	39	84
928	590	39	84
928	590	39	84
928	590	39	84
928	590	39	84
928	590	39	84
928	590	39	84
928	590	39	84
928	590	39	84
928	590	39	84
928	590	39	84
928	590	39	84
928	590	39	84
928	590	39	84
928	590	39	84
928	590	39	84
928	590	39	84
928	590	39	84
928	590	39	84
928	590	39	84
928	590	39	84
928	590	39	84
928	590	39	84
928	590	39	84
928	590	39	84
928	590	39	84
928	590	39	84
928	590	39	84
928	590	39	84
928	590	39	84
928	590	39	84
928	590	39	84
928	590	39	84
928	590	39	84
928	590	39	84
928	590	39	84
928	590	39	84
928	590	39	84
928	590	39	84
928	590	39	84
928	590	39	84
928	590	39	84
928	590	39	84
928	590	39	84
928	590	39	84
928	590	39	84
928	590	39	84
928	590	39	84
928	590	39	84
928	590	39	84
928	590	39	84
928	590	39	84
928	590	39	84
928	590	39	84
928	590	39	84
928	590	39	84
928	590	39	84
928	590	39	84
928	590	39	84
928	590	39	84
928	590	39	84
928	590	39	84
928	590	39	84
928	590	39	84
928	590	39	84
928	590	39	84
928	590	39	84
928	590	39	84
928	590	39	84
928	590	39	84
928	590	39	84
928	590	39	84
928	590	39	84
928	590	39	84
928	590	39	84
928	590	39	84
928	590	39	84
928	590	39	84
928	590	39	84
928	590	39	84
928	590	39	84
928	590	39	84
928	590	39	84
928	590	39	84
928	590	39	84
928	590	39	84
928	590	39	84
928	590	39	84
928	590	39	84
928	590	39	84
928	590	39	84
928	590	39	84
928	590	39	84
928	590	39	84
928	590	39	84
928	590	39	84
928	590	39	84
928	590	39	84
928	590	39	84
928	590	39	84
928	590	39	84
928	590	39	84
928	590	39	84
928	590	39	84
928	590	39	84
928	590	39	84
928	590	39	84
928	590	39	84
928	590	39	84
928	590	39	84
928	590	39	84
928	590	39	84
928	590	39	84
928	590	39	84
928	590	39	84
928	590	39	84
928	590	39	84
928	590	39	84
928	590	39	84
928	590	39	84
928	590	39	84
928	590	39	84
928	590	39	84
928	590	39	84
928	590	39	84
928	590	39	84
928	590	39	84
928	590	39	84
928	590	39	84
928	590	39	84
928	590	39	84
928	590	39	84
928	590	39	84
928	590	39	84
928	590	39	84
1024	482	45	70
1024	482	45	70
1024	482	45	70
1020	488	49	76
1020	488	49	76
1020	488	49	76
1020	488	49	76
1020	488	49	76
1020	488	49	76
1020	488	49	76
1020	488	49	76
1020	488	49	76
1020	488	49	76
1020	488	49	76
1020	488	49	76
1008	514	59	84
1008	514	59	84
1008	514	59	84
1008	514	59	84
1008	514	59	84
1008	514	59	84
1008	514	59	84
1008	514	59	84
1008	514	59	84
1008	514	59	84
1008	514	59	84
1008	514	59	84
1008	514	59	84
1008	514	59	84
1008	514	59	84
1008	514	59	84
1008	514	59	84
1008	514	59	84
1008	514	59	84
1008	514	59	84
1008	514	59	84
1008	514	59	84
1008	514	59	84
1008	514	59	84
1008	514	59	84
1008	514	59	84
1009	502	61	85
1009	502	61	85
1009	502	61	85
1009	502	61	85
1009	502	61	85
1009	502	61	85
1009	502	61	85
1009	502	61	85
1009	502	61	85
1009	502	61	85
1009	502	61	85
1009	502	61	85
1009	502	61	85
1009	502	61	85
1009	502	61	85
1009	502	61	85
1009	502	61	85
1009	502	61	85
1009	502	61	85
1009	502	61	85
1009	502	61	85
1009	502	61	85
1009	502	61	85
1009	502	61	85
1009	502	61	85
1009	502	61	85
1009	502	61	85
1009	502	61	85
1009	502	61	85
1009	502	61	85
1009	502	61	85
1009	502	61	85
1009	502	61	85
1009	502	61	85
1009	502	61	85
1009	502	61	85
1009	502	61	85
1009	502	61	85
1009	502	61	85
1009	502	61	85
1009	502	61	85
1009	502	61	85
1009	502	61	85
1009	502	61	85
1009	502	61	85
1009	502	61	85
1009	502	61	85
1009	502	61	85
1009	502	61	85
1009	502	61	85
1009	502	61	85
1009	502	61	85
1009	502	61	85
1009	502	61	85
1009	502	61	85
1009	502	61	85
1009	502	61	85
1009	502	61	85
1009	502	61	85
1009	502	61	85
1009	502	61	85
1009	502	61	85
1009	502	61	85
1009	502	61	85
1009	502	61	85
1009	502	61	85
1009	502	61	85
1009	502	61	85
1009	502	61	85
1009	502	61	85
1009	502	61	85
1009	502	61	85
1009	502	61	85
1009	502	61	85
1009	502	61	85
1009	502	61	85
1009	502	61	85
1009	502	61	85
1009	502	61	85
1009	502	61	85
1009	502	61	85
1009	502	61	85
1009	502	61	85
1009	502	61	85
1009	502	61	85
1009	502	61	85
1009	502	61	85
1009	502	61	85
1009	502	61	85
1009	502	61	85
1009	502	61	85
1009	502	61	85
1009	502	61	85
1009	502	61	85
1009	502	61	85
1009	502	61	85
1009	502	61	85
1009	502	61	85
1009	502	61	85
1009	502	61	85
1009	502	61	85
1009	502	61	85
1009	502	61	85
1009	502	61	85
1009	502	61	85
1009	502	61	85
1009	502	61	85
1009	502	61	85
1009	502	61	85
1009	502	61	85
1009	502	61	85
1009	502	61	85
1009	502	61	85
1009	502	61	85
1009	502	61	85
1009	502	61	85
1009	502	61	85
1009	502	61	85
1009	502	61	85
1009	502	61	85
1009	502	61	85
1009	502	61	85
1009	502	61	85
1009	502	61	85
1009	502	61	85
1009	502	61	85
1009	502	61	85
1009	502	61	85
1009	502	61	85
1009	502	61	85
1009	502	61	85
1009	502	61	85
1009	502	61	85
1009	502	61	85
1009	502	61	85
1009	502	61	85
1009	502	61	85
1009	502	61	85
1009	502	61	85
1009	502	61	85
1009	502	61	85
1009	502	61	85
1009	502	61	85
1009	502	61	85
1009	502	61	85
1009	502	61	85
1009	502	61	85
1009	502	61	85
1009	502	61	85
1009	502	61	85
1009	502	61	85
1009	502	61	85
1009	502	61	85
1098	609	78	83
1098	609	78	83
1098	609	78	83
1098	609	78	83
1098	609	78	83
1098	609	78	83
1098	609	78	83
1098	609	78	83
1098	609	78	83
1098	609	78	83
1098	609	78	83
1098	609	78	83
1098	609	78	83
1098	609	78	83
1098	609	78	83
1098	609	78	83
1098	609	78	83
1098	609	78	83
1098	609	78	83
1119	637	94	84
1119	637	94	84
1119	637	94	84
1119	637	94	84
1120	633	88	82
1120	633	88	82
1120	633	88	82
1120	633	88	82
1120	633	88	82
1120	633	88	82
1124	650	93	70
1123	647	104	74
1123	647	104	74
1122	655	107	73
1119	642	122	84
1113	635	133	84
1117	653	126	79
1118	643	128	86
1110	637	138	85
1119	651	129	82
1115	641	134	90
1111	635	141	90
1119	648	132	89
1116	638	133	95
1117	649	136	101
1116	636	139	101
1121	644	122	109
1118	636	135	104
1120	645	125	106
1119	633	135	113
1118	648	140	106
1116	637	140	99
1119	645	138	106
1123	637	129	103
1125	630	129	101
1121	644	137	100
1118	637	142	95
1120	656	136	104
1122	646	137	92
1122	641	139	88
1119	635	137	93
1124	645	136	104
1125	643	130	93
1123	633	133	94
1130	624	123	100
1141	615	109	110
1131	629	129	115
1124	625	134	102
1127	613	125	104
1144	601	103	116
1138	631	103	89
1131	628	115	88
1130	614	123	96
1136	603	115	103
1138	594	113	112
1147	591	106	109
1150	579	105	119
1143	603	107	103
1144	592	105	103
1142	587	118	102
1154	584	103	102
1156	583	102	97
1165	565	96	114
1153	584	108	106
1146	584	107	105
1143	582	115	99
1141	580	126	93
1142	580	128	90
1142	575	134	88
1139	565	136	102
1145	559	131	104
1145	569	132	90
1141	559	140	97
1137	565	151	91
1147	555	133	101
1146	570	133	86
1146	562	138	93
1147	563	140	100
1149	557	138	112
1144	555	147	125
1154	553	135	132
1173	559	116	122
1164	581	121	112
1182	575	103	121
1176	591	109	115
1171	601	115	118
1180	590	111	129
1180	607	103	126
1176	619	113	130
1177	633	111	125
1181	649	103	129
1190	644	101	126
1193	657	93	124
1186	660	106	133
1175	672	124	137
1167	689	134	155
1177	689	131	147
1161	717	140	148
1168	709	143	149
1156	736	153	135
1173	735	137	145
1162	761	149	147
1176	754	139	150
1184	764	136	147
1169	797	149	127
1169	801	153	131
1176	809	145	133
1180	812	143	143
1181	819	143	144
1174	833	154	137
1177	840	152	138
1177	848	152	139
1169	847	163	143
1178	856	152	138
1182	862	150	137
1181	869	150	130
1180	864	150	141
1176	885	154	121
1175	879	157	124
1186	870	142	139
1181	872	152	139
1178	882	157	129
1191	871	142	144
1194	866	141	150
1206	864	129	153
1204	866	134	153
1195	875	139	150
1199	873	139	146
1191	883	145	136
1173	892	170	128
1182	886	156	139
1177	891	168	130
1180	888	163	139
1178	898	165	127
1171	895	178	133
1178	895	171	139
1177	906	167	121
1189	894	156	135
1189	891	153	143
1183	899	164	137
1194	888	150	149
1198	890	146	147
1191	890	160	153
1185	908	163	137
1188	904	165	147
1192	904	161	150
1197	900	153	155
1204	905	147	152
1191	915	166	142
1184	922	179	141
1182	921	182	148
1189	931	172	139
1199	931	161	143
1199	934	164	144
1196	942	169	136
1192	939	177	140
1197	950	174	131
1192	953	181	127
1181	956	199	122
1178	974	199	109
1183	963	200	108
1194	984	184	87
1203	996	177	82
1190	992	193	78
1196	1007	184	68
1193	1018	191	59
1191	1004	195	70
1192	1018	198	58
1188	1033	199	46
1180	1015	211	61
1181	1019	206	60
1174	1021	216	59
1183	1039	206	41
1179	1028	206	49
1174	1013	213	63
1181	1023	208	55
1182	1012	206	64
1181	1014	211	64
1179	1010	214	70
1175	1017	222	62
1189	1017	202	63
1185	1021	206	58
1190	1015	199	66
1192	1023	199	60
1183	1020	210	60
1184	1021	212	60
1183	1018	213	66
1186	1017	211	63
1192	1024	210	53
1192	1032	212	46
1189	1023	212	53
1185	1025	217	53
1193	1026	212	52
1191	1029	213	51
1188	1015	222	63
1182	1012	225	66
1180	1010	231	67
1189	1008	222	68
1194	1007	219	71
1193	1011	220	65
1189	1012	222	64
1191	1005	223	73
1200	1008	219	70
1196	1010	228	65
1200	1007	220	68
1206	1005	217	69
1202	1000	226	78
1203	1001	225	76
1206	997	223	78
1206	997	224	79
1215	1005	221	70
1211	1003	219	73
1213	999	225	77
1211	997	226	81
1211	1000	228	73
1207	996	235	76
1214	995	230	76
1217	995	228	79
1212	991	236	83
1216	989	234	84
1216	985	236	90
1217	989	235	87
1218	990	235	83
1213	989	244	84
1214	987	242	88
1215	985	242	89
1209	984	249	88
1221	984	238	89
1217	978	247	95
1218	978	249	95
1224	976	242	99
1227	981	239	93
1218	985	249	89
1222	982	254	91
1223	980	252	93
1224	976	248	99
1229	975	249	99
1214	973	266	99
1225	976	259	97
1226	976	254	97
1224	963	254	110
1224	965	262	108
1223	970	263	103
1233	971	254	103
1222	964	266	111
1227	965	267	110
1211	967	285	107
1231	970	263	105
1226	963	268	109
1233	959	268	114
1230	966	265	109
1238	964	261	112
1228	971	271	101
1235	961	264	112
1228	960	272	113
1234	962	265	113
1246	962	256	113
1238	968	261	104
1245	966	253	109
1239	969	261	105
1239	966	261	108
1234	971	267	104
1233	974	266	102
1232	977	269	97
1238	978	261	98
1236	978	264	98
1250	981	251	93
1250	977	249	98
1242	979	259	95
1250	976	250	101
1238	987	263	90
1248	985	257	87
1251	987	249	92
1247	990	249	86
1249	991	254	84
1236	990	260	86
1242	996	254	80
1230	997	264	77
1231	1000	266	77
1232	1007	264	71
1241	1003	254	72
1244	1009	256	69
1256	1009	242	67
1264	1013	232	66
1258	1016	240	62
1266	1020	232	62
1259	1025	238	54
1281	1028	216	52
1271	1022	221	58
1307	1040	188	41
1318	1043	176	35
1318	1043	176	35
1318	1043	176	35
1318	1043	176	35
1318	1043	176	35
1318	1043	176	35
1318	1043	176	35
1318	1043	176	35
1318	1043	176	35
1318	1043	176	35
1318	1043	176	35
1318	1043	176	35
1318	1043	176	35
1318	1043	176	35
1189	905	187	49
1189	905	187	49
1189	905	187	49
1189	905	187	49
1189	905	187	49
1189	905	187	49
1189	905	187	49
1189	905	187	49
1189	905	187	49
1189	905	187	49
1189	905	187	49
1189	905	187	49
1189	905	187	49
1189	905	187	49
1189	905	187	49
1189	905	187	49
1189	905	187	49
1189	905	187	49
1189	905	187	49
1189	905	187	49
1189	905	187	49
1269	981	207	66
1269	981	207	66
1269	981	207	66
1269	981	207	66
1269	981	207	66
1269	981	207	66
1269	981	207	66
1269	981	207	66
1269	981	207	66
1269	981	207	66
1269	981	207	66
1269	981	207	66
1269	981	207	66
1269	981	207	66
1269	981	207	66
1269	981	207	66
1269	981	207	66
1269	981	207	66
1269	981	207	66
1269	981	207	66
1269	981	207	66
1269	981	207	66
1269	981	207	66
1269	981	207	66
1269	981	207	66
1269	981	207	66
1269	981	207	66
1269	981	207	66
1269	981	207	66
1269	981	207	66
1270	949	180	91
1270	949	180	91
1287	956	188	113
1287	956	188	113
1299	952	165	121
1313	961	156	113
1313	961	156	113
1341	978	150	100
1355	976	134	105
1374	981	117	99
1391	986	102	92
1406	998	90	78
1412	1005	93	70
1404	1008	108	69
1405	1021	121	60
1411	1022	118	56
1416	1026	120	52
1423	1028	120	53
1423	1028	120	53
1439	1038	113	43
1439	1038	113	43
1452	1041	108	41
1449	1046	113	35
1463	1047	107	36
1474	1049	103	32
1481	1050	100	31
1481	1050	100	31
1481	1050	100	31
1481	1050	100	31
1481	1050	100	31
1481	1050	100	31
1481	1050	100	31
1481	1050	100	31
1481	1050	100	31
1481	1050	100	31
1481	1050	100	31
1481	1050	100	31
1481	1050	100	31
1481	1050	100	31
1481	1050	100	31
1481	1050	100	31
1481	1050	100	31
1481	1050	100	31
1481	1050	100	31
1481	1050	100	31
1481	1050	100	31
1481	1050	100	31
1481	1050	100	31
1481	1050	100	31
1522	1047	101	34
1522	1047	101	34
1522	1047	101	34
1522	1047	101	34
1522	1047	101	34
1522	1047	101	34
1522	1047	101	34
1522	1047	101	34
1522	1047	101	34
1522	1047	101	34
1522	1047	101	34
1522	1047	101	34
1522	1047	101	34
1522	1047	101	34
1522	1047	101	34
1522	1047	101	34
1522	1047	101	34
1522	1047	101	34
1522	1047	101	34
1522	1047	101	34
1522	1047	101	34
1522	1047	101	34
1522	1047	101	34
1522	1047	101	34
1522	1047	101	34
1522	1047	101	34
1522	1047	101	34
1522	1047	101	34
1522	1047	101	34
1522	1047	101	34
1522	1047	101	34
1522	1047	101	34
1522	1047	101	34
1522	1047	101	34
1522	1047	101	34
1522	1047	101	34
1522	1047	101	34
1522	1047	101	34
1522	1047	101	34
1522	1047	101	34
1522	1047	101	34
1522	1047	101	34
1522	1047	101	34
1522	1047	101	34
1522	1047	101	34
1522	1047	101	34
1522	1047	101	34
1522	1047	101	34
1522	1047	101	34
1522	1047	101	34
1522	1047	101	34
1522	1047	101	34
1522	1047	101	34
1522	1047	101	34
1522	1047	101	34
1522	1047	101	34
1522	1047	101	34
1522	1047	101	34
1522	1047	101	34
1522	1047	101	34
1522	1047	101	34
1522	1047	101	34
1522	1047	101	34
1522	1047	101	34
1522	1047	101	34
1522	1047	101	34
1522	1047	101	34
1522	1047	101	34
1522	1047	101	34
1522	1047	101	34
1522	1047	101	34
1522	1047	101	34
1522	1047	101	34
1522	1047	101	34
1522	1047	101	34
1522	1047	101	34
1522	1047	101	34
1522	1047	101	34
1522	1047	101	34
1522	1047	101	34
1522	1047	101	34
1522	1047	101	34
1522	1047	101	34
1522	1047	101	34
1522	1047	101	34
1522	1047	101	34
1522	1047	101	34
1522	1047	101	34
1522	1047	101	34
1522	1047	101	34
1522	1047	101	34
1522	1047	101	34
1522	1047	101	34
1522	1047	101	34
1522	1047	101	34
1522	1047	101	34
1522	1047	101	34
1522	1047	101	34
1522	1047	101	34
1522	1047	101	34
1522	1047	101	34
1522	1047	101	34
1522	1047	101	34
1522	1047	101	34
1522	1047	101	34
1522	1047	101	34
1522	1047	101	34
1522	1047	101	34
1522	1047	101	34
1522	1047	101	34
1522	1047	101	34
1522	1047	101	34
1522	1047	101	34
1522	1047	101	34
1522	1047	101	34
1522	1047	101	34
1522	1047	101	34
1522	1047	101	34
1522	1047	101	34
1522	1047	101	34
1522	1047	101	34
1522	1047	101	34
1522	1047	101	34
1522	1047	101	34
1522	1047	101	34
1522	1047	101	34
1522	1047	101	34
1522	1047	101	34
1522	1047	101	34
1522	1047	101	34
1522	1047	101	34
1522	1047	101	34
1522	1047	101	34
1522	1047	101	34
1522	1047	101	34
1522	1047	101	34
1522	1047	101	34
1522	1047	101	34
1522	1047	101	34
1522	1047	101	34
1522	1047	101	34
1522	1047	101	34
1522	1047	101	34
1522	1047	101	34
1522	1047	101	34
1522	1047	101	34
1522	1047	101	34
1522	1047	101	34
1522	1047	101	34
1522	1047	101	34
1522	1047	101	34
1522	1047	101	34
1522	1047	101	34
1522	1047	101	34
1522	1047	101	34
1522	1047	101	34
1522	1047	101	34
1522	1047	101	34
1522	1047	101	34
1522	1047	101	34
1522	1047	101	34
1522	1047	101	34
1522	1047	101	34
1522	1047	101	34
1522	1047	101	34
1522	1047	101	34
1522	1047	101	34
1522	1047	101	34
1522	1047	101	34
1522	1047	101	34
1522	1047	101	34
1522	1047	101	34
1522	1047	101	34
1522	1047	101	34
1522	1047	101	34
1522	1047	101	34
1522	1047	101	34
1522	1047	101	34
1522	1047	101	34
1522	1047	101	34
1522	1047	101	34
1522	1047	101	34
1522	1047	101	34
1522	1047	101	34
1522	1047	101	34
1522	1047	101	34
1522	1047	101	34
1522	1047	101	34
1522	1047	101	34
1522	1047	101	34
1522	1047	101	34
1522	1047	101	34
1522	1047	101	34
1522	1047	101	34
1522	1047	101	34
1522	1047	101	34
1522	1047	101	34
1522	1047	101	34
1522	1047	101	34
1522	1047	101	34
1522	1047	101	34
1522	1047	101	34
1522	1047	101	34
1522	1047	101	34
1522	1047	101	34
1522	1047	101	34
1522	1047	101	34
1522	1047	101	34
1522	1047	101	34
1522	1047	101	34
1522	1047	101	34
1522	1047	101	34
1522	1047	101	34
1522	1047	101	34
1522	1047	101	34
1522	1047	101	34
1522	1047	101	34
1522	1047	101	34
1522	1047	101	34
1522	1047	101	34
1522	1047	101	34
1522	1047	101	34
1522	1047	101	34
1522	1047	101	34
1522	1047	101	34
1522	1047	101	34
1522	1047	101	34
1522	1047	101	34
1522	1047	101	34
1522	1047	101	34
1522	1047	101	34
1522	1047	101	34
1522	1047	101	34
1522	1047	101	34
1522	1047	101	34
1522	1047	101	34
1522	1047	101	34
1522	1047	101	34
1522	1047	101	34
1522	1047	101	34
1522	1047	101	34
1522	1047	101	34
1522	1047	101	34
1522	1047	101	34
1522	1047	101	34
1522	1047	101	34
1522	1047	101	34
1522	1047	101	34
1522	1047	101	34
1522	1047	101	34
1522	1047	101	34
1522	1047	101	34
1522	1047	101	34
1522	1047	101	34
1522	1047	101	34
1522	1047	101	34
1522	1047	101	34
1522	1047	101	34
1522	1047	101	34
1522	1047	101	34
1522	1047	101	34
1522	1047	101	34
1522	1047	101	34
1522	1047	101	34
1522	1047	101	34
1522	1047	101	34
1522	1047	101	34
1522	1047	101	34
1522	1047	101	34
1522	1047	101	34
1458	959	96	38
1458	959	96	38
1458	959	96	38
1458	959	96	38
1458	959	96	38
1458	959	96	38
1458	959	96	38
1458	959	96	38
1458	959	96	38
1458	959	96	38
1371	1049	95	34
1371	1049	95	34
1371	1049	95	34
1414	1055	86	29
1414	1055	86	29
1414	1055	86	29
1414	1055	86	29
1414	1055	86	29
1414	1055	86	29
1414	1055	86	29
1414	1055	86	29
1414	1055	86	29
1414	1055	86	29
1414	1055	86	29
1414	1055	86	29
1414	1055	86	29
1414	1055	86	29
1414	1055	86	29
1414	1055	86	29
1414	1055	86	29
1414	1055	86	29
1414	1055	86	29
1414	1055	86	29
1414	1055	86	29
1414	1055	86	29
1414	1055	86	29
1414	1055	86	29
1414	1055	86	29
1414	1055	86	29
1414	1055	86	29
1414	1055	86	29
1414	1055	86	29
1414	1055	86	29
1414	1055	86	29
1414	1055	86	29
1414	1055	86	29
1414	1055	86	29
1414	1055	86	29
1414	1055	86	29
1414	1055	86	29
1414	1055	86	29
1414	1055	86	29
1414	1055	86	29
1414	1055	86	29
1414	1055	86	29
1414	1055	86	29
1414	1055	86	29
1414	1055	86	29
1414	1055	86	29
1414	1055	86	29
1414	1055	86	29
1414	1055	86	29
1414	1055	86	29
1414	1055	86	29
1414	1055	86	29
1414	1055	86	29
1414	1055	86	29
1414	1055	86	29
1414	1055	86	29
1414	1055	86	29
1414	1055	86	29
1414	1055	86	29
1414	1055	86	29
1414	1055	86	29
1414	1055	86	29
1414	1055	86	29
1414	1055	86	29
1414	1055	86	29
1414	1055	86	29
1414	1055	86	29
1414	1055	86	29
1414	1055	86	29
1414	1055	86	29
1414	1055	86	29
1414	1055	86	29
1414	1055	86	29
1414	1055	86	29
1414	1055	86	29
1414	1055	86	29
1414	1055	86	29
1414	1055	86	29
1414	1055	86	29
1414	1055	86	29
1414	1055	86	29
1414	1055	86	29
1414	1055	86	29
1414	1055	86	29
1414	1055	86	29
1414	1055	86	29
1414	1055	86	29
1414	1055	86	29
1414	1055	86	29
1414	1055	86	29
1414	1055	86	29
1414	1055	86	29
1414	1055	86	29
1414	1055	86	29
1414	1055	86	29
1414	1055	86	29
1414	1055	86	29
1414	1055	86	29
1414	1055	86	29
1414	1055	86	29
1414	1055	86	29
1414	1055	86	29
1414	1055	86	29
1414	1055	86	29
1414	1055	86	29
1414	1055	86	29
1414	1055	86	29
1414	1055	86	29
1414	1055	86	29
1414	1055	86	29
1414	1055	86	29
1414	1055	86	29
1414	1055	86	29
1414	1055	86	29
1414	1055	86	29
1414	1055	86	29
1414	1055	86	29
1414	1055	86	29
1414	1055	86	29
1414	1055	86	29
1414	1055	86	29
1414	1055	86	29
1414	1055	86	29
1414	1055	86	29
1414	1055	86	29
1414	1055	86	29
1414	1055	86	29
1414	1055	86	29
1414	1055	86	29
1414	1055	86	29
1414	1055	86	29
1414	1055	86	29
1414	1055	86	29
1414	1055	86	29
1414	1055	86	29
1414	1055	86	29
1414	1055	86	29
1414	1055	86	29
1414	1055	86	29
1414	1055	86	29
1414	1055	86	29
1414	1055	86	29
1414	1055	86	29
1414	1055	86	29
1414	1055	86	29
1414	1055	86	29
1414	1055	86	29
1414	1055	86	29
1414	1055	86	29
1414	1055	86	29
1414	1055	86	29
1414	1055	86	29
1414	1055	86	29
1414	1055	86	29
1414	1055	86	29
1414	1055	86	29
1414	1055	86	29
1414	1055	86	29
1414	1055	86	29
1414	1055	86	29
1414	1055	86	29
1414	1055	86	29
1414	1055	86	29
1414	1055	86	29
1414	1055	86	29
1414	1055	86	29
1414	1055	86	29
1414	1055	86	29
1414	1055	86	29
1414	1055	86	29
1414	1055	86	29
1414	1055	86	29
1414	1055	86	29
1414	1055	86	29
1414	1055	86	29
1414	1055	86	29
1414	1055	86	29
1414	1055	86	29
1414	1055	86	29
1414	1055	86	29
1414	1055	86	29
1414	1055	86	29
1414	1055	86	29
1414	1055	86	29
1414	1055	86	29
1414	1055	86	29
1414	1055	86	29
1414	1055	86	29
1414	1055	86	29
1414	1055	86	29
1414	1055	86	29
1414	1055	86	29
1414	1055	86	29
1414	1055	86	29
1414	1055	86	29
1414	1055	86	29
1414	1055	86	29
1414	1055	86	29
1414	1055	86	29
1414	1055	86	29
1414	1055	86	29
1414	1055	86	29
1414	1055	86	29
1414	1055	86	29
1414	1055	86	29
1414	1055	86	29
1414	1055	86	29
1414	1055	86	29
1414	1055	86	29
1414	1055	86	29
1414	1055	86	29
1414	1055	86	29
1414	1055	86	29
1414	1055	86	29
1414	1055	86	29
1414	1055	86	29
1414	1055	86	29
1414	1055	86	29
1414	1055	86	29
1414	1055	86	29
1414	1055	86	29
1414	1055	86	29
1414	1055	86	29
1414	1055	86	29
1414	1055	86	29
1414	1055	86	29
1414	1055	86	29
1414	1055	86	29
1414	1055	86	29
1414	1055	86	29
1414	1055	86	29
1414	1055	86	29
1414	1055	86	29
1414	1055	86	29
1414	1055	86	29
1414	1055	86	29
1414	1055	86	29
1414	1055	86	29
1414	1055	86	29
1414	1055	86	29
1414	1055	86	29
1414	1055	86	29
1414	1055	86	29
1414	1055	86	29
1414	1055	86	29
1414	1055	86	29
1414	1055	86	29
1414	1055	86	29
1414	1055	86	29
1414	1055	86	29
1414	1055	86	29
1414	1055	86	29
1414	1055	86	29
1414	1055	86	29
1414	1055	86	29
1414	1055	86	29
1414	1055	86	29
1414	1055	86	29
1414	1055	86	29
1414	1055	86	29
1414	1055	86	29
1414	1055	86	29
1414	1055	86	29
1414	1055	86	29
1414	1055	86	29
1414	1055	86	29
1414	1055	86	29
1414	1055	86	29
1414	1055	86	29
1414	1055	86	29
1414	1055	86	29
1414	1055	86	29
1414	1055	86	29
1414	1055	86	29
1414	1055	86	29
1414	1055	86	29
1414	1055	86	29
1414	1055	86	29
1414	1055	86	29
1414	1055	86	29
1414	1055	86	29
1414	1055	86	29
1414	1055	86	29
1414	1055	86	29
1414	1055	86	29
1414	1055	86	29
1414	1055	86	29
1414	1055	86	29
1414	1055	86	29
1414	1055	86	29
1414	1055	86	29
1414	1055	86	29
1414	1055	86	29
1414	1055	86	29
1414	1055	86	29
1414	1055	86	29
1414	1055	86	29
1414	1055	86	29
1414	1055	86	29
1414	1055	86	29
1414	1055	86	29
1414	1055	86	29
1414	1055	86	29
1414	1055	86	29
1414	1055	86	29
1414	1055	86	29
1414	1055	86	29
1414	1055	86	29
1414	1055	86	29
1414	1055	86	29
1414	1055	86	29
1414	1055	86	29
1414	1055	86	29
1414	1055	86	29
1414	1055	86	29
1414	1055	86	29
1414	1055	86	29
1414	1055	86	29
1414	1055	86	29
1414	1055	86	29
1414	1055	86	29
1414	1055	86	29
1414	1055	86	29
1414	1055	86	29
1414	1055	86	29
1414	1055	86	29
1414	1055	86	29
1414	1055	86	29
1414	1055	86	29
1414	1055	86	29
1414	1055	86	29
1414	1055	86	29
1414	1055	86	29
1414	1055	86	29
1414	1055	86	29
1414	1055	86	29
1414	1055	86	29
1414	1055	86	29
1414	1055	86	29
1414	1055	86	29
1414	1055	86	29
1414	1055	86	29
1414	1055	86	29
1414	1055	86	29
1414	1055	86	29
1414	1055	86	29
1414	1055	86	29
1414	1055	86	29
1414	1055	86	29
1414	1055	86	29
1414	1055	86	29
1414	1055	86	29
1414	1055	86	29
1414	1055	86	29
1414	1055	86	29
1414	1055	86	29
1414	1055	86	29
1414	1055	86	29
1414	1055	86	29
1414	1055	86	29
1414	1055	86	29
1414	1055	86	29
1414	1055	86	29
1414	1055	86	29
1414	1055	86	29
1414	1055	86	29
1414	1055	86	29
1414	1055	86	29
1414	1055	86	29
1414	1055	86	29
1414	1055	86	29
1414	1055	86	29
1414	1055	86	29
1414	1055	86	29
1414	1055	86	29
1414	1055	86	29
1414	1055	86	29
1414	1055	86	29
1414	1055	86	29
1414	1055	86	29
1414	1055	86	29
1414	1055	86	29
1414	1055	86	29
1414	1055	86	29
1414	1055	86	29
1414	1055	86	29
1414	1055	86	29
1414	1055	86	29
1414	1055	86	29
1414	1055	86	29
1414	1055	86	29
1414	1055	86	29
1414	1055	86	29
1414	1055	86	29
1414	1055	86	29
1414	1055	86	29
1414	1055	86	29
1414	1055	86	29
1414	1055	86	29
1414	1055	86	29
1414	1055	86	29
1414	1055	86	29
1414	1055	86	29
1414	1055	86	29
1414	1055	86	29
1414	1055	86	29
1414	1055	86	29
1414	1055	86	29
1414	1055	86	29
1414	1055	86	29
1414	1055	86	29
1414	1055	86	29
1414	1055	86	29
1414	1055	86	29
1414	1055	86	29
1414	1055	86	29
1414	1055	86	29
1414	1055	86	29
1414	1055	86	29
1414	1055	86	29
1414	1055	86	29
1414	1055	86	29
1414	1055	86	29
1414	1055	86	29
1414	1055	86	29
1414	1055	86	29
1414	1055	86	29
1414	1055	86	29
1414	1055	86	29
1414	1055	86	29
1414	1055	86	29
1414	1055	86	29
1414	1055	86	29
1414	1055	86	29
1414	1055	86	29
1414	1055	86	29
1414	1055	86	29
1414	1055	86	29
1414	1055	86	29
1414	1055	86	29
1414	1055	86	29
1414	1055	86	29
1414	1055	86	29
1414	1055	86	29
1414	1055	86	29
1414	1055	86	29
1414	1055	86	29
1414	1055	86	29
1414	1055	86	29
1414	1055	86	29
1414	1055	86	29
1414	1055	86	29
1414	1055	86	29
1414	1055	86	29
1414	1055	86	29
1414	1055	86	29
1414	1055	86	29
1414	1055	86	29
1414	1055	86	29
1414	1055	86	29
1414	1055	86	29
1414	1055	86	29
1414	1055	86	29
1414	1055	86	29
1414	1055	86	29
1414	1055	86	29
1414	1055	86	29
1414	1055	86	29
1414	1055	86	29
1414	1055	86	29
1414	1055	86	29
1414	1055	86	29
1414	1055	86	29
1414	1055	86	29
1414	1055	86	29
1414	1055	86	29
1414	1055	86	29
1414	1055	86	29
1414	1055	86	29
1414	1055	86	29
1414	1055	86	29
1414	1055	86	29
1414	1055	86	29
1414	1055	86	29
1414	1055	86	29
1414	1055	86	29
