768	538	36	33
771	538	37	33
774	538	37	35
779	538	36	33
785	538	33	34
791	539	31	33
794	540	31	31
798	540	34	33
802	540	34	30
805	540	35	32
810	540	35	34
814	541	35	33
819	539	35	35
823	540	33	35
827	540	36	34
832	541	35	35
836	540	37	37
843	540	38	31
851	541	37	27
858	540	37	31
869	542	34	29
878	542	32	30
887	542	32	33
895	541	32	34
905	542	31	36
913	543	31	31
924	544	29	34
929	544	33	35
939	546	30	31
944	545	35	32
955	548	33	26
963	548	36	26
972	550	40	25
972	550	40	25
972	550	40	25
972	550	40	25
972	550	40	25
972	550	40	25
972	550	40	25
972	550	40	25
972	550	40	25
972	550	40	25
972	550	40	25
972	550	40	25
972	550	40	25
972	550	40	25
972	550	40	25
972	550	40	25
972	550	40	25
972	550	40	25
972	550	40	25
972	550	40	25
972	550	40	25
972	550	40	25
972	550	40	25
972	550	40	25
972	550	40	25
972	550	40	25
972	550	40	25
972	550	40	25
972	550	40	25
972	550	40	25
972	550	40	25
972	550	40	25
972	550	40	25
972	550	40	25
972	550	40	25
972	550	40	25
972	550	40	25
972	550	40	25
972	550	40	25
972	550	40	25
972	550	40	25
972	550	40	25
972	550	40	25
972	550	40	25
972	550	40	25
972	550	40	25
972	550	40	25
972	550	40	25
972	550	40	25
972	550	40	25
972	550	40	25
972	550	40	25
972	550	40	25
972	550	40	25
972	550	40	25
972	550	40	25
972	550	40	25
972	550	40	25
972	550	40	25
972	550	40	25
972	550	40	25
972	550	40	25
972	550	40	25
972	550	40	25
972	550	40	25
972	550	40	25
972	550	40	25
972	550	40	25
972	550	40	25
972	550	40	25
972	550	40	25
972	550	40	25
972	550	40	25
972	550	40	25
972	550	40	25
972	550	40	25
972	550	40	25
972	550	40	25
972	550	40	25
972	550	40	25
932	610	41	31
993	663	54	33
995	662	66	34
994	667	69	30
998	670	68	29
1003	673	62	26
1004	672	67	29
1005	671	66	31
1008	672	66	31
1007	677	69	26
1012	673	62	31
1015	678	63	25
1016	680	64	25
1018	675	67	30
1022	675	68	31
1022	680	60	28
1027	681	56	28
1031	678	53	33
1032	680	55	32
1033	681	61	35
1039	682	68	36
1037	684	70	36
1041	688	69	35
1043	688	69	35
1046	689	65	36
1049	686	68	41
1051	693	61	35
1054	691	57	40
1060	694	54	43
1064	696	54	42
1067	696	54	44
1069	697	55	45
1072	698	59	45
1076	700	55	49
1079	700	56	51
1082	707	57	43
1087	710	55	43
1089	712	57	44
1094	715	55	45
1097	715	61	53
1101	714	62	54
1106	718	62	51
1110	722	63	50
1113	723	59	49
1120	725	56	47
1125	730	56	46
1129	736	57	41
1131	733	56	47
1135	736	56	50
1140	740	54	49
1144	740	55	53
1146	742	55	49
1148	745	58	47
1149	747	61	47
1154	750	59	46
1159	751	59	47
1162	751	61	48
1166	753	59	48
1167	752	61	51
1169	754	60	50
1170	751	62	57
1174	753	59	55
1174	758	62	49
1179	759	58	48
1180	759	62	49
1178	757	69	52
1188	757	63	53
1191	757	64	51
1195	761	61	47
1198	759	61	51
1200	760	62	53
1202	763	61	51
1204	763	61	51
1206	762	64	52
1209	762	63	52
1212	764	63	48
1214	761	62	51
1216	759	63	50
1216	757	66	49
1217	755	69	48
1220	750	69	50
1226	748	65	49
1232	743	57	49
1233	738	60	52
1235	733	61	50
1235	730	65	51
1235	728	71	48
1238	721	74	52
1243	718	72	52
1248	717	70	51
1249	714	73	52
1249	715	77	51
1251	716	74	46
1254	715	68	44
1255	715	68	43
1258	716	68	42
1262	715	66	45
1267	715	61	45
1271	714	60	46
1273	716	60	46
1275	715	64	49
1274	714	69	50
1277	716	68	50
1281	716	67	50
1283	716	66	51
1285	719	67	48
1287	718	68	49
1287	719	69	47
1290	718	67	48
1293	718	68	49
1299	718	64	50
1302	719	63	49
1305	720	61	48
1307	723	62	48
1307	720	64	51
1309	721	65	52
1315	722	61	51
1316	723	63	49
1316	725	67	47
1316	725	68	46
1316	725	70	47
1318	724	71	47
1323	726	68	49
1323	726	68	50
1320	728	71	49
1318	727	72	49
1315	728	71	47
1310	726	73	50
1310	725	67	49
1308	720	65	53
1303	721	64	51
1296	718	68	55
1290	717	68	55
1283	714	68	56
1277	717	69	52
1270	718	69	49
1266	718	66	50
1258	714	67	53
1253	715	66	52
1246	711	64	57
1239	708	64	59
1232	707	63	57
1224	704	66	59
1213	703	74	59
1211	706	66	57
1207	710	57	50
1204	709	53	48
1198	707	53	52
1194	706	53	51
1186	705	55	51
1180	705	57	49
1176	703	57	54
1171	700	57	55
1167	702	55	53
1164	703	55	52
1160	705	54	49
1155	707	57	44
1149	709	57	43
1148	706	57	44
1147	702	53	51
1141	698	58	51
1132	690	63	62
1131	690	62	60
1130	686	59	68
1127	687	60	68
1123	684	61	71
1114	683	70	68
1113	684	68	66
1093	686	84	66
1080	685	93	68
1072	690	99	62
1063	690	104	59
1063	690	101	60
1051	692	106	57
1050	691	102	59
1034	693	112	57
1031	693	107	58
1026	692	111	58
1025	689	111	61
1027	686	103	64
1025	686	108	61
1015	686	111	60
1009	684	114	64
1002	689	121	54
1002	687	115	57
986	688	125	59
985	687	125	59
963	688	130	60
967	685	136	63
934	692	132	63
937	692	123	62
940	692	112	64
934	694	110	63
931	697	105	59
941	689	92	69
946	692	78	62
940	698	79	57
942	693	75	63
948	692	77	61
953	692	72	61
937	677	85	80
952	679	74	76
944	691	73	62
952	686	61	67
937	690	74	63
799	750	80	53
794	754	97	49
793	761	101	39
793	762	101	38
793	763	102	37
796	764	104	36
797	765	108	34
799	764	112	37
797	765	120	35
794	767	128	33
794	767	133	34
791	764	142	38
783	764	156	38
787	764	149	38
795	766	153	38
793	765	152	41
798	765	165	41
799	768	157	38
798	764	165	43
804	764	164	44
803	766	165	42
804	769	168	40
806	772	166	35
802	772	177	37
799	773	180	34
799	773	189	36
798	773	189	38
721	751	172	49
799	771	189	45
801	776	202	37
801	776	210	39
801	777	205	37
803	779	202	35
801	779	201	34
796	777	211	40
796	777	211	40
788	777	226	43
782	779	215	39
777	780	220	39
769	782	205	37
763	782	206	38
759	784	201	38
759	784	201	38
758	785	207	36
734	786	213	37
724	778	236	48
723	782	232	46
717	783	227	44
716	786	223	40
719	787	217	40
718	787	220	40
716	787	222	42
713	786	225	43
718	784	229	47
715	785	221	42
721	781	247	53
722	779	226	54
725	779	240	53
723	772	257	61
722	775	268	57
724	774	270	58
724	780	273	46
727	777	274	52
732	775	260	53
728	779	265	48
730	781	248	47
730	780	252	49
730	781	251	46
731	781	243	46
737	781	241	45
736	778	260	45
725	773	274	52
725	764	294	60
726	765	288	57
726	765	288	57
731	755	272	59
737	750	259	58
737	745	262	56
740	742	249	53
739	732	261	65
739	732	261	65
739	732	261	65
739	732	261	65
739	732	261	65
739	732	261	65
739	732	261	65
739	732	261	65
739	732	261	65
739	732	261	65
739	732	261	65
739	732	261	65
739	732	261	65
739	732	261	65
739	732	261	65
782	634	270	56
782	634	270	56
787	627	268	51
787	627	268	51
791	614	276	53
791	614	276	53
791	614	276	53
791	614	276	53
791	614	276	53
791	614	276	53
791	614	276	53
809	587	292	60
809	587	292	60
809	587	292	60
809	587	292	60
814	586	292	56
814	586	292	56
814	586	292	56
814	586	292	56
814	586	292	56
814	586	292	56
814	586	292	56
814	586	292	56
814	586	292	56
814	586	292	56
814	586	292	56
814	586	292	56
814	586	292	56
814	586	292	56
814	586	292	56
814	586	292	56
814	586	292	56
814	586	292	56
814	586	292	56
814	586	292	56
814	586	292	56
814	586	292	56
814	586	292	56
814	586	292	56
814	586	292	56
814	586	292	56
814	586	292	56
814	586	292	56
814	586	292	56
814	586	292	56
814	586	292	56
814	586	292	56
814	586	292	56
814	586	292	56
814	586	292	56
814	586	292	56
814	586	292	56
814	586	292	56
814	586	292	56
814	586	292	56
814	586	292	56
814	586	292	56
814	586	292	56
814	586	292	56
814	586	292	56
814	586	292	56
814	586	292	56
814	586	292	56
814	586	292	56
814	586	292	56
814	586	292	56
814	586	292	56
814	586	292	56
814	586	292	56
814	586	292	56
814	586	292	56
814	586	292	56
814	586	292	56
814	586	292	56
814	586	292	56
814	586	292	56
814	586	292	56
814	586	292	56
814	586	292	56
814	586	292	56
814	586	292	56
814	586	292	56
814	586	292	56
814	586	292	56
814	586	292	56
814	586	292	56
814	586	292	56
814	586	292	56
814	586	292	56
814	586	292	56
814	586	292	56
814	586	292	56
814	586	292	56
814	586	292	56
814	586	292	56
814	586	292	56
814	586	292	56
814	586	292	56
814	586	292	56
814	586	292	56
814	586	292	56
814	586	292	56
814	586	292	56
814	586	292	56
814	586	292	56
814	586	292	56
814	586	292	56
814	586	292	56
814	586	292	56
814	586	292	56
814	586	292	56
814	586	292	56
814	586	292	56
814	586	292	56
814	586	292	56
814	586	292	56
814	586	292	56
814	586	292	56
814	586	292	56
814	586	292	56
814	586	292	56
814	586	292	56
814	586	292	56
814	586	292	56
814	586	292	56
814	586	292	56
814	586	292	56
814	586	292	56
814	586	292	56
814	586	292	56
814	586	292	56
814	586	292	56
814	586	292	56
814	586	292	56
814	586	292	56
814	586	292	56
814	586	292	56
814	586	292	56
814	586	292	56
814	586	292	56
814	586	292	56
814	586	292	56
814	586	292	56
814	586	292	56
814	586	292	56
814	586	292	56
814	586	292	56
814	586	292	56
814	586	292	56
814	586	292	56
814	586	292	56
814	586	292	56
814	586	292	56
814	586	292	56
814	586	292	56
814	586	292	56
814	586	292	56
814	586	292	56
814	586	292	56
814	586	292	56
814	586	292	56
947	444	315	69
947	444	315	69
947	444	315	69
947	444	315	69
947	444	315	69
947	444	315	69
947	444	315	69
947	444	315	69
947	444	315	69
947	444	315	69
947	444	315	69
947	444	315	69
947	444	315	69
947	444	315	69
947	444	315	69
817	166	295	74
817	166	295	74
754	66	284	101
781	100	256	133
781	100	256	133
781	100	256	133
781	100	256	133
781	100	256	133
781	100	256	133
781	100	256	133
781	100	256	133
781	100	256	133
798	105	222	134
802	111	215	126
802	107	216	146
802	105	217	155
803	100	215	167
800	83	216	198
806	100	207	212
810	108	196	241
806	69	203	254
814	97	195	275
795	65	225	257
847	114	216	252
833	81	221	265
798	35	244	258
815	65	206	270
783	1	234	289
812	21	268	305
828	57	218	325
820	25	212	347
807	10	219	328
807	10	219	328
807	10	219	328
807	10	219	328
807	10	219	328
807	10	219	328
807	10	219	328
807	10	219	328
807	10	219	328
807	10	219	328
807	10	219	328
807	10	219	328
807	10	219	328
807	10	219	328
945	349	247	368
945	349	247	368
945	349	247	368
945	349	247	368
945	349	247	368
945	349	247	368
945	349	247	368
945	349	247	368
945	349	247	368
945	349	247	368
1036	127	286	342
1088	150	290	323
1088	150	290	323
1088	150	290	323
1088	150	290	323
1088	150	290	323
1088	150	290	323
1088	150	290	323
1088	150	290	323
1069	162	225	313
1069	162	225	313
1109	176	199	289
1109	176	199	289
1109	176	199	289
1109	176	199	289
1109	176	199	289
1109	176	199	289
1109	176	199	289
1109	176	199	289
1109	176	199	289
1109	176	199	289
1109	176	199	289
1109	176	199	289
1109	176	199	289
1109	176	199	289
1109	176	199	289
1109	176	199	289
1109	176	199	289
1109	176	199	289
1109	176	199	289
1109	176	199	289
1340	343	170	249
1340	343	170	249
1340	343	170	249
1340	343	170	249
1340	343	170	249
1340	343	170	249
1340	343	170	249
1340	343	170	249
1340	343	170	249
1340	343	170	249
1340	343	170	249
1340	343	170	249
1340	343	170	249
1340	343	170	249
1340	343	170	249
1340	343	170	249
1340	343	170	249
1340	343	170	249
1340	343	170	249
1340	343	170	249
1340	343	170	249
1340	343	170	249
1340	343	170	249
1340	343	170	249
1340	343	170	249
1340	343	170	249
1340	343	170	249
1340	343	170	249
1340	343	170	249
1340	343	170	249
1340	343	170	249
1340	343	170	249
1340	343	170	249
1340	343	170	249
1340	343	170	249
1340	343	170	249
1340	343	170	249
1340	343	170	249
1340	343	170	249
1340	343	170	249
1340	343	170	249
1340	343	170	249
1340	343	170	249
1340	343	170	249
1340	343	170	249
1340	343	170	249
1340	343	170	249
1340	343	170	249
1340	343	170	249
1340	343	170	249
1340	343	170	249
1340	343	170	249
1340	343	170	249
1340	343	170	249
1340	343	170	249
1340	343	170	249
1340	343	170	249
1340	343	170	249
1340	343	170	249
983	168	224	225
983	168	224	225
980	201	233	176
980	201	233	176
980	201	233	176
980	201	233	176
980	201	233	176
980	201	233	176
980	201	233	176
980	201	233	176
980	201	233	176
980	201	233	176
980	201	233	176
980	201	233	176
980	201	233	176
980	201	233	176
980	201	233	176
980	201	233	176
980	201	233	176
980	201	233	176
980	201	233	176
980	201	233	176
980	201	233	176
980	201	233	176
980	201	233	176
980	201	233	176
980	201	233	176
980	201	233	176
980	201	233	176
980	201	233	176
980	201	233	176
980	201	233	176
980	201	233	176
980	201	233	176
980	201	233	176
980	201	233	176
980	201	233	176
980	201	233	176
980	201	233	176
980	201	233	176
980	201	233	176
980	201	233	176
980	201	233	176
980	201	233	176
980	201	233	176
980	201	233	176
980	201	233	176
980	201	233	176
980	201	233	176
980	201	233	176
980	201	233	176
980	201	233	176
980	201	233	176
980	201	233	176
980	201	233	176
980	201	233	176
980	201	233	176
980	201	233	176
980	201	233	176
980	201	233	176
980	201	233	176
980	201	233	176
980	201	233	176
980	201	233	176
980	201	233	176
980	201	233	176
980	201	233	176
980	201	233	176
980	201	233	176
980	201	233	176
980	201	233	176
980	201	233	176
980	201	233	176
980	201	233	176
980	201	233	176
980	201	233	176
980	201	233	176
980	201	233	176
980	201	233	176
980	201	233	176
980	201	233	176
980	201	233	176
980	201	233	176
980	201	233	176
980	201	233	176
980	201	233	176
980	201	233	176
980	201	233	176
980	201	233	176
980	201	233	176
980	201	233	176
980	201	233	176
980	201	233	176
980	201	233	176
980	201	233	176
980	201	233	176
980	201	233	176
980	201	233	176
980	201	233	176
980	201	233	176
980	201	233	176
1408	187	221	195
1411	185	206	198
1411	185	206	198
1411	185	206	198
1411	185	206	198
1411	185	206	198
1410	174	147	224
1415	175	112	217
1421	188	100	209
1433	206	120	192
1429	204	90	180
1440	222	100	152
1433	223	95	145
1441	218	83	149
1440	220	85	143
1444	223	85	137
1444	223	85	137
1444	223	85	137
1445	220	89	142
1445	220	89	142
1445	220	89	142
1438	229	106	132
1438	229	107	132
1544	267	88	110
1547	273	76	96
1553	306	72	76
1560	314	66	58
1559	321	68	41
1562	322	70	40
1562	324	71	38
1563	324	72	36
1562	324	73	38
1566	322	68	40
1570	322	63	39
1574	317	59	45
1573	314	58	47
1573	311	54	51
1570	307	53	50
1567	303	49	51
1560	300	46	46
1552	295	44	43
1541	291	43	44
1531	285	37	41
1514	278	38	42
1498	270	35	40
1481	263	34	42
1481	263	34	42
1446	245	32	42
1426	239	31	42
1406	231	31	41
1388	230	32	36
1370	221	35	39
1356	220	34	36
1344	214	33	34
1328	212	36	32
1317	208	35	33
1307	204	32	35
1295	197	28	37
1281	195	30	36
1270	191	30	37
1258	185	34	42
1250	184	35	42
1246	180	35	45
1241	176	38	49
1238	173	40	51
1241	169	36	50
1242	167	37	50
1243	167	37	50
1244	162	35	54
1245	158	37	60
1245	158	38	57
1246	155	38	62
1246	153	39	62
1245	152	43	60
1245	151	43	61
1241	148	48	63
1244	150	46	60
1243	146	48	64
1241	145	52	67
1244	149	50	61
1246	148	48	63
1243	148	50	60
1246	147	49	61
1248	148	46	59
