724	336	30	21
721	335	32	21
722	335	31	21
723	336	30	20
723	336	30	21
722	335	30	22
722	336	32	20
722	336	31	19
722	336	33	20
723	335	29	19
721	335	31	20
722	334	30	20
723	334	31	21
723	334	32	20
723	333	31	21
723	335	31	20
723	334	30	19
722	334	31	19
723	334	30	21
723	334	30	20
724	333	33	21
724	334	34	21
723	334	31	19
722	333	33	20
724	334	33	20
724	333	32	20
725	333	32	20
725	333	31	19
724	333	32	20
724	334	32	20
724	333	31	20
725	332	31	21
725	333	30	20
724	334	31	20
722	333	35	20
724	334	34	20
724	333	33	20
725	333	32	20
725	333	29	20
725	333	30	20
726	333	31	20
726	332	31	20
725	330	31	21
725	331	31	21
725	331	29	20
724	330	33	22
724	332	33	22
724	332	32	20
724	331	34	22
724	329	32	23
723	329	32	22
723	331	32	21
725	331	33	21
728	331	30	21
732	332	29	19
737	331	29	19
740	332	31	19
748	331	30	20
754	331	30	20
760	331	29	20
766	330	28	21
771	331	28	19
774	331	28	20
777	330	29	20
778	331	29	19
779	331	32	19
782	331	30	20
783	331	29	20
783	329	29	22
783	330	30	21
784	330	29	21
783	331	31	20
784	330	29	21
783	330	31	20
782	330	32	20
783	331	30	20
783	331	29	19
785	330	30	21
784	330	29	20
784	330	31	21
783	331	29	20
783	331	29	19
783	330	29	21
783	330	29	21
783	331	30	19
783	331	30	19
783	331	29	20
783	332	30	19
783	332	30	20
783	331	31	19
783	331	31	19
784	331	29	20
783	331	29	20
784	331	31	19
783	331	29	19
782	331	30	20
782	331	31	20
783	331	29	20
783	331	30	20
783	330	30	21
783	330	30	21
783	332	31	20
784	332	29	20
784	332	31	20
783	331	33	21
783	331	32	20
783	331	31	20
784	331	30	21
783	330	30	21
783	331	30	22
782	331	33	21
782	332	32	21
782	332	32	21
783	331	30	21
783	332	31	20
782	332	31	20
781	331	33	20
782	331	32	21
782	332	32	21
782	333	31	19
782	332	32	20
784	332	30	21
782	331	30	22
783	332	31	20
782	332	31	20
782	332	32	20
782	332	32	21
782	332	31	20
783	332	30	20
784	333	30	19
784	332	31	20
787	332	29	19
790	333	32	20
792	332	31	20
797	334	30	18
800	331	31	20
804	331	29	19
808	332	29	18
809	332	31	20
813	331	29	21
813	332	32	20
815	331	30	20
816	332	30	19
817	332	29	20
817	332	30	20
818	330	29	22
818	332	30	20
818	332	29	20
818	332	30	19
820	332	28	21
819	331	29	21
819	331	29	19
819	331	28	20
818	331	29	20
818	332	30	20
818	331	30	19
818	331	29	19
818	331	29	21
816	331	31	20
818	331	28	19
817	330	30	22
818	331	30	20
817	331	30	20
817	330	32	21
817	330	30	21
819	332	28	20
818	330	29	21
818	330	30	21
817	330	31	21
817	331	30	21
818	330	29	21
818	331	30	20
817	331	31	20
817	330	30	20
817	331	29	21
816	330	31	21
817	331	29	20
817	331	28	20
818	332	28	19
817	331	31	20
816	330	30	21
818	331	28	20
818	331	29	20
817	330	29	21
817	331	29	20
817	331	29	20
818	331	29	21
817	330	29	21
816	330	31	21
816	332	30	19
816	332	30	20
815	332	32	21
817	332	30	20
816	330	31	22
817	330	29	21
816	330	31	21
817	331	31	20
817	332	29	18
817	332	30	18
816	332	29	18
817	332	29	18
817	332	29	18
815	332	32	19
818	332	30	20
817	332	31	19
817	330	30	21
817	330	29	21
816	332	30	20
817	332	29	19
816	332	30	19
816	332	30	20
814	331	32	20
816	332	31	19
816	331	30	22
816	333	30	19
816	332	31	19
816	332	30	18
816	332	31	18
817	332	30	19
817	332	30	19
817	332	29	18
817	333	30	18
818	333	28	19
816	333	30	18
817	332	29	20
817	333	30	19
817	333	30	20
816	333	30	19
817	333	30	18
816	333	32	18
818	333	29	19
818	334	30	18
818	334	30	19
817	334	29	19
818	334	29	18
818	335	30	17
817	334	30	17
818	334	29	18
817	335	30	18
818	335	30	18
820	334	31	19
819	335	28	18
819	335	29	18
819	335	29	18
819	336	29	17
820	335	28	19
819	336	29	19
820	336	28	19
819	336	29	19
818	336	30	18
820	337	28	18
821	337	28	18
821	337	28	18
820	337	29	18
820	337	29	20
821	337	30	19
821	337	30	19
822	337	29	19
822	337	28	21
821	338	30	20
821	338	30	20
821	338	33	21
822	338	31	21
822	338	31	21
821	336	33	21
822	338	29	19
822	339	30	20
823	340	29	20
823	339	31	22
823	339	31	20
822	339	30	21
822	339	31	20
822	339	31	22
821	340	31	21
822	340	32	22
823	341	30	20
825	341	31	22
824	341	30	21
823	342	32	20
825	341	31	22
825	342	34	22
823	342	30	22
824	342	31	22
823	343	32	22
824	343	32	21
823	343	32	23
824	343	33	23
824	344	33	23
824	343	34	24
824	342	32	23
824	345	31	23
823	345	33	23
823	346	33	22
822	345	32	22
825	346	34	22
824	347	33	22
824	346	34	21
823	347	34	22
823	348	35	20
822	348	34	23
822	349	33	22
824	347	35	22
823	349	34	22
823	350	33	22
823	350	33	21
822	350	34	22
823	350	33	22
822	350	35	23
822	351	35	24
823	351	35	23
824	351	35	24
825	352	35	25
824	351	33	25
823	351	34	26
824	351	34	27
824	353	35	26
825	353	35	25
824	353	36	26
824	353	39	25
824	354	38	25
824	354	38	25
825	354	37	25
824	355	38	24
824	355	38	25
824	356	39	23
824	357	39	24
824	357	40	24
824	356	40	25
823	357	40	25
822	357	41	25
823	357	40	26
823	358	38	26
823	358	40	26
823	359	40	25
822	358	41	27
822	358	41	27
822	358	42	27
823	356	41	30
820	357	40	29
820	357	42	28
822	358	41	29
822	359	39	26
822	359	40	28
823	360	42	27
822	359	43	29
821	362	41	27
822	361	40	27
821	361	41	28
822	361	41	29
821	362	43	28
821	361	42	29
820	362	43	29
822	362	43	30
821	365	43	27
821	365	42	29
820	365	43	27
822	365	43	29
821	366	43	29
821	366	43	29
822	366	43	29
822	366	44	29
821	367	44	31
821	368	45	30
819	368	47	31
822	369	44	30
820	370	45	29
821	370	45	31
821	369	46	32
822	370	45	32
822	370	45	31
825	373	45	30
825	373	45	31
825	375	46	30
824	376	43	28
823	375	46	28
825	376	46	31
825	378	47	29
827	378	47	29
823	379	47	27
823	380	47	27
824	380	48	30
824	381	48	30
826	382	47	31
825	382	48	32
826	384	47	30
826	383	45	31
826	385	46	32
826	387	49	31
827	386	48	35
828	388	47	33
827	388	47	33
826	390	50	32
829	391	49	31
828	392	50	31
827	394	51	31
829	394	52	30
828	394	54	31
829	395	52	32
825	395	51	33
827	396	51	33
826	397	50	32
826	398	51	32
827	400	50	31
827	401	52	32
826	400	55	33
829	403	52	32
829	403	52	34
828	404	52	36
829	405	51	36
828	407	51	35
828	407	52	36
828	406	52	35
828	405	52	35
829	411	52	29
829	411	52	31
829	413	52	28
830	413	53	30
828	412	55	30
829	413	52	34
828	413	54	33
828	411	55	36
829	414	52	36
829	413	55	36
830	415	55	38
830	413	54	41
830	412	54	43
827	412	59	43
830	414	55	45
832	414	55	44
831	416	59	43
833	415	58	46
834	413	57	49
833	417	55	47
832	415	58	49
833	417	58	48
834	420	59	46
832	419	59	50
834	424	57	46
835	419	57	52
835	424	58	49
833	422	61	51
835	426	60	50
835	422	61	54
834	428	60	51
835	426	61	53
835	428	60	53
836	428	61	54
836	429	62	54
836	430	64	56
836	428	63	57
837	432	61	55
837	431	64	56
836	432	64	58
839	433	63	57
838	433	64	58
837	432	65	60
838	435	66	59
838	435	67	59
839	435	67	61
839	436	68	61
840	437	68	62
840	437	67	63
839	438	70	64
841	441	69	62
842	441	69	62
842	442	69	66
842	443	70	64
842	444	71	63
841	445	75	64
845	446	72	65
843	447	72	65
845	448	73	66
844	449	75	68
845	450	74	68
845	452	76	67
845	453	77	65
846	455	77	67
846	453	79	69
846	456	77	72
845	455	79	73
848	461	78	72
848	458	80	71
848	460	82	69
850	467	79	71
849	465	80	69
849	471	82	73
851	470	80	73
851	470	82	70
849	468	85	73
851	472	85	73
851	475	85	65
851	477	86	71
851	476	87	70
849	480	87	68
851	480	86	68
853	482	88	66
853	485	88	69
852	484	91	68
853	487	92	69
851	486	95	69
852	486	93	71
852	488	97	71
852	491	96	71
854	492	96	73
852	493	100	71
854	494	101	72
857	497	99	75
855	495	100	75
855	497	102	76
854	500	105	76
856	499	104	79
855	503	108	76
857	502	106	79
858	508	104	78
858	505	106	81
855	505	108	84
854	508	113	82
854	507	113	85
854	511	115	88
854	510	118	86
849	509	124	92
845	514	130	89
846	512	133	90
836	516	143	92
838	515	146	95
845	515	144	92
861	515	133	92
831	525	164	87
844	518	155	96
854	527	140	91
842	524	151	95
861	523	132	98
853	527	143	97
855	525	145	100
864	532	136	96
866	530	130	97
866	531	132	99
868	540	128	92
866	530	133	105
865	530	134	107
864	530	134	108
865	532	135	110
864	528	136	115
864	533	139	117
864	528	142	121
865	536	136	118
867	529	141	128
867	533	141	127
867	536	141	127
866	528	147	136
865	530	150	137
866	534	150	138
866	536	152	140
867	532	154	146
869	531	151	151
867	534	157	149
868	537	153	148
868	534	155	155
869	538	154	155
870	538	155	158
867	537	161	160
867	537	164	162
868	542	163	161
869	543	166	165
868	542	169	167
867	548	169	167
871	547	174	170
868	548	177	172
866	547	178	175
866	549	179	178
869	554	179	175
869	548	180	184
865	552	184	186
873	562	180	184
869	560	184	186
873	556	185	193
869	555	187	195
870	557	190	196
866	558	194	196
874	556	191	203
877	557	193	203
871	556	193	207
874	556	199	206
871	558	199	209
872	559	200	213
872	554	203	214
870	559	212	222
875	560	212	225
871	559	219	230
868	558	226	232
873	558	223	234
873	560	228	237
882	561	220	242
877	561	229	242
880	559	228	245
879	564	233	245
883	559	226	248
886	559	230	253
880	561	236	259
879	558	239	262
882	563	243	262
884	561	243	264
884	564	248	270
889	562	251	270
884	564	255	276
887	560	256	277
887	560	261	285
889	558	265	293
894	565	269	293
890	560	271	300
893	557	273	299
890	559	278	307
890	560	281	310
891	561	285	313
889	562	289	322
894	559	292	324
890	561	296	325
889	559	300	327
901	560	288	329
892	561	306	339
896	560	304	345
898	559	317	353
899	560	323	355
897	559	328	370
899	558	334	373
900	554	338	382
895	561	347	380
902	562	344	380
903	558	344	386
911	555	349	384
914	554	361	395
903	552	341	336
904	555	347	348
905	549	344	308
902	546	357	317
917	546	401	389
923	549	412	420
923	548	434	431
930	541	425	417
917	542	422	413
918	543	416	390
917	540	428	404
923	541	444	406
923	542	427	428
923	541	441	440
931	538	456	395
923	548	463	458
924	542	475	472
946	548	474	479
934	547	487	443
932	546	499	491
935	542	536	453
934	536	540	479
936	558	548	477
945	549	575	443
941	560	582	457
946	567	583	467
952	562	607	472
950	561	619	489
942	562	649	498
963	567	660	486
955	566	673	496
951	573	706	494
968	572	714	491
967	577	725	497
975	573	760	507
1018	588	764	488
972	580	808	497
966	589	745	492
1006	585	731	470
1051	583	651	416
1024	589	653	338
1017	596	666	349
1012	604	685	351
1020	609	695	364
1007	610	725	371
1003	617	732	385
999	610	749	389
984	619	766	399
990	619	779	406
985	617	789	410
986	630	792	407
963	622	823	415
962	617	841	426
986	631	761	404
918	627	632	405
919	626	638	374
911	628	640	363
920	627	650	366
837	640	669	360
869	639	688	360
898	635	683	374
827	650	697	354
823	649	708	347
853	651	803	371
847	650	904	412
838	655	992	414
831	653	997	427
817	647	997	422
827	648	1015	417
805	646	1028	429
816	632	1035	429
805	635	1042	409
795	634	1053	402
803	643	1041	367
803	654	1003	349
810	658	1012	352
863	659	875	326
805	657	745	304
846	659	740	252
857	660	770	248
905	656	679	183
886	660	704	197
885	643	717	211
862	648	790	246
916	636	895	270
855	636	913	244
883	644	872	244
890	641	864	238
921	637	807	219
886	637	848	228
870	629	832	221
875	616	815	220
882	613	947	236
850	614	935	291
734	648	921	406
787	588	969	443
752	586	953	440
774	601	935	423
793	619	909	383
762	617	880	385
726	594	885	396
683	585	862	411
746	574	835	420
740	568	807	414
734	567	795	417
734	573	781	397
736	551	740	414
716	563	744	401
707	555	726	393
692	550	705	399
678	552	705	382
671	551	688	380
675	551	660	387
664	554	652	366
649	553	646	360
629	553	625	358
632	548	585	363
622	544	593	351
611	548	571	339
597	533	582	352
585	532	567	336
565	535	563	325
551	531	559	333
538	532	533	323
527	524	516	324
494	543	467	308
484	530	487	315
466	525	492	318
461	520	474	314
451	522	481	310
435	517	468	298
440	515	450	299
433	516	455	294
440	518	432	285
430	514	433	284
444	516	418	281
445	520	404	270
437	509	413	279
443	515	408	267
448	518	394	264
451	511	394	257
464	519	379	249
454	497	384	263
477	488	378	269
478	494	363	255
470	498	371	259
485	493	351	250
488	491	359	253
485	491	354	258
482	488	353	246
475	490	353	243
493	489	337	239
493	491	330	238
495	486	331	240
500	485	327	240
495	484	323	242
500	486	322	230
499	482	329	229
504	489	317	221
507	478	315	235
512	479	320	237
512	490	312	219
511	468	306	244
510	474	317	241
512	482	303	229
516	477	300	233
519	478	299	229
521	478	290	235
513	469	298	233
515	478	297	223
514	485	291	218
518	467	288	230
512	467	292	224
512	474	285	215
516	467	296	229
517	463	289	228
514	484	289	215
510	464	292	225
510	467	292	225
510	467	287	227
509	476	284	234
520	479	287	245
517	476	282	241
515	477	293	249
509	485	302	245
508	482	302	254
514	486	298	255
506	491	303	248
507	490	296	245
501	500	297	238
500	489	302	238
497	493	301	235
500	491	292	240
500	487	296	238
506	491	302	246
500	498	311	239
498	497	310	244
508	498	307	245
505	499	373	262
509	506	429	277
512	487	420	280
513	498	422	277
511	497	424	283
506	489	426	283
508	496	420	281
504	495	423	280
508	498	434	282
503	492	422	279
506	496	426	280
504	499	432	281
517	490	425	279
502	495	423	275
506	499	431	281
500	507	435	275
501	503	432	274
511	499	429	283
510	500	427	279
502	495	430	286
510	500	426	277
507	494	432	287
505	494	421	285
505	503	432	279
503	497	426	286
508	500	425	279
508	501	430	283
502	502	427	280
507	505	433	274
505	503	434	284
507	511	425	277
502	509	429	283
508	515	440	277
503	501	439	284
501	509	440	284
503	507	425	281
498	511	437	283
500	515	445	280
492	516	435	274
497	512	442	287
505	510	436	292
499	509	441	286
491	515	442	284
494	507	445	287
499	513	433	285
490	509	439	290
499	510	435	288
498	511	433	291
502	514	440	285
494	523	451	282
488	515	448	290
488	524	443	294
487	520	450	294
492	526	453	288
487	526	455	286
487	525	449	289
484	524	453	294
493	519	452	303
471	521	468	299
468	529	465	296
488	524	458	300
475	521	458	297
473	524	468	298
466	528	456	301
471	526	459	304
475	526	459	303
471	530	436	296
456	530	486	310
451	538	446	296
444	531	369	289
437	533	367	284
445	535	361	286
443	531	366	290
443	533	368	291
440	533	368	289
438	536	370	284
438	539	372	295
437	541	372	306
434	541	376	289
437	549	379	301
437	549	379	316
429	552	390	303
419	553	398	307
420	552	408	306
422	555	405	307
423	549	411	305
417	556	413	309
425	561	407	311
421	561	414	304
421	562	412	305
414	570	429	305
418	563	424	305
420	561	432	305
412	558	440	304
416	564	437	313
413	564	441	311
417	568	447	305
414	563	452	314
407	557	463	319
410	561	466	320
409	563	471	316
413	567	474	311
407	572	485	307
411	572	490	306
413	572	493	307
412	573	499	309
414	571	503	305
413	572	501	302
417	571	505	302
419	574	515	299
424	575	519	294
422	580	519	296
424	581	518	297
421	579	529	295
430	591	526	291
431	584	533	295
442	583	529	298
447	591	528	290
456	589	524	291
453	591	531	288
453	597	530	279
457	593	531	279
457	598	530	272
467	594	540	278
467	603	546	265
489	611	542	261
490	605	535	267
491	601	534	270
494	603	534	270
498	603	536	272
503	605	533	265
506	612	538	259
516	616	539	258
526	611	537	266
522	613	539	264
526	620	543	255
529	623	538	257
536	633	552	255
532	631	542	255
539	627	545	256
549	637	546	250
551	639	545	249
553	640	544	253
566	646	543	255
560	649	547	256
568	655	551	252
579	661	553	258
592	666	562	259
574	673	567	256
557	676	565	269
578	682	562	261
602	690	560	256
589	686	559	272
597	692	559	268
606	697	558	280
594	699	570	280
599	701	567	284
602	701	566	290
610	712	570	289
600	714	576	288
601	718	574	287
602	729	576	284
598	725	581	291
623	728	574	292
610	726	571	295
633	738	575	290
633	734	579	294
634	733	583	302
641	737	578	295
649	734	575	299
641	740	573	306
653	742	576	299
677	743	575	302
648	740	574	306
690	743	575	306
656	748	588	303
685	746	582	301
662	752	587	302
697	748	587	299
678	753	594	304
704	753	595	297
679	754	604	300
696	750	600	301
698	758	604	300
705	755	600	304
696	759	610	300
708	759	607	296
701	759	614	300
708	760	607	287
694	760	579	251
709	759	608	302
705	768	614	301
700	764	615	297
684	769	613	290
660	770	623	284
636	774	631	279
648	775	609	261
602	777	628	275
627	775	636	292
622	783	638	281
570	780	644	291
553	783	651	289
533	783	651	279
536	789	657	273
517	798	655	275
497	794	666	280
464	793	674	283
472	798	669	280
439	799	683	276
418	805	685	279
417	807	685	273
370	817	697	270
354	819	700	264
350	819	687	242
343	819	683	241
384	819	622	206
422	818	584	197
407	819	576	195
392	827	564	187
380	832	584	184
362	832	584	186
342	847	602	185
329	849	612	188
317	849	622	191
317	852	616	193
311	850	624	198
312	850	628	201
316	855	614	188
316	855	623	192
324	856	626	195
326	856	624	195
327	853	637	196
337	856	625	191
331	856	626	199
343	859	628	193
355	855	630	198
361	854	630	197
368	858	634	192
381	855	621	192
381	858	619	192
389	853	634	198
402	854	616	191
412	851	624	192
404	854	614	190
416	848	627	192
435	846	620	198
458	855	614	185
449	844	613	196
458	841	614	188
475	841	608	194
477	830	604	192
497	829	592	194
499	825	598	198
509	819	597	194
520	821	606	192
530	817	590	193
543	819	591	187
563	816	592	188
549	816	605	191
569	811	575	192
579	811	596	191
577	809	597	198
579	805	610	201
598	807	597	197
563	806	635	216
516	795	688	246
486	788	745	296
485	792	733	294
537	789	715	294
534	787	723	291
530	783	732	290
539	776	736	286
534	771	722	297
562	770	724	289
561	774	712	274
585	772	701	275
576	763	707	279
597	762	697	279
608	758	691	278
605	751	688	276
628	745	687	272
638	744	684	273
637	746	674	266
645	740	677	270
649	736	678	276
660	739	675	268
669	736	676	273
683	741	668	261
685	738	667	265
697	739	666	264
705	736	657	267
710	732	667	267
717	732	668	268
723	733	658	265
721	733	672	265
734	733	674	269
738	735	659	267
743	732	662	270
741	732	661	268
751	735	659	269
756	730	663	269
761	732	666	266
764	736	663	269
783	726	649	281
788	734	657	274
797	737	652	268
807	737	643	270
798	735	652	274
803	733	655	275
814	733	652	277
824	732	650	278
826	736	648	271
832	728	652	280
831	734	651	276
847	739	651	269
853	742	654	267
838	742	644	271
859	730	648	283
859	746	654	264
868	748	645	263
879	741	645	277
874	739	649	274
864	745	650	273
874	742	643	281
886	742	646	276
895	746	640	273
897	744	637	272
907	744	635	273
906	747	643	270
914	745	635	264
913	742	626	278
922	743	632	278
914	746	627	274
941	746	623	272
936	749	629	275
947	749	630	283
953	752	623	268
963	751	622	278
966	746	618	288
941	752	634	274
960	746	623	281
983	744	621	288
974	750	624	275
987	759	624	261
994	755	613	275
998	748	620	285
1004	746	620	289
979	741	626	296
985	740	623	292
995	743	620	295
1025	746	617	284
995	742	618	283
1030	743	605	278
1040	744	609	284
1036	745	613	291
1047	745	603	290
1046	745	605	282
1057	746	605	282
1058	743	613	286
1051	747	608	283
1064	740	602	279
1084	746	597	278
1073	740	607	288
1087	742	600	280
1080	741	602	278
1090	739	597	286
1099	739	593	282
1102	739	595	288
1093	733	597	291
1113	731	584	298
1101	730	593	300
1103	726	582	302
1103	728	587	301
1101	730	585	291
1104	729	571	296
1094	725	570	291
1087	720	554	305
1068	713	549	307
1066	717	540	294
1046	718	549	282
1034	705	539	300
1021	707	532	299
1008	704	530	298
989	703	514	304
989	700	492	300
971	699	497	304
948	699	498	299
929	697	495	297
917	698	496	297
900	692	494	299
882	689	489	302
877	693	474	301
866	692	465	297
852	688	478	304
858	686	471	302
842	681	468	303
849	687	467	303
841	683	466	305
841	684	459	308
842	678	466	312
837	688	465	298
842	686	455	298
842	687	456	299
841	688	446	298
842	682	449	305
844	687	452	299
843	685	462	302
844	683	456	306
847	688	464	304
847	691	456	300
845	691	454	297
851	684	456	305
845	694	466	298
850	687	468	304
854	687	452	301
844	687	466	303
857	679	456	310
859	689	458	301
853	686	460	303
852	690	458	302
851	688	463	306
854	691	463	307
850	690	465	307
849	692	461	305
859	696	462	300
849	697	463	306
848	693	464	309
842	685	478	316
856	695	457	301
846	699	451	305
853	697	458	304
848	691	450	309
849	694	454	306
846	694	458	312
852	692	462	306
853	699	446	306
848	700	456	304
850	697	460	303
844	698	461	304
844	699	463	309
846	694	467	310
851	698	466	307
845	701	470	305
847	698	467	308
843	696	473	312
843	696	471	311
839	697	471	315
844	697	469	314
848	701	462	311
837	698	466	311
845	707	457	306
836	702	466	314
844	699	451	310
845	694	454	313
846	698	463	310
837	703	462	302
836	704	463	301
839	698	463	313
840	699	465	310
839	697	460	309
839	701	465	303
840	697	458	310
838	694	461	313
831	699	471	308
836	696	465	308
834	701	463	303
841	690	466	310
834	694	468	314
832	694	470	306
839	693	476	310
839	691	468	312
832	689	464	313
830	688	469	316
835	688	462	317
837	688	462	315
835	690	465	312
836	688	466	312
842	679	458	315
