364	859	259	218
380	846	250	205
398	844	239	193
410	829	234	189
417	831	236	182
438	811	229	179
445	818	228	167
456	803	221	162
465	790	211	161
480	781	201	158
480	781	206	146
479	770	209	147
499	767	192	134
507	757	190	141
506	754	192	136
526	746	185	134
527	735	182	136
538	728	180	139
552	724	175	128
562	719	165	126
566	716	167	122
573	717	164	116
579	705	162	121
589	700	153	118
596	701	155	110
597	690	157	114
606	684	145	111
610	680	147	110
612	676	151	108
625	671	140	108
633	665	145	109
635	659	143	109
638	656	142	108
649	654	135	103
652	652	126	101
659	647	131	102
662	640	131	99
662	641	132	96
670	635	137	100
674	630	128	98
681	631	123	90
683	632	121	87
689	629	115	85
693	626	117	83
698	628	119	77
708	628	109	75
708	622	117	77
712	619	108	79
712	616	113	75
718	613	104	73
717	615	104	68
720	608	109	72
728	597	91	77
725	597	90	74
723	594	96	74
731	590	93	77
729	587	89	76
738	587	89	73
740	581	89	77
743	582	90	73
748	580	91	84
746	581	89	73
747	578	82	70
753	576	75	65
757	575	73	61
757	584	75	49
761	590	72	42
765	591	71	35
768	572	78	54
771	569	95	57
771	579	74	45
780	575	72	47
773	563	79	55
775	564	72	58
775	554	86	57
774	555	87	66
783	551	81	75
783	548	82	60
786	549	80	56
785	550	85	50
789	545	82	55
791	544	79	62
788	546	79	55
791	543	81	54
781	543	87	59
791	541	80	56
795	538	81	58
794	539	83	56
794	541	81	52
798	540	81	57
799	540	78	56
800	539	73	50
801	546	65	44
800	535	77	55
798	531	71	58
798	530	65	57
801	532	62	55
806	532	55	53
813	533	65	52
818	536	75	50
828	529	73	56
843	526	68	57
868	528	50	58
886	529	45	53
888	528	51	53
894	529	55	52
907	529	55	51
919	528	65	53
932	528	68	51
949	526	67	53
967	525	70	53
986	527	70	51
1000	529	66	52
1008	528	71	52
1029	526	69	54
1027	524	79	57
1041	527	69	52
1044	525	81	54
1048	528	69	48
1054	522	77	53
1047	515	90	60
1051	509	94	65
1049	509	87	61
1042	511	101	62
1043	511	119	76
1036	504	131	74
1059	511	108	77
1059	511	108	77
1084	492	97	66
1084	498	87	65
1082	503	54	56
1066	506	67	54
1066	505	71	70
1060	506	78	78
1073	503	68	52
1070	500	72	58
1056	485	87	70
1064	499	83	83
1060	492	88	97
1059	495	88	92
1060	483	110	106
1060	484	95	117
1056	485	89	138
1064	471	97	129
1066	469	111	120
1065	468	113	121
1064	472	91	114
1070	473	101	115
1070	478	89	102
1070	476	91	109
1073	470	88	114
1063	466	89	110
1070	469	86	124
1071	462	80	127
1074	461	82	91
1082	467	80	86
1068	461	85	93
1083	465	65	93
1085	464	65	89
1071	455	88	101
1074	457	82	96
1083	458	74	100
1083	455	76	103
1079	452	85	103
1067	446	105	104
1073	451	95	93
1081	447	96	99
1074	450	93	98
1086	453	84	94
1071	445	100	106
1080	446	89	105
1084	443	82	110
1086	441	77	114
1081	439	84	118
1089	436	79	101
1098	442	66	95
1099	443	74	95
1092	440	90	91
1093	437	89	91
1101	434	81	93
1092	435	89	92
1092	432	89	93
1097	433	79	94
1090	429	73	97
1097	425	73	105
1085	422	87	100
1096	419	92	106
1098	419	94	104
1083	416	105	102
1093	414	93	103
1102	417	80	104
1084	408	100	106
1085	403	96	105
1078	401	97	110
1099	414	81	90
1116	409	65	82
1118	407	68	78
1123	410	56	79
1125	413	52	72
1123	412	57	69
1120	411	61	75
1124	408	57	79
1116	407	63	78
1107	403	81	82
1123	403	62	77
1119	405	68	73
1128	404	58	79
1119	403	65	76
1120	402	71	70
1121	400	75	76
1124	400	66	77
1129	399	60	72
1132	401	56	64
1137	399	53	80
1139	392	58	91
1141	399	52	67
1139	402	53	68
1143	402	51	77
1147	401	49	77
1144	400	52	71
1145	400	50	72
1148	397	48	76
1153	398	47	76
1146	397	57	88
1150	395	50	71
1150	398	49	64
1148	398	52	65
1156	397	45	63
1152	395	53	64
1150	397	56	71
1152	396	51	67
1158	394	51	66
1158	394	52	56
1153	395	58	45
1169	392	43	44
1165	391	50	50
1163	391	47	64
1172	390	48	45
1173	395	43	37
1174	392	45	38
1172	390	47	32
1169	391	52	38
1166	389	46	45
1167	387	44	40
1169	384	46	46
1172	382	43	45
1178	381	38	48
1169	380	48	52
1169	381	44	45
1286	271	51	43
1286	271	51	43
1286	271	51	43
1286	271	51	43
1173	381	46	39
1185	383	34	33
1184	383	33	36
1182	383	34	38
1180	382	36	43
1183	382	32	39
1181	381	35	40
1183	380	35	37
1175	379	41	37
1176	380	39	37
1183	381	34	33
1185	381	31	39
1184	378	36	37
1184	379	35	42
1187	377	35	42
1184	376	35	43
1189	373	30	46
1182	373	43	45
1191	373	39	43
1189	373	42	40
1190	370	44	42
1190	372	42	43
1195	370	39	40
1186	370	47	43
1193	370	41	38
1198	371	38	32
1189	370	44	37
1188	370	43	45
1189	372	42	37
1197	371	35	35
1195	366	41	41
1298	273	42	43
1193	366	47	45
1199	365	46	41
1197	365	48	41
1307	275	38	41
1302	270	40	35
1302	273	42	40
1207	364	33	30
1207	365	34	31
1212	362	34	34
1205	362	41	33
1212	359	34	29
1214	360	33	26
1210	357	36	30
1212	359	36	31
1214	360	34	34
1214	352	34	32
1215	357	33	30
1214	355	33	31
1212	357	38	32
1214	357	35	33
1208	356	42	35
1215	355	35	39
1215	352	36	31
1221	350	34	30
1215	347	41	34
1215	351	40	35
1217	353	41	33
1221	349	38	35
1221	352	31	29
