857	402	792	421
862	417	784	429
857	431	783	401
852	429	764	411
844	436	758	412
827	455	750	415
830	465	755	416
836	467	749	422
827	480	749	416
821	488	716	404
834	501	729	398
815	518	711	396
833	524	698	392
833	536	693	386
813	541	697	396
812	547	679	394
794	560	667	395
806	567	682	406
799	571	666	400
805	575	664	410
801	597	652	395
806	602	650	391
794	615	652	378
789	608	652	380
802	615	638	378
791	629	639	371
799	634	636	375
786	655	623	365
775	651	603	368
777	658	606	367
783	658	600	371
781	663	588	370
761	660	584	380
784	676	579	369
769	674	579	371
766	678	572	367
769	679	570	370
785	683	564	364
765	689	564	358
760	683	544	362
767	688	552	358
765	686	528	356
755	688	538	349
753	681	539	356
776	682	519	349
762	678	533	358
758	690	517	337
747	674	508	355
744	690	501	338
757	673	492	345
751	684	503	334
745	684	494	335
738	678	505	329
759	678	475	334
737	668	495	334
732	677	506	320
717	672	490	330
715	672	485	322
689	668	485	325
675	670	484	311
651	667	490	315
618	664	489	306
576	666	483	317
545	671	465	307
544	666	459	304
496	667	488	307
489	668	477	307
461	675	468	291
446	671	485	294
435	662	482	305
437	664	465	299
413	667	464	300
409	678	460	287
411	668	463	287
408	673	444	282
412	667	456	288
409	667	455	286
395	670	441	281
383	667	440	285
386	666	423	281
385	662	432	283
376	661	448	287
388	656	426	282
375	658	422	276
381	657	422	272
372	652	423	279
360	655	422	276
367	648	411	267
363	654	404	261
368	645	391	269
372	644	399	259
380	641	390	260
390	646	377	251
420	636	367	248
468	611	351	253
483	626	357	241
532	615	340	240
570	610	331	229
600	609	334	228
626	598	337	230
657	598	330	227
676	593	325	227
709	592	312	225
721	588	309	226
723	593	318	212
729	578	318	215
735	582	315	211
744	573	302	217
740	573	305	221
746	570	304	226
740	570	295	222
736	576	290	212
745	566	287	215
742	562	287	215
738	560	290	214
726	562	304	208
739	564	280	204
732	560	291	200
724	565	284	202
732	559	277	205
729	564	271	198
727	561	282	195
723	562	274	196
717	563	272	199
727	559	264	200
726	551	262	208
711	560	257	192
717	558	271	189
729	556	256	199
716	559	263	196
720	562	266	187
723	558	258	192
724	562	253	184
715	564	264	185
719	563	258	188
720	565	250	183
720	566	251	179
718	565	254	189
729	563	245	183
717	570	250	186
719	569	251	188
727	570	236	181
713	575	244	187
719	577	240	180
712	579	238	187
718	581	239	184
711	580	245	187
724	578	229	181
695	586	255	186
718	584	239	187
712	583	242	181
714	584	231	191
726	580	222	191
712	587	232	190
721	587	221	189
717	589	239	180
707	591	230	196
706	586	236	187
720	588	213	186
713	590	230	183
715	591	223	183
712	592	221	182
708	592	227	192
700	596	233	193
717	593	214	182
709	597	222	191
713	593	223	188
715	594	215	180
720	592	211	195
719	594	204	187
720	591	202	189
723	589	201	187
709	594	217	182
704	593	217	190
710	590	214	175
716	592	206	170
707	589	216	180
718	590	204	172
706	589	217	172
707	588	219	176
708	588	211	175
719	588	193	179
719	580	199	185
726	584	182	178
703	586	206	178
706	588	203	167
718	580	192	172
702	585	203	171
700	583	203	168
708	579	192	173
713	576	194	174
715	579	188	165
701	582	200	171
716	574	177	171
700	572	188	177
699	576	193	169
708	579	190	163
705	575	185	162
697	574	195	169
703	575	188	161
706	570	184	163
696	574	196	174
697	575	189	187
705	574	181	219
705	568	183	171
691	573	189	185
695	574	188	157
686	571	199	167
691	576	190	195
693	570	185	212
688	573	185	214
693	573	177	206
686	569	194	176
694	568	190	173
685	570	193	152
682	566	191	173
695	562	182	153
684	564	181	160
687	566	189	147
683	565	191	152
690	566	172	197
690	561	176	152
689	564	172	154
686	561	171	148
691	564	177	179
681	559	181	151
680	562	178	155
673	565	181	152
684	563	176	153
682	560	176	146
669	563	179	169
676	561	173	158
672	565	178	150
676	561	179	147
677	562	172	145
678	560	177	151
675	561	176	170
681	562	171	184
682	559	173	151
685	562	180	144
685	563	171	145
692	561	171	146
683	562	179	147
680	564	185	152
687	562	171	152
691	563	171	158
692	561	169	153
686	565	172	159
686	563	174	185
686	561	169	179
685	565	173	154
684	564	168	155
690	565	168	146
681	564	171	154
686	564	165	161
684	564	169	156
683	563	171	154
672	563	181	166
671	563	182	159
672	565	185	156
663	565	182	183
666	566	176	186
661	565	191	162
665	564	177	163
667	564	178	159
661	565	184	168
650	571	196	162
661	573	178	163
657	573	186	164
655	572	192	160
657	573	185	163
654	574	182	154
655	569	177	171
646	572	196	161
650	569	183	165
651	570	189	151
646	565	191	166
642	568	189	155
646	563	188	154
639	561	195	152
641	561	194	154
648	558	174	158
649	556	171	159
642	558	180	159
629	557	191	164
638	557	182	160
644	556	174	157
647	553	176	146
647	551	174	152
649	553	171	148
639	552	195	149
649	555	175	146
642	551	198	146
641	549	204	149
643	549	192	152
652	550	192	152
651	550	195	145
657	549	212	149
645	550	196	138
659	548	200	146
654	549	199	146
662	547	211	154
659	547	204	144
665	546	197	140
666	548	213	149
672	549	205	141
666	549	199	138
672	549	210	145
676	546	185	151
666	552	192	143
675	557	186	136
665	560	190	137
685	566	177	135
683	561	181	144
684	563	178	143
686	567	187	147
684	569	195	141
686	570	185	146
685	569	188	145
694	573	184	143
686	573	188	140
682	570	198	146
690	571	184	146
681	574	185	143
684	580	184	141
681	575	180	142
689	574	173	144
688	577	180	142
685	577	175	143
663	578	207	142
657	583	202	139
657	583	202	143
679	582	182	143
686	582	173	137
680	584	172	134
685	582	170	136
682	586	172	139
680	590	175	134
676	589	177	138
685	588	177	141
682	591	178	137
683	591	173	133
683	594	176	131
680	595	170	130
678	597	186	130
683	596	174	135
681	593	180	134
681	601	168	129
689	599	166	133
680	602	176	128
661	603	189	129
682	605	175	130
675	607	181	128
670	607	190	131
682	607	170	129
680	607	173	128
683	609	175	128
678	608	183	134
677	611	179	126
678	612	178	133
679	613	173	126
672	616	179	123
677	616	173	126
669	617	186	127
655	620	193	124
678	619	177	126
678	626	163	118
675	626	169	118
676	630	173	114
673	630	168	122
676	633	161	118
678	636	160	116
672	631	170	122
665	635	178	118
670	635	175	123
665	636	185	120
667	647	170	111
667	641	170	117
663	645	168	118
653	648	180	114
661	641	170	121
656	645	174	120
630	645	196	126
655	644	182	123
641	666	186	106
658	644	187	125
645	655	188	122
653	648	178	125
656	648	180	126
652	649	186	126
652	658	176	120
638	658	186	122
624	659	189	129
652	665	166	118
641	664	180	125
650	664	163	121
648	669	162	117
646	668	170	116
645	668	172	125
648	673	161	118
643	676	165	116
641	674	162	116
642	676	163	116
640	679	165	115
641	673	169	121
645	680	154	118
639	685	157	113
636	683	159	114
638	686	159	115
637	680	165	123
634	685	173	124
638	692	159	121
631	690	169	123
633	692	169	120
633	694	170	121
631	695	171	122
630	692	175	125
623	696	179	126
631	701	168	124
629	701	180	122
638	698	169	129
628	691	179	137
630	691	180	135
631	700	180	130
626	704	174	130
641	706	165	126
648	714	161	121
646	712	165	125
648	711	168	130
652	716	167	124
650	722	176	125
651	718	173	125
655	717	168	127
655	722	168	122
668	721	159	127
672	726	152	126
653	723	186	130
672	726	170	129
651	728	182	137
674	730	181	132
666	729	175	137
656	720	169	152
653	739	168	136
643	730	183	147
653	730	176	153
657	736	196	141
621	737	217	145
659	756	181	129
633	756	198	123
673	748	175	141
681	757	171	127
664	757	182	125
666	761	153	125
674	762	144	124
667	777	150	113
693	779	131	113
708	798	119	93
722	807	127	86
731	827	115	74
749	834	98	68
814	819	86	64
738	833	93	56
744	832	78	55
755	837	76	58
759	840	67	61
765	844	65	65
758	843	67	61
762	848	64	59
762	848	64	59
790	852	55	53
768	853	68	56
779	860	71	64
775	852	87	67
770	857	82	71
776	857	83	74
780	854	91	78
792	865	78	69
795	872	74	71
826	871	101	67
803	868	124	78
802	858	136	95
794	802	137	153
794	800	136	157
797	805	132	158
809	811	119	157
807	807	121	163
804	815	122	160
810	816	142	161
792	816	157	172
812	817	156	167
813	818	143	169
809	824	185	163
810	825	167	166
805	823	154	168
806	828	180	167
808	823	156	171
818	830	147	168
814	827	151	170
804	830	160	168
807	833	156	169
806	831	154	171
816	837	145	169
813	838	144	169
811	841	151	170
812	843	152	168
811	840	159	172
809	842	154	174
815	846	146	171
818	853	165	170
817	853	156	172
819	858	152	173
813	856	152	180
808	856	151	173
813	855	157	175
812	859	153	172
806	866	157	170
809	870	157	170
804	871	157	172
808	870	159	175
810	867	157	182
809	880	156	166
809	874	177	172
807	888	162	166
800	885	176	172
806	881	159	176
809	875	163	184
813	884	163	181
804	883	166	184
806	877	165	190
807	875	155	198
806	904	157	175
800	937	159	138
805	952	160	122
802	959	163	116
813	962	156	113
815	963	152	119
811	964	156	118
806	962	178	122
810	969	156	115
806	962	161	124
807	976	161	110
795	976	173	115
801	975	161	113
812	980	159	115
815	976	157	108
800	982	168	111
790	982	183	113
772	975	200	121
784	975	191	123
769	978	202	118
779	977	194	113
777	977	195	122
787	981	185	120
801	974	176	122
804	976	171	111
812	981	165	104
816	979	165	105
815	968	169	111
818	982	179	102
800	980	177	103
808	977	167	100
807	977	167	101
797	967	179	105
813	972	161	101
817	978	155	91
817	975	156	86
816	975	153	85
815	974	151	91
830	973	168	89
820	969	154	90
823	968	151	92
820	962	158	94
821	955	156	99
826	960	152	93
821	960	154	88
820	960	155	88
817	954	160	92
822	954	150	87
823	956	151	86
827	951	152	87
818	954	156	87
822	949	156	86
815	950	162	89
827	944	152	87
823	944	152	88
824	942	152	88
823	937	153	95
829	934	149	92
830	928	147	92
832	929	142	87
827	928	147	90
832	926	142	86
830	914	145	91
829	916	144	86
826	911	148	96
828	908	152	91
832	909	144	89
831	902	146	93
834	907	142	86
831	898	144	92
829	898	146	96
830	893	146	96
835	893	144	94
834	890	147	90
835	883	141	91
834	881	142	91
832	882	144	88
832	866	146	101
831	867	150	100
835	864	142	98
833	865	134	97
840	862	135	88
837	861	139	83
839	854	137	91
836	859	142	87
833	854	144	90
840	849	136	92
843	845	133	94
841	853	136	86
839	855	134	78
840	846	137	87
836	846	140	87
835	841	142	89
847	844	129	88
844	839	137	88
843	839	144	87
841	838	137	85
837	833	144	88
837	842	135	81
833	824	144	95
830	801	149	117
832	821	148	109
823	796	162	122
836	800	156	118
832	808	174	128
788	789	190	127
789	790	187	126
787	780	187	133
787	784	191	128
807	778	165	129
798	799	181	130
818	775	158	129
838	777	174	121
788	776	188	128
772	770	208	132
784	768	188	134
787	774	186	129
778	772	200	125
784	769	199	127
787	767	185	130
775	761	201	134
777	766	193	129
781	759	194	129
777	758	199	129
781	764	192	121
832	764	142	122
836	764	132	116
833	763	139	122
832	769	139	113
827	765	145	116
834	769	139	113
813	759	156	122
829	757	141	121
837	767	136	107
831	759	142	112
829	760	139	116
833	759	153	117
834	758	139	115
834	760	135	109
832	752	130	119
830	753	131	118
830	754	129	118
832	754	153	112
834	753	133	116
831	752	135	111
826	756	143	106
830	752	142	110
829	756	139	107
833	755	139	107
829	745	148	118
789	748	166	117
784	749	178	114
783	747	179	119
781	743	177	118
781	741	175	122
780	746	175	113
829	741	131	114
829	743	134	113
828	739	126	115
830	744	128	109
826	747	124	105
829	743	125	105
823	741	131	107
832	741	128	109
828	747	131	102
827	758	123	94
831	738	120	112
825	739	121	108
823	742	135	102
821	737	130	106
827	735	130	107
824	738	129	103
822	737	127	106
812	735	139	113
821	728	129	117
827	732	118	116
827	733	120	113
824	740	122	103
825	739	127	105
823	741	124	102
824	737	126	105
818	738	130	106
818	737	136	101
828	738	122	99
808	738	141	108
826	733	127	109
819	732	132	103
829	731	125	107
820	727	140	113
812	724	142	115
823	728	123	109
818	726	130	104
812	723	139	104
818	726	129	101
818	725	129	101
818	725	133	102
817	722	132	102
820	718	125	108
823	719	124	102
820	715	128	106
820	717	123	106
820	715	124	100
820	712	122	102
816	718	118	99
818	715	119	101
820	713	116	102
822	713	115	102
817	714	119	97
820	715	121	100
819	710	121	105
815	706	122	100
815	711	117	99
814	712	120	97
819	704	115	104
816	711	120	96
810	711	125	97
813	710	118	98
807	710	126	101
805	703	127	100
802	706	130	101
815	708	114	98
809	705	120	97
815	708	116	93
815	705	114	94
813	702	121	100
808	705	123	95
809	703	125	95
806	701	126	98
816	705	122	98
810	702	123	101
812	704	115	101
809	702	118	98
814	705	117	98
808	701	119	96
813	703	115	93
806	700	120	96
809	703	121	95
807	704	117	92
809	701	117	96
806	702	117	94
808	702	114	94
810	701	112	95
801	700	126	98
811	701	116	97
806	703	118	94
801	700	126	97
800	699	122	95
783	698	139	101
798	702	123	91
793	699	127	96
797	695	125	99
779	698	142	98
785	696	140	100
796	699	129	95
802	694	128	99
804	701	113	92
798	698	126	94
791	703	132	93
804	701	126	93
805	699	125	92
813	696	117	97
808	700	123	90
810	700	118	92
814	700	118	93
819	701	117	95
816	699	118	95
813	702	120	91
813	698	120	94
817	703	118	93
813	700	127	96
796	702	141	94
813	698	123	97
819	703	118	90
815	701	119	90
816	705	125	91
811	702	124	91
814	701	120	94
812	701	120	96
817	703	115	93
810	702	125	97
817	703	118	95
815	707	118	90
813	708	127	89
795	703	144	96
821	706	121	92
826	704	120	94
829	708	122	90
831	707	125	91
832	708	126	91
830	711	131	89
843	710	122	89
847	707	122	90
846	712	123	91
850	707	125	94
852	713	121	91
847	714	124	90
842	710	131	90
849	714	123	95
845	716	125	92
854	710	122	90
853	718	117	82
848	713	126	90
851	714	124	90
851	711	129	91
853	717	121	87
846	711	128	92
851	716	128	86
851	715	118	89
850	712	122	89
844	711	130	92
852	714	122	91
853	712	123	89
849	714	124	93
848	713	122	96
852	716	122	90
852	713	127	95
848	715	131	94
848	718	122	91
838	714	137	93
846	719	124	91
842	718	130	92
854	718	130	95
847	715	128	95
850	719	129	94
852	722	127	91
850	717	134	95
846	720	130	91
843	715	131	98
843	716	126	99
835	721	134	96
845	722	129	95
840	718	135	98
846	714	129	99
841	721	137	95
844	721	133	94
845	721	135	95
843	719	128	96
847	725	129	93
845	718	124	94
842	718	131	97
843	720	131	97
842	717	131	99
838	717	137	100
839	720	136	98
842	718	132	104
842	714	131	106
845	715	130	104
841	720	134	99
839	717	135	102
846	718	132	105
843	721	134	96
839	720	134	97
840	716	135	107
839	716	133	105
842	717	133	100
841	718	135	109
840	719	136	105
840	720	134	103
842	719	138	104
841	721	142	109
839	720	136	104
841	717	135	113
838	721	137	104
838	726	141	103
844	722	137	107
844	723	135	107
838	725	136	108
845	723	129	106
847	724	133	115
839	726	143	111
845	727	132	112
842	724	139	111
842	730	142	110
843	727	137	114
842	730	135	113
844	734	137	109
844	731	137	114
844	734	145	116
842	735	137	116
844	735	144	127
846	740	138	114
844	742	136	111
846	742	138	118
847	746	138	113
843	743	141	120
847	748	132	123
849	748	133	124
847	754	144	118
847	750	140	122
849	754	142	117
853	753	132	123
852	756	134	125
849	762	139	117
852	759	135	123
854	763	132	123
853	763	137	118
852	762	141	121
853	762	143	124
853	761	142	120
855	762	147	121
855	765	141	120
854	762	148	124
854	767	148	122
857	765	151	125
864	763	148	128
859	764	130	125
859	765	143	122
861	765	143	123
861	768	138	122
864	766	131	125
858	765	152	128
862	765	150	124
862	767	128	129
861	765	128	129
861	769	130	128
862	770	136	126
860	768	149	126
864	764	128	134
867	766	151	133
869	762	127	131
868	763	128	132
868	765	135	129
869	770	145	139
867	774	124	131
868	770	128	126
872	770	122	124
879	764	118	132
871	762	129	133
873	760	124	133
872	767	127	130
878	764	121	133
876	758	125	135
876	760	126	134
881	762	121	133
877	765	125	134
877	762	130	134
877	760	128	130
880	761	123	132
879	760	125	138
881	759	125	133
883	764	123	139
884	760	120	137
884	765	125	133
885	757	123	136
884	763	126	140
886	762	122	139
886	762	124	135
890	761	123	142
889	762	125	146
887	763	127	149
896	758	120	146
892	765	123	145
895	764	122	143
898	761	124	150
897	762	121	150
893	769	125	149
901	765	122	151
904	762	117	149
902	764	119	149
901	766	123	154
904	763	121	156
905	763	120	150
902	765	122	152
904	762	121	154
907	763	118	153
910	765	123	156
906	763	121	154
910	764	118	152
911	766	123	151
914	762	124	156
910	765	124	151
915	765	120	155
913	765	126	157
917	767	122	154
916	767	122	153
919	767	121	151
920	765	120	156
919	768	123	151
916	769	127	149
920	771	126	151
919	773	126	148
920	771	129	147
920	776	126	145
924	772	129	150
919	772	125	148
917	774	126	147
925	775	127	144
923	771	127	147
920	778	127	144
923	776	133	150
924	774	130	147
926	777	129	148
927	780	132	144
930	780	125	147
928	779	128	149
928	781	125	144
929	780	142	148
934	783	128	143
927	784	126	145
936	784	124	147
930	786	128	146
929	785	130	147
935	788	126	146
936	789	126	144
934	787	127	142
936	788	128	145
936	789	130	145
940	792	123	143
942	790	123	146
939	791	123	142
942	791	122	145
940	790	125	146
945	792	124	145
945	792	126	146
949	795	122	146
952	794	120	145
950	796	124	144
953	796	121	145
954	797	118	140
952	792	121	146
953	795	121	142
952	798	126	141
950	799	126	143
949	799	127	140
949	800	132	141
949	802	127	142
961	797	123	142
958	797	123	144
960	797	121	142
961	792	122	148
960	799	121	138
959	800	125	139
962	804	121	138
959	799	125	141
969	801	123	143
968	797	121	142
967	801	121	140
969	803	119	141
964	803	126	142
967	799	125	144
966	798	124	144
973	801	121	143
970	803	124	141
967	804	130	140
971	805	125	144
975	806	131	140
969	805	135	142
966	807	135	142
975	808	129	142
969	809	133	137
980	808	133	139
978	814	134	137
978	811	133	137
976	810	139	138
979	807	138	141
978	810	133	140
975	809	141	139
978	816	144	133
981	813	140	137
981	815	139	130
988	814	136	132
982	814	143	134
981	819	139	127
979	814	143	131
985	818	139	130
976	817	150	127
988	823	144	125
979	814	150	127
986	818	138	127
987	818	143	122
985	820	145	122
990	826	144	112
989	827	146	115
989	828	151	110
990	832	149	104
995	835	144	100
1000	852	139	89
997	831	144	106
994	848	140	91
1002	843	136	90
985	832	151	101
985	825	155	110
997	831	146	103
1001	848	137	90
999	834	139	98
1008	846	129	87
1007	841	135	90
1007	840	133	89
1003	837	141	94
986	839	158	97
987	833	153	102
991	811	156	116
1007	822	138	106
1001	814	143	115
1010	828	133	99
1010	827	130	97
993	829	148	96
1012	828	130	92
1004	833	150	92
1007	830	140	89
1008	826	148	92
1011	831	137	86
1010	829	146	89
1015	833	137	86
1016	834	133	81
1011	828	148	92
1008	820	156	102
1007	830	157	93
1012	833	137	82
1010	828	143	88
1018	834	137	86
1017	838	135	80
1016	836	134	90
1011	824	144	89
1010	828	145	88
1021	833	143	83
1023	838	137	81
1013	828	145	93
1012	829	143	93
1014	829	146	88
1017	830	146	92
1014	832	150	92
1012	825	145	97
1008	829	159	95
1025	830	146	92
1024	831	148	96
1014	825	150	100
1016	837	146	96
1008	833	157	98
1028	841	133	86
1027	845	134	86
1026	835	143	95
1028	840	138	91
1024	841	145	94
1027	850	142	82
1025	854	141	79
1028	852	134	80
1024	854	135	77
1036	857	127	70
1038	856	130	82
1017	851	149	90
1032	857	130	76
1028	860	133	69
1026	854	138	79
1019	852	146	82
1026	853	129	75
1036	845	138	82
1032	842	151	90
1037	848	146	86
1038	852	139	82
1026	850	135	81
1032	852	127	74
1021	855	144	76
1030	855	130	76
1034	856	126	74
1033	856	131	80
1031	851	137	83
1020	852	136	77
1018	845	142	85
1020	854	134	78
1021	854	141	80
1003	816	151	112
1004	795	139	131
1013	800	141	131
999	799	142	124
1005	802	150	127
1002	801	139	122
1005	815	143	118
998	797	130	127
999	806	144	118
989	797	148	124
970	797	154	126
980	793	149	129
990	796	144	125
983	801	154	121
982	795	160	131
971	794	144	128
967	794	143	128
969	796	139	124
971	802	145	117
968	804	145	112
964	799	140	121
965	793	144	124
957	798	157	121
957	799	155	118
953	798	149	119
955	798	137	115
950	801	146	115
949	795	154	123
945	792	155	120
941	796	160	120
940	799	140	114
939	802	154	112
936	806	140	111
928	805	144	111
926	809	155	105
926	803	159	114
927	804	142	112
925	798	134	118
916	797	144	119
918	807	144	109
915	804	153	113
917	803	158	114
913	811	151	105
909	800	159	116
906	793	164	123
894	799	144	120
899	799	139	118
899	792	135	130
901	800	137	119
890	798	145	121
889	802	143	116
896	801	148	121
885	801	156	117
891	807	136	113
880	800	143	119
874	803	140	116
873	823	138	99
872	821	145	99
876	813	146	110
872	806	146	119
875	807	144	118
865	811	146	111
853	809	157	117
865	813	148	112
862	807	155	116
858	803	149	117
863	806	151	113
862	815	137	109
853	806	153	113
847	803	168	114
853	815	144	103
851	808	147	107
847	801	153	115
852	802	152	115
852	800	157	115
844	796	148	118
840	797	150	119
841	795	151	120
837	795	156	117
839	798	137	114
840	801	139	110
836	803	146	110
829	797	148	110
831	799	141	108
829	812	134	91
830	791	140	113
832	791	150	116
832	790	147	117
833	816	132	92
832	791	137	108
829	787	135	109
828	787	138	111
823	787	137	107
816	791	143	105
814	790	141	102
820	790	137	103
819	780	144	111
821	783	146	107
819	781	132	109
817	799	133	92
819	810	128	77
818	786	137	100
813	788	140	95
811	779	142	101
809	782	146	97
811	783	140	95
810	775	147	102
812	768	129	112
805	783	135	93
808	783	133	90
801	772	139	101
798	771	142	101
805	772	134	101
806	766	142	102
802	760	147	107
805	759	130	108
798	768	137	96
799	758	137	104
799	761	137	98
803	760	124	100
797	759	129	96
795	756	123	99
799	756	126	97
800	752	130	102
794	743	132	106
795	745	128	99
798	745	126	100
789	736	136	108
799	737	127	103
792	736	137	102
794	734	135	102
792	731	135	104
787	726	133	101
794	725	129	102
791	725	125	100
794	720	129	98
795	722	125	94
790	716	130	98
789	714	129	93
790	712	127	92
785	706	133	95
785	704	132	95
788	703	126	89
788	700	123	88
790	694	122	91
791	690	120	96
796	690	115	90
791	686	116	87
792	686	112	87
783	681	125	87
793	674	113	93
787	677	117	84
783	671	128	89
788	670	117	85
776	673	125	84
771	662	135	91
787	660	117	91
786	662	114	80
783	657	111	85
785	656	119	83
788	651	110	86
786	647	113	86
785	647	113	82
785	643	118	85
789	641	111	83
781	642	121	79
780	635	117	85
781	629	113	89
771	626	125	89
761	625	128	88
764	623	132	83
777	625	115	79
775	613	119	87
784	615	108	83
786	622	107	72
788	615	103	76
784	613	121	87
781	611	110	81
790	613	107	75
788	611	118	77
762	612	126	74
759	609	129	77
783	612	107	73
780	610	104	71
768	605	120	73
785	613	106	64
785	607	107	69
786	603	106	70
787	602	105	69
786	598	108	72
788	599	107	72
792	597	102	72
783	597	102	68
783	596	102	68
780	593	107	67
784	599	98	63
788	589	107	69
787	589	98	67
783	586	105	69
784	584	101	68
785	583	98	69
787	583	96	72
783	583	100	68
779	579	107	70
786	580	98	70
765	574	118	75
781	574	103	71
765	572	119	71
745	568	133	72
753	569	131	76
766	572	115	73
774	572	104	68
775	570	103	70
765	566	119	69
773	577	106	59
774	574	103	63
771	565	105	64
777	561	104	65
776	558	110	68
775	557	107	68
773	556	107	69
773	552	108	74
773	552	106	70
773	553	107	70
773	551	101	69
770	550	104	69
775	548	110	69
773	548	100	66
772	547	103	65
769	544	103	70
766	542	109	67
766	541	107	68
768	540	107	68
771	538	112	68
769	536	120	72
767	542	98	67
762	543	99	64
750	543	109	65
764	546	100	67
764	547	95	63
764	546	95	61
762	544	95	61
766	542	96	62
769	539	95	61
764	537	106	65
761	537	103	66
763	536	98	65
763	538	95	63
756	535	108	67
764	532	101	67
765	530	110	67
762	530	100	63
760	526	99	65
763	523	96	67
761	522	108	65
759	521	111	64
756	523	106	65
753	520	100	65
757	516	97	64
756	515	97	61
756	515	97	60
755	511	95	63
756	510	95	61
758	510	97	61
761	507	92	59
757	507	98	61
756	505	101	64
755	504	99	62
758	502	91	61
756	500	94	59
755	501	92	60
753	501	98	64
755	500	94	62
755	499	94	60
753	498	97	61
755	496	92	60
755	494	93	62
755	494	93	61
754	495	91	61
749	493	95	63
757	492	87	62
755	490	91	61
755	491	91	59
753	490	95	60
750	490	95	63
754	487	91	62
753	486	94	61
753	486	94	59
754	485	89	58
750	486	98	58
748	484	94	59
750	482	94	59
750	484	97	60
751	482	96	58
751	480	88	59
747	478	93	62
750	477	90	59
748	478	92	60
750	476	85	54
751	475	89	58
752	473	87	59
750	474	89	60
749	472	92	61
746	472	92	56
749	471	91	56
748	470	88	62
749	468	88	58
750	466	88	55
748	466	88	60
747	466	88	63
753	465	83	58
749	463	89	57
748	464	92	58
749	461	88	57
748	460	92	59
746	458	95	59
747	457	92	56
748	457	90	58
748	457	88	57
748	455	86	56
749	453	93	60
749	453	91	55
751	452	85	55
750	450	87	54
751	449	91	58
751	447	84	57
748	447	87	55
749	446	82	52
749	446	81	56
748	444	83	55
748	442	83	54
748	443	83	59
748	442	84	55
749	440	84	58
747	437	86	57
747	437	87	55
747	436	83	52
748	434	84	52
749	433	82	53
748	433	84	53
749	434	82	53
748	430	82	53
748	428	80	54
748	427	78	53
745	426	83	55
745	424	83	55
746	423	81	55
745	423	82	52
747	422	83	53
747	421	83	58
745	418	87	56
746	418	78	51
746	415	85	53
745	414	86	56
745	413	85	54
744	413	83	52
745	411	77	53
749	411	83	52
748	408	78	51
744	408	80	51
745	407	80	56
745	405	77	50
745	404	78	52
744	403	76	51
746	401	78	52
744	399	82	53
744	398	79	53
747	397	75	50
744	396	75	50
745	394	77	53
743	394	82	49
743	392	76	49
743	390	78	49
743	388	76	51
742	388	77	48
743	387	77	49
744	386	75	48
742	384	79	52
746	383	73	51
744	381	76	50
745	382	75	48
745	382	76	45
746	379	73	47
746	378	76	45
747	379	78	44
747	376	76	46
746	374	80	47
747	373	76	43
748	373	73	44
746	368	72	45
747	368	73	46
747	367	73	44
747	366	75	45
747	363	73	43
746	363	72	40
746	361	71	41
749	359	69	41
748	357	70	41
747	357	70	40
747	354	70	42
747	352	71	43
748	351	71	44
745	349	69	43
748	348	69	41
745	346	69	42
748	348	70	41
747	344	68	41
745	344	67	40
746	341	69	41
747	342	67	41
746	338	70	45
744	338	71	40
744	336	70	40
745	334	67	41
744	335	67	39
746	332	67	40
746	332	69	41
745	331	69	38
743	330	70	40
744	328	65	40
742	327	69	38
744	325	69	42
744	325	67	41
741	323	68	40
742	322	67	39
740	322	69	40
743	320	68	44
741	320	67	36
741	318	65	36
740	318	68	36
738	317	67	37
737	315	65	39
739	314	65	42
738	314	67	42
735	311	68	39
735	312	69	41
734	312	70	42
736	309	66	40
733	309	68	38
732	309	69	43
733	309	68	40
733	309	70	37
731	308	70	37
732	308	68	40
733	308	65	40
733	309	65	40
730	307	68	46
730	307	68	40
732	307	66	39
729	306	67	40
728	308	67	39
729	306	68	41
726	308	71	41
729	306	67	45
726	308	72	43
726	307	69	45
726	306	71	44
726	307	72	42
729	305	67	38
726	306	69	41
729	305	66	37
725	306	67	41
728	305	64	41
725	306	68	41
729	305	66	41
725	307	69	41
729	306	65	42
729	307	67	42
732	307	66	41
736	307	63	37
737	306	64	41
735	306	66	42
735	306	69	42
737	304	68	40
740	305	68	41
742	307	64	40
740	306	67	41
741	302	67	38
741	306	66	40
737	302	70	39
743	306	64	38
738	304	70	37
743	304	65	37
743	305	67	38
740	306	69	37
745	308	66	41
742	309	67	41
744	305	67	42
748	302	65	46
748	305	69	44
753	305	68	40
756	307	67	42
758	303	72	46
763	306	67	46
764	303	68	43
764	304	70	42
766	307	67	43
768	307	66	40
767	304	68	37
770	303	68	40
772	305	65	36
769	304	68	38
769	301	67	36
768	303	70	39
771	307	68	35
768	304	70	42
769	303	70	38
767	303	72	37
772	304	68	36
772	304	67	39
773	301	68	41
769	304	69	42
771	301	70	40
772	303	69	39
771	304	70	42
774	303	68	44
774	300	68	42
776	301	68	41
777	303	67	40
776	301	69	46
777	300	70	40
777	303	69	43
778	303	69	38
778	301	70	44
779	301	72	42
780	302	71	46
783	303	68	41
784	300	70	36
787	301	70	38
784	303	73	39
788	302	70	42
789	301	71	38
790	303	69	38
788	302	74	41
792	301	71	46
792	302	70	40
793	302	72	44
795	303	73	34
799	302	73	39
797	301	73	41
801	301	73	44
798	300	75	42
806	303	71	38
805	303	72	42
807	302	72	43
806	301	72	37
811	302	70	37
814	297	73	45
814	299	74	43
815	301	74	41
815	303	76	41
821	301	72	42
823	303	72	42
824	302	70	43
822	304	74	44
824	303	77	45
826	299	76	43
829	300	75	42
832	300	75	43
832	303	77	41
834	300	77	42
835	302	80	42
838	302	76	46
838	303	76	41
840	303	81	46
843	303	77	51
850	295	73	50
848	299	77	46
848	300	78	46
850	302	77	50
851	300	80	43
852	301	82	44
856	302	77	47
856	301	81	45
857	302	80	47
859	302	80	46
860	302	80	44
864	303	80	46
864	305	81	48
864	302	81	47
864	302	81	48
868	298	84	51
866	303	82	47
867	306	80	47
868	303	79	43
870	305	80	43
869	305	79	46
870	306	79	45
870	301	82	49
873	301	80	45
871	302	84	46
874	301	79	47
872	303	83	49
873	298	83	58
871	297	90	51
874	299	83	49
873	301	84	54
873	302	81	45
878	301	81	47
874	302	82	49
876	302	82	45
876	305	81	46
875	303	80	46
877	304	81	49
877	304	81	44
876	302	80	45
878	304	80	44
876	305	84	46
877	303	84	46
878	303	82	47
877	305	82	43
875	304	81	47
878	304	83	48
874	304	87	44
877	301	85	49
877	300	88	51
878	302	85	49
877	304	85	47
876	304	85	48
878	305	83	47
877	298	87	51
876	291	86	60
876	290	89	59
876	297	89	50
877	288	92	63
877	287	93	63
876	299	88	50
876	304	85	46
878	304	84	47
878	301	85	50
877	302	86	54
876	300	86	52
876	298	88	53
874	300	89	51
874	301	93	55
873	302	87	50
877	303	85	49
873	303	86	49
874	305	82	46
872	297	89	53
872	305	88	52
870	301	92	51
872	305	89	50
872	301	88	50
871	290	96	60
869	299	89	52
870	299	90	51
869	300	91	53
869	303	89	51
869	307	87	45
867	306	90	52
868	302	88	59
867	305	91	49
865	306	91	48
867	304	88	54
866	307	90	53
865	307	89	45
864	307	86	46
863	303	94	52
861	305	95	49
862	307	88	49
861	307	84	46
863	309	74	44
860	309	88	44
859	311	86	44
859	307	87	54
859	307	89	53
860	308	85	51
859	308	89	47
855	310	87	43
857	308	88	50
855	309	89	48
856	309	82	48
855	308	89	48
856	308	91	48
854	310	88	46
852	308	91	48
852	310	91	48
853	311	90	54
851	309	90	51
848	310	91	48
848	308	92	52
846	310	93	47
846	312	92	46
846	309	92	48
845	309	93	52
843	311	91	47
845	312	92	48
843	313	93	45
843	312	90	49
840	313	93	48
839	314	88	44
839	313	91	44
837	314	90	46
839	313	96	49
837	312	96	49
835	314	91	53
834	314	94	45
834	315	94	46
834	314	94	51
834	313	94	51
832	312	96	48
830	315	93	46
831	315	91	49
828	315	94	52
828	315	91	57
828	310	96	51
827	311	92	55
824	315	94	54
824	314	93	62
825	313	92	64
822	310	94	58
821	314	97	52
820	313	95	51
820	314	95	51
817	317	97	49
817	315	97	49
814	313	99	52
815	313	94	54
812	315	101	55
813	314	95	52
812	315	98	49
812	315	98	50
810	319	96	47
808	315	97	48
806	316	97	51
808	314	96	51
807	315	94	50
804	319	96	49
804	315	95	49
802	318	98	48
803	315	94	66
803	315	95	60
803	318	94	54
802	317	92	54
799	316	98	56
801	316	96	54
801	315	95	55
799	317	98	55
800	316	98	54
801	316	99	54
800	317	97	55
799	319	98	56
798	313	100	58
797	314	102	58
799	313	99	53
797	316	100	57
797	316	101	56
799	317	103	56
798	316	103	56
797	315	105	56
800	316	103	55
802	317	101	52
800	316	103	57
801	315	105	61
801	314	104	59
802	315	103	59
807	316	102	57
806	317	103	58
807	317	104	53
806	316	105	57
807	314	106	64
808	314	106	63
810	315	104	58
811	317	105	59
814	314	104	62
814	315	104	76
818	315	101	88
820	311	100	96
819	312	103	83
820	313	103	71
823	314	105	59
824	316	105	60
825	312	106	66
829	315	105	60
827	313	108	67
831	312	107	71
831	314	110	74
833	316	109	76
833	314	109	66
833	314	110	66
836	316	109	66
836	317	108	72
839	314	111	73
840	317	112	67
843	316	110	74
846	315	110	66
846	317	116	64
847	318	115	66
847	319	115	64
848	318	114	66
849	318	118	69
851	318	117	67
852	320	117	62
853	318	118	67
853	320	117	67
852	319	121	68
857	319	120	68
858	322	120	63
857	320	119	66
861	320	121	69
860	322	121	64
861	322	121	66
864	321	126	67
865	320	125	74
865	318	130	71
867	321	127	63
868	323	125	73
869	324	121	69
869	325	119	72
870	324	122	73
870	327	125	75
872	323	126	81
877	320	126	85
876	321	127	85
878	321	130	78
877	321	130	80
879	323	130	71
879	323	127	76
878	324	128	74
883	326	124	72
882	325	127	75
884	323	128	88
887	320	124	82
888	324	125	76
887	324	129	77
888	325	123	75
891	324	130	75
889	326	130	75
889	324	131	82
893	328	127	76
891	327	129	81
894	327	131	80
893	329	131	79
893	330	130	75
893	325	127	81
895	328	134	76
895	328	130	76
893	329	135	80
893	328	133	79
895	331	136	80
897	332	134	80
897	333	132	78
898	332	130	81
895	331	136	82
894	332	140	82
894	332	136	81
892	330	140	83
892	330	132	83
887	329	133	83
884	333	134	90
878	333	135	83
874	334	133	80
864	334	139	83
862	331	135	93
852	333	140	90
847	335	142	93
844	330	139	98
842	334	138	99
839	336	139	99
837	333	135	99
836	333	135	93
831	337	139	90
830	336	138	89
828	337	140	90
827	335	140	91
825	336	143	88
830	337	142	91
824	337	145	93
826	336	142	94
825	338	143	94
821	339	146	96
823	339	144	95
819	337	143	91
820	339	149	89
820	339	147	93
816	339	145	98
817	339	144	92
816	340	149	97
814	341	148	92
813	341	153	93
812	342	151	92
810	341	152	98
812	340	149	98
806	341	152	101
807	343	152	100
805	339	152	104
810	339	150	106
802	332	154	108
802	338	151	114
799	339	153	113
797	339	153	113
797	339	154	110
793	342	155	105
797	342	152	106
790	344	157	104
788	344	155	98
781	341	159	100
785	344	157	99
779	343	161	100
782	350	159	111
779	341	161	108
777	344	161	111
776	345	165	105
777	347	163	104
775	350	160	99
774	347	164	100
773	348	166	100
773	350	164	107
771	350	165	113
771	354	166	115
770	348	167	122
769	351	165	117
769	356	170	116
770	355	168	119
767	353	173	122
766	355	173	118
768	355	173	123
765	357	175	120
770	362	173	111
772	370	176	105
777	371	178	107
777	371	176	113
777	375	180	108
780	373	178	116
777	371	183	124
776	371	182	124
775	372	183	125
774	369	184	127
776	370	185	113
777	371	186	124
775	369	187	126
775	370	186	131
773	367	186	127
774	366	189	123
777	364	187	123
776	365	186	125
776	365	187	117
773	360	188	127
773	360	185	122
774	360	186	122
772	360	188	122
771	354	184	123
773	356	185	125
773	349	182	129
773	351	183	127
773	354	182	125
771	343	184	126
768	347	183	128
767	346	176	128
764	335	182	133
764	338	179	134
761	335	179	126
761	333	178	128
761	334	177	124
756	331	181	126
756	331	179	129
756	333	178	129
754	331	177	127
753	333	179	133
751	329	177	132
750	331	178	130
750	333	177	134
749	331	176	138
751	333	176	152
744	332	177	151
744	331	176	143
743	336	175	131
743	334	175	128
744	336	174	132
741	337	174	136
739	335	176	142
737	338	175	135
736	338	175	142
735	340	177	141
735	338	174	139
733	340	176	139
731	340	175	143
730	340	176	139
734	339	173	139
730	343	175	139
729	346	174	138
726	342	175	138
725	342	174	134
729	343	174	137
720	345	174	130
725	341	173	137
717	345	176	136
718	346	175	134
720	346	175	136
709	347	178	134
712	346	177	135
711	345	173	138
712	345	173	133
711	345	172	133
712	345	169	134
712	341	169	136
712	341	171	139
708	356	168	128
707	347	169	138
706	349	170	134
704	353	171	132
702	355	175	129
699	352	174	131
696	353	173	129
697	353	171	127
697	349	169	130
697	348	168	131
697	346	170	134
697	349	169	124
695	346	170	129
694	348	169	124
695	347	167	128
691	345	170	126
689	347	168	123
689	344	167	125
693	345	168	127
682	348	169	122
683	343	169	123
683	343	168	124
681	342	166	124
679	343	167	122
678	342	164	125
677	342	162	121
676	342	163	120
672	343	162	121
672	342	161	122
669	341	159	121
666	341	163	122
664	342	161	121
661	344	161	121
660	341	158	120
656	340	160	118
654	341	156	116
653	337	158	119
649	342	158	115
648	341	155	117
644	339	154	117
645	339	152	117
641	339	153	117
638	340	153	117
634	341	155	115
631	340	154	114
629	338	155	115
627	339	150	112
622	342	150	111
623	341	146	112
620	339	149	107
619	342	146	107
614	342	149	105
610	343	148	106
605	346	148	105
601	343	149	106
599	341	146	107
594	344	147	105
597	348	144	102
594	345	141	101
586	344	140	101
586	343	143	100
578	340	139	103
575	340	136	102
568	339	139	101
561	338	141	101
560	339	138	100
555	338	141	100
552	338	142	100
555	335	139	103
552	335	138	101
555	339	136	98
555	338	135	98
554	338	135	97
554	339	138	96
554	340	135	95
559	341	128	94
557	338	128	97
557	340	137	94
556	339	129	95
557	340	129	95
555	340	131	94
556	338	131	93
559	341	128	93
556	341	131	95
558	341	129	94
557	341	130	94
562	341	125	91
560	342	126	90
560	339	125	93
560	343	126	90
560	342	126	88
561	342	128	88
561	341	127	90
569	337	121	91
569	341	127	87
576	337	120	90
580	340	122	87
583	341	122	86
591	340	119	84
589	339	123	87
592	339	116	84
600	338	117	84
599	338	121	84
597	338	120	85
600	338	118	82
600	340	120	82
599	339	119	82
604	336	116	84
602	339	118	82
602	335	118	85
599	339	119	81
602	336	115	84
607	336	111	82
600	338	117	81
602	340	116	80
601	342	117	79
599	341	115	81
602	341	119	81
598	342	117	81
599	342	115	81
598	343	116	82
598	345	115	80
598	347	118	80
597	348	119	80
597	349	118	78
597	349	116	79
597	351	115	78
595	353	113	77
597	353	112	77
598	353	113	78
597	354	114	79
598	356	113	78
596	358	113	78
596	359	112	76
597	360	109	77
596	363	110	76
596	363	111	76
594	365	112	76
595	365	110	77
596	368	109	77
595	367	111	76
596	368	110	76
596	370	112	77
594	372	112	77
595	372	112	77
596	374	110	75
597	373	109	76
594	375	112	78
597	377	108	77
598	376	107	79
595	378	112	78
597	380	110	77
598	380	108	78
597	383	109	77
596	382	113	77
598	385	107	74
600	387	107	74
601	386	105	77
601	389	105	75
600	391	107	75
599	392	107	74
600	393	105	73
602	393	102	73
602	394	102	74
601	394	104	73
601	394	105	74
601	395	102	75
600	394	103	77
602	397	102	73
602	400	103	73
602	398	104	74
602	400	102	72
601	399	104	76
603	400	101	76
601	405	103	72
600	404	104	73
601	407	103	71
599	408	106	71
599	410	107	71
598	411	110	71
601	411	105	72
598	415	107	71
598	414	105	72
599	415	104	73
598	415	104	74
597	416	104	74
596	417	105	75
598	419	101	73
597	419	102	73
597	421	102	74
593	422	104	75
596	423	100	75
597	425	101	74
593	425	105	76
599	426	98	73
595	428	101	75
597	430	99	73
594	432	104	74
594	434	104	73
594	435	104	73
593	436	105	74
593	438	104	73
592	439	102	75
597	441	99	72
595	440	100	74
593	442	103	74
591	445	102	75
593	447	101	73
591	448	102	74
589	449	106	73
589	450	106	76
593	451	104	74
589	453	107	75
589	455	102	74
587	457	108	74
591	458	97	75
588	459	104	76
588	460	104	75
588	462	100	76
585	463	110	76
587	465	106	76
585	466	112	77
583	467	108	76
584	469	111	76
583	472	106	74
581	473	111	74
583	474	105	72
583	476	99	76
583	477	102	76
580	479	103	75
581	479	108	76
574	482	110	74
577	482	103	76
574	485	109	75
573	485	109	77
575	486	105	75
575	489	100	77
578	490	103	77
573	493	104	76
569	494	112	78
575	495	103	77
572	496	106	74
573	498	103	76
570	500	109	78
569	503	108	74
567	504	111	76
566	506	111	78
565	507	115	76
565	507	115	77
564	510	116	76
562	511	115	79
562	513	119	80
562	514	112	78
559	515	117	75
560	518	117	77
560	519	113	77
559	522	111	76
557	522	113	77
555	525	117	76
540	527	132	76
558	528	119	77
553	530	116	77
550	531	120	80
551	532	115	79
547	534	114	78
553	536	114	78
550	538	116	79
548	540	118	79
547	541	119	82
