893	554	36	85
893	556	34	76
891	558	37	78
892	553	34	80
889	549	36	84
889	555	34	84
887	557	36	85
886	554	37	84
885	559	38	85
883	556	37	86
881	555	39	75
880	557	40	72
880	555	38	73
878	554	39	74
877	557	37	76
878	555	38	75
876	553	36	77
878	552	33	79
878	554	34	78
878	550	32	62
877	551	36	70
878	547	31	60
879	550	34	61
879	548	27	60
931	630	23	50
879	540	31	51
879	540	31	51
879	540	31	51
879	540	31	51
879	540	31	51
879	540	31	51
879	540	31	51
879	540	31	51
879	540	31	51
879	540	31	51
879	540	31	51
879	540	31	51
879	540	31	51
879	540	31	51
879	540	31	51
879	540	31	51
879	540	31	51
879	540	31	51
879	540	31	51
879	540	31	51
879	540	31	51
877	535	29	60
878	536	29	55
881	535	32	56
879	541	34	51
877	540	31	56
879	541	33	52
882	541	28	50
881	544	29	51
882	539	27	53
882	539	27	53
882	539	27	53
882	539	27	53
882	539	27	53
882	539	27	53
882	539	27	53
882	539	27	53
882	539	27	53
882	539	27	53
882	539	27	53
882	539	27	53
882	539	27	53
882	539	27	53
882	539	27	53
882	539	27	53
882	539	27	53
882	539	27	53
882	539	27	53
882	539	27	53
882	539	27	53
882	539	27	53
876	442	25	59
879	443	28	57
985	342	30	74
985	342	30	74
985	342	30	74
985	342	30	74
985	342	30	74
985	342	30	74
985	342	30	74
985	342	30	74
985	342	30	74
985	342	30	74
985	342	30	74
985	342	30	74
869	266	33	69
869	266	33	69
772	250	30	53
721	195	30	46
736	286	45	62
714	200	34	63
720	203	28	64
596	255	53	75
596	255	53	75
715	191	33	76
719	202	26	59
718	202	26	55
720	204	26	53
718	202	27	56
718	202	28	59
717	199	27	59
718	202	26	56
726	200	23	42
717	220	20	35
717	222	19	31
716	224	21	24
716	223	19	26
714	222	24	26
715	224	21	24
715	224	21	24
713	220	22	25
715	206	23	37
710	218	24	31
709	220	22	26
710	220	22	27
708	221	24	25
704	220	27	27
704	218	27	30
703	217	28	32
703	214	29	36
701	216	29	31
706	212	26	34
716	192	19	35
717	190	17	41
714	188	18	49
712	188	21	47
711	186	21	49
710	186	21	50
708	191	22	47
708	190	20	40
707	190	19	47
704	192	22	45
703	193	20	46
703	193	18	40
702	191	20	38
702	195	21	34
702	191	19	34
702	191	20	33
701	192	18	28
701	191	16	32
701	190	19	33
700	190	17	28
699	188	16	30
699	189	15	29
696	188	19	28
696	182	17	36
698	182	16	34
696	183	16	34
695	179	19	44
695	178	21	39
697	178	18	34
695	179	19	39
696	180	19	34
694	181	21	34
694	177	21	36
694	174	22	35
695	176	20	33
696	180	22	28
696	178	20	35
696	177	21	38
694	175	25	32
695	176	22	32
695	177	23	30
695	179	25	30
695	175	26	39
696	178	22	31
695	179	25	30
695	177	25	29
695	177	28	35
693	176	26	33
695	177	23	33
693	178	23	37
694	177	23	38
694	175	26	36
694	177	22	35
694	180	20	36
694	181	21	30
694	181	21	33
695	180	17	38
694	183	19	36
694	177	21	45
694	185	21	38
694	186	17	27
694	187	17	27
695	186	17	24
693	187	18	26
694	184	22	33
694	185	23	28
694	187	23	28
694	187	27	29
693	188	22	28
693	188	24	28
693	187	25	29
694	189	26	34
691	188	21	35
694	189	17	31
694	188	18	28
694	187	18	29
694	189	13	25
694	189	12	25
694	189	12	25
692	192	14	24
693	190	13	25
693	192	12	23
692	191	13	24
690	193	15	22
691	192	15	24
689	190	16	28
689	189	16	35
687	189	21	37
687	192	18	33
689	190	15	27
688	190	18	34
688	191	17	32
687	188	17	42
686	188	17	43
688	192	17	39
687	189	17	38
686	192	17	39
687	193	16	36
687	195	15	29
686	195	15	29
686	192	15	33
686	193	21	34
685	193	18	35
685	194	19	32
685	194	20	36
686	190	19	35
687	195	17	29
686	195	18	29
687	195	17	29
687	193	18	27
686	194	18	36
686	196	17	36
686	194	18	30
687	195	17	29
685	192	21	36
685	194	18	35
686	194	21	36
686	193	19	38
685	190	19	41
686	194	20	38
686	195	18	37
686	194	21	39
687	192	22	32
687	195	18	26
686	195	20	28
687	193	18	31
687	191	19	41
686	193	20	37
686	195	18	36
687	192	18	41
688	194	18	32
688	195	18	31
687	195	22	35
688	195	18	29
688	197	18	27
690	194	18	31
689	196	19	31
688	194	20	40
689	195	19	39
688	196	21	42
688	193	21	46
689	196	21	36
693	196	17	31
690	193	18	40
692	194	14	39
692	195	17	41
691	196	21	44
692	191	21	38
691	195	19	36
692	195	19	32
694	194	14	30
694	194	16	33
693	190	17	40
693	196	17	31
694	195	16	32
693	196	18	33
693	196	18	30
693	196	16	29
692	198	20	27
693	197	17	30
692	197	17	26
693	196	15	27
694	196	12	28
691	193	16	31
689	193	18	37
687	193	19	40
686	194	19	32
690	190	18	34
691	190	18	32
687	194	18	27
687	191	20	32
687	191	17	32
687	189	18	33
685	190	25	38
684	191	27	46
686	186	20	44
685	190	20	36
685	189	20	35
686	190	19	30
685	189	19	30
685	189	18	35
683	187	21	37
681	187	22	31
679	184	24	31
678	183	24	36
680	183	24	32
678	182	25	36
678	183	20	33
679	185	21	33
677	182	21	34
676	179	20	38
676	178	21	34
675	178	23	36
671	177	27	39
670	175	26	46
670	172	21	53
670	176	24	41
670	176	25	40
668	174	23	43
664	173	29	42
664	173	27	34
665	171	27	38
663	171	31	36
662	174	30	29
660	171	30	35
658	172	30	33
656	170	34	35
657	169	33	37
656	168	31	39
656	169	32	38
653	166	30	45
653	166	33	41
652	166	36	46
648	164	43	49
650	162	38	51
650	160	34	48
650	159	36	54
649	154	38	63
648	152	37	62
645	154	43	59
646	155	38	55
647	149	29	60
648	150	30	58
647	150	32	63
643	152	41	53
641	152	49	55
643	151	46	56
643	150	45	56
644	147	46	57
642	149	47	56
642	151	48	53
643	146	48	62
643	141	48	67
645	144	44	61
644	144	45	61
646	142	45	62
648	144	39	53
650	140	39	66
648	136	41	66
650	135	38	68
651	137	36	70
652	136	37	68
653	136	36	66
655	141	35	56
656	143	35	55
655	144	38	52
658	141	29	58
659	143	30	48
658	144	36	45
662	144	31	42
662	144	27	44
663	142	29	48
663	141	28	49
661	136	33	46
665	135	29	47
666	135	25	47
666	134	26	47
665	132	31	46
667	134	26	42
666	133	24	41
666	133	25	39
668	133	23	39
667	132	27	38
667	135	26	37
668	132	26	38
669	134	23	37
668	136	26	35
669	134	23	35
668	135	23	37
669	133	25	39
667	133	28	38
669	134	25	37
668	131	27	42
668	134	25	41
669	133	27	39
668	135	24	39
669	131	25	44
668	133	23	47
668	134	25	40
667	137	25	41
669	136	24	47
667	138	28	40
666	139	29	42
667	137	29	43
666	137	29	43
669	142	25	41
669	141	24	40
669	142	28	41
667	138	31	47
667	137	32	52
665	140	32	51
666	139	30	56
664	137	32	59
665	140	33	50
665	142	31	49
665	146	33	41
667	143	32	50
666	145	28	48
666	144	28	47
666	144	29	48
665	142	30	52
664	146	31	45
665	148	29	41
665	147	35	44
662	145	44	46
664	146	33	49
667	150	29	51
665	147	41	55
663	149	44	58
662	150	43	58
663	150	37	60
665	153	36	56
662	152	38	51
665	153	37	50
667	154	32	46
664	154	36	48
663	155	35	50
665	155	32	50
664	156	34	44
666	158	31	40
664	158	34	44
664	157	33	47
663	159	36	44
662	159	38	47
660	157	42	43
662	159	35	46
662	159	37	47
662	157	38	44
662	159	36	47
660	159	42	48
661	157	47	50
661	160	40	45
661	159	35	48
661	161	33	45
662	163	34	42
657	160	36	43
658	159	36	42
660	159	37	48
658	162	33	46
656	159	35	47
655	160	39	46
655	160	34	46
654	162	34	43
655	158	40	50
653	154	38	56
653	160	41	52
654	156	45	58
654	158	41	54
657	159	37	50
656	153	45	64
659	157	37	58
660	157	44	56
661	154	42	58
662	157	42	54
664	157	38	55
661	155	45	60
661	156	45	60
661	156	43	59
659	150	47	68
662	151	35	63
662	156	32	58
662	156	35	59
665	152	39	62
673	158	38	55
689	158	34	56
702	156	44	61
727	155	42	62
748	145	50	71
770	152	52	61
796	155	39	62
810	149	44	64
825	153	43	74
834	155	47	78
840	153	47	87
844	153	44	96
851	151	46	65
853	152	48	67
855	155	47	62
858	154	44	64
917	109	28	58
859	152	37	65
859	153	42	65
920	110	27	61
855	150	39	66
921	110	23	57
855	161	33	55
852	157	42	63
850	158	47	59
919	112	26	63
852	157	34	60
850	151	39	66
848	156	45	63
917	109	28	63
850	145	34	74
847	151	41	66
846	158	46	65
846	154	48	67
846	151	47	67
847	155	46	61
849	156	40	58
849	154	44	61
849	156	49	64
850	158	39	59
850	153	46	63
851	156	44	59
853	154	39	61
848	147	49	70
851	151	43	65
856	152	34	63
857	151	39	55
859	148	34	64
859	151	39	59
861	144	39	66
864	142	37	72
861	141	47	73
863	144	47	72
862	141	49	75
863	143	40	72
867	142	47	74
866	142	53	75
868	136	46	79
870	132	47	81
871	137	50	89
873	137	47	86
874	136	50	82
869	139	59	80
873	138	54	83
877	138	53	83
878	140	55	81
879	143	52	75
881	132	51	83
883	138	54	76
882	135	55	81
884	142	49	95
887	140	52	76
886	141	54	74
889	142	54	70
889	136	58	75
891	139	53	74
894	144	49	63
896	143	47	64
896	146	50	61
897	141	52	67
900	139	48	69
899	138	54	71
902	137	48	77
902	141	51	68
901	143	49	61
905	142	52	63
905	140	50	71
905	143	50	66
908	141	50	69
909	143	52	61
908	141	52	62
910	140	54	69
913	137	51	69
912	139	53	67
914	140	43	67
910	141	53	61
912	141	48	62
913	135	46	69
911	134	47	73
917	138	49	64
913	136	57	66
913	136	45	67
913	132	51	66
917	133	49	65
911	137	51	59
912	135	49	57
906	133	50	55
895	135	43	53
878	137	39	48
857	137	37	43
830	134	36	52
790	134	38	45
753	133	39	46
713	128	40	49
671	123	36	56
638	122	37	57
604	118	35	61
580	117	34	60
556	124	31	54
536	125	26	54
525	127	28	49
515	123	26	36
508	125	22	31
494	124	32	32
549	190	49	61
544	183	53	76
544	183	53	76
649	318	44	65
733	272	45	80
734	195	78	66
733	188	82	70
731	183	83	79
732	186	81	70
736	189	80	65
736	188	79	65
734	189	79	64
733	192	82	60
736	192	85	60
739	192	82	59
732	192	83	54
738	196	78	50
734	193	85	54
734	192	78	54
738	191	77	57
734	194	84	53
734	192	91	55
734	193	80	57
734	193	83	54
736	192	88	56
734	194	88	55
734	194	77	51
733	194	80	56
736	195	77	55
735	194	79	57
737	196	79	50
736	196	86	51
732	196	89	53
734	196	80	52
731	197	80	53
729	197	85	53
734	197	79	56
733	195	82	51
735	196	76	52
734	197	84	51
732	198	79	51
733	198	81	47
737	200	78	46
735	199	80	48
735	201	79	46
734	199	79	51
735	197	81	58
733	199	78	51
735	200	78	49
736	201	77	47
735	200	77	50
734	200	75	48
734	200	78	47
735	199	79	49
734	199	81	50
731	196	88	57
732	198	87	54
730	198	84	56
735	200	83	55
734	198	80	54
735	198	85	54
735	200	81	53
736	197	83	57
735	200	82	56
735	200	82	55
736	200	80	51
731	200	81	52
732	202	76	52
732	199	81	51
735	201	82	49
732	199	82	51
734	200	81	51
735	199	84	54
734	200	82	54
736	199	77	52
736	200	83	49
737	199	82	53
735	200	83	52
734	199	80	53
735	200	81	53
735	200	76	56
733	201	78	49
735	199	81	51
736	201	82	53
734	200	79	56
736	201	80	50
733	200	80	50
733	198	81	53
732	200	78	51
733	199	82	53
730	198	84	55
735	201	74	51
734	202	77	50
732	202	72	47
734	199	78	51
730	200	79	51
733	200	73	50
733	201	71	49
731	201	77	46
733	203	74	43
732	202	74	44
730	200	72	49
731	201	71	50
730	202	73	52
728	199	77	53
727	201	71	50
730	200	73	50
730	200	75	50
731	201	71	46
730	202	71	45
730	201	68	47
730	203	70	43
731	203	69	44
731	201	67	48
733	200	66	50
730	198	67	54
732	197	68	61
731	191	65	71
734	189	60	76
732	189	61	76
732	193	59	75
730	195	62	69
728	201	69	55
734	201	62	55
731	202	55	55
732	204	52	48
732	206	51	45
730	203	53	49
732	203	52	49
732	206	50	45
732	204	48	46
732	204	49	46
733	203	48	46
731	204	52	43
733	201	51	47
732	204	47	44
733	203	48	45
732	203	46	44
733	199	53	46
731	195	48	53
731	193	44	55
731	195	46	51
732	190	48	57
732	188	47	66
731	188	41	64
732	191	42	54
732	190	49	56
732	192	49	52
732	195	40	47
732	193	41	52
732	195	38	47
731	194	42	47
731	195	40	46
731	197	42	41
731	197	39	42
732	198	40	48
733	197	40	44
731	197	37	44
731	200	37	40
731	198	42	41
732	201	46	36
731	197	40	43
728	202	39	37
731	201	39	39
730	201	37	41
731	202	37	42
729	202	37	36
730	203	39	36
729	203	35	37
728	203	38	36
729	202	38	39
731	202	35	39
729	203	34	39
729	204	31	37
728	201	35	36
729	201	32	43
728	205	34	36
729	200	33	45
728	202	34	39
728	206	28	37
730	206	26	35
727	205	31	37
728	205	28	35
729	202	27	41
729	205	23	40
730	207	24	45
734	191	21	59
733	185	26	74
733	185	26	74
733	185	26	74
733	185	26	74
733	185	26	74
733	185	26	74
733	185	26	74
733	185	26	74
727	202	20	46
726	207	21	35
726	211	20	26
726	213	18	26
726	214	19	21
726	213	18	20
725	211	18	25
725	212	18	22
724	211	18	23
726	211	19	22
725	211	19	23
725	210	18	23
723	212	21	26
723	210	21	29
722	208	24	32
721	211	24	28
720	207	24	32
722	208	22	37
721	210	22	31
721	210	23	29
720	206	30	34
724	208	21	34
720	206	20	28
725	211	18	27
722	208	21	34
727	208	19	27
727	208	19	27
726	214	15	25
726	214	15	25
726	214	15	25
726	214	15	25
725	210	22	29
724	207	25	34
719	207	32	34
721	206	32	36
723	207	29	36
722	205	37	39
719	200	41	43
720	205	44	38
718	202	48	42
720	204	39	43
719	205	44	41
720	203	43	44
721	205	44	43
718	203	53	44
720	204	45	43
720	203	46	42
720	203	47	43
721	203	48	47
716	202	57	50
717	205	55	45
715	203	60	45
714	202	69	47
716	203	60	48
715	202	61	53
717	201	58	56
713	200	60	56
716	204	56	51
715	203	59	46
715	205	57	44
714	205	59	43
715	204	57	45
717	205	57	44
716	205	58	43
716	205	62	43
718	206	60	42
716	205	66	44
719	204	62	47
718	204	64	47
720	203	66	47
719	204	63	47
719	205	63	45
721	204	62	49
719	206	64	43
725	205	60	47
722	207	62	45
725	206	59	48
722	204	61	51
724	204	59	48
727	207	57	48
726	204	61	47
724	203	59	50
726	201	65	55
725	197	67	64
725	192	65	77
727	195	66	76
728	196	64	71
727	197	60	71
724	199	60	64
726	203	59	61
726	204	72	56
725	205	67	53
723	207	65	50
727	208	58	47
728	207	58	45
727	207	59	45
729	205	61	46
729	206	59	45
727	203	59	55
725	205	60	49
726	205	62	46
730	204	63	51
728	205	61	44
724	208	58	41
728	205	61	46
726	203	64	49
727	201	63	52
724	202	69	52
727	201	67	49
726	201	64	48
725	201	68	48
