2325.5,761.5,74,41
2321.578483033353,762.5220689963957,73.57673945392327,41.45407529837694
2318.7447806171217,766.1289602813752,74.82330020832268,42.394564807885686
2314.6876158991554,766.8011462763498,74.29735273538084,43.111869081745795
2309.0746728341146,772.2609772366011,74.54448768290624,42.231171432788315
2307.0127934280904,773.6346776281621,74.59302400273612,43.12807444834189
2303.7064163960745,776.0273124185468,74.50528663839344,43.4801477974127
2298.423455897848,779.7600076382361,75.72963678065929,42.89255591531568
2294.9104426478775,783.9628140532559,77.2020176697903,42.44669230707779
2290.593604826195,786.926917887221,77.7598056331017,42.33649973771929
2287.588147218576,789.6618591649938,78.88399637629354,42.141287783064925
2284.370876643855,793.2085140357526,78.92697697123165,42.28682577409115
2280.0332368789864,797.1928267537044,79.74274798656486,42.034269559684176
2274.7328644914437,801.7433352909003,80.30937124828324,42.17792239953799
2268.33795998628,806.8915463329698,81.2660122288249,41.8131495234678
2264.423785446054,811.3268135793253,81.63512134956068,40.92534541939821
2258.8866013173783,815.8660453916117,82.96439912229286,40.33090679635123
2255.5276338416625,819.0170007416671,83.32179559105849,40.03758631764559
2252.23488113619,822.4362653595954,82.94254069850675,40.11363695010557
2249.4206247894726,827.5447184665583,82.78015554571866,40.58835919229544
2245.5765683958803,831.6662219267951,82.81212705177587,40.43927488687309
2246.288268041,835.5293290955022,82.65149364593651,40.605848005971254
2242.5154102461825,839.038897591527,83.53136288776173,41.02206429303561
2242.462481819468,842.175494008108,84.14731551631837,41.2234889411052
2241.5004548219094,846.4841085519613,83.83599100763581,41.36048558429449
2241.080714151559,850.8842283695014,84.03600075781846,41.65777345318152
2239.1214963205744,854.6038551621118,84.18113243419148,42.060844601694924
2237.6046439116876,859.1699525765885,84.50657337791134,42.08249460611559
2236.729551829938,863.2248482794544,84.81690721105737,42.14566252808164
2237.31214910717,868.097530641419,85.27493274269096,42.328532858168515
2236.245246763358,872.5757268165831,85.42255021069536,42.65379486575027
2233.856477260053,876.6825293680664,86.4088721286065,42.716533108425814
2231.2081999524776,880.3486875009667,87.72549562765292,43.61887794492027
2226.4671464722255,884.5597742780536,88.59874829433413,43.939813140136145
2226.4266973943704,888.683034779093,89.53413684940429,45.079991814570924
2223.5916626677795,893.0367056326629,91.42776544374576,45.95648952393493
2219.193064730681,896.1182073477669,92.6359076871139,46.059565042701685
2217.58262791836,901.777778191656,93.68817145419656,46.64136806470124
2213.4952730542213,906.0115496166037,95.4874787319123,47.03154082149534
2212.0243248671045,909.3807091502691,95.136485987951,47.34712199601621
2209.2346664013567,914.0229259401289,95.16579605299218,48.14456707840625
2206.134679532773,918.9673044006616,95.53134624813633,47.992321387809355
2203.8309783161126,922.1145787676422,96.58439282170124,48.17681661441963
2201.9775030568353,926.9164164244132,95.02484239039572,48.24300214072122
2199.0284863194797,930.9578710514584,94.24198196709658,48.1895270907325
2189.3936355990763,939.6874516913335,94.52275938141459,46.30878263532296
2188.3368229473685,942.6572045509138,94.1199905464939,45.79311839260302
2184.3390340287024,950.7186441297126,95.6773388229738,44.77865388496859
2174.876149434135,956.965132915987,95.88303049746006,44.50646526810833
2169.6813389991016,959.2710198666448,96.89388053928033,44.802083868623754
2167.0103497772243,962.1100164782574,97.55533177279916,44.98288819560013
2159.471661916552,969.3483894642894,97.25985612237851,44.82620676821371
2155.607062370653,975.8745184262075,98.18675952936263,45.219711478654865
2150.111740245301,980.3246314667196,99.13885340317422,45.3129069521963
2143.428868547873,983.6487228548242,99.76036271294632,45.88806516414607
2139.144454847152,989.030873282568,98.99101529444289,46.16114548083876
2134.5224166433486,994.7956673525082,99.25644065529677,46.02126776728898
2130.922403935828,998.3112211953973,99.21566378228232,46.25474748385463
2124.2143895322224,1002.3863606141891,99.51408547279401,46.76184207461548
2117.24631709355,1007.4243571721239,100.24735712015911,46.249489553228464
2112.5521067800632,1013.8034732313133,101.61629322717347,47.52772212601161
2103.2283610678983,1018.472795605325,102.71903443788013,48.51944160528321
2096.4733884690445,1023.3518117959744,104.10962061916962,48.85719055027835
2091.687569080566,1028.8694080966377,105.74190306906944,49.29261333591452
2081.8249564752437,1033.4470421673798,107.83844137480679,49.168838381381185
2075.6089453098034,1038.4815817357578,109.6144006258541,48.82950224847016
2069.1797032205036,1043.2176541176086,111.01610723182132,49.37080619997862
2062.996283469396,1048.5275612299454,111.58913588961539,49.49116722249738
2059.8217471983367,1055.5494355722174,113.15354570819244,49.63237985692325
2052.3946925481187,1061.1309639488595,112.75181375344053,50.09015173217921
2045.0252200112823,1067.2672412166685,112.79854481496731,50.219725416165794
2037.107976942939,1072.969171552807,114.31601625744011,51.14311999291191
2028.6722730633237,1079.0360936572108,117.21843178339418,52.2633927961285
2017.6732145031108,1083.1732289679012,117.02595327698921,52.27558686590955
2010.3217564309423,1089.7001341648263,119.43452833398482,53.2169518336929
2000.0084665154902,1095.4527938819706,118.7190957594934,53.93182054027337
1994.9338568960752,1100.2009406543727,120.89246346252636,53.89045157890411
1984.1051101840826,1104.7842573284784,122.60763129447074,54.11451380259224
1972.46780433612,1111.7595425554882,123.47059328641606,54.37428289477634
1962.0454827802935,1121.0463960594807,125.39896709570124,55.17505899531149
1947.2147740975997,1123.9047718998193,128.02839250247038,55.346866179228236
1925.8526181180964,1131.1369197465192,132.05820067729758,56.813549260852426
1895.1346759447663,1132.7212277439082,134.63620538528582,56.41721133652426
1870.3016277142083,1136.9830504827803,134.20999380196838,55.82278510469094
1840.2149874771574,1149.2072354109962,136.3205225060504,56.23782429061769
1817.554285783539,1157.5167277303462,135.2166443686294,57.62705650982731
1796.1204737787316,1165.4921433665725,136.32130985163235,58.485242418771534
1778.6620742517566,1166.6928441836385,134.47465828302398,58.99391597232282
1765.0022917235287,1177.100901176842,133.5435900997336,60.545613188918765
1753.7225011943851,1179.8148786232844,131.17341499346992,60.69264046232422
1745.557064809333,1190.2600715794335,128.37306980703138,61.83671843247208
1737.3871715770263,1195.9343582732513,125.71186063565854,61.245915583166436
1729.3075144985414,1205.6614581933243,124.55081079421515,62.33951580710741
1720.1545665619042,1213.714249874006,124.88060956055608,62.447681377628655
1717.115965796896,1219.250495513846,123.1754839154321,62.434871036669165
1706.4479984617135,1227.470421106902,122.23280835630487,62.53988450509868
1697.9909429114152,1235.123995712899,121.79054853099777,62.898399012281786
1694.661580427663,1241.7636518222357,121.04555359646403,63.062219194121056
1684.6597823031266,1248.6718965784946,120.85866865962348,63.73420834218667
1676.726364736681,1254.3946096661668,120.27833353494654,63.91177468240623
1668.2433878946426,1260.7526131442173,121.09194919106912,63.37264284074642
1658.6073676926596,1270.4672893435081,122.99695086822835,65.44384929531425
1654.4970738100515,1277.0312201245765,121.6711566830663,66.19446673708376
1643.5358007257505,1282.6670305841892,121.4314046491537,65.82906148558293
1632.414582168345,1296.3065801472742,122.51356344365188,66.34686787699084
1627.6275703379004,1303.4603604621743,122.39533780644551,67.23753608325023
1624.0209412119723,1308.9936841316962,120.60308858912472,67.48478587708018
1620.8762172103327,1316.0824485997896,118.51845784179349,68.37613225369826
1611.640218095465,1325.1123537070068,119.37136122289635,68.22690553535759
1614.6777833522283,1328.2794042313503,118.86604157667892,69.52275787107023
1615.4137112494425,1339.5729970818147,119.99120664673734,70.39504101169382
1617.0940537006545,1348.9608810757804,119.73519560677047,69.81145747200463
1618.0671745406783,1351.9783487549714,119.69262280718549,71.03097243482051
1617.1258015841638,1360.5042526964148,119.17348130337507,70.93226475640115
1614.9819137992722,1367.0469890697739,118.15150011732912,70.29417112192701
1609.3318004519292,1374.0887959598176,116.81846322406341,69.67155873801852
1601.2497793097707,1380.8568050538288,116.8403279265934,68.62289482856082
1590.1400121734703,1393.0498474936867,117.65619093454578,67.91248247997264
1563.6064661148462,1405.9757982148105,116.73131298953854,67.28354627820352
1552.9026376755578,1418.3711137510677,118.96622702448707,68.02343469116298
1549.639234829584,1421.4656389594134,119.40652634970516,69.31629450320084
1540.9421086626107,1424.173474563266,120.40886431597579,70.33621690053707
1534.4639150251787,1431.065687008288,121.167576839558,70.82179246825689
1527.8778811364225,1437.0227302822798,120.4653045596974,71.49539436631827
1518.0520668183556,1442.6141035832413,120.89764341616822,70.14724535198032
1507.1507518486571,1449.9504861633977,121.13560279282108,69.39219049592776
1498.03952145233,1456.3996065306849,120.89482963772116,69.18627916809179
1488.2524339332467,1464.3760453133846,120.99148659422258,68.64689475912557
1478.0370090977476,1469.8724257999493,121.10790412105581,68.421925534043
1466.9981710025374,1474.9266359236926,120.56371599262863,68.69345771728138
1455.7116928115117,1476.286163412359,120.37791192240968,68.38935978645748
1443.453811848485,1481.3557475677221,120.7710046284923,68.41225412068975
1434.986192507893,1481.5307213736273,120.46836451023755,69.11706458077875
1425.077103957734,1482.3089537632495,120.36916986067828,69.70458674191833
1414.16616813657,1482.0476211316582,120.10703996186842,70.47052122509565
1403.897524396343,1482.1586450596462,120.12390927520798,71.6436413159351
1394.050932122465,1481.1553805530707,120.6448735928617,72.02584505366482
1380.5586557194733,1479.888206238858,121.65186826285827,72.54034605063586
1372.4148252584184,1477.7749118546908,122.60351443734874,73.46624655221592
1365.4887554364918,1478.0363082660142,123.03643983254472,74.85095924180683
1358.8237198853208,1477.0926499643028,123.0939574909781,76.64258746492858
1354.8397290299174,1476.6084217708046,123.8276295284755,77.56847554828022
1354.6451720755358,1472.4316127549403,123.837784615942,77.88602752471101
1354.2200360520935,1471.1160250713008,125.22455050065976,78.77835086791171
1357.653842419054,1469.436407807359,128.18693292207337,78.59650492094163
1363.6155277888963,1467.6023247675269,131.9685687818151,78.28439751542255
1374.0171983972434,1464.6382029206134,137.2864700883143,76.92452332365951
1389.3453306107592,1458.4507154405746,141.02055981777693,76.35499736058043
1411.8112030920313,1455.3150408788874,143.21012604297655,75.31818188739719
1437.2221970056557,1455.5686054239932,148.01126138467328,73.68027400766547
1476.1597519605414,1452.4305325141947,151.68450657744117,71.75660407714028
1531.8600138932488,1440.5012818979992,156.05916734337362,71.18908754830076
1570.7435622511418,1438.0117652586232,157.49211335219724,70.20894047198078
1642.3274002160442,1424.9017142217428,162.304372114775,69.77958079952556
1688.6487200762713,1425.7680963580583,164.4036757536962,69.13042765760923
1758.6644711153983,1425.1586572077952,167.5177577818874,67.1266356414396
1818.6442046299107,1424.7200383178172,169.01594761321374,64.64723999663654
1894.941912465511,1409.529094920171,169.5811917320525,65.48541989800788
1964.9445439026388,1409.8634790301137,172.82241933631275,63.90846095088875
2025.2338407631387,1412.244439346951,173.94396752205097,62.71731058088602
2080.962551752457,1412.89783587019,173.51900861714552,61.9433363882633
2149.4346008854727,1418.1714133075911,173.12378425248042,60.370761324557165
2217.848943610108,1420.7391684408312,171.05349113719416,59.58346520755194
2279.7386760786285,1424.6712722490454,165.6182797401928,60.567944763059586
2354.9687680676907,1440.6317238518395,164.55432073765385,59.638107536475104
2411.8998763628665,1443.4147635487734,159.2671010955447,60.57082985082889
2485.8959138609184,1458.0494725403082,152.5993364021752,62.03739476265669
2558.8978271086353,1481.759620679311,148.03743495556972,61.77699914993454
2638.200543221132,1495.5612997327069,143.32644242784133,60.70279295964649
2717.7283185613583,1510.9435979549726,139.14322145930294,60.286688183816494
2784.2572829080946,1535.0281870931824,135.39107889864317,59.58207518449647
2863.8695897061284,1559.4014411433034,132.4817118846071,58.662345496119535
2942.574250187685,1584.011262450131,128.33864153184507,57.26397287147811
3020.9582453321295,1607.7911641079777,124.8049499490107,56.20330361950537
3099.128668563992,1634.4518353317076,122.32228829973857,55.285846059741026
3179.689251057084,1658.475289175751,120.06100185359378,54.438946763987886
3259.4559578663066,1689.8333897256375,117.84227024198454,53.825704343414245
3344.202096887192,1720.55340363478,115.53836195119024,53.963946483625584
3346.548500191289,1722.7751053431518,115.53797534879503,53.96444794359039
3351.2920066003103,1722.5085701874166,115.53797730126007,53.96440173560987
3353.8586991154966,1721.945713598801,115.53712343696394,53.96510466084217
3355.1742829119903,1725.5007880149283,115.53673487191521,53.96558681766257
3357.029447487392,1728.6241121865714,115.53619690458312,53.966232423503456
3357.293006371225,1732.004299167188,115.53552279717654,53.96703933995569
3356.6446457257084,1732.2636159629512,115.53515975669777,53.96738517862785
3356.660749527769,1736.2080165846658,115.53477787756552,53.9679524692869
3358.042469693115,1736.855363056837,115.53317216830362,53.96937480414224
3357.9095000967986,1737.2000992952323,115.53286399903727,53.96965836315616
3356.769460910205,1737.8832087191677,115.53165494050829,53.97091991251008
3355.541915247557,1737.935798495095,115.52978821030786,53.97240194115813
3353.6215267488897,1736.7060777487309,115.52896502797054,53.97299591115105
3352.5477481207063,1736.7998121336436,115.52721431810454,53.974414290421194
3350.7126495762795,1738.048385943033,115.52669369074127,53.974887969478345
3349.8540713923476,1738.4686272134315,115.52603954701593,53.975597554955776
3349.4183701989186,1739.607199578667,115.52549542022133,53.97609054459276
3453.343120439806,1822.312133611943,117.8079682050476,51.68777399171264
3443.1526251534992,1798.0959540996764,119.02679599689951,51.90045985950742
3498.5751907675544,1780.326641831563,120.23938113841805,52.139066085187764
3492.2423980496956,1774.2325954721412,121.61717341465067,51.66287791261269
3492.7870173047454,1784.586969328837,122.47766565845012,52.55886080529968
3471.8425833741976,1792.9886964954223,123.83370804957462,52.50462255184147
3436.2238905553118,1764.4844387047049,125.11451257162393,52.94608338474114
3431.9789597195304,1775.71359338993,125.55826790468552,54.04189503174645
3408.6624027997127,1785.286921077648,126.60878973382329,53.399422471862536
3390.331034665971,1772.68749417485,128.2219158633667,53.56138815490037
3368.2840341264377,1772.2260662747594,129.35229771025533,53.468530620997704
3348.691195387667,1771.553025755571,131.40851580669343,53.07612715753563
3335.2012034908876,1770.309793239804,131.603148800692,52.98236862873647
3321.214328444557,1750.5766241582996,131.1174395885441,53.79811398779037
3305.2890419953433,1761.43185883204,133.81593958047694,53.5389023459978
3291.1310645570175,1761.980783752519,136.29765831210892,53.15754253532843
3289.1602419813057,1762.1162224237542,137.41028916223226,53.28759824992795
3280.587363484617,1760.6590146942315,136.37911858908143,54.34056565942802
3279.1785358820157,1750.7213226646027,134.91252639590743,56.092807476254286
3290.463821625211,1754.4665872955975,133.82381602401904,57.82335422592207
3288.072000715383,1755.7245915844223,134.5101358565227,58.34326483772587
3309.490572433733,1768.5314467516014,135.039119433983,59.83149275104811
3319.6641306915017,1772.3601460962936,135.80176320287,60.25944505195918
3311.1933337135806,1774.7697957027485,135.78801963429763,60.64785372097677
3356.68070675065,1789.8655384813603,136.9164687505885,61.31696386687814
3382.5399006368393,1805.159996891011,137.08696647625695,62.202494297943225
3376.6502584569243,1798.0395659478663,138.5343302123077,61.482932714688936
3461.811347625366,1861.4933561818232,138.48780189983785,61.061535413279046
3495.770429356853,1885.6002005591417,138.53968543393387,60.5550381259272
3524.571947412503,1896.2649079113444,138.01025009167734,59.491368584485635
3552.423654333091,1911.1592685470587,137.0128833086074,59.57683668988834
3582.4616161846984,1924.7719101671146,136.99306998747255,59.85479594245217
3615.476670781666,1949.5757873632526,137.53060300545079,59.28447135974654
3603.944402528688,1947.015567268008,137.53889370757383,59.280622037601496
3608.8623817038983,1945.7607081455244,137.64889444834012,59.17780266011666
3618.528243232654,1949.1603487100706,137.65257864790883,59.177167504229914
3630.8077172513968,1948.8670695870078,137.65371209235644,59.17723047008998
3691.908029054941,1838.4688831016058,131.56123515274885,59.70774955905789
3732.207850012836,1861.4871411312067,126.21407279018108,61.66872342905534
3731.7962220338736,1861.4263344426904,126.21369513690397,61.668921168654386
3729.434311448627,1867.3644978661316,126.21345481829249,61.66909349779713
3724.8207303730787,1868.1573248018037,126.21324575356815,61.66927734827791
3723.0036660314436,1868.2674527564036,126.21312951801482,61.66939070356169
3723.472210584217,1871.2522261251938,126.21302465347752,61.66947516104936
3723.737612494962,1874.9554669293018,126.21297390806392,61.669526794105245
3721.484283187739,1870.0046814393056,126.21287717048922,61.66961709935426
3721.8837245019427,1871.0312860196113,126.21277397008741,61.66970998837964
3720.714193646431,1870.5081072833018,126.21255817523641,61.66985180757919
3721.572135224,1875.2710180462552,126.21237075889114,61.6699978796335
3645.656031740482,1996.823175721296,126.96121896127768,60.08477127466934
3631.5473553922993,1996.199279902732,125.83779521416174,59.439527261543965
3608.375586176118,1986.2389201170956,125.14402972196434,58.740829642265005
3594.066584655495,1988.1446528694535,124.9209320704611,58.70066516866191
3581.7298380493176,1985.8101036298492,124.92033394370424,58.70102671320856
3569.13513846149,1987.2871190619085,124.91990424667853,58.70137254663033
3564.427448355251,1985.5272969459834,124.91958736137886,58.701681746971126
3561.9620546734354,1986.4398840963045,124.91946938290742,58.70178680137836
3563.05266092709,1988.9005969006394,124.91922372969373,58.70201637077849
3562.0049390591316,1987.3636803664217,124.91899748079337,58.702208615849706
3564.311055985407,1990.022646364929,124.91883514237217,58.70234130847112
3566.683884511341,1988.7207531747845,124.91875637953574,58.70241965996694
3567.71406825306,1991.7358435618387,124.91863488685168,58.70253664205333
3570.7168167353343,1988.7959268574375,124.91854620935139,58.70261360020256
3571.9719471640083,1990.9372484646399,124.91849848867581,58.7026561424813
3572.8413360089517,1994.098343206403,124.91817955142176,58.70293827760776
3573.0008957712357,1996.9668134090427,124.91789510652329,58.70316856858635
3572.221986351935,1994.1091353341637,124.91785690853443,58.703203654349096
3572.486138489753,1991.0595985859572,124.91769717130043,58.703354421269864
3577.019040156629,1993.8415057424047,124.91749137172782,58.70357457034997
3574.8264343952314,1995.2161197264302,124.91742800743843,58.7036256245158
3576.4447070763295,1994.364574194612,124.91727371274767,58.70377562808627
3576.4491400928277,1996.7133326646835,124.91721030789498,58.703829965561376
3577.1678157713286,1996.614313235143,124.91717262677453,58.70386285034954
3580.7173771018506,1994.5242175500798,124.91702753149511,58.70400432423581
3581.882429295644,1993.0617759351085,124.91691758398667,58.70409073449153
3581.397733460764,1991.8778041110934,124.91682599740774,58.70416643589722
3583.4169060687805,1990.4201297647937,124.91659008389517,58.704348512056654
3587.5913628855906,1990.7021314054894,124.91635599281668,58.70452548560171
3588.0731568450683,1988.6910475606337,124.91626046735519,58.70461752223686
3589.657791760554,1986.7113612160742,124.91620107034342,58.70467705713526
3587.3661065687434,1992.403598449533,124.91615451518321,58.70471263050063
3588.4423472187054,1991.6614289354102,124.91607466255469,58.704781086084104
3592.822565983946,1989.4629159968097,124.91589103832386,58.70495542367312
3595.646881197935,1985.1714991816334,124.91578823256894,58.70505113135746
3593.0714610437512,1985.857660121159,124.91566618818355,58.70514753672238
3592.064370550477,1985.0014050110178,124.91555040463588,58.705252313813205
3593.439285978184,1983.6594454248093,124.91546420292303,58.705328111977934
3588.677063522182,1982.664635050537,124.91537107476704,58.70541054856419
3589.8871033128557,1981.5501448199764,124.91522218990647,58.70552610146699
3587.9341707128438,1982.9074423696059,124.9151833352889,58.70555874497561
3589.227725201848,1981.4002115350781,124.91493763662307,58.70574247900297
3589.0191755922237,1980.8132554345086,124.91464343970539,58.70594576443154
3588.8081156947565,1979.6707823255315,124.91455504467561,58.706013013193015
3590.1052144628425,1978.7878355912048,124.9143752525677,58.706185041531
3593.061384126243,1975.0442616063256,124.91430122651803,58.70625196041683
3591.5361215699086,1972.465553437343,124.91425179809487,58.70629963840882
3590.50630852232,1972.4455716439315,124.91418574887803,58.70635598957938
3592.2326828268065,1972.4153841687937,124.91407576600331,58.706451343258244
3590.981941960653,1971.7522381121923,124.91398560461857,58.706525328256525
3588.4621394498195,1968.9463218907563,124.91396927313585,58.70653802701862
3590.166795670064,1965.5167888664748,124.91387872023536,58.70660720744789
3589.728609347618,1963.1754773337782,124.91380088609621,58.706671259474504
3589.212352003231,1964.3577544511745,124.91378049872947,58.70668835761351
3588.5494133714387,1963.9219345014753,124.9137313392409,58.70672739069422
3587.0956956467126,1964.1157829149365,124.91365603124736,58.706784765660835
3585.245787003284,1966.2112387204784,124.91354074287827,58.70688029187566
3585.0997209972597,1970.706396030493,124.91337968318024,58.707008901522144
3580.8466832498993,1978.591911026689,124.91302455198507,58.70730592786728
3583.649170146281,1980.0218376880546,124.91298735895381,58.70728369987815
3581.175135779535,1984.9294315370107,124.91253733939313,58.70771833167769
3584.095371690868,1983.8377381228847,124.91043202521162,58.709871038607155
3591.3326417222456,1983.7041053949742,124.91059002916776,58.70939260891116
3592.744341992976,1980.488796918038,124.9083633940339,58.711778323464934
3593.567485765453,1979.644600724622,124.9069526868102,58.713230874748284
3596.6574868659254,1973.378859794565,124.90488560930861,58.7154931074818
3600.0643057493935,1968.1042229349794,124.90413169628485,58.7163821602102
3605.2069357183946,1964.055565160503,124.90310961991585,58.717488183101004
3607.66697984006,1958.5045247021465,124.90241491601415,58.718306053549234
3608.8573901390037,1951.2014402821594,124.90190199253428,58.71887072177067
3607.2874830988317,1950.348990864239,124.90191027911635,58.718854987756494
3608.5848100483336,1950.4703293137127,124.90199748614614,58.71879267099009
3605.5171592464744,1951.561252567786,124.90217822118103,58.71854864087134
3602.6716551715426,1952.3275451038025,124.90207289905997,58.71858745589984
3600.5692676792996,1954.7775502048294,124.90191662439067,58.718631231812545
3607.1507762223255,1957.724466800318,124.90197117072384,58.71856968924235
3608.7344544513217,1958.926561340955,124.90237556173071,58.71844669378375
3610.11489123629,1959.5952012824218,124.902428476856,58.718401307920224
3614.5108005088,1958.620784687917,124.90247909534874,58.7183856533558
3615.7270400524308,1957.8224648006085,124.90250180099558,58.718393781816495
3617.497273653086,1959.0868612448794,124.90257553329378,58.71840424181593
3618.154147617591,1958.6208982114047,124.90257357977731,58.71841735014308
3620.742870628078,1961.9261546372327,124.90212522039465,58.71890932789374
3624.6336791970953,1962.50679095833,124.90172518059647,58.71934802088161
3626.9056881084803,1963.3948702954801,124.90145382923126,58.719652139931526
3628.26863746854,1965.89489508272,124.90069854172945,58.720382194205456
3621.7734056552176,1969.094644612562,124.89964986978937,58.721265176452434
3621.9297008689523,1972.4513577652856,124.89881980828366,58.72245516968073
3622.830009776874,1977.712938085713,124.89870906107411,58.72265287385801
3618.673817965433,1984.5534883778635,124.898418161556,58.72298024518422
3611.748207619188,1986.1168698658446,124.89851885892874,58.72284161500141
3608.909030846724,1985.706786671594,124.89926820540123,58.72180673864414
3603.410768383318,1986.5257864220596,124.89936845722468,58.72170782860976
3601.718725371212,1985.5331964667635,124.89960629113007,58.721430199643684
3604.609295207365,1987.6154007169296,124.89908767061215,58.72245319879253
3602.4974821360834,1989.7063154572104,124.89860750137738,58.72286658856187
3598.3688196705325,1988.4883299825065,124.89837647086968,58.723088722433175
3596.262113093726,1989.5220514528448,124.89798585632481,58.723704510927995
3595.4787098262836,1989.7229313763607,124.89781667843371,58.724056343211856
3592.856817132453,1990.019203880158,124.89697459035561,58.72471637035009
3598.521372502166,1988.1773796783082,124.89668789420473,58.72500515109441
3596.362056974381,1987.1131201789597,124.89607742603154,58.72569579018776
3597.285136776351,1989.1906575234452,124.89562786123068,58.72616824324519
3596.2744581692546,1990.192645745754,124.89496068234183,58.72667645210108
3594.6209152906663,1992.964195914629,124.89443616615732,58.727139957124216
3596.5565956227147,1995.49240928905,124.89366237416138,58.728212140166775
3601.2491066892662,1994.2000485799695,124.89368624630718,58.72822486768475
3602.7214383111627,1998.4756948061174,124.89329599750948,58.72869881095774
3602.793295209717,1999.0704608681683,124.89286203598246,58.72918271812122
3604.92821496382,2000.5467758776158,124.89201876648426,58.72992303194394
3606.5683549226046,1999.964810433831,124.89168469928791,58.7302317786295
3612.734426341361,1999.0133132255617,124.89169232106461,58.73022679407556
3612.5694951681185,2000.2193465536654,124.89147740681737,58.73048623535604
3613.2366226374106,2000.9060818300186,124.89124141392666,58.730866028261445
3614.581899786036,2001.7575054569506,124.89074487119278,58.73146587789786
3611.9950360755956,2006.0854441388185,124.89049920857707,58.731795598817996
3610.7861607999016,2010.869888972563,124.89044647245898,58.73198246941448
3612.0970589120416,2013.5834496192579,124.89024300826534,58.732281792174966
3608.434031145436,2016.3196284493074,124.890143832614,58.73239870711867
3608.0979574250246,2017.3272280818003,124.88991607125833,58.73276746009229
3608.7819892438147,2018.9434433595984,124.88936060666634,58.7332868766487
3609.368719898574,2022.675535253604,124.88913244858418,58.73376659419195
3607.6099026060356,2022.405242891862,124.88896503361545,58.733985085280985
3607.6212608680353,2024.128084579303,124.88856563228396,58.7346379797775
3608.687121603508,2025.4609860049911,124.88837349254592,58.734912265394655
3606.67944434383,2025.5114125666137,124.88823700314302,58.735065270043215
3605.2856416570357,2028.493372534135,124.88819965937023,58.73510502890957
3605.735912352235,2029.978014970151,124.88789654449963,58.735448252504355
3605.8795027149804,2032.8648414024224,124.88768989146506,58.735688267447784
3607.757842399811,2038.82923051609,124.88748883143467,58.735961439343264
3608.3099609980904,2039.6389375788742,124.88744806412906,58.735972133721006
3608.3025646606357,2043.1623559115706,124.88735004591051,58.73610535892284
3608.983068065739,2044.4522392091717,124.8870920035564,58.7364531283445
3608.5230962340947,2049.1988665967497,124.88680074825042,58.73674483908953
3605.3896166694403,2047.2956837848444,124.88653175103335,58.73696574854487
3608.725625888508,2046.374337904245,124.88652278097652,58.736990645348016
3609.7256714788227,2048.2653507400387,124.88639583756034,58.73716244919426
3607.4028634142314,2051.271860870821,124.88631532672818,58.73738252500159
3608.6031681583927,2053.888697840593,124.88589714547342,58.73774836893517
3607.9115192196928,2057.2567001583384,124.88582366972437,58.73782437995939
3607.041620720639,2057.807324942781,124.88543433417509,58.73812837037671
3610.9317447015333,2058.3420881724037,124.88421431122957,58.739019553725626
3613.64818524696,2061.062618640725,124.88403862275065,58.73922706114452
3611.5637932369455,2065.252106984711,124.8839459948302,58.73945416955804
3610.5984095631234,2068.251968333076,124.88381872920854,58.739648503163075
3608.648998661085,2068.077600998697,124.88378365500431,58.73969790733404
3608.398981869789,2069.8446733758647,124.88342569468509,58.74015913291851
3607.098371421062,2072.4325194442285,124.88342717647421,58.74019245624276
3608.5765451098564,2074.520631506707,124.8825448772392,58.74068322844152
3608.5234378000273,2074.5419614057782,124.88214644947686,58.7409958646115
3609.9635060621385,2075.145264103862,124.88193231523853,58.74127854808782
3606.09669594036,2076.3341889466838,124.8817416571534,58.74166420256152
3605.688851704844,2075.175633304713,124.88172619971482,58.741698565040636
3602.820606040151,2074.432514056885,124.88080698375259,58.74248762736984
3604.2971681996137,2077.167482548613,124.88091638369829,58.742363990776965
3605.7857806465754,2076.213347488221,124.88014503248468,58.74299949566177
3604.4951258348347,2077.67228126677,124.87879946454429,58.744248912441854
3606.8003414669406,2082.084626763848,124.87782187846325,58.74533020374636
3605.9351338461524,2085.6996283963535,124.87765726698247,58.74550577174382
3611.3413932336325,2090.1976483882486,124.87777772847261,58.745402181691205
3611.1680837120502,2092.5436731960717,124.87791637226694,58.74529954938183
3618.7838749709326,2098.59597961226,124.87819115430689,58.7449938916877
3616.79503088266,2099.3276304654514,124.87770106814126,58.74490324487542
3617.2999727217507,2098.2440771473307,124.8778724551146,58.7447389822981
3626.219587205858,2099.0881603339053,124.87826979915641,58.74453847905241
3628.5195749124555,2100.0575647011474,124.87832242398595,58.744439480438636
3631.283222352931,2101.5427623554274,124.87840848633404,58.74436272771088
3626.849741409539,2103.7276681825683,124.87855194507729,58.74423672330096
3630.2585346123346,2106.4170442469517,124.87869787362344,58.74412143153919
3637.083465902451,2107.542429661967,124.87882728252723,58.74405083687539
3644.7994135350395,2106.4276139208773,124.87888067915358,58.74400559557456
3646.1249872804774,2105.9262100396413,124.87913756907575,58.74357181904558
3643.694028066392,2103.326976003502,124.87921479546418,58.74329797848241
3645.5279320482996,2104.068693805109,124.87926257124309,58.74324221611941
3650.3686148468178,2105.5611803038705,124.87940980684819,58.74314203658922
3653.0592387383736,2108.0287434751563,124.87981485576782,58.74281298100513
3652.2224190632605,2106.5458897248573,124.8798701024095,58.74257070781447
3649.6870203312073,2105.885890938652,124.87991065428467,58.74247774792165
3653.879963910799,2107.800114090888,124.88055341758758,58.74199503407174
3663.0092728595973,2109.41312616582,124.88081613522452,58.741717992668306
3666.012289877708,2109.7191641880004,124.8810472624241,58.74154656943164
3662.729229024454,2110.066358005612,124.88148178936756,58.74120936545977
3660.586831350391,2110.262586179237,124.8832037122002,58.73977879984055
3659.6483656671526,2111.104580085584,124.883852148303,58.739223685396524
3662.24334285653,2108.5916234709507,124.88389258155982,58.73913498442653
3661.766078768292,2109.76336706261,124.88410575130312,58.73893407697103
3656.978706005587,2108.669094585063,124.88429969437703,58.738785747077706
3663.2927535730873,2105.5810404082417,124.88489814000336,58.73857497840555
3671.694009610938,2105.8115015376343,124.88520054794468,58.73836294711001
3673.752466049607,2105.760837041433,124.88552237748551,58.73808066056092
3680.6651803629093,2107.6350175258144,124.885805001186,58.73788315348342
3681.1339515421473,2108.086039436151,124.88621867784694,58.73751211332374
3685.6877383758742,2108.5839394917994,124.88720843355023,58.73672607349209
3691.2294093377263,2109.4917121049652,124.88766110365681,58.73634314822368
3694.0094585423017,2110.76994162567,124.88784111018573,58.736201674638956
3694.8660704945687,2112.8318761682726,124.88820973494869,58.7359082768424
3692.1055249328297,2112.0404163296475,124.8895268983133,58.73472138957118
3694.4957432972296,2112.864406185606,124.89052899702838,58.73373698366887
3697.790609702188,2111.6152287244677,124.89645544309302,58.72863483654895
3699.079040807834,2109.7719055899483,124.89679865134113,58.728348541805836
3700.8203380629857,2108.077513475713,124.897474547761,58.727796661114134
3703.014387939996,2108.6156311680284,124.89835852024174,58.727090613413814
3705.4789885099844,2107.1059170194167,124.9005181018529,58.72556740116124
3708.5863882936974,2108.330909930052,124.90068816943715,58.72540948936074
3708.760413350579,2108.4551860525785,124.90079918681779,58.725283845597666
3709.7733600020865,2109.856783859052,124.9011400337346,58.724892225875976
3706.7542949087465,2111.294789729416,124.90139742912481,58.72465844497121
3712.5387109031017,2108.549437989566,124.90225614475985,58.72324833443103
3711.1123251546765,2108.596676574891,124.90236126358934,58.723013468344796
3710.112696659379,2108.7090026360006,124.90272427797274,58.722678598761625
3712.666283560772,2106.5317007724043,124.90312827593706,58.72212495061822
3708.1165598722996,2106.683860332522,124.90355660228417,58.72176365032219
3707.8596254933327,2108.26641501365,124.90396812154349,58.72130782772268
3708.2510698565516,2107.4962261821584,124.90414691953939,58.721053838828325
3711.0530344493727,2106.1660348523624,124.90418921521973,58.720937640921576
3712.7711869885566,2102.027109973809,124.90425594013583,58.720846647906846
3715.3481935759714,2101.8769675218687,124.90426212107977,58.720754540488
3713.898860028384,2102.164951578388,124.90430121980957,58.720603118371315
3712.514664046304,2102.8656452846008,124.90428417022234,58.720339825704464
3710.126159618866,2104.583452780957,124.90439273365516,58.72015655181809
3713.4981500071726,2102.9565383225186,124.90436566187586,58.719975506612954
3710.8980326287137,2106.2168880055087,124.90459154962292,58.71957080692302
3714.4533859931908,2104.325834742221,124.90458399745717,58.7195132366659
3716.4798584439695,2103.0458124877864,124.9045723119944,58.71925405748597
3713.6415988847793,2103.9617998287167,124.90456822175635,58.719185694290026
3710.759491105994,2103.7691837288658,124.9046169473572,58.71910998593366
3712.0045801094516,2104.5465601542355,124.90478179589523,58.718854257958526
3711.7911553967974,2103.6217416637196,124.90491459551328,58.71863772336593
3714.4835566279567,2104.283622065885,124.90491256730697,58.718347392324404
3707.8981945690366,2105.1855991181133,124.90513783718566,58.718061906069764
3712.4592099388037,2103.3194002534146,124.90537672808426,58.71788278839113
3705.384492353789,2105.928357273821,124.90622085654842,58.71682808824571
3710.3150455019672,2105.837069962651,124.90722183710845,58.71557636836024
3710.1689814460497,2104.5927879610445,124.90730229932115,58.71544808794312
3709.12777797386,2104.322718638427,124.90732871048318,58.715402235345636
3712.287926380158,2102.8138879661915,124.90739780364878,58.71522915484374
3710.8409534728416,2102.8149140836463,124.90752643192495,58.71496753473317
3716.0621942179732,2105.727320169142,124.90770336603953,58.71473269528447
3709.717926814634,2105.31162758402,124.90799049205386,58.71442230888786
3711.8718532188527,2104.7146804420972,124.90826747106185,58.71415470079616
3712.017197381418,2100.9884162705202,124.90852738787959,58.71384271573302
3709.024585123352,2100.250445534803,124.90858058595771,58.71378101715438
3710.7196869655695,2101.7521586401813,124.90862210072623,58.713670255159116
3713.151289059163,2103.329521214925,124.90884745989533,58.71325986206443
3711.06509628383,2105.2046150011724,124.90887354400923,58.71315573607251
3712.9217342413635,2102.7355763393793,124.90900848328188,58.71254954983217
3708.8249487868793,2106.048330035883,124.90911225205252,58.712423626551775
3706.781036361623,2102.946563866041,124.90919525075802,58.712327426197035
3701.342095626506,2103.8649763316043,124.90930629710373,58.712152866621174
3702.5192083318684,2105.3367228443844,124.91033124495958,58.71132875585598
3708.425422385923,2102.567593734993,124.91057289087914,58.71108857299754
3707.747987337102,2104.7401139355893,124.9106936665833,58.710970714376096
3710.480145472792,2103.4496690622786,124.91105949740614,58.71066534495489
3708.598046960172,2102.8494009584165,124.91114738797322,58.71047432832916
3709.724094069927,2103.3329577069076,124.91122683064805,58.71032883128232
3711.6417094948274,2103.687125545161,124.91150671159112,58.71003339220125
3715.491980018718,2103.9073533913615,124.91139128865669,58.7092522858587
3713.87785009996,2103.7240600593723,124.91141325881776,58.70869034186786
3712.923297082588,2103.3450767090917,124.9114454639113,58.70831423990438
3709.561734156108,2103.961599800966,124.911487820777,58.70822315430772
3712.845851008704,2101.6836625197216,124.91153099775647,58.708048846710305
3711.9274351438044,2101.9402123744144,124.9115583376027,58.70787440454373
3709.9846007576307,2103.6578878878504,124.9116646900585,58.70766589476197
3709.4469751226993,2103.7165862361708,124.91205824812911,58.70722115546604
3712.228054753488,2102.7553444661776,124.91208570453881,58.70717022966288
3711.5707715665544,2102.8402616374215,124.91222029186852,58.707043557982814
3713.4978444664466,2100.959714672303,124.9122235952488,58.70701740727138
3713.327323599898,2101.527364195044,124.91221577638233,58.70696070473834
3716.3186272877724,2101.7968493091475,124.91223102407716,58.70665606920175
3714.361099900956,2104.368575239657,124.9123533083144,58.70632306652102
3712.9242578489366,2102.738409702479,124.91240831918363,58.705962974952
3712.533318521415,2103.4652143781277,124.91242727831526,58.705866411473686
3712.530918211966,2101.825374751619,124.91241825872844,58.705795317353385
3712.0967919852565,2100.689980954885,124.91243977323607,58.705732490823706
3714.373974068892,2101.4845525589953,124.91244648609126,58.70559880599468
3718.359778547305,2095.056271664459,124.91219010647528,58.70577917874673
3721.821162790041,2091.1010196002726,124.91185070578108,58.70603312019926
3722.947612406031,2089.066268644468,124.91012640055813,58.70758716727627
3720.622125682435,2090.180594727194,124.90951665301783,58.708189009162865
3721.687855608727,2086.945531623052,124.90658634907902,58.71065383668016
3722.413165158321,2086.4120110342706,124.89866215231083,58.71696026540187
3723.350433732892,2084.3992942053624,124.8947204583396,58.720313501770356
3720.911285261362,2085.2981797116477,124.88686513394278,58.72588125529853
3718.3665445448346,2088.161532138351,124.87957580360003,58.73204030493752
3716.6333656055026,2086.454276946621,124.86791516000193,58.74427393401786
3711.2974323524286,2089.51350920771,124.8591242793697,58.75109360678672
3702.558872013596,2093.7848610018746,124.86297454077523,58.750077983849756
3697.4218762658847,2093.3904076251065,124.86416559064088,58.74859359024941
3695.573152091349,2094.8870790896817,124.8671001419524,58.74651452752407
3693.0062655093975,2092.6349913130193,124.88458702808445,58.73873720380406
3695.8271759630297,2090.7920289613407,124.89263317862077,58.70920041462243
3672.213862984731,2080.845792886194,124.6410296125131,58.715356265477496
3667.3093278070883,2079.789461406663,124.64508726485657,58.71349939002114
3674.020846555196,2079.572702028595,124.64222818203228,58.717851024508654
3687.8034122354848,2089.5707901100577,124.72433841386199,58.514840068491885
3690.1327803048794,2089.77662928933,125.0123123847838,58.596333372039794
3684.856448868597,2088.7258987273535,125.01238584084388,58.59601503508549
3686.3372632132327,2088.7408762099135,125.01162646385927,58.59608367459739
3685.189627991395,2086.9463832974784,125.01186845943003,58.59599131152505
3687.808398061134,2086.104044992271,125.01035126917071,58.59748449031402
3688.8969039214758,2083.162126120966,125.00980577506499,58.598023835860054
3691.565407021298,2080.075545014552,125.00801275977638,58.599760706128286
3693.025005109638,2075.59325297412,125.00671118491819,58.60071792542065
3691.572032672651,2074.353686591047,125.00466608010255,58.60209395290385
3692.9721991197216,2074.757817819411,125.00105202179246,58.604553728040926
3696.4595971104386,2076.092758782081,124.9987229860066,58.60623137492015
3698.5959512745185,2074.047492038875,124.99493603312125,58.60995713351772
3698.4871592979603,2071.1937161902556,124.98835423370714,58.614048614234484
3701.4986298489607,2072.0399599071816,124.98649314879654,58.61522310855946
3699.129516923022,2069.386830393009,124.98226542553984,58.61723666495097
3691.059218618163,2067.3278511512044,124.98018091343143,58.61765383538886
3694.7953320777315,2066.8585607873547,124.97936379196314,58.61857351133756
3699.458762279499,2072.636126906067,124.97876681616233,58.61931705211115
3699.907622317644,2071.6261297024325,124.97728923922377,58.620576765852626
3705.643340544957,2071.8411482328306,124.97599896379707,58.62212811638767
3709.200855915624,2074.9020258488717,124.97238933070948,58.62500667336806
3712.269853008626,2075.893203263962,124.96709892583281,58.62946658050818
3716.934982398754,2079.174910628716,124.96561555146066,58.63107193538089
3719.878810307893,2078.2403174305537,124.96103783147936,58.63495898764225
3721.941502718853,2081.7013634687673,124.9550539876482,58.640540727896024
3723.1516250846375,2081.6621100664615,124.94739546823696,58.646142811605266
3720.8128173933096,2080.2331826004606,124.93910062597865,58.65291112709095
3722.0670429238553,2075.407169466411,124.9308159810553,58.659271272754594
3721.9028947953616,2079.386564857769,124.91711956178504,58.673110513994736
3718.7966550433553,2075.3374138394365,124.91100499154817,58.68033093139631
3721.988684017446,2075.984051491394,124.90693905157637,58.685371271745446
3723.03935020146,2071.3774129970957,124.90209205990615,58.68969821761798
3726.6828508761773,2071.7355468363776,124.89635406191154,58.6949577578724
3723.7849104745883,2071.0878598607223,124.89210735883356,58.69889765957653
3725.350020698945,2071.8706249873676,124.89011485926264,58.70048700467522
3723.6472280676417,2071.3323917057737,124.88659744357032,58.70330785691712
3719.3506685751117,2069.1519911424884,124.88382447611528,58.705692426176014
3719.489439240013,2070.017117737847,124.88127635734423,58.70843224216482
3720.2582410060745,2065.739271769144,124.87725861204049,58.711874271123754
3716.68439293646,2062.8789367921913,124.87485881163313,58.71336793261003
3717.0785909941214,2061.9859270433826,124.87286367010749,58.71465759185556
3717.000198337061,2056.4910279514443,124.87151056006988,58.71546976041262
3715.9436682604282,2052.918226825627,124.8708448126856,58.71610302553611
3702.049708588211,2025.7534203075893,124.15485981446844,58.83568264486327
3719.1643690500746,2025.562450324909,122.99613749303649,59.61755532254066
3722.6418241419847,2024.7796166116532,122.8234877271547,59.64936528426185
3720.934274291804,2022.0341382697077,122.80502181090809,59.65017199332979
3722.6446988236316,2016.8418766341872,122.79797417890886,59.6569563117339
3725.6630814900914,2017.4503261616294,122.79634030045656,59.658109048040785
3726.764244993072,2019.298844578573,122.7959309428104,59.658588417080466
3722.570077384965,2020.5643162273284,122.79554660030936,59.658902033708415
3719.3208096328935,2020.7527639094328,122.79507964778732,59.659413117625036
3719.7382721737977,2025.37995912843,122.79438904206872,59.66005617267297
3717.0657520333984,2026.6285922071015,122.79399322667511,59.6603683978221
3715.0601976519188,2025.5423177608902,122.79386341465344,59.66049130490837
3716.6855855070485,2031.8181744105368,122.79289911529769,59.661572462097055
3717.812310140628,2033.650163297734,122.79255215068918,59.66190800404767
3718.452032523573,2033.4998968358857,122.79244574463213,59.66203402471604
3718.7301697499734,2037.4389570378848,122.79233072853448,59.662177094228475
3717.018071094718,2041.0832652436743,122.79228005892735,59.662240759248334
3716.9265346149573,2040.1221415778455,122.79219512741398,59.66231006089226
3718.8352270657138,2044.5414282359222,122.79202399962854,59.66248090825204
3719.260846556316,2045.7048154436513,122.79188969514644,59.662615319621786
3719.5023442039637,2050.744321577564,122.79177013441982,59.66280284275151
3720.8187171135996,2051.2811719941974,122.79156430271156,59.663013557144915
3720.6659054653574,2053.480576848569,122.79104053045718,59.66358500913758
3722.660497933565,2056.026935379098,122.79093077791092,59.66370480492179
3723.5372350893135,2061.2316105599884,122.79078633949804,59.66384312111926
3725.9447589160436,2065.5729878348934,122.7906867680085,59.66393845534246
3725.427659469287,2070.2934364500793,122.79052596799444,59.66411178161116
3727.7969032311275,2070.828991246671,122.79036451700661,59.664270866138985
3728.9880121098095,2074.0236967620754,122.79011192001276,59.66444914502332
3728.9558068835,2077.5126863101113,122.78986951246682,59.66468669705332
3727.386989585004,2077.736334971369,122.78965573223147,59.66489282206995
3727.986095209141,2081.381752438893,122.78929959889454,59.66521227163578
3727.3667076367215,2080.662575314761,122.78901708363007,59.6654562875462
3725.6727135899423,2082.9240165455085,122.78872216289083,59.66572188589597
3725.714542566078,2083.1025413744783,122.78741114171919,59.66685367474723
3722.6926015904064,2085.012266433825,122.78706930766165,59.667255192940786
3721.191076056665,2087.1904378071117,122.78700352906003,59.66730435310516
3722.7179066653634,2088.731532266543,122.7867120721771,59.66755795629166
3723.7986181309006,2091.67102778192,122.78633230821612,59.66781792880271
3718.5164806294365,2097.746638869705,122.78631249608169,59.667781742613485
3714.018548321255,2097.103209466637,122.78632082734924,59.667761486096154
3713.790993502044,2097.5496472797486,122.78632790286714,59.667718198683794
3710.813017438265,2095.5219384790444,122.7863831760243,59.66764721366575
3713.5521458944168,2095.7313765473627,122.78638535032975,59.66761699878402
3713.3093824738507,2096.3152430576474,122.78639743144376,59.66759261354511
3721.4585849902232,2096.563074779701,122.7863207983576,59.66758005692723
3715.8060533316266,2097.8405821604224,122.7863218215446,59.667535321500445
3710.9589516322353,2098.153554366741,122.7863428243917,59.667465070583994
3714.4847462801777,2097.6251764323397,122.78637925711436,59.66744668077257
3719.535733461373,2094.162038846055,122.78625158966985,59.66755007370948
3725.4800638997935,2092.048202318235,122.78594596795571,59.6677737122355
3728.002454466882,2090.377051417325,122.78573575663,59.66791671965145
3725.8361883823554,2090.3147649201496,122.78554955333894,59.66806205270293
3726.414467719352,2090.472276518409,122.78539620904908,59.668177911436054
3730.3806277835033,2090.9998222722065,122.78494654125701,59.668445290559944
3729.0357347968456,2092.0295898155427,122.78484356040963,59.668514610244316
3727.54410447249,2090.203669236719,122.78470267217979,59.66862379996537
3725.5194820520073,2090.8766359502265,122.78455195192664,59.66873229075217
3724.5677632726047,2089.878400991886,122.78440073891174,59.668871826993005
3723.459641553628,2091.539471926909,122.78411933746385,59.669084512077376
3722.7871969836783,2091.2608823406513,122.7839300090411,59.66926692183993
3721.6690135021886,2092.6175783081153,122.7837850262957,59.66938216235761
3724.65919707459,2090.326955896412,122.78358193254901,59.66952366087387
3725.0799452082724,2092.401391016114,122.78337864251712,59.66965215880568
3724.0301083212944,2093.4287214164706,122.78331524911525,59.669695547392664
3722.619847463825,2092.052508935116,122.78311676828314,59.66984528160151
3720.8279311305037,2094.6442524327917,122.78303491656993,59.66991865764902
3723.643003392306,2091.481082131492,122.78287048024494,59.67003397948701
3725.166885074785,2094.2193077099214,122.78277175762119,59.670096685237326
3725.5806253297555,2092.82909911094,122.78265378506455,59.67017130431226
3727.392578351989,2088.4341400576764,122.78235466084008,59.67043181806666
3726.508367077945,2088.867837656447,122.78213335287946,59.67061345806465
3725.1487139722713,2087.2192037859904,122.78187488794173,59.6708302460667
3726.1589769064267,2085.7011415401385,122.78169280014812,59.671026965248906
3725.7342686590796,2083.5681303989804,122.78147238249653,59.671271182836776
3727.7203548612833,2086.3103471717723,122.78100732214466,59.67162319404606
3727.493348978528,2084.214557264175,122.78084474788386,59.67177244054644
3725.5614041210447,2084.4231905169263,122.78048427974527,59.672107192605395
3727.413900341023,2086.192483599084,122.77965515270039,59.67284960342485
3727.7630357693406,2089.0743349245568,122.77940916502996,59.67302196010833
3727.2820440998516,2089.8018131534504,122.77851940277365,59.673618080293565
3725.9471279751206,2088.3215570868124,122.77838781556574,59.673708651375335
3724.764853873337,2089.82476574305,122.77791192931963,59.674116785981475
3725.836852442192,2094.1135118345924,122.77719529774411,59.674543609245454
3725.1059857587848,2092.1087757016003,122.7767827399907,59.67482436216809
3725.4568421378685,2091.640326758696,122.77641816736164,59.67509295262724
3727.033865016285,2092.066215642002,122.77629067682591,59.6751751131927
3725.6611943572384,2089.137587931057,122.77586463995314,59.67553079677041
3726.2309720495164,2091.368785728928,122.77566646460295,59.6756462636509
3729.192080778222,2087.4920026066784,122.77539410225413,59.67584413046438
3728.428917963941,2087.6451726442097,122.77513689371155,59.67601912321785
3729.367512667366,2087.323014541444,122.77491467855731,59.67618715780094
3727.329384052277,2086.4153478699154,122.77450030839373,59.67652735777642
3724.6499072090496,2084.1750887496733,122.77421441660158,59.676749463312575
3727.0774259164073,2081.9065848490977,122.77392858880023,59.67701743826105
3726.636458005186,2081.8815329653603,122.77349173391623,59.6774676942414
3727.8050400999114,2081.2348647401527,122.77303012968618,59.67782168558845
3729.205635664275,2079.876317161014,122.77238946177363,59.6784427876221
3730.417590010643,2086.101035943252,122.7715864857439,59.679001217713626
3730.160860346636,2086.5839327756385,122.77101070805223,59.679435322792294
3728.3259252550397,2085.88534251272,122.77073490278046,59.67965892800607
3724.9529154704937,2086.551926127248,122.7705644007662,59.67983627769263
3724.412627278519,2088.569111340521,122.77039246509031,59.67997026475094
3725.21821071957,2089.4519980034174,122.77027714243647,59.68005070158483
3726.3485259675776,2089.2388590895744,122.76977848235843,59.68037666097544
3725.0097586229826,2088.530745931302,122.76958928696565,59.68053478122301
3725.1746599871512,2087.9268892383047,122.76934144425466,59.68073674219987
3727.089176833002,2089.243129851749,122.76897086328603,59.681004834387714
3726.231966288673,2088.60235781726,122.76861925068047,59.68128698243691
3724.586095940388,2090.5491743958505,122.76821850971999,59.68162717578113
3725.8295330296173,2090.2087822952367,122.76792231893278,59.681841430242876
3727.4590140893993,2091.918344972957,122.76779718400326,59.681925555086906
3729.8086699933633,2090.750032840352,122.76769268198348,59.68199243199206
3727.9582136288673,2089.5175268346206,122.76751149885074,59.68212087755202
3726.7147811036793,2090.986732840557,122.76718820999328,59.682336585558375
3724.749072303185,2092.12373228974,122.76712611852278,59.68238291614993
3723.766388183877,2091.7541843750278,122.76700091651063,59.682484445209354
3721.4324792716257,2094.3979140399556,122.76689910524043,59.682543139798724
3722.4788433215062,2091.90228261788,122.76666430114898,59.6827013811362
3725.539575012783,2091.930233188114,122.76651115266466,59.68279661023785
3727.448389086176,2090.269949685592,122.76614899327546,59.68305612207204
3729.4699864239146,2092.536561221087,122.76580767320624,59.68323120248012
3731.226408343944,2090.6647974229045,122.76540189200004,59.68347505021823
3729.8583476460017,2090.0355341327163,122.76472190200576,59.68396418266582
3727.162056130276,2089.614704121243,122.76377122679153,59.684649457477185
3722.4377493938705,2090.321379864052,122.76340246083296,59.68499294962013
3725.5494205983186,2091.4219514990405,122.76318264867813,59.68516579788298
3725.333126222786,2089.628928848338,122.76294359922998,59.685325336119526
3724.882560902325,2088.213717790071,122.76207935613856,59.686036969102844
3725.4894721343667,2092.3232693812447,122.76188220390704,59.686134874707406
3728.3338329503263,2088.173971975893,122.7603654097869,59.68701068364067
3728.601287295549,2087.026040629758,122.75984228128397,59.68742674161822
3729.923502332689,2087.42270174733,122.7593233302792,59.68779840658194
3725.4887047430993,2088.8898031504086,122.75888905999665,59.688095341025196
3722.936113302618,2086.5199231194993,122.75844964939351,59.688628584759215
3723.8541654611145,2090.802887489912,122.75707071234494,59.68949042468336
3721.5986283548887,2090.096376880211,122.75687297121425,59.689661860187314
3720.5633900182584,2088.4581351738534,122.75628398018318,59.69016575401328
3722.212788974917,2090.5296077877883,122.75592318539528,59.69043475191193
3724.1513373813996,2091.816964402018,122.75539373616995,59.690872966933654
3721.6513354098047,2094.383276713117,122.75510537818182,59.69106656678229
