1237.5,882.5,94,197
1235.149902381129,866.0007491840845,94.29019753609691,200.64731106481432
1232.1471468918996,856.4527498702622,94.31713471542261,202.3713519135284
1230.7852502966725,841.5792285786246,93.61031844123157,203.82546007907908
1228.3200254670317,832.1030280894639,93.53124470878967,203.65862506496856
1226.9535108534678,817.9277214428282,93.51310449278648,203.15997039864524
1223.7868868568696,806.2727374905493,93.19277897295194,201.75466349241228
1223.9563263664047,796.801953527565,92.97287267259739,199.69935756278974
1221.1823151777692,785.7224170287129,92.35832552701106,197.69921844806728
1219.8848931495909,773.8287162058203,91.55400609879425,194.95395102646967
1216.3602489768216,763.7730366735751,91.179388594876,192.5844560565362
1213.9225070494642,753.3516413432724,90.3284615838069,190.08059373252274
1212.4289023556319,744.5719478122999,89.49636531313135,188.44685220865222
1211.0790525139523,735.6155492423701,89.14228277183531,187.11867301489357
1209.2246389863724,726.3912578842888,88.749206865264,184.49410509629044
1204.8350555685352,717.3994882827959,87.90548418220095,182.67006335140033
1203.8829975437852,711.3420072255602,86.38878333335455,180.11229025163837
1203.744863323042,702.937731006777,84.9842826889573,177.22951845519611
1201.1563102463626,694.5048150083236,84.02410027191169,174.4039022404329
1201.9935486655957,687.9726237506154,83.42324637541664,173.1403543054097
1197.2926269455104,681.779476003946,82.93992078635112,170.9260390657165
1196.976645782794,676.7112280205216,82.51046267111015,168.5523192732879
1195.5259872649144,671.202995934385,81.54051334181793,165.7968479826096
1194.3039747514185,666.1937124599355,80.81984906636545,162.9867301246847
1192.770418649967,661.5232017736081,80.09481244076184,160.04958377273013
1191.3243952496275,657.1784181744722,79.11379090876864,156.4542522130672
1189.022052542512,655.7194665311581,78.4434590614947,153.0718782665718
1185.948414864249,649.3946252007922,77.49635022460066,149.45486590472052
1184.9819155114537,644.2065888490716,76.49695251829506,146.0400889224927
1182.9720694180105,640.8463325902804,75.77726959074083,143.81885472834412
1181.73592003442,636.9551578058598,75.00635661170591,141.38205184662385
1179.9910975550051,633.97943882551,74.39032778055756,138.93118325062193
1178.157643901727,631.6170753222802,73.75276597853232,136.6170451676649
1175.0601550363167,628.602254905195,73.38941317346439,134.9177388392073
1174.3506259074727,623.6694372574857,72.74413942279037,133.13779384287767
1171.3584164913964,623.2250534127845,72.1272661216118,131.5630574562761
1170.1763510077233,621.1043449253299,71.39542002101038,129.54056223025754
1168.4716142617972,620.9272663959712,70.70564176573123,127.49078361812224
1165.3731775170722,618.8649013030642,70.35748370763474,125.82986974952328
1163.6941230344842,618.4511478481037,69.45379381416862,123.80433143430098
1162.4715305673851,617.466516036686,68.7983472729177,121.58967610419461
1160.260287224602,616.9303093419694,67.60959929356726,119.5300306347562
1158.7926620160026,616.6193991246986,66.69235475570288,117.3364962452318
1156.4893266438344,617.4831095786818,65.89901682160337,115.11873683295082
1155.7029090714918,617.0805123508791,65.15320744266764,112.97146313174176
1154.0318595549534,618.1995357218148,64.32233379660632,110.6226071084021
1151.3691955696804,618.1368479512757,63.47417601123203,108.53905048814887
1149.5747687675737,619.2169026674583,62.69505390362306,106.85326838160479
1148.2907139883016,619.4394302641043,61.98978032160311,105.27400570120625
1146.7828386106592,620.2961699659003,61.1921067280568,104.15405415110327
1144.911624393881,620.7514051815781,60.466949121116144,102.8726747739488
1142.8331151799684,622.5341837028756,59.58912982616309,101.36323598124696
1141.3445158619409,624.8661665103189,58.49246495590107,100.09833872192084
1139.7572127680703,626.6630763151807,57.30384568358969,98.48436439761284
1139.5420107212587,628.6264377961683,56.19749874533708,96.76390783883592
1137.7250161868162,632.0428823431839,54.892270723615674,94.8741101373217
1137.3613873130328,635.5077501534242,53.395532785605,93.01247544610125
1135.6444579256297,635.597738552591,52.2093363617418,91.59367368419808
1134.311427611574,639.0548967415292,51.069051527054256,90.01487042125078
1132.856151599014,642.163379876609,49.990819238972236,88.66077627480945
1131.672903457725,645.2152688201683,48.946801166844736,87.12175192010075
1129.6276360762474,648.1050188749095,47.907390651631744,85.72082999665335
1129.1592229553135,652.0781411402278,47.03132731754179,84.43694184266468
1126.1811759966756,656.4584917681502,48.17196436759935,81.90585246044662
1123.466400853973,660.3300068344308,48.983199909962444,80.0182195523116
1121.138990653385,663.8422812860991,49.425910268566554,78.48599738542518
1119.8792375692888,667.2558953645039,49.69060109671664,76.62810573832024
1118.5371497344765,669.2658121807335,49.94068591360398,75.26061943213962
1115.4646541940695,670.3753471964529,50.16246923456093,73.87616749228422
1115.283190799617,671.6438443359357,49.97461656160503,72.97869755394825
1116.0482933504122,670.59577324435,49.57230788812292,71.6289807817363
1114.1587966146867,668.6407186069318,49.40572707597383,70.68064059749656
1113.4504079091175,666.1969219491707,48.98996218688805,69.68812794072898
1111.754767212429,662.3547450715615,48.250854366703294,69.17907177620849
1109.881502099108,657.7314415393804,49.06850366339806,68.57314645379103
1107.9724000585777,650.8893574266883,49.76253863320711,67.94548034384796
1104.9353568065408,644.4322269238926,50.293456592511625,67.45546164057724
1103.7704245679079,638.1752981635385,50.23272587209997,67.07147484671015
1101.8406784889885,630.6598279589434,49.96845876022424,66.70367734849066
1099.942571001598,623.1301890042241,49.649059320789995,65.6227670407662
1100.1570818482264,618.0734319717071,49.155790555790404,65.35284967116884
1099.510545317101,610.3115276890411,48.94518875327181,65.04950979900076
1097.2481928837014,604.0393439682593,48.748530075607164,64.53696481838423
1095.1327168215464,597.5463102538032,48.5095143578153,64.04554659055822
1094.2416261530707,591.7332546906557,48.56961212619366,63.364315187556365
1092.9515665901204,585.5395951000374,48.4038547014199,62.68190742482297
1092.0496740508813,579.1223013688959,48.5722030065976,62.026805060140674
1090.133549897153,574.8031173037081,48.59910840138041,61.21156563131245
1089.1334501919564,567.3426544784741,48.018939292944275,60.66478460148248
1087.3372141959267,562.8407231479451,48.39907140692142,59.90679118343892
1086.343653111283,558.3384350478792,48.35406881844218,59.28932282027722
1085.1177856634874,551.5344199046253,47.90915244602791,58.78448861246119
1084.4055515247435,546.8024853035485,47.77865105512711,57.92613510495925
1082.622544390429,541.446913377592,47.40353587772645,57.18543950985068
1081.9166870455122,535.7746754291993,47.139782957201,56.50902230971212
1080.3986674387857,529.8271210224705,46.45713153688052,56.47981853161707
1079.7735050630795,523.1994572091543,45.784592089607735,56.12140428355464
1077.5573135634106,519.3748956825796,45.87918412291154,55.72163913022213
1077.3092442101686,513.9858848190069,45.495052407890775,55.29908216779252
1075.443662845703,509.1787440929885,45.04864479380437,54.866927310014766
1075.9826537654246,504.0164316296987,45.05850136569232,53.89729221156995
1074.6795770859,499.7750774860633,44.589371674204514,53.74691906268344
1075.0098560389142,493.34741229606124,43.97368364929921,53.07586699639858
1072.6223099176652,489.55247804061923,44.14091866447167,52.411916995319665
1072.6023071506272,485.7635064699805,43.846175900618285,51.97206934222454
1071.140000188021,480.75058289358617,44.002204382333645,51.124929701495155
1070.7098491975585,476.9147780913922,43.76248929248848,50.75198554916927
1068.630812366352,473.2613721205615,43.6384479722963,50.01793540739559
1069.3279971598263,469.4135887322897,43.191821920389884,49.33769823649038
1068.4517435659277,465.8569195693865,42.91947492499011,48.67981063303657
1067.2488091162895,462.20586846107597,42.50997660243396,47.977710960619504
1064.5587220652014,458.5250252221907,42.08063761256946,47.46223069034321
1064.1081386331718,456.13557976725025,41.58197735394021,46.83330423648511
1063.038675557152,454.2549291414396,41.10087381809858,46.51649765424404
1061.6761682130104,455.7186125904828,40.66184770247227,45.93768727471244
1060.9698222046618,457.9008459869676,40.19044107014449,45.47625349985494
1061.0898926321786,460.2542493100108,39.66403764329942,45.38526535428747
1062.263230711732,465.91138467484484,39.366591344498495,44.92842794371107
1059.988421382698,467.46498762183046,39.04280120816284,44.425888044384045
1059.713919158822,472.2298917273014,38.18504925485343,44.59176331275127
1058.974242200962,477.1663705795244,37.60748359583562,44.364900884184095
1058.5928281253312,482.9897475552182,37.21649135162747,43.959024084285836
1058.5199528091262,488.4733074583655,37.09987929525799,43.69561769504432
1056.6564076910893,494.1953495612697,36.86423006371054,43.06935117722421
1056.806162405161,499.7774600830961,36.45678852245582,42.56556008810024
1055.8444861953196,505.6419653318016,35.75059978346262,42.648778747183385
1056.391556776871,511.71820305554513,35.22629565410867,42.51557610395659
1054.375104789321,517.2189010775952,34.78174162902542,42.006448622173465
1052.981568352032,519.7740961815379,34.41835664456439,41.4589675405698
1052.9792901092774,521.8420088358191,33.87694346502299,40.581501425809094
1053.4884748204622,525.9485285155943,33.854140589570456,39.814496497716306
1051.9561700483998,526.7216928134544,33.67453464526115,39.24335204458568
1050.9743576918552,527.4225133541021,33.51393755659253,38.83977840189284
1050.2547551177956,527.11995678223,33.3638429067001,38.219853255613145
1049.7991867065894,524.771107014174,33.48227979606042,37.32303365338877
1048.3506049345383,523.5028988290782,33.08028715119803,36.99967734139065
1048.1368954728425,521.2436796035051,32.8047211455045,36.86252573516364
1047.2698922058116,517.4055304921977,32.58342889817154,36.5925773337855
1047.065078339768,514.0942418186096,32.29682228482257,36.706172976249974
1046.0436285131748,512.1299658651525,32.20018627249714,36.178987292374316
1045.4225703397697,508.6444526721063,32.10289541372558,35.78385900775142
1045.8616641044182,506.01029649305474,32.139457804796535,35.47563137256838
1044.3268227946667,502.9269913353286,31.922112111616585,35.31864854837225
1043.2573405341416,500.30332582305454,31.828535786796,35.023549172071924
1042.8048597198067,497.76231388992034,31.578702245635156,34.8602922956951
1041.9330860960633,494.0644358910801,30.92984946680042,34.89893350150546
1041.5324256697393,491.69591945661705,30.635300420652385,34.791409561959824
1041.3821131580623,487.9156218100851,30.398318847059798,34.56275638853206
1040.1606167128316,487.1309137477657,30.395980640871837,34.495968866511014
1039.774297701389,483.8857232865591,30.45835082194131,34.28337213160618
1037.9812849014336,479.73868910758756,30.5047505387495,33.87827228428798
1038.3896938080868,477.9535753241599,30.239373024000706,33.70587461463211
1037.0393325540267,477.0968575111198,29.85185657757659,33.76873066898827
1037.0386702725664,474.0087256927128,29.544796006754027,33.67718253059476
1035.7552573353057,470.86825783242966,29.231569791584043,33.291220477418356
1035.3156542580532,467.3012154749729,29.08066677899017,32.89846164451096
1035.1048320437326,465.3692072809839,29.36046541509952,32.52914396800516
1033.958873742919,463.6552956312551,29.387442708560013,32.238301906058375
1032.1027243213794,460.4116381996145,29.10367450452053,32.27446539833734
1031.3610661839612,457.50288474065934,29.076451724486073,32.0655369410341
1031.3034367311498,455.8137939509096,28.627906540085903,32.15733441485128
1029.341398497413,453.55193116219624,28.297190317282357,32.089846765959564
1029.5186178889896,450.8227692908214,27.7805096729049,31.94961112913161
1029.1035338554186,449.0671878767262,27.56389679617653,31.752057564804925
1028.5409891647748,446.85005795518606,27.286337490101413,31.743488752642325
1027.9604237876326,444.0814354570411,27.267890178513497,31.70832411911049
1026.550867928816,442.0648948329661,27.43571863198681,31.63188779295008
1026.7896596199655,439.4769231566031,27.332590314222735,31.326677657516957
1025.4899735300824,437.8524755131446,27.254536394211563,31.226556039602972
1024.300155458602,435.167722762371,27.190717079485108,30.721633745740007
1023.8189002468856,433.3581739492018,26.936915690517022,30.672326554497353
1023.5191500736545,432.1603257127199,26.626322729484265,30.708913625758264
1022.7525908864995,429.99815053062235,26.554313292362245,30.71962244179658
1022.2775598190033,428.19925644433954,26.397581904519914,30.61489906536621
1022.2823646577639,424.90495917168863,26.260945967099552,30.357591644573116
1020.9616520687352,423.55267797411756,25.92178366270455,30.242166742657055
1020.2331805260035,421.3298607379455,25.833603647887184,29.97180685693837
1019.4265486921223,419.9220327062299,25.69806513059103,29.800713748158906
1019.6868016876308,418.03503851804,25.635759475076526,29.778682093563457
1018.2871165989267,416.58358896020775,25.426932106479732,29.7234024506067
1017.7840351493714,414.58975234540276,25.34734347208172,29.392314331492322
1017.1614080421355,411.8144572013972,25.240331732536166,29.041046289730463
1016.9941423934612,410.8471220328519,25.071649087833766,28.966587817845888
1016.5391516403873,408.3299080874336,24.74028292342628,28.9926004865146
1015.7180307933623,406.2212777631069,24.55968869523516,28.66604266135197
1015.9313073123997,404.6342108464029,24.631483148186323,28.137997062844747
1014.6550959058179,402.6055393853786,24.54988062603792,28.094512290954068
1014.0385892784832,401.4140320043066,24.302161916596134,28.04517570231377
1012.6416605604596,399.48342414509995,24.275356854169047,27.846612253551786
1013.3233209280413,397.3846106609421,24.18694871475453,27.61219042426012
1012.336993071371,396.7149171020975,23.81457102088395,27.707249400736828
1010.905026732575,394.85780538820427,23.829542106755348,27.452208559648188
1010.5866782165803,393.1754066260717,23.721194907330087,27.354171010442208
1010.3920685675469,391.0811602105062,23.619276641214533,27.08895185503155
1009.7503577925033,388.2934778359567,23.49481454719752,26.78674549817344
1009.1810644068772,387.542063047307,23.42256490792733,26.51722178396129
1008.7710881169934,386.48859996592563,23.119029180695797,26.61924582231914
1007.9665249247641,385.075082575489,23.23603267658938,26.20646012284581
1007.2304396026699,382.7658041182376,23.171795611656137,25.754232468561906
1006.8687669142256,380.87406963062006,23.013270957187935,25.564344958430212
1006.4475929753582,380.6009031581868,22.85863089604155,25.351505344512276
1006.1841847424319,378.9814293491265,22.625559368558633,25.323063903566073
1005.7780618685683,377.1336301214291,22.311409056295705,25.222286130628326
1005.2319247248971,374.6515223910976,21.972437420595874,25.036641686048384
1004.9999202124735,374.27909253038035,21.757256405808487,24.973482186653897
1004.7453504494063,372.40970573937744,21.550122206910114,24.812040142896727
1003.345775437522,371.85578632471527,21.452829578929993,24.757671011138626
1002.576087059895,368.98531040073436,21.148729204247715,24.574921095947374
1002.8828033620662,368.58635888417666,20.921089689772046,24.439694043594546
1002.4668155898388,368.01940662288223,21.046042567295686,24.226931753286586
1002.236326546623,365.08727781581587,20.988240958693183,24.05364034855954
1001.7655481799949,364.2306636796176,20.93362287963257,24.111282378280276
1000.5334442662131,363.0961957861602,20.89385483897103,24.006029026782596
1000.1484885575466,361.3033751969207,20.923771193952977,23.902529885437374
999.5790352711404,360.41840876890427,20.719400670016878,23.84688667449937
999.1348516821346,358.82627865844404,20.48362925435484,23.8358944769018
998.2495167380072,357.18406111900464,20.1963434007273,23.9139885275671
