1908.5,1346.5,60,27
1909.583350309667,1345.9995014703195,61.76701901567608,27.39293082834873
1910.4585354785754,1346.3521764273285,62.33825269130194,27.76220902903099
1911.6039849688962,1346.7286985237138,63.09973403407041,28.137834455820695
1912.9318937514292,1346.8145221603545,63.48139110126735,28.630494121187226
1914.4110803698532,1346.6908132384517,64.47062657375523,28.703149775604736
1914.5133288204975,1347.4927387464463,65.07299226516363,28.66366164318356
1915.2136957789626,1347.3032647810555,66.39968463874547,28.988055182312788
1915.9197013699227,1347.487217130755,67.68429559008023,29.357550597450164
1917.4792985041236,1348.1318224680813,69.31362551067392,29.956265190016993
1915.4851323568953,1346.8895199799865,70.64945288417091,30.706722140693856
1919.7916392210109,1347.367848956968,70.63773939550266,30.873109631219418
1918.3999490499675,1347.9679533403717,72.64607803818005,31.338258692552387
1920.4356117402506,1348.5507161089142,72.44082078238509,31.356049386241093
1921.2124395046653,1348.1585191648624,72.2455131463164,32.50928688939996
1924.7846449350484,1349.1260558225397,71.20927041070311,33.83924228917873
1927.843913403819,1349.658865302085,71.52225536570965,34.14348385998798
1927.7064547977877,1349.6276258779012,73.17872014800062,34.662470420957916
1936.4386795121138,1349.1678687736494,73.6198035562626,33.83445857984778
1952.9630451782505,1349.7869440945697,71.81868422350081,33.808818404582865
1967.811083986667,1348.9761452108075,72.06443056601839,32.64426881607373
1982.425797636748,1349.9677248022265,73.92941893052921,31.03221259215354
1989.9815116086015,1351.2958155388592,74.16397639942006,30.887675482291176
1978.9715725664657,1377.7035450615385,74.24821224125998,31.12814752824123
1968.4099453595825,1372.0714505010098,75.72906972814658,30.89561252057553
1987.176749765318,1372.0387604091497,75.32445109001559,30.957024519481912
2006.0436663894316,1367.8427452915769,74.47459763915154,31.08480399931771
2024.1770639739775,1373.7750012215188,73.81329029354598,31.663561869047882
2035.8466295022642,1373.2842788915,73.76758193594702,31.891651264421846
2046.317705833997,1373.800331831629,73.08336384279391,33.037318859810874
2049.546917469066,1373.1574770257664,72.64806765166568,33.16977598912169
2052.3001428434036,1372.52218758869,71.31120213095687,34.3454335127952
2052.8249807296083,1371.644280442758,69.76520259422307,34.95772089292415
2052.987108695983,1371.6956215881426,68.41471501493659,35.35380299786853
2053.9208348998986,1371.107225607322,67.8237978797033,35.7561652805927
2055.2399476337846,1370.7921596989154,67.30740502110832,36.39663629138354
2055.914209325375,1371.1717155494089,67.23802175271177,36.36159800043065
2056.0772148443248,1371.1650335827467,66.63950581888611,36.78017743554015
2056.503618567755,1371.0030112559787,66.25399583663491,36.99617042394904
2057.5029141383748,1371.4805294303721,66.00357852828884,36.841545776364235
2059.0720847395137,1371.426685349589,65.69771203456784,36.915646921765514
2063.375652613615,1373.2578323300463,65.64430343632881,36.696480831410554
2070.3134743025853,1374.281773109318,66.46279000223625,35.367167299886724
2076.406693312381,1375.3107829507414,67.36599355368959,34.52668406647237
2084.7661646133743,1375.6121716949583,68.39673051713297,33.77770742616476
2099.27720868344,1376.4598030277411,67.76981258879236,33.37714514473904
2111.0835362062808,1377.8208413966172,67.40651667397128,32.75839997284412
2123.5611741967264,1378.6944429547445,66.77567306612633,32.310189967246274
2137.3187945472014,1379.7985413938297,66.29632103705211,31.937122588511194
2148.869574441012,1380.893160676666,66.5322017401535,32.2295367595027
2159.67131360939,1382.0238890673243,66.49936778205914,32.2582539856016
2167.936468654663,1382.4519293288981,67.08711684983908,32.44251483971237
2173.6934874940034,1382.3373339712327,67.14697939393561,32.801581110677525
2178.530712808604,1382.8286464330556,67.52431518746403,33.04418103959359
2183.379465009592,1383.5623142586987,68.01139540310336,33.33193872441272
2187.350184272225,1382.6956956195852,67.41783199609287,34.44298069919998
2190.629212789376,1383.1768120669801,67.46655739816094,34.92478583789533
2193.472884901904,1385.237111748207,67.57551310749298,35.14103091971617
2195.809068123508,1385.1561029991396,68.0775570074545,35.83346168784789
2197.2819175270715,1384.4681421290163,68.41479429651898,36.40292024612188
2200.5941304241255,1385.6817719885314,68.83946079519708,36.60284992490348
2201.3794711481746,1386.4013092769833,69.26578922048847,36.687217854789985
2203.8328286651645,1386.4578023559893,68.52956206721615,37.02628554170657
2206.8214586529375,1387.231849615922,68.2063324146986,37.515508536260924
2209.1173955075515,1388.029163451049,68.29948821215388,38.304281783060325
2208.302276725338,1388.05032559529,69.42358321991392,38.56471851285478
2206.4177918549353,1388.0233016063933,69.14600745519513,38.88704756302619
2208.9321579025986,1388.761681864898,69.48908531928022,39.125897192538844
2207.103219847992,1390.1363107227705,69.56847164806706,38.95857702829251
2208.6645347489134,1389.5546056720066,69.5797668073142,39.539571429861724
2211.0256534920927,1391.0012294850555,68.94089666867335,39.55792034039974
2210.248883561646,1392.377135311628,68.29918029635179,39.176516268584194
2206.5327016613423,1393.3954110748768,68.42125376034996,38.54200784625837
2207.518834702879,1394.2049463657272,68.76359052914404,38.549473276253714
2208.618252646892,1396.7892146769652,68.47483900791681,38.40007212893603
2207.6064476302386,1397.6904102688743,69.24319155392648,38.16859783621619
2208.1613673203965,1399.7801803986918,69.22126008395739,38.04023460142265
2209.886372882986,1400.0461344960243,69.84994425601971,37.83289071468579
2209.342212787992,1401.1795800453729,70.71005432461419,37.9602545388554
2209.169069395085,1402.055220987857,70.85312221821187,38.25202198936655
2209.8193659029207,1402.5759378164505,71.13177095516508,38.58276021099428
2210.037808769094,1403.3355150363534,70.9819025384441,38.825069174890565
2208.5537036213004,1403.5549200098276,71.17708088403448,38.861878901671126
2209.5174451588537,1404.4870442354568,70.21262546500697,38.71637568204082
2211.208599441616,1405.5171848936832,70.34600460356766,38.72212129162884
2212.382140254901,1405.7316020347275,70.90277830079002,38.66633084470303
2213.280995805041,1407.6010709194516,71.55306763157014,38.43797385337696
2212.501221549486,1409.01641494152,72.58119227593122,38.37094290228812
2211.9046220995756,1410.043911088652,72.90660375500244,38.392965769538456
2212.806789434694,1410.5989013638116,72.4663119629168,38.62821746752587
2213.965262340799,1412.1037254137138,72.1896255119733,38.65651988346836
2213.316294252166,1412.6874139729127,71.9938372238705,38.43257199671415
2213.2098944002814,1414.2604500069647,71.61061390451079,37.9619163981843
2213.663886146452,1416.0482848639576,71.6510787721351,38.11856293976764
2213.46644406339,1416.2763112992563,71.6697990681635,38.47645071343443
2214.177545068607,1417.5806877374216,71.54480369797326,38.48132312511369
2210.548983279395,1423.8239045898085,71.21034736230418,39.29359070665569
2208.223740112583,1422.8609898765299,70.079923203984,39.67239600239192
2208.3480697688656,1423.4473202260433,70.04183431621483,39.78228265806325
2209.645653945109,1424.033188704875,70.09825321157552,39.9832771476195
2209.349124560313,1424.638489054097,70.31393295117867,39.85191689049829
2207.5408269962113,1424.7674624243762,70.55472770821251,39.56543957460477
2208.975647723134,1425.4410907263066,70.26642847467303,39.71789925263472
2209.998250522619,1425.5312699040117,69.38646030246139,39.506243332717865
2208.7409456603314,1426.207343965921,69.80157962290745,39.24382582928377
2210.9787791595563,1426.7986436531871,68.97386112795215,39.45059606172312
2212.465885882721,1427.4480499561212,69.2123094247861,39.403273095137116
2211.7588115716667,1429.3236579403333,68.63810539053064,38.97774477357891
2213.1517114137155,1429.920938595752,68.96581440775796,38.81227982771616
2209.538736395678,1431.557584978193,68.55127391191111,38.3039232715592
2209.9745625072433,1432.653122445072,68.41606884425656,38.04379278055013
2210.743189492213,1434.2675252392776,67.93024843754944,37.234089145645775
2211.2558539445504,1435.9194831046398,67.91688504610418,37.23436095116106
2204.7482141321557,1442.6007701535882,68.41993189043635,36.918496867607246
2221.8331712511776,1468.0623178062954,64.94552088725604,38.99442118499585
2200.3427965899195,1462.4717538791008,62.131363593561154,39.73231459572042
2175.4891203412835,1462.4545363784837,61.00131374708324,39.75536285041385
2145.089184305029,1462.5997205353513,59.631267759289344,39.50733978856678
2118.5464627821457,1463.9109882159846,57.39459776794687,39.83629769054445
2101.6005475634756,1467.2961421308003,55.39441465548222,41.08856047095956
2090.375041269433,1471.2038567167453,53.52222320304032,42.12735264306384
2119.679798627914,1451.9782206928094,54.54562779760146,41.83854290382622
2123.470877212952,1452.506267471686,54.39607255623626,40.92597344148909
2126.2966013809914,1453.5736526690657,53.56468256595274,40.289360547950366
2124.916667898202,1457.6788459465533,53.14615497548604,39.82180140844129
2115.111016415529,1458.113122638677,53.87771627213067,39.88424044868228
2112.275233853977,1457.0705826328094,53.99740866497909,39.872366114713955
2120.3271873667877,1458.0108092159726,54.71149671076888,39.459068047302914
2097.7517494846934,1450.5223746120348,53.54793079404966,40.15411600426318
2116.652792757509,1461.5054623929618,55.584673288945666,40.36476501211124
2118.205288715992,1461.0486931931268,57.02771127157651,38.63096144515223
2121.1115356476057,1465.4149165341573,57.08024197499985,38.79554082510257
2098.5515512737406,1454.2785708486397,55.58185211066965,39.69242157296919
2095.200948141757,1458.045760357033,54.95995446991178,40.34975112094084
2110.623873252295,1464.8046554228588,53.91598794634568,40.60466988211141
2120.0077280040687,1469.6457253470019,55.05063745158829,40.435136654613906
2126.167623079089,1470.2879741831332,54.21621507651038,40.44943492084321
2118.507993824952,1473.8300861767048,54.082231282844226,40.43386928559812
2115.853467838424,1474.0349890862747,54.5659048379315,40.10493175533315
2120.234581130749,1475.4733900995798,54.22668621836873,39.66478787272001
2121.448999498044,1478.206177142385,53.67306167631448,39.73833207705703
2111.0466046208985,1476.9390882226219,55.96462968988288,38.55307470158667
2113.2921262754558,1481.8663363297712,56.90818816452029,38.87517226780579
2117.751428101898,1479.419295864571,57.08245140921894,38.490076486170146
2116.3731447144346,1484.1839099118026,57.13208897729778,39.01370865171635
2122.085641021945,1485.6234938410632,56.05334880368373,39.351295229688375
2124.708355299339,1486.7364736250254,55.16334894457435,39.60467025458336
2117.519214120287,1485.6416573333963,55.57228620990508,38.78717650651203
2118.0219064519215,1488.7151851559834,55.1357548057225,39.482250568674246
2100.8792430580475,1484.5588650459244,53.316749623255646,39.84098520636398
2094.5143118410883,1477.1092806689676,50.98504475065488,41.09108035950904
2102.2041598256887,1483.1178829212133,50.1083347357389,40.85010571341579
2098.585051464614,1477.2867357293162,48.870347539431194,41.338610119182725
2092.6124608344876,1468.5541780359442,47.63700001397862,42.49515464411034
2095.0109248075273,1467.174553050208,46.315645607632845,43.57214338702126
2096.6124142355793,1463.4831833756944,45.11096277394418,45.32145082458006
2098.6949968043646,1463.2105493988345,44.726667358740514,45.63691451578105
2095.848570455649,1454.5622729373365,43.65946451417861,47.32797007854725
2098.8691553323947,1451.0474447334848,43.222247168524305,47.71048264546111
2095.6166951766836,1442.4373469086745,42.94053112740746,48.60586635965703
2097.25068645233,1436.915423929209,42.897860093831184,49.209818596053644
2095.3941711743764,1430.2709546160715,42.77533938783569,49.91352162662522
2093.275549688198,1424.4265430613718,42.88240486232838,50.060529931947556
2089.8259924346116,1418.1606184110774,42.6950325530951,50.48284496892579
2090.3886959667966,1411.027727473871,43.338576904740975,50.166731015091514
2084.5791006546856,1403.6833827593687,44.73785023159926,49.753580424869995
2084.251005187402,1395.6187185520446,44.92657421575074,50.54666902476011
2087.062983310417,1391.9716476432961,44.18026203176238,51.84961420987172
2085.365781408728,1386.8889326089054,44.91513638758526,51.66486174538883
2087.2453818104486,1381.2315632540979,45.108731804923536,51.51376869841215
2087.6504381997775,1380.7545407403718,45.59705185326109,50.840062256252274
2085.7104926949896,1380.0536073553103,45.16040691312991,50.83117053104437
2078.869404220066,1377.823137162361,46.74965974493578,49.556427952617895
2079.87022393447,1379.5263213804558,47.23621263599794,49.014333302973334
2084.966522816447,1382.1384676065709,47.07514239126842,48.966333747013984
2086.749288226813,1383.6490020584465,46.519601309001594,48.870396164215975
2082.3725677133516,1381.9778855003187,46.387693062242974,48.8832358936308
2084.4993698084522,1387.8639857217836,46.11927330311723,48.29977236628948
2086.1639944801514,1387.3502387732055,45.76561752661384,48.572674083193085
2079.366524049573,1386.505083216382,46.244344589247916,48.252091136705715
2082.320508371473,1391.204874139615,46.53197788560271,48.29012277748314
2082.64964020323,1390.7801689858907,46.19733030952531,48.27278195053611
2084.9525321975507,1394.7590394212775,45.71681573387824,48.79942084813399
2086.431286108792,1398.6510742524392,45.22074322938859,48.2854341364028
2081.2675932839393,1399.416024876682,44.88522127869133,47.77447178695722
2082.4999057503837,1401.4030818452322,44.93399475469205,47.41929128911179
2081.6008178543716,1401.6175581261423,45.38275810546257,46.944247450139315
2080.680736188153,1401.5929099656928,45.233266420047194,46.96195951564115
2082.276385982636,1407.2074537372212,45.80671731173334,46.83393188621929
2079.4184565385003,1409.7765338599422,46.824938165184264,46.20767921829205
2077.946215431435,1410.9019109739304,46.05864571920414,46.900186852117
2072.7999914717784,1411.2892548259724,46.34297787008449,46.95058395352135
2076.376254517024,1417.9997604598545,45.92434231304131,46.7081558308987
2072.1783116791867,1419.451248515924,45.67826212262668,46.654213551309915
2061.0246642778548,1418.6436836870753,46.66493162011506,46.23275310967274
2060.765445026791,1420.786196106722,46.314446279334845,46.567818754998264
2057.6177179212345,1427.1160741135227,46.84009744326771,45.961322590945414
2056.3265557875584,1427.0006206391897,47.32191945804145,45.37029877350542
2048.286356724482,1426.1595999481112,47.34266334835387,44.73398388010411
2045.941151152544,1431.0145534719757,47.19226276279931,44.04356802805377
2038.7207801101454,1428.5914266276775,47.77888363940576,43.56853551517327
2029.0319654424914,1427.7180789705749,46.972787617657865,43.609292966982295
2027.0859145858494,1424.9799459305036,46.9321083498779,43.31022898044384
2020.051140652258,1422.1832602678917,46.49596278139181,43.32161721622049
2013.253162195312,1416.8196350343935,46.673284326937015,41.80676029185973
2008.637117602072,1410.5248819295907,46.59193414421484,41.65813783935568
2002.539513707218,1404.054915214747,46.48023618746322,41.46278970623777
1995.2797190565414,1395.7317978144235,46.41437150169503,40.673363190967095
1993.1395510566178,1386.9801927145966,46.52994357408221,40.647122020381644
1987.3336726457128,1380.457323662981,46.49146045143443,39.96687078187685
1978.608665004151,1371.42841378351,46.25608526214581,39.57967367985708
1976.8610180070643,1366.6912264488199,45.889611010622176,39.02630977807013
1972.460355603519,1357.4099536018432,46.331796375268624,38.879331317360744
1970.2971936959598,1355.1706937335912,46.364059006457715,38.97779085794173
1970.7091595932409,1349.132846916898,46.16993039259015,39.209770730952286
1967.3554742598226,1346.210819166388,46.395098052682336,39.833116908088655
1964.6786124642908,1346.16298379724,46.09123316184276,39.52670988211235
1965.8909320759633,1346.5854914097272,45.51973238530579,39.447108895114084
1966.9975153971498,1346.9312914584993,45.56887434049762,39.188012706442294
1966.58332762071,1347.966025216269,45.634500042627245,39.19502367219606
1967.1878418194603,1352.6708644610937,46.23780701709755,39.01864920628901
1966.5659194170598,1353.2915953415295,46.00797120647365,39.099332549825704
1967.6028087943448,1355.7182706214094,45.98682096905438,39.120120822158235
1966.49244344234,1356.0351735211318,45.8002266436912,39.475145589119535
1966.7293427198551,1358.5290028677582,45.231747317428756,40.25776582653087
1966.3939343323925,1360.0587287948763,45.273517831043776,40.337748786747675
1966.8465796855712,1365.8082238584018,45.6065348391484,39.885833931303374
1967.988104661015,1366.8432580126453,45.640646925156425,39.69787383433388
1967.8799468968627,1369.9748815160824,45.666270088291625,40.21042896292697
1968.6423406773422,1371.5844755449364,45.04283225067164,40.225894616538014
1969.2547605993116,1372.707786131292,45.251351433641744,39.95060003341101
1969.1411258387247,1376.6188417062297,45.259458758894624,40.04529939607832
1968.6246701324937,1377.3400286063502,45.21825036506709,40.00207560976115
1967.1771084614297,1380.7502129939212,45.237092445751145,39.7200774439024
1968.662380103474,1383.496493521599,45.76689200757873,39.686591362607146
1968.5762967447295,1386.6332607259815,45.97979699848005,39.627816303664915
1968.554018899278,1389.0864558171734,45.68477006733199,39.015086285160535
1969.975298951881,1389.6713343114748,45.760224965330075,39.55457998511055
1970.4457083853295,1391.4330867161711,45.56901890666085,39.74585264535274
1970.8013826588278,1393.8434582103494,45.630051426940156,39.91413572663774
1970.5518785072954,1395.3969784139015,45.44627064270944,39.851348192000266
1971.4069158978086,1398.805674878159,45.62326103387856,39.72722737728543
1972.541801010659,1399.7079089478461,45.53582928435911,40.04400939049915
1971.9960472356677,1401.2695870632879,45.264232729345636,40.330386455056356
1971.876427418654,1404.1023351991867,45.145350729843244,40.36827553634703
1973.5491786010573,1405.6239446295774,45.22362427636778,40.45272148002432
1971.9385908931845,1407.7062797370022,45.32893899150615,40.041190522605746
1973.0968430614662,1409.51387184898,45.22737496446728,40.1433903986102
1972.6177004507456,1411.432728588137,44.8794522906296,40.23774598348277
1973.4285325603828,1413.3682980887631,44.716586837491505,40.59411075878108
1973.49478088786,1415.1637480621134,44.431745881193706,41.0592549137957
1973.5481867983058,1417.176591421064,44.386126014020896,40.6972854657919
1976.1966650418858,1420.2204845716758,45.04402115421107,41.190891452776036
1973.9689421513115,1419.5115000889018,44.85504821892885,41.047594353680154
1974.8951084062799,1423.3363939443693,45.994066121361,40.87271690199193
1975.8235588213315,1425.5868206437808,45.98923955673758,41.504300255488445
1974.9935672270854,1427.4011952962503,45.521006240179126,41.80096217491459
1973.3447491571158,1430.6437652194459,45.69936728703987,41.84072753329635
1973.8183835991256,1432.185973807677,45.422312400384335,41.88504613755004
1970.0671067608137,1435.6025978027646,45.03867852360244,41.659797472173366
1972.517454431878,1435.7083731120108,45.45658812761024,41.95961214813764
1973.9590757393382,1439.0217764125957,46.12484106475247,42.5027245609449
1973.4927187353842,1439.5965274204991,46.3888016275123,42.10628658150722
1972.3649760910457,1441.8471408242585,46.04587821715379,42.3539020133686
1971.2847148153176,1445.6192479760919,46.34245611891352,42.0199137686617
1972.764344840183,1446.641481885033,46.17160267967148,42.10975166634034
1972.0541776768232,1449.002697830575,46.72087580052715,42.768233986529594
1969.653897355525,1451.002313360194,46.116010417733136,42.446102632034005
1970.9606677237964,1451.2741386443058,46.479006193565226,42.20381684328268
1970.1443001068953,1453.911791032075,46.2427166737966,42.450618238399
1967.627133335633,1457.4283792298972,46.391634185437624,42.17262840052402
1968.7597267186557,1460.0835348063897,46.3971345226639,41.91540066733871
1967.1815810435085,1462.899770780386,46.66802676979344,42.6832316063091
1966.6135766128948,1465.973800719272,46.16735514720265,42.57567427675472
1965.0136265542114,1467.367335004853,45.56890659933218,43.229663626049096
1964.3555662887627,1470.0071085448121,45.18309839544992,43.46018687007471
1963.9709914852792,1471.8622023912476,45.31364121568894,43.795907628283956
1960.3474162566881,1473.8214058214376,45.869977177784776,43.64363884468662
1958.4501996122226,1479.3225819703143,46.077920550868,44.139115030514176
1956.4758588509774,1479.296735230249,46.08725075309174,44.303411005302095
1953.6696604926633,1481.2890344731209,45.81382612725143,44.302593618877914
1948.905896238265,1483.0781412497595,46.39357021221998,44.53304629484879
1944.4399596802257,1488.0740694590581,47.10313803044708,44.47839900558465
1939.1982397230495,1490.5120462521238,47.26396232132553,44.196571167134266
1935.7043576164033,1492.2389155225044,47.68450870777442,44.88324400332607
1926.4783737448874,1496.2751984688625,49.267620020752545,44.7973204712969
1925.728573245061,1496.8239048467026,49.22730319375304,45.30284446030706
1915.5071735108243,1500.4327891236649,49.8952518168896,45.49228911744194
1909.0232943572905,1503.6678279088037,49.78450556157885,46.2627968743126
1900.988399397897,1510.028353869594,51.850273835773635,45.40607619815477
1886.532702361269,1516.543062194347,52.007569016817676,45.230104601749105
1900.2364366852507,1510.3325088523586,53.917603344318145,42.97984840883391
1897.557156907217,1514.2718320358329,53.918626584467646,42.9786739657133
1889.2785657833597,1514.4202152077694,53.92013141824207,42.9771267750063
1887.1376430676792,1517.6857971118384,53.91984899239474,42.977513851114836
1885.7331345950531,1517.7240234571468,53.92180760329628,42.97607914917982
1886.1108888624083,1518.0594647855592,53.92176350320955,42.97614183871058
1884.9581345499416,1518.4761528863676,53.92162475494349,42.976155932599454
1883.4037556753412,1518.4512681275648,53.922753920235934,42.97532619553692
1880.6108100224642,1519.0404001446639,53.92355697296892,42.974624874962004
1885.8851466878914,1519.739661433326,53.923293104089794,42.9747790506818
1887.8511750122527,1519.8619741090233,53.92178154699585,42.97543265379307
1889.4853057749206,1521.1025223922288,53.92108217261557,42.975589472926046
1892.6190545135894,1519.6625985474623,53.91969082397047,42.97651493841434
1896.7086625592583,1516.6037064165328,53.9187136013463,42.97729862043944
1897.6842956622518,1512.472126025266,53.917598958049844,42.97840972798505
1897.9271296494423,1509.8906269515473,53.91471737087384,42.98140230596434
1900.4415473333845,1505.2986747128,53.9072667190234,42.98828384949898
1902.3616199216804,1501.1393957066905,53.880859173276036,43.0176296348503
1904.2513040570311,1477.4353839039775,52.739719557435606,43.21150376517874
1907.737411589405,1476.888596935809,52.18551520435827,43.41352078289504
1915.081791483399,1478.2397974183853,53.03955822703879,42.0011566152655
1913.0779507084324,1477.5253806867172,53.27826666486605,41.62863650480261
1914.0323848222165,1477.893529348777,53.278164945400206,41.62876863357897
1908.9283776226632,1488.9288128114963,51.97928714022171,42.41507235938569
1909.464785360775,1489.0140716868884,51.82274281411058,42.505317598122346
1907.1963738188865,1492.519736991776,51.0246626576836,42.90017690686533
1909.6453741080957,1495.9727181290261,50.76106721537393,42.899364569040955
1910.191128955509,1500.240004467128,50.51603365818511,43.184611343215884
1908.5760724659478,1504.3920010078673,48.42167611728812,44.276330160540745
1907.8972931045405,1505.1141097553161,48.12890536946796,44.390575404634085
1912.811861122645,1508.1384563255958,47.96138947333453,44.82184842770998
1912.0890801484386,1514.0371687354627,47.60405754471817,44.82196141162624
