942.5,489.5,75,177
945.9247650654659,478.3912689327315,74.5241151747019,177.16039044874594
951.2003780566071,467.1111037484719,75.70241761954337,182.74271254700145
949.1779689260304,458.44709910011693,76.41038309177148,183.76570055770065
952.5940195422303,443.9588680888004,76.43561885735775,184.08915316566095
958.533732236835,435.61735873790053,76.25402462201791,184.32957543191378
961.6171357915198,434.3930560999727,76.6429135232379,189.55908714659694
964.2353253686309,423.0522438293252,76.3343779397248,191.58202981838514
966.9992730758947,418.5100588551971,76.64463779482006,195.74084596796578
970.36634796739,416.9802027214689,77.94325435399274,201.74525132395368
975.573218293561,409.6149418774584,79.54210410997567,204.59104267292432
978.9486597268897,404.4379704954973,79.18580971377747,206.73286538069416
982.703086790341,398.88623510641094,78.91856754442477,206.83386804973614
984.5576689910974,392.2476416437325,78.01581059454146,208.1292196097976
998.069346410221,391.5054517444298,76.16251496039607,212.37322579695268
999.0413646143278,386.2952191304763,74.48984657891585,218.07501731880504
1002.2730707943263,379.5938544580873,74.2255556941387,216.89362209845854
1006.1610038786459,384.59204034416325,73.0923048437976,219.91548934760797
1008.4997961292557,382.51153429042984,72.96645049852292,224.5524381659093
1025.7871959252,378.3645800780499,72.31338857753265,220.7985865809035
1024.1265712459613,381.2454428289335,72.16381107176767,218.81566490451468
1024.1376980183682,379.85743508215444,71.19098563230799,219.88209759243927
1025.2984080078256,374.00256230673494,70.57605104405623,221.77470542507763
1027.1308521506246,368.4044169342183,69.92174282132449,227.65161874777814
1030.191390048214,360.31074608626574,69.58104965935483,229.9243057119328
1043.5434502793187,354.12129693905666,68.92394152624715,230.88797420898766
1041.8340406480488,355.5231524940736,68.83588718115155,229.37694777321678
1043.4787350930312,351.60902674016063,68.54555749147336,228.84996036655295
1045.504331655107,359.65929286811024,68.1829246147433,226.60286839538279
1047.8290282182168,341.23297584274883,67.6650145665268,226.4846581773068
1050.5018310658343,360.11875191768144,67.66198394453409,226.47889505942396
1053.6353948769547,358.9501589489193,67.67129646587823,226.8948815559921
1058.7648095751001,344.4335637819672,67.97601229663819,225.6509837246131
1059.7504662630847,358.96366472211366,67.16015462917274,223.10378233260147
1062.2628257725773,359.02514087090196,66.93088534392156,221.84551950436224
1065.331336865439,357.5713939535037,67.28490481850717,217.25668450843986
1068.8754249308233,357.9585262535701,66.82971809432391,214.7913399341325
1072.2486933939804,359.7454333155543,66.02453782694542,209.42326375858184
1074.5178008117193,357.6445417079344,65.20378958425623,203.8121521526545
1075.663899839549,356.21904073813965,65.14688658589377,198.3029865888872
1079.1194031756438,359.4134450330719,65.10363961829387,193.96583853674235
1080.4527026045646,357.561212062662,64.34925110572064,188.5107728842395
1082.7782609879841,355.7968143249343,64.13891593220436,183.20079272492927
1086.1910531318542,355.6365893057186,62.29596380465078,180.03883447821963
1088.3530921826018,352.3435349838188,60.578596613952726,180.24586902533946
1101.5624054221344,315.55666473985,57.88358768859863,180.3403462076131
1098.1729954962111,338.62587088138343,57.60433163559905,180.2943144482279
1099.4559690684164,332.1082362847066,57.51459150908685,180.35919141440866
1100.8670144824487,321.86774413801913,56.1034300032651,181.26593406959998
1110.0359489797343,321.0437514952095,55.924288654567995,179.59014740163647
1108.815142714478,324.5864048291906,54.766432000205,178.65956485476806
1111.0399386266417,322.47881958544696,53.564937595616136,175.97770165084913
1110.349740577989,326.2375733809295,52.998581263913245,171.1973411527032
1112.0583890978007,324.45035463391093,51.78660768200758,167.8085818922848
1120.655937120358,325.6626047254623,51.327023416678564,162.06826554516536
1119.9556114833936,329.8967805431076,51.08452674520338,156.08614309116444
1120.553299395249,329.09511432082087,50.188931916145755,152.31305503784358
1120.9215051260585,331.09040854977263,49.88864051759357,147.92460468199465
1122.0076688354159,334.6405794997746,49.405813549966716,144.46088926400063
1125.6063018453976,335.27629288684204,48.965773043461304,140.9115741918311
1128.0176316191425,335.2125396574763,48.913763882782014,137.59877184128214
1130.4968463759105,337.53388570252343,48.16491192967064,134.9097786247078
1132.2292125432505,342.10798591601264,48.05638648891201,132.50608837152694
1135.3558155977546,341.7939480354543,48.3533937168482,129.9504988570699
1136.3137129633203,341.8773986509277,47.92010144619635,128.22442749920813
1137.3740338878679,345.34569365874995,47.520135423174054,125.87484309879797
1140.3457982629182,341.5418677289384,46.05888215906569,125.6706467948163
1141.6553507876115,348.3928410097193,45.99628278976321,123.30956060007586
1142.3657571023193,349.60122329161754,45.723162483079015,122.35191797879955
1152.6122639573182,343.66796796132746,44.419767837411975,121.93505671402565
1153.2635672083877,347.24409242643725,44.22970491818951,121.28986163588742
1152.3148533230042,348.7474536181519,43.97885612149741,121.11830475309895
1153.4141703986263,351.6704678286844,43.48073926704424,120.5301083823574
1162.0742116043348,353.03844624272875,42.80758945755566,120.20802856461425
1161.7758615562245,346.41403068611993,42.27664274992068,119.04758748392321
1163.3519500514549,350.5689731760435,41.77621846980217,118.50781501857176
1167.1570113380108,346.51686059901346,41.45637909981547,117.40096915822764
1170.044816754472,353.03451174104094,40.61116291639839,119.25772810769317
1178.1671615343764,353.2380102940414,40.53072849880154,120.26646863062912
1177.1300737800982,352.57300705000364,40.117334913653934,121.5229796040137
1177.2325018274983,357.08529911393214,40.43235947128146,121.28369096260688
1179.7069214087949,353.61498329661333,40.93619517441091,121.26860312626675
1181.2523311534176,353.28901043332706,41.47123494572462,120.53391033069109
1183.9299403291893,353.3877961871141,42.1838495409583,119.23165303973092
1185.2075334087847,351.24575607239075,42.41611512584706,118.47601416441071
1190.0554310143868,353.2058714523055,43.122865843597815,118.39052213596547
1192.5847266510975,354.95350389768936,43.183667442033396,117.9974029170422
1192.5000186999773,348.8850595151608,43.40761380093599,116.52101138577372
1194.223706448354,347.1386585737107,44.11939796452163,117.93740941239636
1194.5884806112795,351.1929027319814,44.44895169708162,118.19600750637743
1193.303159623179,349.8737790480077,45.409774380260444,120.31622816476833
1187.1289837900576,351.4528507181463,45.75170304998222,122.1081347016578
1183.138222248958,348.6448960848737,46.07138140180413,123.5262733726524
1175.489716010981,349.3926248733589,46.18912790180599,124.26912327172576
1169.4578310132265,347.90545289210417,46.45637861783509,125.31222858295965
1167.854099871293,351.795956871493,46.77833093389798,125.86805839273669
1159.5253738434346,349.4024319121113,47.422332367056114,127.16771087917272
1158.2220081004955,352.7698515541666,47.47377005448773,128.50308872763054
1157.0569643394388,350.32050183429317,47.427635204546284,129.72210042895887
1155.3936255265137,350.06437011972633,47.28611023945406,130.94677186428373
1155.0763796344654,346.6043320028074,46.356753766485916,133.8468457330093
1156.9540084801329,348.2892513966846,45.68786892747623,137.1073546739841
1157.5127788561638,347.8657511578813,45.922884165633796,137.14455565923168
1159.0940389475024,350.013607556602,46.29462973956352,139.13755488647894
1159.6511172213445,349.54899773024067,47.31197129025276,140.96269386216903
1162.4335409578166,348.34925381808813,48.60205612550567,145.1737059584392
1166.0398470822122,347.3878974138193,49.032718660802594,148.23835494995262
1169.391436701746,347.51800518795653,49.77520430439454,149.80609035611536
1171.4691333301992,350.8927869351021,50.65789364712837,152.27091761652397
1172.9573037910366,345.8224643562613,50.50631506981396,153.46729836227934
1176.8386982072418,349.1436018837785,49.95515276709702,152.81684841100463
1180.709147979318,349.4381655768902,51.060962474348464,153.30105142715558
1184.4707819909315,354.51976528664153,51.42399024656181,155.13518648793854
1187.6342150767105,354.8143490941255,53.09147260100488,154.76214997898964
1192.911934276173,364.33360903378684,54.45431575725563,157.64173236407117
1196.3462072385523,364.19170239218215,55.04478186405212,159.71278579487125
1201.2294612210965,364.65008919186107,56.72249348819733,161.3821740473963
1205.6596492482445,362.26481385558145,56.65432992016842,162.67123792262282
1207.0925318263057,351.8629501045124,54.93613477804584,167.12723097346705
1210.9876919615256,347.71259983488324,54.49241504013779,169.75548669232128
1220.4851272544288,343.8799581889482,53.91495625853059,169.91958170599304
1223.077670089282,350.61466177806835,54.018459112688824,169.02420540391245
1228.1240145062288,356.8609522967022,53.83879518113928,170.65979819476985
1225.7367838570544,356.38387363553124,54.780868555293765,169.45496608763784
1225.1169679852237,362.7366424065723,54.58689355514254,172.74835566194974
1212.035499145183,364.66643887259073,54.75156310778255,172.2767200644313
1197.1751865072747,373.9913533858238,55.93108692791061,166.32718267157108
1178.275709055121,377.21778655969604,57.71794542718882,161.093536246846
1147.7298559504761,378.66489917478697,58.463162683841645,158.56325900422064
1118.352861771963,380.8883278820519,59.568156595067315,153.26538727360875
1085.9484724193503,380.44295237790607,59.855412778320144,151.96715841777996
1046.349991648558,388.0505245904015,59.9268326328928,150.39633257341657
1013.2076676946795,386.307177111663,60.539796275513275,150.27462384818472
966.4476278708923,386.2598447246511,61.52407117455239,149.72571837789638
925.8086016640456,387.7430440915972,61.614547294300486,150.2898858595192
882.1156172716198,392.5827522703818,61.340977810109,149.01070372436226
825.808212767865,392.2963014370291,60.69668494994279,149.96898378161808
783.2493287993702,392.2433638103863,61.15229010617081,152.62750114191357
735.5883543552858,392.71790476220474,60.89751780293337,154.20716488952183
675.8668713997112,391.4171419546218,60.66786103341857,154.74513431038235
614.09430709569,396.2275576992097,59.587028337749985,157.38698096756895
556.3924802163815,397.0579683633572,59.891110868339695,159.31691605559462
514.7366917795176,409.21617648941844,60.17146063025105,162.01983650391156
476.7785000146079,404.02903675437847,61.331443098058706,163.88184313921374
439.68441082545996,408.33800241802777,62.720526322545965,167.20293387612415
410.716091813695,416.4447481913773,63.05469013342936,172.92849109651488
393.43476854683763,414.29753260094907,62.84671059902897,174.02632803909015
386.0453916366239,401.82978193079197,62.775326708885075,177.03831215223147
381.27146105766377,396.2722905875711,61.16981033384637,182.3809464347425
380.191723268156,408.0909621435477,61.289292626729036,181.57267627505985
378.98468223041175,400.19557284697726,59.77287109542138,184.49092583835449
383.7730851156434,399.62365956572944,60.06495990198442,185.58985202077525
388.02846344863843,403.34378834892124,59.53140183676338,187.24172416172806
400.6939532518331,394.76886504320044,59.49489206374816,190.87680789475172
405.8847066356643,399.47078727717764,61.810232258060765,192.71439180204143
417.91109238185334,398.3682735277068,61.57930105193762,195.21697295946856
429.7268712236746,394.89009327071943,62.30428023352947,196.37346488976405
433.21095594510535,394.2682342582071,63.37791128963032,195.42293185430287
447.1819055860725,385.954197168742,63.26524517725174,199.6024043105158
459.53300482016016,391.26446699582533,63.4962551746526,202.0537860049209
465.2811672997607,386.12182660918,63.34048540649151,205.1543996677684
479.74884040356005,377.564198915228,63.55189823209598,206.2629888722007
484.32477002559824,381.1954984060467,63.71836498441843,206.68941386212103
500.1912250078223,371.3590786172202,64.05950210859343,207.29690195356798
509.96495079400836,371.8879503535639,64.5242136984528,208.1127806599119
514.1307034161357,366.52367695984145,64.38254590994761,202.89328934616046
528.2459277164232,373.7656789226064,63.529260242722,201.97938620493227
539.5740130561965,364.4066335443222,64.58212925128603,199.26191101301453
543.7221128005057,359.1283928120165,64.1906052463711,196.1329762560071
556.8846817536105,354.0130752444015,64.52398327033735,190.00218980615423
568.9901760017498,351.36727287885515,64.42192917652466,186.43105402058427
572.7422555605515,361.19649144244136,63.73717799883215,183.14189484751347
584.0737208411829,361.2368137066211,64.87418373212499,177.94016753640852
597.16146376911,353.12680355924965,66.75400526457645,173.687710871923
603.247034305756,352.2966173701394,66.23537006591825,172.9914555474304
616.4310199217476,354.9279234901979,64.96847114533624,174.85786018353414
632.9197791368039,361.79426861004026,66.00577662879796,175.84215087799242
637.2947375889663,359.425779267972,65.0947364487163,180.1150384697809
643.2784155722655,358.44940115805105,65.09195529596069,180.1209528536471
662.2957162370681,366.57633167808063,65.03148650419726,180.82557837059483
675.5503657558503,364.68162009312385,64.40971874715048,184.53390008571398
679.6554678688784,368.28093831921274,62.7375828156194,189.50558509807485
694.0412807020755,371.22204042060014,63.22192715044582,192.83261322562228
697.9383315728016,365.4935147281726,63.05483766180114,195.15777717456422
712.5341667210042,370.4392710730623,63.4349275430083,199.97963003959444
717.6439307793402,377.53366537496754,63.29115168463731,200.39782462059839
722.923454036543,379.60659749851766,63.47608843896936,200.97820863781095
729.3079554289059,373.41397125657136,63.45160298059857,201.0804344264521
735.5562843058948,372.38901279472145,63.42948212237264,201.18855838521648
744.1590410082848,372.5300926510764,63.41940900995105,201.25069193904147
751.3086783733795,373.82684331049666,63.417451784644626,201.2625430219343
755.3995037264372,373.43781755772926,63.41303954288459,201.29071433280512
762.0602453909642,375.41837529650957,63.412451408838116,201.30094308780374
840.7363722451936,348.20112278934096,63.7657641066292,202.17223856844953
841.3887033862932,363.6288492499228,66.07119947114325,206.18848974884838
840.208740166558,380.4378655477942,67.1347557619549,208.07326858499022
856.433830831668,362.5836777954085,67.21534759457651,211.83475802713963
858.7190748772966,376.18595341673324,68.07148284774084,217.1644513218437
870.667995392454,365.79899159206167,69.45120681986728,223.39230391863555
871.424217922949,370.6697459323379,70.72573404319446,224.72233702427692
874.2785457160846,376.1277157265389,72.01372295384095,226.66794872066498
878.4710124112803,358.7196668699694,72.42235722092016,227.94155452096217
881.6355210861824,357.71092976532134,72.34300465459386,229.44967741714416
896.300395207144,363.3163945841404,73.06486163728005,230.6473686138566
900.5790256552395,326.81945303949453,73.12897963970957,233.8332606753163
903.55628166676,301.143323523999,72.88951592980953,238.98302794605337
906.3552069208498,302.35761371438787,73.11229120364293,241.33893862744006
910.7165115739348,330.1991862636726,73.50205715687231,243.5277150681773
916.6023724918944,334.76766441861565,73.85682209921248,243.98464990208993
917.5981971774838,340.614721451735,74.29016719672235,244.75277796231603
922.7135556468596,320.7574041023023,74.70878421182833,246.42866678105446
924.5386568053973,312.47692392717465,74.80969030272726,247.0766422832873
925.2677524259847,339.2114042761256,74.97665379521037,248.34774811370573
928.9791765250242,307.86310056834975,75.49764753133528,252.1815663752047
941.748030879057,298.52719178799543,76.14816552309883,252.68465033911156
937.3540426118815,292.51607184914394,77.61989983943218,254.26543723677312
952.0168546034031,317.65027864446637,78.9090963367357,252.99045473743683
947.8481701728278,296.49351775403204,79.33399771818031,253.29199073949687
966.2419726338335,289.6191968796773,79.2682441450461,252.7315037269149
965.290123921603,310.2807111739089,79.93966083830578,253.29602167775826
983.0155752670967,298.9112889188602,79.82322698887137,253.73058876781184
982.6701956330935,304.83489510709194,79.83387508706247,253.81270530980538
981.6932553245534,296.3830544807834,79.83573374769898,253.81248260124076
978.9715376755411,309.90499397124404,79.83807178620216,253.81358462312713
982.9574457428942,319.9044669408497,79.83793009378725,253.82962853682105
982.5355101823494,329.57787855243885,79.83812619751993,253.83342939811547
983.5124836669545,335.811600694546,79.83785795545967,253.83636971167945
987.2159060282524,339.38615799035534,79.83783591429064,253.83685038068083
989.4841655751384,340.81230791787897,79.83786495818364,253.83710437008554
990.027239658338,336.60907351343775,79.83784812608937,253.8373947045417
991.3911583156718,330.7508899343655,79.83798737201441,253.8383373250275
992.0087651772544,332.6447760373908,79.83803818856757,253.8409789754832
