257.5,0.5,481,356
271.63862106186934,-2.5213428282258974,477.60871750150545,350.8789426373478
267.1048413836165,-1.5543718991027617,469.95197838083834,347.623811137149
271.9383670622197,7.623134096684055,469.2733312976187,345.71889909064373
257.49448362483577,5.013635067189313,471.2451359531483,344.9865054527033
268.60675080838433,4.132501878595832,468.03418000096815,343.43493930845165
266.1388130481282,4.718454555474921,468.3387998948019,342.6925060733096
268.1450609239491,3.7748259186926134,466.1110519821342,340.07541125413127
269.50899229136587,10.691691274475659,462.7154627901816,341.76256410274584
267.45102763949285,4.936070310888056,464.5067673170874,341.411880904799
268.69003335003356,7.1251454779166465,466.1797368454079,342.67487055487265
267.8787193441999,9.775897652983048,460.3614378284192,342.72468456411485
273.3148004624744,8.928847901379555,465.85356582929694,344.5092971327792
267.86561977765655,2.794340751533923,467.08167439894487,348.0733820806638
264.24906691189614,6.66609440548504,463.42839039810485,348.2803023049576
273.46388847852785,6.7965431464388075,460.74556199262463,347.4351445381494
271.2616088828986,5.494796117245244,460.8279075341334,347.0150876092929
263.5289068627718,4.063696264981928,457.8166632436985,345.76599447476923
274.9131627008802,11.846798032923402,461.0849328785169,349.3623733363472
275.9390160725619,6.695806437555774,460.1861225394197,350.8396800134106
262.93213207910026,5.973931207827661,460.1694473348148,353.6192368426483
273.8260214584449,5.853895916891304,458.7509007538598,353.91175334656793
276.17497158871447,7.969891538197942,455.80518965271403,355.800769546429
274.64618789769526,6.135401346212319,456.3575511650778,355.5164978532976
277.21995766169465,8.895169025427663,454.7194921134584,355.5316714716125
275.1949286334211,5.120073049658487,457.5545645609509,353.8399677474917
265.6054930218369,3.4549462700801996,460.9618665321052,353.18120453533174
266.43228291704986,5.520017361143346,461.0456015619688,352.4482297974346
267.5073498993638,6.716891499058079,460.34106286177575,352.40571500396595
266.72314272906647,7.640150422289423,462.9073503894355,351.0927548109304
272.2742544240849,9.008381065868065,462.2949655995574,352.0711542014922
272.84454500147064,6.209818461240502,462.69269711835466,351.2807581438101
268.18978374373575,7.254815629509324,464.3866762683459,351.1552554130311
275.9329972487658,10.953155534303306,462.15826584458955,351.2109734267769
291.0481438291923,5.6830948496116775,465.24966991884395,355.2954115648064
301.7766205908608,8.422494421579415,461.5670503493644,354.26912420828546
331.57709209942306,10.436216119166943,463.3514451618297,355.8850585940247
345.2611090959814,7.9385221227552165,464.0104440208858,355.57790056252566
381.9811521880692,13.575630274731907,469.9251170530189,353.7926874400298
411.6698987567515,6.868516245565104,471.50801209924805,355.3917471176261
444.26808097164565,11.441504993195878,468.5721342722429,355.0228501582532
488.4586217600619,5.622204008038409,465.65269209970734,354.2919300338416
513.9700996876982,6.770362245908615,463.78780585503046,350.647329790401
574.141024289345,10.946100027863537,471.2255052967564,351.22730983867376
603.9758651276472,11.618133349180994,468.05382471878465,351.1943870711609
651.4744558730689,4.894357149160328,471.71553299844913,348.0176051358751
688.9719294644234,10.478404563822721,482.1108217166191,345.57361518783694
719.4631623784849,13.1386068253085,490.63586321271475,345.6300870190829
774.3117600292564,9.685426587762805,485.31914581644514,347.7102288891328
821.9649545791933,12.38621389513358,494.09267462428613,345.82674786035926
876.6921608079801,12.322040850096784,491.78869856807984,344.6087559167567
920.3524396578878,7.622132214767078,490.2873776236355,337.5976768861466
965.3589770607257,16.227351592541822,489.7352098003816,336.3554645633974
992.2368138322729,14.96055733378526,485.17669125606653,333.8133365853966
1019.5253901856765,16.094991869887053,478.3850571954996,334.2284775420321
1038.5814808752086,19.81668322697942,476.07635405740206,334.8877750341462
1061.0117010489625,13.764791835530787,473.2600116102851,335.1877200408594
1076.3674884583122,17.039373478491598,472.3716961452232,336.79632309710087
1085.9722871054344,10.778593393389144,472.91880508877205,336.6541583680138
1084.6482850675648,12.75746852390381,473.43078039787883,337.91697676390584
1087.7862390899513,12.082488703774175,467.7680760574631,335.8178080148066
1095.5425322310803,14.427306802381906,466.181403585935,336.8531969945931
1096.156907337223,14.137772514520435,466.790434206894,334.6841445471379
1100.652198490038,16.983328519370104,470.6434292862129,335.404591642358
1095.7645921675962,9.117644481589707,470.60317600397207,338.1015311214222
1104.5480929556968,15.188618147527109,471.2715202682251,338.15948918505524
1106.4461995329284,12.008660217491183,475.2317000695421,338.8210112234108
1101.3464794728247,13.139565914388385,474.23874784050645,337.8635732131384
1097.1289363624849,14.90597017407805,473.48426268057074,338.3121859259826
1091.9448463382419,14.136465203945761,471.8700084562907,340.6658600512943
1095.7902744628013,11.421878513656395,472.2546298072695,341.3647010573003
1105.3072107924588,13.650043766004359,473.26072945325234,342.51598411614196
1103.567500583274,10.507040270942781,473.4392427366121,342.2935630094939
1103.57158463868,11.382143981123306,469.6764953201513,343.9946769525819
1104.3734215553322,13.21593937120565,473.18058000888027,343.3159689524923
1105.3375972971642,10.473356939693417,478.42231204801317,343.81749838994915
1101.9068808451184,12.310005377279936,478.1261226147635,343.77747463947094
1101.8340293920464,11.859080329476967,480.32694408169857,345.46666424361035
1106.8966858150368,10.212413812250844,478.24830501043687,342.64658632835557
1104.2664104804908,12.325089825551657,475.7182334451843,343.5519139091453
1121.2915660166143,12.415048012606093,479.3476785374884,345.69678539018474
1103.3494371565628,7.942216495143043,478.84855918239595,348.2821211813059
1100.457563519261,9.497565780091634,479.252451301055,349.0820609437757
1105.8122359274093,7.79267508361292,477.34917013679654,351.03748912342286
1107.687840579133,10.5778981022018,475.79021823767647,352.2287322723413
1107.1266495953173,5.230499152814076,474.07224099433984,347.6285835005845
1102.911510102762,10.951677743292947,475.3330053233841,344.1207313054361
1102.3347901435336,8.386224447701181,474.1418796118817,344.8989028540476
1107.653049753777,9.365405612863668,476.7586992051763,346.6785039617567
1105.2009661448178,7.21207988296112,477.60422641989055,344.67633612758596
1106.8622069240512,12.639603370537884,474.9436887739297,345.16197785787676
1101.201570455682,14.720485595214257,473.6892752558954,341.88563963180206
1107.2137337826707,9.016540349508375,476.0531608058975,341.04618324516207
1104.4126795932934,13.02438961407077,472.5185294538169,337.6837625900302
1103.157249898282,11.643637336169348,473.1631537068538,338.1577464987841
1097.878358833599,12.19099572174332,476.98325063266776,339.1113772007807
1106.6505858949347,10.815558430831771,480.0175299542101,340.9465527774768
1110.6718984440301,13.227669118793699,481.9409254401258,338.67903043910485
1106.7651989426772,15.640791192629138,478.3554911679902,342.84772895653407
1110.1913354670767,12.318801195190986,471.4812391746514,342.5037104658452
1105.1309391595607,12.9711767068531,469.0345316752425,343.70463428154073
1107.867582161428,15.409153921384643,470.1057732021784,342.88642721652184
1110.4549361083505,8.926535273344257,472.7777039878372,344.3347491912525
1110.8942684464841,7.671498180608836,474.5025341941538,344.3759553595267
1105.247080011009,17.876890833048805,474.5464170618079,346.7278977920735
1104.941789714239,11.413324850523878,474.20841798634973,347.01383255253353
1079.5253361603732,15.968136822489015,473.64779329476437,346.0356344661472
1086.218145001706,10.211716638521978,475.0491953417133,346.34517340433274
1062.2394537216985,17.178204520170766,475.15440505016556,346.65133815159425
1054.7466394837143,11.676489516168033,476.0751169154164,345.31675737163584
1026.7790615506933,18.75136892445488,469.98068217476873,347.0095764893273
1026.5523368380204,15.134740806290381,470.2335751430719,347.97041422666337
1011.4302750847186,13.166307546568532,463.52616437843534,347.6768572956371
996.3543890617655,12.857256240406485,461.7526701584726,347.91836298031836
988.0437251538884,13.711393410222598,460.68041353208787,348.0227855744325
986.3859710398153,9.81921290920252,456.3973394924727,344.8163228307451
981.7463103566654,13.41387070781684,454.7042411200033,346.36132405938315
971.6979524443504,17.31237349087172,451.0773145953898,345.45004399147285
976.0318539952564,8.962198282997463,449.6602458228018,343.65760227770477
972.8207464494753,10.587733732418343,450.0511398656272,343.2229879351832
961.6047101409035,11.261026484366965,451.6758680461252,342.88171213225183
966.8717595203615,11.858517361573803,450.2646683426903,343.02198099391177
968.6614031321966,14.084004759338058,450.861182873018,343.52251138255684
964.2018767789007,14.788366347819334,448.31917982399466,342.05156476369547
972.2906519948731,16.69234756701701,448.9103519262293,342.2183383005656
966.6605668293732,15.352655200922243,446.8493228401149,341.2898565071051
963.934988679867,16.629697119125268,445.045743669309,341.8104897155294
970.1533479901,10.806001445735546,444.0907135482938,338.4873629501262
963.6318297859707,15.942024107092351,440.95739077991686,340.97637548111135
961.6502588591551,16.972559807807727,438.1685156123688,338.34096397462383
958.9574248739798,14.461700928211172,439.4789858860337,339.19007097408183
965.8747078430474,12.449978846081166,441.10362176064234,339.9819663521785
967.038830744214,15.183681728020161,439.3131527861215,338.4967964968088
968.1085929745228,15.705200595249323,439.4844784689364,336.9073411683945
969.0644712915615,13.379416685670009,437.6802950609533,338.47145419171574
975.0292886984,17.60744840108282,441.7042191690903,341.0757554840957
971.7217648470353,10.747230326047656,442.90139921129725,340.9053272619126
972.9497575607472,16.243075030194717,445.7649819410695,342.9368788967093
968.720886165468,10.14277396828183,442.6106508333125,341.99487810000284
975.5620650455037,15.332241036264747,442.69850620037744,342.85610490611464
966.7496773861748,13.311069870491622,443.47448276720417,342.1640073878074
964.7821748775664,14.74281248466525,443.57903319648454,341.10103375804715
956.1662577296464,16.65808193581097,439.9885446468655,340.4997796190919
954.3788567321949,17.966729900359468,441.75335826229,340.5981650044633
928.8256335730246,18.11836703514382,439.37271351617744,342.9544225666359
914.2607329736672,17.104054619628556,437.5226830193356,345.73404595428036
880.589372724693,15.116969626795708,441.3101934037586,345.2023346304368
863.4694728848788,15.61705445875026,442.92981486073074,347.55288561052487
836.737812468448,17.64739452302001,443.30547395042834,349.32220302150563
809.9337163057248,14.049444689256347,444.9068608559528,351.64297966504614
783.4935230558092,14.126418258683117,446.78448932966097,354.26713850039
734.2772811579939,12.071341244378743,455.08149033720565,355.8226100357889
696.3540020316523,12.751633830720465,459.3081679136194,357.44566624913756
653.8767280229627,13.598709663371778,458.94839250570567,359.1885663569062
622.0989835168234,13.577587444216817,459.29628569278896,360.2146321276708
590.197658236091,8.375357013883502,462.53059213804283,360.92780785497564
535.9103586424939,4.482716285400841,466.41638669877216,359.8699048408106
488.4056609949082,12.242914353718504,469.6371543694318,359.99238246821335
453.20317423005724,8.29430457604991,471.7667067565556,358.1312354387727
419.0628721860927,10.66311135684822,472.23426915747285,355.33208186958484
393.69191787666983,10.688477492907623,473.9668966178714,355.54565742422346
363.09384506257885,9.303235808520668,475.74428385371937,354.4488400441723
341.7571238179829,14.485839917527102,474.59559423231553,356.535540891406
323.426236579639,9.57949341754113,473.6373201860541,356.9685055741172
313.0891569171854,7.100055378519727,473.79153627365673,356.72425283746276
289.8158884984367,3.7805912678372806,474.1902421480193,355.9307746333516
294.34539972108007,10.17582246788345,471.5476725874066,354.6350660708447
277.3162417949791,9.378427300102715,473.6968602505217,355.76976582880377
279.73509497815076,8.156802695073623,468.9899850959837,354.76387401331874
276.2393734260723,5.212603490770874,470.7456012309939,354.82861490925944
271.58757514135795,4.261305370706623,471.8682609870681,354.41619416444837
279.24297646343143,13.113965560249227,474.70155853213004,353.76541441951844
271.97648329824153,1.3055709635652875,472.58216678023456,351.9649768215045
271.85390701178187,9.035554045301637,472.9711485796476,354.4257546002925
273.0900422273919,8.245153621128964,473.51047816597514,354.8987830983266
274.913752610214,4.1375570700662365,471.1926832452865,352.29056616627236
281.1922819672406,9.624251098104281,469.7737766537308,350.28247485549656
261.65574300765616,9.942080095711162,466.82789934218675,351.1836546765212
276.67617023271794,8.67013304826375,462.2774604651833,350.4343280129779
275.6121401624656,8.791140446365802,464.39797889936807,351.9311053977888
275.2979794862579,7.364459788349905,465.62073999673294,352.20828077212445
275.6184680662228,9.138283400239743,464.59262292038306,352.8378133617298
274.53799422247755,8.378940045280842,462.3820481812684,353.72669826185984
273.0557848124229,7.50162212999723,464.4406835269323,354.1444195530899
273.02003011450756,8.25821510067982,461.74651427858265,353.2641693741301
272.994197240777,10.903041681279888,461.54415748738194,351.3560259938138
284.3951985012432,7.657764672742701,462.5222109662053,355.9627746167155
282.3012829189549,10.137653180957102,465.97915936691936,356.4325239293272
268.6785673544779,1.0140168618221708,468.9929716146478,355.6408275276801
276.9868116560183,9.21610928777747,468.01617722543415,355.090428190601
274.5664172571352,10.410688798791142,470.8447754428323,355.38567902536994
269.3788044837271,5.468072391725173,471.6119010522096,352.389745381372
268.47786454148127,3.6092421851315635,469.31946397732,351.5257760414464
277.53029463605486,10.84593191232338,469.37063062838286,353.22951870315165
273.9909119505639,6.907652465830495,470.0910228342342,351.4225868429636
274.7706221428722,6.864460920713839,469.640070624552,353.25690785090626
271.93192060352726,3.9641304482461237,471.4940026339059,352.82296968237733
281.3193251341019,13.033020957023297,469.9615508267849,353.342789067655
283.54374172933285,4.822887044226661,468.4664537031413,354.2206984948108
272.0131455546334,6.215202983085902,465.7311124679454,353.4046511545984
273.5277087085102,7.732841001372805,465.1666997336476,353.1286419713571
268.33609755369855,6.96208851146514,466.63616758007515,354.12986345002423
274.9753072208689,7.402055137011075,466.9790146107857,354.1882165630109
278.50818320842126,6.298382716102594,469.86196735522446,354.95911426127316
277.2180281295507,8.926488491902603,468.57884129088916,358.41820613069365
284.23592729719144,5.649183443890934,469.4936006643479,355.20746874594306
278.0516623671917,9.735803000654442,470.60571992559255,356.1929534635928
277.63777052885337,9.316264117216065,471.0401857836276,354.8465508742531
281.27495743046273,8.41578134907536,471.78224188153183,353.45522038239733
267.1491978014962,6.47629250418953,472.95499908502154,352.68657548687236
266.08452633451213,5.8474391295953865,472.6578483742754,353.9361253562556
273.8827272906942,6.813736833494801,471.1542313435029,354.3060008709269
271.0566603171564,8.268241365733985,474.74547866910336,355.9035359196077
280.26367718879027,10.002460397770392,477.2931663461237,357.63078705688986
267.6879151300258,5.421048916264198,474.78322195779333,355.43115942023184
273.6552153297194,7.90798948687052,469.8972784988663,353.99335792417605
272.82752698053326,5.456784747411575,472.4676033030506,354.03894872709907
282.5498354656172,12.718819370808944,476.69002811144725,355.1609041842838
262.5992612322672,8.00403788053515,473.01744610939716,353.170981118994
262.2372201585892,3.3757041372809056,473.3184723099263,352.3363857881197
274.53517932136765,9.5240191714216,474.7245547930852,352.648716825185
262.76531397487366,8.422011837730963,476.05019132408586,351.6196060443393
268.5973682707396,8.839567753022749,473.9061079856499,353.48064165561976
269.2841145353809,7.222598532906886,473.7364913556822,352.9532764325977
274.6283611567079,10.506469997562647,477.3794104283968,355.1194440638941
281.5083253919027,11.036755641193167,479.2111634384149,358.9930649572666
269.28055748980154,4.279185754834202,477.979569268252,357.291306765507
269.4460899015397,10.479044462071357,478.14848060291774,357.33430881056637
274.2279537706742,10.428597120033885,475.58926040630524,359.9522876163454
279.8369520058569,9.621637054461246,474.50437207497794,362.2979223537758
279.98929045608804,8.565531684136715,471.4724648640756,364.65358775937045
278.0243631405714,7.936690451051021,473.32023722353307,367.15142222692276
279.040554632819,7.7741204964722215,469.5861858573468,367.99027686681995
285.5216432833125,6.35763783598955,468.4490636787352,370.97526685922065
275.8234105815956,4.614839250913974,465.91402960096787,370.9683539490343
270.4310841723409,0.7427556279823193,467.4366937796458,366.8104673618898
286.6189181760682,8.445903936687131,471.8856908417713,368.455316298069
273.422147675649,4.799057362219514,468.59507923946023,369.24501069059556
286.0615950343368,3.4902892981119464,470.4908766760153,366.64796151455045
276.7549686298057,5.393290019516854,466.2145020284124,369.24464905184317
283.1841765119957,9.891901434028455,469.8130202392522,368.6894256582448
279.05141840834256,2.124872617801543,473.6521200494637,368.35148641112096
275.8241083087016,8.691877091085246,478.19404913241266,371.4686657427518
270.94375199403123,-0.4405305387621752,474.6593077364849,372.1505704647269
273.69297633818206,7.674402898876423,471.87365502100727,373.3788220281704
270.48494060491066,0.20539803660241773,473.9140403188795,371.86337105935905
278.31667427584296,10.0526396017421,472.95807438845276,372.52552969848887
283.9085519167605,3.219746217295949,479.3299679103287,373.18511281595295
265.1677470794045,4.359839933183196,480.55195310383954,369.6142732283023
265.9444886217444,6.34303452987848,483.61503906136545,369.70360388735924
269.6212883432865,5.038678260838168,480.3750255672254,366.29365588009074
264.1511857302572,8.447942689989418,481.25394291334015,369.68201331329215
262.30032930340894,6.0011920863099135,481.58765859754203,365.1470105304778
264.5990483783996,4.940390369009606,483.6608733139243,363.10491386131866
270.60088944343084,13.601461061527687,488.553097632226,365.31695407113114
262.3114876103656,2.3205518237837737,485.58985951979207,362.1358621614871
267.09478592588334,10.592071636967148,488.96849337276535,361.8355116678108
270.6620874664037,8.412767283708234,487.82510695127047,361.89095017016604
273.4779344866122,11.043386452722075,493.1656752933609,363.0873219624484
270.15299106355604,7.725196651666579,492.71518887134573,363.2643142621607
267.38210230146353,9.97603814383433,489.9087856246567,364.4402960346001
271.749087571587,9.290653355059163,489.95574655718815,365.50796192677143
261.3114343538301,8.999773903925274,489.2539446095232,366.32229278853475
269.47555497494085,5.087684128418289,488.2013715115278,362.9185317801615
268.68630402089263,9.001593586868552,488.04250769696796,363.80596097117115
270.48000379918733,11.638891577867497,492.73426101055674,364.9594636677621
261.23030487089846,10.080947769250884,493.02362354303784,364.93612723256615
259.313174049801,10.705550415090642,492.3510020408541,365.04108093842234
264.53735799270595,7.927683518313955,496.03876925636257,364.1107069057428
255.49236200436138,10.087481010012198,494.4742202174267,365.88885114201184
264.5488317238139,10.659888274182151,490.4464725052062,364.21584969636694
261.38694988166355,7.342509590218327,491.7469670130237,363.43298116021134
261.13908591650664,8.763033802618907,493.4930997780849,362.00129421707675
257.09557503268115,8.253136482082738,489.54339459413677,360.5493281083322
264.39570107894684,9.747327376433702,489.97495326210344,361.60603365712416
267.1753278074782,10.603476470384123,495.72692664982833,361.4358313688052
257.73551237197614,7.352617649991942,493.66091504951896,361.4048136618418
260.90538961508,13.868368122963233,492.4316055858942,363.2295501273982
264.9045627272077,9.926755462504104,493.8901332553767,362.72622835969344
261.3703923509361,8.333519875438782,495.88707813389647,364.95962853563225
254.92997110427382,9.568419735198233,490.3273307224358,365.3526952177857
257.2914405247742,11.59430697882533,487.86126882693065,362.3264836129549
256.89933694959143,12.424373836899832,487.9171557363218,363.333477982896
255.02507337603706,13.543117490727525,491.58808270977835,364.5848479445277
251.52608210672412,9.905559840964031,490.6810030497653,365.77192956790725
261.2015728016082,12.842032506009502,487.29793814864456,366.6693575822377
258.75778616733595,7.780901391436231,489.1347726056962,367.8365674355908
266.6865143794266,6.2971958960498,488.6620436595421,365.7456021141078
266.34751774364435,6.533762338653219,488.67143041140764,366.5979080859795
265.6105944227821,6.343984206957998,489.29357394577505,367.7533133936929
263.05181740945625,8.941354442797206,490.62193052751104,369.3257228472464
255.17121750015986,10.036631447028839,489.76269463138215,369.0621555331191
255.77136435744828,14.19211817403584,487.0462999141121,367.1745867727086
254.7000330671783,7.771400095043873,486.2742629402087,366.4000885587443
263.03717400145683,11.471325041614136,487.8712422868616,366.9145004835359
264.8222323305931,7.558949824261475,488.57214842521984,366.3144262035806
260.91960210563605,7.141022565662723,491.46026934495217,366.68380207497654
254.0101724270536,8.073461235721396,493.6171413974296,367.95584709432575
261.4500621036228,8.813295527051224,489.24213423057034,367.8880462494362
254.4705086288035,10.478323341322437,490.6524483411588,367.48454553918293
259.44121509686323,9.16405834531028,491.68532911384057,366.8478820688354
259.814048213414,9.538233124226451,487.1127426098192,366.60723504043347
259.48942175528344,9.63970406881154,485.50180289340517,363.6540921644011
254.96303333892678,11.428653584689357,484.8429317387528,361.49818710351644
262.0283010801125,15.457327439110855,484.91376744931347,364.0481649485675
265.54596399486417,9.683890043397469,485.2528102874127,362.7962268737833
261.4341683894032,12.399653613148786,487.58131902457967,365.02462948663054
255.3373878306414,14.213049431603338,485.83270332325566,364.8017360888572
262.9326970597273,11.10396235588206,489.855868129244,366.4935540200544
254.24521998141074,15.335034091388309,486.6146666614875,366.0899060705873
264.2782359511202,13.344492853447719,488.62573738320134,366.5226987706201
266.5469086406211,10.790871952301273,492.38817761821326,368.69197661035804
252.76196052471485,11.59420606952014,489.8063614324232,367.81054264601613
255.75817446994142,12.504871985937427,489.10061424036485,369.69612571491496
260.8472047967951,6.2700799473574875,490.7867932793455,368.59493857472864
262.5644545798359,8.604260547871462,491.7075927092356,370.447933002668
252.8872843561074,9.389471465533518,492.7189441887971,371.5405980585182
255.7730628168611,11.126170060070876,492.5103636276107,371.59979388129955
260.03954694405775,11.053048633662627,490.9329078968685,371.27659356189963
263.7053759101465,10.812348250097898,492.55868175790397,368.86444560199357
259.20904427918856,10.20919390661632,491.7767440371537,370.00710584901293
257.83024936031643,12.643622452107138,491.2683383724261,370.9588940903677
260.5396200255412,8.100271479430177,492.1657019308926,370.5747698867348
260.69698311417073,10.004500130706248,491.0158604997082,370.486989483139
259.1037447085901,11.840499746296643,490.1285548668692,369.05113312572223
262.1304831544762,14.641034956560475,489.08078523904356,370.2544006835576
262.64995100789963,8.614538859462812,489.56821958071964,368.71300963800684
267.32442909685375,12.526686723209792,494.2066138666786,370.1605139517116
258.4898943927203,12.167520521358142,491.0424828202335,368.9146037778621
254.14719901882057,14.210262849003811,491.0529201073397,369.537995732373
258.1817777966101,11.20947255520366,496.52857570788854,369.0114453118251
260.8424144942725,12.996989604555324,497.1468570038785,370.6339047662834
248.6323388308606,9.344068210532072,493.7305978082413,371.9963271441737
251.72891872386987,13.08747406152554,489.43738638075854,372.67824140959397
257.2565772645311,9.277336068284797,487.13283509991226,371.03828542433473
254.10711371023086,9.882946875689186,485.17381142573674,369.3115344153762
255.07040151899326,8.918465149709988,484.6822059486691,366.1589420239813
268.7358138009646,15.856477096663468,484.0672989720067,369.1765815364464
256.9151820196503,14.353690653926009,485.86328474838047,367.1966273833471
253.457846609498,13.344187349773023,487.040819681539,367.06060183375513
257.73967200002016,12.192820549681983,487.08598886204254,366.9336183700334
253.63129830857304,9.922640858754477,488.34478136136136,366.667887396969
253.82770275030757,11.821528036324708,487.0347943239006,366.0480906037792
254.15317521367686,13.076414940205012,483.729242101172,364.87973303575706
268.10135641331055,10.697083165779787,482.0565582907719,364.1553576823248
275.8028473376874,19.990798082762183,487.33122689367826,363.1296668162555
275.36589218731405,19.887681979248498,484.5015360725225,365.1210252325419
300.1015572661199,14.559226036934348,491.4245006536803,365.0106069474925
311.47820398519787,15.473048138374224,494.44373300287793,367.3017753056479
344.8392047289508,16.357300051460896,498.8428023771885,364.4542000769248
365.6670833640437,15.08227367834786,498.43932629596753,365.63168075875114
404.8857464614866,14.923779924101098,504.25003934668723,365.9931383651143
433.26031837448215,21.13547533681043,502.6367407050222,367.0926357232894
471.7329054240379,20.369278025045872,503.1289445355983,364.71773583502346
506.5668101386512,18.632330344336253,504.0461952260006,362.8897341474925
532.8382971573026,16.499809547199277,503.70449987522136,361.7840315134034
601.0334860533155,18.056162272309564,511.19835365057827,362.7588581066399
621.3063839167055,17.003603136913256,510.1344609999701,362.48855604547754
659.7493004600046,18.049265326755403,508.01567198075475,358.5436639463337
699.9007201120968,31.262964077786023,492.2825424544023,375.2706472426123
709.9056679617667,21.86983463863487,495.4010189474455,366.5286792684976
738.2327578552758,19.583050233316527,498.47122728298564,361.75763500387797
755.3667816715282,18.112052829294697,496.493363671477,358.81398299185327
775.0783521911565,20.446274668886588,493.227945105365,359.420422106096
766.0632431568021,24.39822832160104,496.7274796566178,359.0569839702838
787.9994967334402,19.34966458485178,492.28230633512857,357.656889497066
796.1762484198548,23.20980111566655,489.19682454585654,358.7060265687983
812.1391351142001,20.213101384727935,492.14125226800564,362.10672054247055
816.9236517769789,24.061287445156097,491.4875689027755,362.4478793206621
818.2611793028345,20.503448011809013,487.67482592954013,360.6570449732449
815.8239351127584,21.829798994249558,480.60551147613535,359.9253898614293
814.748824580505,26.31242099168486,476.2687511487351,356.38994494645374
821.0112189679721,20.061537123083667,478.0051785374361,355.5076823415541
829.9895659464246,24.130278496864037,479.7862756419327,355.428569230529
822.9278421282484,21.984986695326626,474.84380721688376,354.66227903523344
818.2272625491929,24.366418755896802,474.4598873726143,356.9291838578797
827.0829371304511,18.833355851800803,477.1342918416897,357.4374988826855
824.0760188413176,21.196325944333466,475.56837502106134,356.37045419017386
819.8692977354993,22.4882166197292,472.41394518527363,354.72600651667426
819.6038708233518,24.1859364073961,467.75267464280836,356.1153145418959
831.7162433450784,22.844774128799088,470.94584303624487,356.2109143409417
829.1965333236869,19.49588355480799,467.3303205665155,354.8407061395587
825.9848910160359,20.35202204468635,465.2601607390686,355.62494753329133
828.7138672758626,21.089040756468876,466.52897432888165,356.13996395513186
820.6737219859052,22.975589296127907,463.392466126448,353.1277632009252
827.2828531548556,21.9283795535045,463.3917969816013,352.8070561240535
826.9255959518534,22.144798219533783,462.18827135045046,351.7186302843426
830.0786474783206,25.941215877948224,461.59329319451956,350.70650251756257
829.4990864757206,22.91164851354094,460.9207915262804,351.28873571515766
822.4993000642845,21.99473503310469,460.2428311994333,351.2411914163408
828.2771978599558,24.211790486764528,460.408435869016,352.4322907942079
825.8961210122941,28.579195859827564,458.3838459234399,352.7104814900374
829.5467968311317,29.02998283746075,461.6088834077739,350.5472210904885
833.3115919740293,33.38881956717873,459.5535319945068,351.6568839423929
831.8922339986209,29.13775468649493,458.96409848357746,351.82707400649485
832.7193119205695,31.234596026635842,460.64522043547174,352.28942102744594
833.8705481895943,23.892017265154124,460.7478606408,351.6245047360173
829.8093543839093,20.379274704794625,463.2022170365022,348.9346597328349
836.9271459836208,19.650459764021917,460.76588348612694,349.3789388892064
839.1677639647023,24.63958975526839,462.85012823303987,351.95761612442584
832.6780292181314,24.693297486529133,461.3024542477881,351.21814078975393
833.8205474923659,23.281091215815337,463.1982238592924,351.69779815845203
828.8727495955145,17.86054156667032,464.65149406095395,349.1694154163368
831.7548547772778,24.675069595505278,465.95282353431094,350.51862225997303
835.7994979741484,17.80831245354605,465.75404007025725,347.18186791291004
833.381358670653,28.49516589523256,467.83360576373497,347.665302524288
830.3495201451141,29.143547902261815,466.4875209091427,348.6386329049133
838.1303746756936,23.972600964177104,467.20500954085475,349.81390652656614
826.4874186342706,19.65850513910806,462.3154417347847,347.7636771561964
832.5948211445032,18.795589546335407,462.391551249842,350.17955864567773
829.4592674915061,21.672947432864987,459.87281690391944,352.3303432846059
832.914853545374,20.223731693497058,459.67605224018416,351.368622995611
838.3577210886306,21.432386613565512,457.54847106907624,350.83953871089403
839.7758280043713,24.605831836740094,458.3000210239105,347.298276564258
841.0494017523108,19.37766208786516,462.2961627126019,346.7585471075401
830.2278516283176,30.980878174180447,463.19365558448976,345.98787924765367
835.794060733745,29.109720127671665,463.6677914050068,346.6558116050145
833.947509268811,27.676467945153632,463.6392361050472,347.6364066511266
829.7529834789162,25.629482989393694,464.49367550603415,347.29337533431396
835.6117288744464,24.664272254128775,461.9082180630574,346.52013512462224
830.3504476923239,18.67051567999235,463.160256402339,345.1937931016915
837.6971213070753,22.551000443785597,465.9398839500576,349.71920529560157
831.5746657466268,22.259598633879165,462.815884281465,350.1445801143547
833.9623101930126,24.15856643391635,461.9134596350617,351.79794513531306
830.5806336674791,17.012705190517863,461.18319276730574,349.52904636051335
832.536262040531,26.86097909529633,460.8728583673169,353.71865654045837
832.9881708237356,29.840043198254563,461.6273783939864,354.54410529987393
838.6233419073293,24.5424374185572,464.9587389169235,354.3152173185582
836.6052655314668,26.99508903471468,463.84473707804193,355.91856057443295
835.4253927301374,26.973285153792176,463.3652070821745,352.5725504163561
834.9634986568955,26.22815911066681,462.4514195546015,351.79460687348694
833.288221383072,22.117499315349846,464.9490646564857,351.13152609638405
836.7658549735327,23.50812008740249,463.7558733765958,353.6369237658408
831.4580784040772,16.013174919600374,464.036113672184,350.07292005847626
829.9796175332083,22.01452350230889,466.7447087994228,353.4997415927052
837.606289581088,16.835728809746684,471.41280292082627,350.40199345341557
822.8097608255266,21.02676989098262,470.689850910465,350.75279569798715
827.5924778389177,21.471224734588674,469.4433084089512,350.90912593615957
831.9115902974979,21.918311178134445,468.99408457516483,352.26704302633243
825.7412307114752,19.291090392080406,469.9062530269955,350.22363828114925
828.200214344798,17.700094133186866,466.5417536301085,349.96732852041765
830.4380298852035,20.462617794181426,462.82883210730756,350.0226025103792
831.7502825950257,22.261135427605154,460.2684244423202,351.0882178287063
823.8644742653092,21.242184052428797,459.4465066321489,345.7056284068178
832.0465626326154,26.006674295355708,458.6210767313379,348.327565927861
831.2256400905928,26.67781108915375,460.91263551043227,347.4419805357319
832.8544700742036,25.63697464626233,461.98965228576424,348.3195555545027
830.7993556682749,21.991400403595094,462.9757887571525,350.19697389533644
829.8656016101568,23.803451013005713,462.59788547736207,351.51684431042634
829.4590708201588,21.239485980285167,464.454899760834,350.50805181117016
831.7937991459505,21.827842850272646,463.1084430634741,351.1535524362007
837.1058303582804,25.298307197877023,459.974580681539,349.01611581023633
840.2573214624655,20.872934085481063,464.4262533575072,350.68954870723894
833.5792512262194,23.792720357785043,461.35995616215274,348.4185017153806
829.1665675174958,25.700409569551198,463.81831632404584,349.321833237527
833.8626520239717,25.65626898788065,464.56819900787127,353.9598165683791
826.9691903251974,21.988441328949193,466.3284147561889,352.3552806173211
834.4989706828565,24.26551711547441,467.27169980503095,355.58336514351384
834.7469853589907,18.95834696031821,466.20165859048444,354.124607271148
836.6071169016061,18.522827190705243,469.8004029019516,351.79244313224285
840.9289945655826,16.164023355414542,471.50325001387915,349.9893474870894
834.5822095158924,18.749925529101773,462.4606331320582,347.8147333767602
840.2564436977772,20.294945155160292,462.8340905037624,349.83103357929406
835.6541551271227,17.06550998398177,464.5951552053434,351.4741900392048
838.459997068656,21.47827451524975,459.3509394409445,352.5149901697841
838.2362756107116,19.99077974819005,462.08309586353204,350.3723048763278
832.6112010508359,21.487746307042215,456.957222644416,349.22051589028393
845.147550289121,25.03256861426192,461.78829270727454,350.07133386510844
834.4996258293278,24.677037488812374,461.1515854745174,349.58390025113937
834.3962946435173,24.10064276910066,459.2283485827563,344.1320101060596
844.5275875420214,25.31983125599055,461.3744522846497,344.34473853618
829.4414609126757,22.08888426538934,464.5024150007385,342.4364380822628
837.2671109075686,25.23498138994273,468.20898320553266,348.25474416884936
833.879895756272,24.560203982634846,462.7502210642781,347.8829433068141
836.8409380314487,24.093291293025203,460.4568994743588,347.4174254338514
841.6366957665784,25.552792290911327,460.1364115691018,348.83793626309136
828.8930775155761,25.286673665044532,460.608335876282,347.5400050291835
835.683786938291,23.07866901936302,461.20766692404106,350.32245723932397
837.1141022877202,26.108848662869207,458.387131170762,351.22246229404743
838.5460311073743,27.31032047423352,456.9039084353616,349.8652971842735
840.0257897364277,26.94805511001431,457.19838850315233,350.2660162028311
842.2092268887959,23.04444873394479,460.81977399074356,350.74638283222845
826.8193128775182,26.798688392424992,463.2715933615657,347.93373147623606
827.1999157304217,24.084616912855154,463.2343005504845,347.70134386820655
834.3838262897266,28.899386878916175,462.6043372504783,351.7440689888799
847.6929511751173,32.139457023992804,469.8123242045504,348.7427759639702
837.6258002997602,23.358734329800825,471.706187493961,350.30242462994204
829.0025626054439,25.338565541612866,470.61918395498105,353.58331510853964
837.2967496981944,22.01779904987717,472.77097547992935,353.2827942971502
832.6249312026807,25.976024558380885,468.7705544341525,354.73698308116815
824.7407857777675,22.213641680447722,468.5415918660101,355.7541242108748
834.4334913180891,18.71111285513038,470.0883611900301,356.2907465740339
829.907601820833,19.095409368331985,469.67074836172753,355.77072263382473
834.8436223588624,17.611157147553172,469.8388874919673,353.91633631686796
833.3373139435457,16.275929123658614,469.8893930879359,350.8211554437281
833.1418988893453,16.343332515217497,466.1134393866748,350.88370659830395
837.3357950041388,20.381913858440385,467.45403689707797,349.67082461254176
831.1140089605349,20.11760438034088,470.5634176619592,352.0570684571609
838.1107631574274,21.31315479590978,472.28718298033226,350.44069365923383
829.3993959621723,26.032409217951198,467.8313639803395,350.12863058541467
846.110976142143,23.113250309255733,468.90660526224383,353.4699450859263
837.3382406652381,25.76310749715276,467.31503512413474,354.21604856215254
843.0315637119248,19.856899114950465,468.1087841571041,356.21475225282666
836.2834484265553,24.966661141204753,467.9168805344228,356.3311389974372
844.4210750532203,23.789853362614565,472.5123738936415,354.51101607500334
833.0956219384072,28.39280105168612,469.2411438165051,356.75638126357165
835.8726039803576,30.346087429722218,473.9775087120966,353.00295399957633
830.3096823683115,25.450549531181935,471.63373886093217,352.6412835960954
833.0564400829151,24.243332129785927,470.8315095187613,354.54190365155387
832.1249965534149,17.408229457145723,472.61190939693256,356.1575740847249
840.6462896687447,22.37036068211927,473.7775884708385,355.8148011977661
836.5521380475557,28.092678736499067,467.3692616167808,357.01015971028335
837.8578811440041,26.943402253088152,468.08375203406797,354.9601060906489
829.7955907165734,28.591305057616637,462.4809368775766,353.2918939988954
831.280061365927,27.77795585797537,461.4254502307019,353.0932582068556
833.3528780328738,27.22188988405148,463.27881506193893,353.3910880678732
834.5209725993889,26.661248676742332,466.71072523692294,353.222169414567
826.3767462154703,23.471587333727257,464.95530326415917,351.144978695751
829.8017289658351,20.149803355206643,465.23359789908045,353.2284365606291
828.4265407833952,17.935889668213747,466.1830106237471,351.0497127642658
833.573764017467,21.76791351912189,465.42729668429,354.16985905506425
834.858543976318,25.326158189196462,462.76560778940876,353.4043719312542
839.557749441652,26.730208222240293,462.5809095510011,354.03631269196404
841.3689756226021,24.436646146716782,465.01192446281334,354.2315348731014
834.661650042639,30.584328937860903,463.62143798846205,353.5980736258351
832.5328345982247,25.487922065855827,468.17788040239725,353.4417319438199
824.8518792661775,24.835036531009962,472.46730991109587,352.11034485807033
830.3839705258619,25.66576209432577,470.62799235144416,354.79189843496044
820.9369271608423,23.142921684237024,472.40134963507217,356.4971654463153
825.7375090664176,19.201934676349595,473.97311940241275,353.3539891630179
823.9996078828519,23.597135081535242,473.84521374075086,352.6364595608375
827.9716141184076,24.834676163757024,474.9101677155623,355.722298111726
824.9713712434909,20.449058129081948,473.78553234875744,354.2067490553437
822.2285704553058,25.194635770714115,469.20630314509845,351.0016274024505
830.0415761308727,26.51394686086536,469.54096226515605,353.03547054654985
840.5218698035286,23.816463402743352,471.1200992698198,352.9065064363351
832.3046807112446,25.22600539702188,467.2399346840019,354.3544274145139
827.4512810139172,26.76022883183893,469.73386061979454,352.6361583097724
841.390008352419,22.645927751572827,472.18012687479757,350.34129722109805
833.5490537293673,28.10500823004412,466.89444578887,348.8849892914992
829.9133621811047,29.746415486156508,465.9589273351022,351.93726541648147
837.4511562039479,26.58362907263512,462.9131120478996,349.9042738666932
841.2838584545406,27.06845598683816,466.1339246640238,348.9759739978773
834.0638246966893,29.199579863721794,467.4924110640038,348.9314353085937
839.0083576912718,26.92114157354385,464.64171759147087,350.2311526558563
831.781695747622,28.53985083429569,462.2637979637558,351.87009121290487
831.4148414724893,24.5939076492659,460.18562854809403,351.3185628948541
830.4917408164238,24.65724903543088,461.36806746961145,353.40088380942905
833.6962581084432,19.22494523291971,463.90347754194477,352.19317619838694
832.5310554026294,24.397121719637425,460.96679406349665,351.8486591929691
834.9229888732565,19.46163577829654,461.74149989140756,352.6074217555825
836.4997306236871,20.77075941943633,460.6261168715795,352.5264278531247
837.7089837730807,21.832195686933943,464.4752816810384,350.45025745348374
844.5212148794692,22.98394009757567,469.51327216601516,351.77824360397153
833.4765683614996,23.69394665421123,468.72286549492304,352.3730601263205
840.0542329936596,19.51120761886105,471.9615200715454,353.03772824142396
834.5448742917133,15.40912847780072,467.1267590437365,348.2713674576877
828.7150679461388,27.203520231737826,467.1194262774269,351.4179374196621
843.3617685407188,27.198170770258884,468.3570690946146,353.20215311679755
832.2005835154946,23.81985004645213,465.21750791642523,352.12330862919987
838.118266879407,19.43934866062088,468.80805786035353,350.0457322230059
829.0916727911817,20.315000339606627,470.0875567667845,352.2928445735763
830.6291691398034,20.5020407306869,467.3735552792867,351.4455585826374
829.3206751220039,22.90377737507268,464.2800578565117,350.43657324705185
833.2039515560906,21.34782292359921,463.2949423853413,349.8026311101123
832.3693380992737,26.202850736682763,460.4207218044682,348.4373697573217
838.8759596763146,28.173152013002948,457.01911576586497,348.02371446458426
837.6864434589104,31.142709504345845,457.48414101378376,348.12446211464993
838.1510852144895,29.307600803726842,456.18728576128285,349.29663144879504
834.8031537875222,26.486853418856356,459.82764906153704,348.1971379639889
836.3231559152083,23.937760929802465,460.65333265330236,348.3800063603706
832.9268326969469,18.837410853664295,462.8077830983091,348.132536804395
832.1287413365325,18.57898089299175,461.5003045680699,349.1538947306534
841.421352407322,16.01168555893591,460.4821028427506,351.3757384924846
830.0395707234042,16.23938471196786,460.29271668666047,351.0731927216685
836.9473079819134,16.461539764998662,461.8560168125865,352.9379939723421
833.2017141991221,22.220543094635786,459.55161588482173,353.30693399122947
839.0686175676417,21.311685441639725,463.45610527510195,355.9732158293566
842.216817702581,23.835235727269975,467.1071670871323,357.43046353614176
840.1289134799042,24.590654169954377,466.9055837173005,356.11067194994536
852.2092484009837,27.35962880464004,471.2600925555614,354.4960722994858
856.9322938526882,24.880667985265205,473.68425140038244,354.63485636499325
863.4955012024786,28.328394642401832,470.3860704196736,354.37824324923685
874.919189391003,29.42950127725811,466.12870945400186,351.0514236085984
903.4362340231012,25.997347154767454,469.79421659483484,348.2404503289215
916.816025151702,32.57064057663561,473.325609908312,348.140897748796
956.8993515110147,31.27351116746246,477.9722277585341,348.38469460730346
969.2069175028785,36.81019182441261,475.91305547634477,348.2179533190379
986.0217735554941,30.993728436209153,477.0949736201369,348.42803044029347
1016.656665168895,30.923952633776764,485.35847744167506,349.27619782503496
1026.5761820604794,31.354211317307858,484.37116828314015,347.94279496850896
1051.8732685897724,33.83205819359284,492.81468061884124,345.7980059572262
1070.6631964046824,36.853088913871574,499.418933723152,346.1171024108033
1076.088220838623,35.35325661891599,496.2487754878999,345.6422024484073
1090.2474725571144,22.404435394987587,499.1414174519181,345.8632415790034
1111.6302615737363,23.155325429778003,499.6960298483616,350.80753790255
1112.4581652239995,26.84138491799223,501.26343002159035,351.891975246312
1116.2129149726477,21.016603117644564,498.4703726324484,350.97173370174363
1118.2693073101154,21.885198784946596,493.0959584952707,354.6208877536447
1134.9465425654148,23.482369477914006,500.19962168218166,356.2589423981359
1129.309936085899,23.30032280602751,495.6677752082301,359.2065420876578
1135.7910146815066,17.139195686998733,502.92733585148756,359.7383529053052
1132.9412996259553,15.499793979210693,498.3492076358689,360.0699898780102
1134.8035742855086,14.358211043391066,492.8002342883658,362.28279194495144
1133.2852982794702,17.24633718096362,491.1428909604765,361.1696170242375
1133.9372317012444,9.62721776543637,490.69239245885086,358.36736093646874
1134.708154188335,18.07761717045912,492.3410115044453,361.8360784991039
1138.8840728088926,15.47909392982072,494.98639430269736,362.52630334799545
1142.3381264054578,11.033659451701624,497.0143384782805,365.7567714367715
1136.9957025647136,13.54938792016074,500.21045096079416,366.4933732767087
1142.4470472435241,11.96295383481933,499.6589388187497,366.25270251459125
1137.3789366928781,13.09838780898042,497.9374509890722,370.23304048744217
1136.653882771993,12.192429064794396,496.4135424028485,367.67146001286255
1130.5146077735565,10.302613394330933,499.63015697491704,368.9043596433555
1134.1677781425417,10.762649225565667,494.9474226803517,364.97286725410993
1125.1326966654988,11.030091758412311,495.8299845449603,361.1672304737102
1138.5805776928983,12.022157284476606,496.68993881401366,360.58571651848257
1127.7956521160654,18.344782978248816,496.643584752225,357.8883859301935
1128.458436187589,20.102198470446865,499.7566376533367,360.317416430325
1126.77855187257,20.156936555825837,501.55131741523394,360.86823401748256
1136.2961204724447,20.79269372893623,505.4764654022521,359.4479399064903
1136.88454305355,18.534742255341683,506.17766079218075,359.51082132734274
1135.0948511066329,14.998436833654381,508.0292132031276,361.13173339065753
1138.1456794620203,16.395233761522945,506.6119894757513,362.1130054006278
1130.3422811807995,22.119363193401057,501.575671948227,360.0228607794253
1128.8199447300763,18.944208314585154,502.685490699855,359.6642657938625
1129.708636139373,18.273510255556516,499.1887960478798,363.89028639312096
1138.443024477048,18.966848612101273,497.3052730880448,364.2501976717459
1133.155264622469,19.573866001198354,497.47630900203706,365.4513259337129
1129.6213437692427,19.217467685461088,498.2766226513912,361.7764949635639
1130.614955889788,14.93761002664479,495.21839735744436,363.6984439199599
1134.762548969039,15.888895843417686,489.79319081892226,365.7077706609716
1137.1578688083514,17.604559591777814,488.9144855160604,363.7272121118527
1136.1112992454168,14.015876997896044,488.43159939435554,363.4558163132881
1132.0823952275705,15.692163786767765,490.64478767907144,364.67654881922385
1137.374445605602,16.926273261060885,491.36739049051374,364.71056790583964
1129.9221670607321,15.190413500157149,497.7605912264935,362.69101879285097
1132.525138070678,20.899809720541555,498.46074328085126,364.67667486129847
1148.5197446675036,22.904228898321094,498.0855208708914,365.20323498901575
1135.2563509554589,20.956596652123068,499.36370256683153,368.6186571762284
1136.100662231339,28.815517518190717,493.79770751179075,368.73337216864144
1140.4950023000574,24.56853635543021,493.84139717873563,366.6851935334691
1137.01217344609,26.62958563679456,497.17777932629167,365.9973970623389
1136.0062930033182,21.50596824513957,496.7294948741584,367.4826927968818
1133.479335959836,21.315419523150354,496.40104611856316,369.93232389984155
1134.0345321206207,18.768762362127177,498.9636338671077,372.68406426825936
1137.844863080168,18.320626049489874,499.98380008064265,373.78204214069774
1134.9230317784595,22.980871666127968,502.5399518121722,373.68713112287566
1140.0541694681413,20.640167224143198,503.2135799820029,373.8052870809724
1141.0046835577728,18.675030910909612,501.9554787341213,371.22016311243834
1137.755491976437,18.508949290630397,505.47659558514727,371.5668050262239
1130.6762671911683,16.023934423985168,505.2227459994957,370.3286796043325
1139.8804928198388,15.787094474113758,499.3819703326699,372.00859169420744
1133.7347466769966,12.17828965564155,497.7444989571605,371.9926050062312
1138.060361119507,16.488094627442763,498.08997512737665,374.0174233158026
1132.721890001182,14.03477532590685,501.1436005991949,372.4242230898339
1141.6871628053098,9.654175343780565,503.95700488107605,371.699702419626
1140.035398023851,14.749518683440158,500.20408121599667,373.3947569741325
1140.9343284234756,13.386578424178282,503.09015319796725,372.1228116316791
1133.5009143973375,19.510528704780768,503.83655602593905,370.5580136782012
1136.627446426183,18.074942626047346,507.26928489122145,367.1975078266348
1131.526907202014,20.358212847857544,506.8787533847258,364.2295904203527
1130.1141888090099,19.495292290383134,505.34815779921286,363.8351820254901
1131.370694333698,11.927303987590335,504.2831904538695,364.1252180411709
1125.1466729565554,16.072073764573076,504.51060637709975,365.55082073726646
1135.6053828440877,21.059540296087278,505.2992412895354,364.9067830981272
1127.8704152529508,18.042675505744114,503.34433172998786,363.7273793437
1127.261953118477,19.549388562195674,504.61061152445893,365.00889036458597
1132.2452647657556,14.870036413391801,504.2121206304145,368.3107351689381
1132.233084958991,10.51912401815963,504.27673251225815,367.5247240753082
1128.4104451229107,13.262002920606335,502.22750553921594,371.70512017819067
1130.091234339635,9.15979168107927,500.18002999387454,368.5734478009826
1124.6124866723299,8.674501022508508,499.8140275562684,366.87223589569675
1126.3226537609592,13.316989053098837,503.1247910772214,360.2329476530433
1126.9235530424985,15.379833752376271,503.24098973132084,364.4644569696984
1126.744166756769,12.028623563581391,500.9929774822236,364.9617200673199
1131.7935984142118,11.434950060180313,508.7062174388219,366.56818652159177
1125.7565033332062,9.04627714176101,510.6176993183624,371.0863783366904
1132.5930474969891,9.131114135552053,516.484779753004,372.5693678184229
1118.095700653244,11.46030430634147,508.7743342803376,368.288078705806
1134.354113975987,11.888105002196852,508.3873866326543,370.19278152666544
1141.5549162817113,14.846709456271583,512.2273820578271,372.4997061100321
1136.8200790344326,20.82809962696794,514.2646281923987,372.07230041005784
1118.9093746655242,20.263143575223694,511.630256900919,369.924712599377
1126.867893692468,15.358881785375843,509.55087963652136,368.2269238087724
1137.4686353830639,16.849875782072104,505.6967454221992,369.0121637034872
1132.7543977661542,16.825098663305937,507.4871500726752,369.0155686163938
1127.5250982098341,15.537302066021994,507.0549220063604,368.36654051503274
1130.5783341693398,13.16922636722694,505.693169115822,366.49641063210527
1131.179738869759,13.115202587464154,505.7570953879343,368.94169626497984
1129.2849886129163,16.171317339990367,503.14450106061605,369.3763327000214
1127.7363216864662,11.561014791956495,499.8493082869296,367.0804611649246
1129.1974254306492,11.567222582796092,500.60654368110113,366.4386844902011
1127.7675230778002,16.599438228938993,499.7628037701001,367.96105281949735
1124.6594496832956,20.710837776172127,498.07150560519096,367.2409674052984
1126.6125256467735,12.145196893210596,502.7052897439088,365.1000972242
1132.0130608539578,12.051515104407457,501.0601698758052,366.53826892158014
1127.3289747342455,16.526201905070934,499.8445026987258,365.0025949471758
1135.9390807661855,14.693263082928695,497.88436334297575,365.58868772131257
1134.130561003798,19.478135367116977,502.52279414029533,368.5827802043276
1135.5218197063937,15.776364166706657,502.8516086748015,366.9227687950286
1128.4667063395532,24.361258293651105,503.0128579380844,366.86649067297566
1117.9124972104323,22.797420232491106,501.9168809021366,363.50304741053003
1116.6073725442832,18.539691431394488,502.5060957552937,360.5886172411168
1124.791889580229,18.981373036621704,499.53597411321175,362.69722957654557
1133.3335109691895,8.345032301361698,498.54657288802485,360.94066948517593
1121.2664494164019,18.503311514629956,500.8495745488981,360.852311971115
1136.1319066186613,17.03489711491767,504.5938493533636,364.8675074077695
1131.878174756584,13.44850464092113,510.3309330573765,363.2658449146615
1129.623031697448,12.47778981078909,511.9810049422505,365.96400209157673
1132.3135206608242,12.347935215633584,512.5432514455819,368.8743169604461
1121.1354891955023,13.278900415313814,502.3239397729545,368.4052170521516
1126.143873467675,16.49946734804331,498.06893813916207,368.5972280421919
1126.9546298127182,10.08543633034617,497.7288611771487,366.9549674686384
1134.8162254662761,10.8832269404881,494.5203726669687,365.0326669046923
1133.6046644222506,13.255999555928554,498.41778238414713,362.9230517351517
1144.9883070047017,12.7330253955339,501.6952932092353,361.9021124388298
1128.4438697754667,11.33504417804059,505.52150478013186,363.3892591561193
1130.624530222202,7.227321405336511,503.4342901507757,364.36260827742467
1122.9629823062426,17.798592799078506,502.4682986871626,366.0047563468743
1134.482718474568,12.553310065327622,502.94268896037516,367.9903493564903
1138.2328711677503,12.15926436312273,505.39137916422027,369.76790379219204
1135.8082394964795,11.393564932784045,504.6038031169612,371.9899627719261
1143.8636325366363,13.295372370595942,504.8884771654315,370.93497079058943
1130.782402358242,16.583581748124885,502.9968336709017,372.4956818191619
1135.2441328095533,8.6578551350444,507.8485354651176,369.4225630543561
1111.2633926674284,4.958693923158705,499.4710493797383,365.0859144316797
1118.1849358850868,15.84380653911694,490.90592086068136,365.0994015868482
1122.580073349134,15.306088021752743,488.51426081600994,364.9144743275245
1136.1722848542622,16.737373868216423,492.3382682867104,365.49073920915157
1146.7786307679444,20.39240060843565,495.52030416625513,364.1924216448508
1129.2077396449117,22.067724256577407,494.7037810534338,366.94126213009196
1133.7160320178918,18.03728788103723,495.8690400651028,365.1513810969926
1129.8760282068788,19.33918136091853,498.82689116247116,364.58646113399516
1130.62677725324,15.882812629748685,493.2859667429968,362.78137175307313
1138.5890171672288,11.540742959543763,501.9119343790084,364.0460031131363
1130.713600236656,9.034108580460014,502.5450991346244,365.3055871121638
1126.1242324512818,12.90172706940109,501.0908047676285,367.0076756118817
1132.8653937970478,7.826093858699323,504.1715981497052,364.59155349873936
1124.2595975813908,14.659565636615156,503.60847897213205,360.6044137911743
1125.680025287083,15.134541725433223,501.8623458317133,358.83111821735133
1132.5472822810889,13.659874762878047,505.982955363599,359.2043596608485
1124.547362211791,10.103185985922778,502.8591993107884,359.447303407386
1132.1831105709568,20.389023063502805,505.13074191435624,361.4364965617963
1128.144772027058,14.869809332035828,506.35115441093717,362.1173734036975
1132.8652644889983,13.565207988201905,506.2191733170125,364.5840987578197
1135.1850602361214,13.877937891494895,502.89811560095654,366.45535139744646
1140.585965078548,19.33842154316261,502.0631800387232,363.66408094011933
1134.9093960001603,20.455767927630802,499.266432064212,363.132807141291
1135.2262982840243,13.333858339798724,501.6252708528073,363.4544423264766
1148.3917976836055,13.611868709401051,509.6209016923169,364.14506083898095
1119.3924775195542,10.946275365736682,505.3263863502536,365.2599251042821
1125.9177873566182,10.04981770683031,502.64137775248014,368.3834505781541
1127.8636224445222,13.36424479635923,498.60835766498263,371.67113368394735
1127.2604451049651,10.489482258975613,497.7817974671591,369.5083014283923
1135.6258969823189,12.706519130473964,502.2170542959476,371.75753008789195
1131.98420014158,12.713500113632762,499.9253260978474,370.0475589624862
1146.5875636915964,11.349218274009246,504.30031362794153,366.4867220641881
1132.8323578133447,14.462935637838882,504.32696455070493,370.2915377408867
1133.5198165223937,13.61782309485855,509.14191510593434,370.470294654774
1136.91120045986,15.64430176494713,513.0505468052813,365.7692839069278
1126.5474982226347,19.73509105281022,513.4884996806115,363.84151430642135
1133.9157331432211,12.590174129959308,514.3364643487157,364.0136208724601
1133.259677801546,14.390034683747842,510.1216199043496,369.221836433279
1144.6892350676248,14.347837423771466,513.7591942149659,366.8823580055389
1135.916561693199,14.857435721878204,514.4605849701653,371.1077941302727
1131.0913868899434,12.024355440765873,517.897466978715,368.715061488762
1128.6660136602702,12.531831332595175,509.8771873989376,371.25879524625634
1123.5279772797126,11.371281410012244,504.28184216078546,368.98285777605355
1135.1235918473485,12.965488010493829,506.63827003845313,369.5400624416065
1139.510192151033,12.705791070890768,505.00073675515034,369.01706192116967
1136.7596255258377,17.21967549578565,505.19248995106665,366.2945108142998
1135.4250537641976,11.485594660536691,506.4948707170458,362.980600417537
1137.399063765119,6.908522737772671,505.21445683054407,362.05265579260606
1130.8099699680981,14.268307245185127,502.63240100875316,365.5256984721171
1136.0774560595505,15.521670564893412,499.35700371598546,364.47753718704774
1139.8896148580461,13.269349629558917,500.4356442259888,363.02498806726874
1136.4630521361953,13.767774732021763,499.75826067463413,364.30035918917105
1137.160398848213,16.04971027821628,502.77974786125566,366.0651118684495
1133.1793824585816,14.774808500791067,500.60690725032043,369.08998995294775
1132.5802082033779,12.235773130912207,501.90108814585074,368.9162735070365
1135.7382519350188,15.426800688264422,503.00814788410725,368.20515402313043
1135.2237082971556,13.347372268104948,505.76325823779814,367.18976455226164
1133.8466304411697,15.753619936166842,502.02866110782037,367.0499305206117
1131.3246754773409,14.124105572611825,503.16482424363875,368.9858499785796
1138.2504638928835,13.000316018406068,502.96541950117603,369.13689507324295
1143.4913338114548,13.801511140318098,503.64475525607463,369.3503562793853
1141.1570070018274,16.706952011396027,501.73143722997423,369.846083690977
1143.8640898347933,16.191198032467042,509.4109757876753,370.56379715515976
1129.4651766646016,13.570183842379492,512.0886982919993,367.4780333676713
1136.3454185965002,11.372178986750242,506.91514470316525,365.73827037385166
1131.2585226033314,16.13259806809424,499.7813195020029,366.8395616514713
1135.7952577843105,16.301151965539162,498.80668889987163,364.7491183806598
1136.518400014338,14.589692215523911,498.3814178189134,365.90407232549927
1141.2893962560017,18.24637919182618,498.4166071516871,366.2877622957768
1150.256838443683,17.07354973635276,498.82496160689107,373.21169450307985
1142.2224337498067,17.976750564403943,500.07246381233153,369.63910124522425
1143.2731850127648,20.98759198395993,497.9510933055625,374.56132709751853
1124.6803076616377,16.091365390674753,496.2254252783245,368.2563643600166
1134.743796303912,15.870148866988501,499.45006199218926,369.4104497458939
1140.8449064291121,15.171652465574908,506.70455827926423,365.7360700397184
1133.6303032457872,17.571675161285555,505.54075278983487,366.6311340156677
1132.5433418122755,13.158180294244573,509.2165832439101,367.6452093782592
1138.1509041336103,13.959784719879394,503.3782987158337,368.1708037801634
1141.1490721127789,17.504060468885825,503.6614575199171,367.45485999012783
1138.1176834056669,18.342442440647176,511.42093777208555,367.98614820496084
1135.6380045554513,12.055244661982982,514.9594260028738,368.975633369528
1143.5973922397602,12.03829614513404,515.059970168558,369.48082504472063
1135.169136444628,11.286276972296776,512.1836154715907,372.1716774601431
1136.374150986623,14.348946847987804,514.1672931861546,373.38516579561406
1141.8506105886843,14.014388060415882,518.0361456037358,371.3201253316649
1119.0977938000883,15.463215274392041,514.1360517944534,369.59674844773417
1132.4336049607894,18.475235964162295,514.5256057730999,370.1741880290396
1137.7868103579876,12.803618606777718,514.6798488559618,367.42741496182634
1139.7490815948504,13.887922726601204,513.8272978258701,367.96025969268413
1138.8981112866873,18.75788263305745,513.6711978709836,368.9525843713488
1132.6511189786524,15.42103436846213,516.0662883677903,367.55892765194324
1136.0538985373291,19.691086203842474,516.3012580246985,368.3974412678647
1138.5658781405111,8.233725114529364,517.0753139359799,367.528164957111
1128.347797799709,13.102461895151436,518.406942375763,367.79541494475603
1141.286533941618,12.535701010917023,514.611011153346,366.9106197290482
1148.0944856826634,13.553722578821208,514.6309423651642,370.32487251838023
1133.1555497814102,15.595438620162383,511.2372573134227,370.67493977194056
1126.2702566873818,14.682745252662585,507.7380986284322,368.38287436231735
1141.2541218847027,14.7715560094733,504.17596782790685,368.05501749379556
1142.1861423062517,13.449593541021557,503.3480596780998,371.28657997437733
1140.0318324766354,14.80856726827625,504.1640102318026,369.9974104529887
1138.8296713026912,14.375849147804786,505.91219451721366,369.6060338830338
1134.5066298758516,15.924384616689764,504.60473942991393,370.2991073887758
1144.3336425623897,18.982806267031265,499.19374365125907,376.596954105793
1130.462289858814,10.742757095309656,489.0978488997191,382.04665980244664
1143.2999760589553,16.59769272217443,481.92788955485656,385.710254086742
1149.233909280516,13.571947902001398,484.7303235954388,388.0559770492316
1146.1937351809981,9.140438923785297,484.1894392848613,389.3880997725095
1151.433528839447,9.5557396965919,481.21601270404733,388.3508904082928
1139.8124249713394,12.545212089758934,483.1257524074259,390.2125723385725
1144.8350708646258,10.722296633721328,480.9264221915928,388.2207146138679
1145.121445856883,18.06346525134026,475.40883368321386,390.0533824903244
1149.007524925034,10.671582831788385,471.8028594954286,391.2747188550019
1149.4827215989642,15.112314356677757,470.3792988771461,391.3869415275742
1146.2163730503983,6.404625309496083,473.5800634295698,394.17575559605865
1153.5923289808811,13.640263660454053,473.8770531265261,394.6864573105856
1148.4204740263615,13.597845776209681,474.14473421171317,395.33613119047493
1152.2967682716808,8.924614953682521,472.98160227930214,393.48604723463814
1154.647730569874,9.350879333113369,473.81493216137,390.6822818701322
1153.6003613473115,11.746141298762552,479.9701397570383,390.6714715695101
1145.2457950042563,5.16593413490574,478.8089015782808,391.0876317849801
1148.2786409692824,11.593511595573176,475.96249966631,395.11356512048116
1148.9423592542712,9.59006558595118,479.21423999910365,393.823391881699
1152.0821627983416,8.142834337592234,480.9437490837531,393.02985441465654
1147.6100290331585,8.011829375589485,481.2119092075033,389.23965686872185
1158.4684955287853,12.661727747247483,478.91028612225557,390.87839486203916
1155.1712228337055,14.811413242039237,483.94784351154533,389.27155140503316
1160.1982131176705,7.909419970961579,487.65868399616625,391.210124281417
1140.8149508425017,10.568353382516989,486.7895579117383,392.70628524456106
1145.8373043752938,15.753514164992595,482.1405589302607,393.18947262888963
1154.3265064393574,17.275481357405255,480.0102201784151,394.3940857980804
1153.6790593690043,8.9541258381239,485.14092879513464,396.77166011789313
1154.3521896316372,12.64980548518352,494.6224394566975,392.3423846403022
1140.4385571589419,22.25992618615507,492.94864582359673,398.0807881053025
1150.6289441316476,11.129245721550603,485.1061351991085,400.47480131722625
1147.1414154559732,6.11405193770014,478.22796112040334,399.32555765171185
1147.1919303298182,11.044717299713454,471.42772502047967,395.7553479336972
1156.5014182604357,8.346442163847257,477.83385177460116,395.55758506074574
1150.999473278078,9.291635463444806,475.74688804821506,392.5704909982862
1151.190047088822,11.539553475556005,471.43772900933834,390.95913235100164
1150.1652280987864,9.001285547390893,470.623201206481,389.5836017858231
1151.5758090529241,14.344440569436784,469.3412865726046,390.67565687692417
1153.799811920669,15.832307716382502,476.0773132773003,387.0099545335065
1153.014253362793,15.779691525563067,483.88446955473466,389.5649463984828
1139.1852142227642,9.162565713904286,485.65761627046084,382.68729959955914
1146.2169574878806,9.709771657583985,482.2938901772401,381.57106417745774
1148.4542986642118,13.389518944079157,486.8588682783739,377.65023404080773
1141.6956397612385,17.80832911354983,491.9590403552555,375.64603922371697
1139.4690789976773,16.271191294909784,483.0108023242724,381.2508810765122
1135.5940540075164,9.432980830275937,483.28754517187315,375.2736440925719
1141.1695790157007,7.397438716596071,489.33331636827313,371.2365797451025
1144.2106605476931,11.950287343514503,490.7651451370217,369.9528429404844
1135.673461062057,11.806785011782097,492.88034611024705,366.293036404761
1130.5808444404022,16.501285413562982,491.8395356523849,367.2650261254912
1141.8632837117357,13.339083536248864,491.81371388767195,367.13389637563336
1141.1049453452702,13.593853245614184,498.1836787942782,366.4218923763668
1129.1186687366328,15.11649674870796,498.25136483931203,369.64340243591414
1136.544274337016,15.310401925855956,498.2593255059161,372.02460858590587
1136.5578090657355,17.11073535051065,498.5248103971843,373.13027871169413
1142.574790251478,14.118011492454656,491.4953956216772,377.73279853321384
1134.1951427513675,13.682373807380145,494.2090182052112,373.1873492215086
1141.9996094953794,10.517525098449283,492.3339962314695,370.0056702584499
1145.0033450940732,15.78553979373146,497.07219821370836,369.94752611416243
1143.8859827343576,12.055003753310189,500.6253954377555,370.9235370263343
1138.665555328829,16.092187630807956,499.27459756936906,371.3599591425546
1135.6527461189528,14.86471757407898,499.5849411783305,369.3574717543341
1138.3593977602773,14.285467180264988,494.4968593448184,370.8257882169823
1146.782845386861,14.768498987893963,495.2003333543462,370.4494584407594
1136.2766705121094,16.26096276130329,498.24413146810707,370.0107149568985
1128.816088792826,12.469397742121686,498.2049544067964,370.05545960402634
1139.2408066224482,14.298950615442095,502.9047569525079,368.4471284316653
1145.6500770227062,12.650467052972743,506.1411764028462,365.8064587043396
1145.6618198462452,19.10196170830008,505.94783826057466,370.71018059058434
1139.2410544169047,15.320733872736156,508.4690089355399,369.3031557471858
1139.5047551327225,16.364408794651894,510.9567458915846,371.52048863498277
1135.9663097970538,15.93144308189079,510.66799163112864,371.20595042835623
1139.0791459811503,10.973783029996582,511.5134190210837,365.9492934889928
1128.0330547677643,14.557208068079746,512.3920718610639,362.10554421810906
1144.3425072398613,21.10794560080896,511.77269007971177,365.2106788786028
1137.0807634098312,15.459981802048105,514.4026840874282,365.00175513487693
1134.6914036159571,18.186661883224502,510.9670434380547,366.3589251582236
1134.7432575017801,15.33038640682571,510.9710718516017,364.71861661395087
1138.7373448854669,16.4585459300485,504.0769386701504,365.82352436460917
1135.099532052777,12.368518933594885,500.8640646941117,363.7740041540252
1137.2847918953019,12.621413669999129,506.0581564439985,366.06835673100613
1146.8740735973702,7.454135950081735,509.7875176919614,365.62798121686143
1136.1539269142224,10.487326245277586,512.4450428087454,364.8602623353015
1130.192934656618,13.063957392694874,510.39589886020883,362.65395286029116
1138.4510579318544,14.511008403940536,508.7526143077223,367.0404041787117
1141.8550005375835,11.565431093258383,511.03173661884705,366.0803172114835
1116.9026402335128,10.218002842483486,509.27000291180286,364.34804539806134
1127.6015861623314,8.770824314162951,505.6939189154936,362.99581422456936
1130.952206428039,11.98063725577748,506.62227127958636,361.71549393292355
1130.888679004528,15.037368100213172,509.96017159703683,363.06541353448796
1149.484547034329,17.823973178693734,511.33623415193676,362.86581959609373
1119.7783400066542,8.573954927482646,510.9528947282823,362.2118891948294
1123.9111111217817,7.556041059496806,504.3942514257162,359.432479885513
1131.354999492181,15.7716181948351,503.0054370872615,362.6506881789233
1136.305582134055,13.745844784329591,499.2616829019937,359.294492022792
1146.1220314189202,30.07224421142746,491.2486163711425,371.86816793055914
1143.5624919288925,20.59779939749143,494.8441021638653,369.42316336287456
1151.2396822848175,16.466494834542317,500.02391067625894,366.20772607153646
1166.572108671497,19.278600900510696,500.4696784015571,365.8966257216737
1184.6568917895524,23.128906261600264,509.1672882213544,363.82063400660513
1204.5139985759974,25.40882721225597,516.1169578576929,362.80462774524733
1231.027601765483,26.30049049671436,521.9899513688584,368.98975219943236
1267.2950209814442,26.65678732664753,527.9153714208228,376.2373149803009
1309.6913135712643,19.24143157537992,533.6023699814166,383.01472467161784
1341.23730140156,13.452779123978559,539.3804275849857,387.29496431639444
