1808.5,541.5,51,112
1748.8250049538183,531.6307129640871,50.99684067830094,110.08162979692338
1697.093780446473,525.3188822317829,49.85932936584334,108.12799881920989
1650.99870609494,524.3207435661324,49.63567496832311,105.87985323791347
1613.578505136008,517.5553734485013,49.72725181294481,103.29812284634461
1582.346280145747,512.5000719497884,48.180684947764064,104.17650424037667
1556.8546148540236,510.206143646417,47.88522601094695,104.177417697553
1541.1536946615845,508.28057630400826,47.31030743891609,104.03372821130417
1524.654486168192,506.27105130319603,46.83342077579832,100.79917570819845
1515.7835468535377,505.98460870650683,46.320538662919866,98.28715599244292
1509.4893672038277,503.869386044992,45.56583079315043,98.38028127381607
1503.596974114494,502.79447658727423,44.85654882606539,96.90565355877368
1499.6912471316984,502.7975392341068,43.43036336447192,96.74668718885363
1496.806015277964,500.6704901641938,41.99138254908289,99.35847363644183
1493.6034211446713,500.0442465740811,41.790363444910206,99.67492828302156
1491.4246198016383,500.19659037475566,41.73436425567097,99.5705901764874
1495.0127611523267,496.570142476908,40.79233734500487,100.52163517643683
1493.0762595922445,497.290033449479,40.33446077690611,99.78782232652493
1497.5268738379505,497.9358998350681,39.71111676883185,99.51399645956738
1499.7374004642215,497.33536740573766,38.44476021924679,100.45337612564319
1501.7631190363118,494.6116168004588,37.468978773842395,100.07927403801366
1503.9849384631598,495.9194680283739,36.916600305659784,100.8810453752132
1505.0320148784103,493.63066727538063,36.108100708686685,100.08985100946522
1506.6085924136707,494.5461902876615,36.210902764783526,99.86590094170589
1508.474491564097,492.69876153789755,35.975299541827255,99.54077610328198
1509.719050037139,492.2389896788554,35.891923095239655,99.39095038605606
1511.198422942295,493.04744927677723,36.37167149040235,98.89334025793852
1514.252289242762,490.43974707338447,36.808000550235136,99.86308722072371
1515.540858035528,490.0523693592851,37.27655493171348,101.08913665383972
1515.2140844657126,487.2808305370413,37.315631351052936,101.22854827888753
1517.150039516924,488.2110310159972,36.872420980457164,101.24308437847083
1520.2187043708743,488.8385625454197,37.292854849064256,102.25127929997254
1521.5270325292965,488.7119733696239,37.558699657555316,102.34522582490119
1521.3650519213031,488.06383954386905,37.1658060628274,102.84617219068619
1522.7547145004758,489.08685198223736,37.02582392778238,102.71288027274319
1523.385224894343,485.89138809239387,36.70749929416506,101.53126013983257
1525.0730845712324,485.6622490157702,36.37754963185404,100.75228748817868
1526.2801781232854,485.2612858807632,37.04428870763395,100.84231835194657
1525.797270941982,483.6999691865024,36.655970417957434,101.00434135075861
1526.7909158247082,485.33185790787854,35.573862298852234,102.3556633380906
1528.175236249146,482.926314133722,35.288596999293176,102.49337098833249
1528.9043222773528,481.1268322440223,35.12859920492656,103.44278957501334
1529.9177557658625,479.26904218272944,35.439856979952005,103.85352627184831
1527.7677344886592,478.55203999279746,35.19153346456483,102.90730284752833
1526.323026713385,478.81397355911486,35.38725728461406,102.9223434812357
1522.5301757430698,479.0973103945746,35.771087353295826,102.84580938412859
1517.1975963491288,477.35382930028743,35.49760173199833,102.68500116788728
1511.5075840363247,474.40593538235987,36.33887761645677,102.06741276778047
1497.5735029231594,473.38406646820096,36.246142397108656,100.93890819306792
1483.9018849429501,470.75863548928635,36.459552765485896,99.37684910368651
1464.3459219457175,469.40757395957206,36.55123034686518,97.37948590746934
1445.5215789759363,468.58032118411575,36.73992483134946,97.23854553934513
1424.3320782055778,468.3399741850054,36.35845884276963,96.68280977472541
1403.093066176654,467.4281936402,37.06478490257063,94.11724504036171
1376.1477173479097,465.9288537721004,36.56120308007851,93.06757015085901
1356.0699958721452,464.07881639259335,36.171445683707304,91.33899262334357
1329.2583720647003,461.9467726853422,36.195232696790484,91.43769955994057
1303.597352506013,458.75763915022765,35.92639046650844,90.78762581367184
1275.7964853452138,450.10987869569385,36.31521127492347,89.11163869661635
1249.1720697298756,455.3749609684728,36.062161859848054,88.99457439367329
1227.2572838848494,455.2517801797178,37.143507384128995,88.10862748805954
1206.8446708593597,452.27856478373667,36.645483618214016,87.42565135100557
1187.9142066506886,452.5824925601683,35.842509752841146,86.8170223389933
1175.4699665643855,451.1520761969868,35.169088832918014,86.11034612942797
1162.4851207696431,449.81815596696356,35.517818279458204,86.57624915241689
1156.828090099786,449.93289455713057,35.50346374850605,86.40529966523542
1146.4797971541066,449.590683257221,34.530358554049684,86.37322156553442
1142.7990397033443,450.163120196003,33.59719286017616,87.03002872968796
1139.4826550574676,449.4816365822207,32.899978917524244,87.21376669776157
1137.4339101567914,444.9732584926028,32.25035930572935,86.51749873759303
1134.1382122710095,448.89933479470517,31.87344662850184,87.28669260708217
1134.1324297656572,447.7040492849311,31.30806532105685,88.05646122413393
1135.05152839078,448.35269630428127,30.83591044637563,88.4656574636777
1134.3504327705625,448.71081677253613,30.3308576005453,88.37546401919519
1134.8929640823228,446.153552163215,30.4033209932601,87.80116047798022
1134.1769130373812,444.122471544097,30.150694103078997,88.13176506223991
1134.2496662893154,442.41219418150195,29.81799478664849,88.10419442503371
1134.05558013779,441.91920269163955,30.0181243745074,89.20799039590072
1134.673510607741,439.6401201334566,30.346902645306432,89.63978603594826
1136.2635033019028,439.7776558715285,30.46257632222911,90.16946869779738
1137.9111384341995,440.91792996614095,30.046462408725166,90.85779281730355
1138.9963574658368,438.4231647098013,30.073283771567695,90.76500454717643
1140.2171666035397,440.9873028338287,29.745581654838304,91.60585976884813
1142.3738440124125,437.7611388704953,29.28838819306452,91.02786609746204
1143.5542055111107,437.4922801627147,28.93128272076901,89.74785237097927
1143.931028195316,440.2909596778395,28.820611013781182,88.78674955868613
1145.3516107102184,439.11418889563316,28.53826003274333,87.9768332526154
1145.990359751844,439.89080448555495,28.562172862959706,88.0045883341396
1147.8185191848802,438.6322120899152,29.119087944641457,87.23692133594463
1148.9398038278819,439.9929047624418,28.949003390312164,86.71818510740755
1150.1519825344208,435.48477456338696,28.754422836517765,86.2507628730709
1149.8598514844714,436.0973063072254,28.85716505850572,86.24769295095354
1150.291167700881,434.204971828781,28.86597691060249,86.1644450854087
1152.4805357507341,435.0745351257368,29.256863136793534,87.29236150983817
1153.1612369983338,433.02259750212863,29.220914876671152,87.89723668457529
1154.0751233986211,433.13737224797876,29.01181301649538,87.44808074863546
1154.2554043338973,429.0791465531669,28.727052220448215,87.40733132496575
1155.607344070104,432.2535423031578,28.42391957039162,88.48972030212622
1155.56719612433,429.77695850360544,28.171241624087756,87.69771158592334
1155.9722045039775,429.965376209302,27.798005824160278,87.09449049170891
1155.3334546126268,429.8265504997621,27.609685890407853,86.5210595858071
1155.8862017569793,429.59193593922225,27.36892929119812,85.5953762255788
1156.7671397070342,430.00448891201694,26.944815627683482,86.0504435816862
1157.4992697864977,428.14536043069165,26.983331495482258,86.00131148527
1158.1976306485951,427.6312855788533,26.76968162301768,85.5473627287492
1158.1169162588735,429.49196385240805,26.669032772894912,85.18044305602935
1158.7412255252857,427.1244248063649,27.022557885357095,85.02831364002856
1159.3256655278487,426.4649135267353,27.023922097149793,85.38867380857876
1160.0054804549486,426.8909634787316,27.10314038080579,85.71123685224102
1160.5287859143828,425.7540661683902,27.007881283360035,86.00236188102011
1160.4936624861716,423.06307760208034,27.0493667715373,87.19913021618495
1161.4015087870002,422.90849137846124,26.93973851333254,87.64951929912722
1162.2810504948418,421.61605892157075,26.9891171213845,88.20493069690168
1161.2271134699615,422.51344374762283,27.367468942903972,88.41018011828382
1161.6200007415644,421.5689665204898,27.259364580495884,88.20288856844527
1161.0558765684173,422.1834955718147,27.487462866136607,87.59664106798355
1160.8603226649839,423.7929884446552,27.361302194132833,88.09630375598798
1162.1590570608316,422.78282098201873,27.462924598497445,86.7104273050707
1161.2025610802232,423.2610051085611,27.86369546176831,85.99700880598563
1162.4522644381946,420.5881322031146,27.841558395331074,86.25838161959477
1163.4326952479041,419.310160129095,27.830058219431557,84.77185006725553
1162.8989159751047,422.25093854305584,27.68269099903904,84.71982920048491
1163.5337948396775,419.6906855332578,27.9785570301167,84.13929542897387
1163.2187358784001,419.86354221255624,28.091842839405597,84.00743124237309
1163.912933288169,419.26944981462333,28.268359504586286,83.9291575268863
1163.9391098795927,416.4320098978966,28.16421898258798,83.53428514400072
1164.2166725324541,417.26721591311326,28.34345908051746,84.15926109688952
1165.4685695725009,415.9213883566739,28.400863950237685,83.7190669208278
1166.6996249033364,417.6487728800942,28.79287473517608,82.49687686683079
1166.6208116183673,417.01531564776803,28.83325485612059,82.7515709487927
1167.207076605009,416.16357835886015,28.905828599687315,82.76222330866716
1167.3236195820864,415.64964492506965,28.503942559749916,83.04447379984822
1168.9174711926898,415.13599125863385,28.41205976548365,83.38551661779675
1168.9103836868576,415.40576646511573,28.196883718545877,83.09672935290232
1168.9514832177776,414.6125870572946,27.915516362037643,82.15404663984276
1168.359737510503,414.03441889489443,27.82905464491128,82.2403799319589
1169.6871242281188,414.5047176239846,27.754475921364588,82.10361291859125
1169.3665760420888,412.63864386794,27.48414974274629,81.93265779434324
1170.6281815438174,412.0821214017719,27.394525813569295,81.4427988837534
1170.745618323897,412.0481723958343,27.358578255197195,81.43792799881038
1171.7522169593915,410.35222874834955,27.361639462372747,80.78214206837704
1172.6049259474667,409.13602429368956,27.444168544899867,80.85605812643976
1173.3386736613238,409.7301143890236,26.97143988897897,80.71178843915912
1173.972797881637,407.3435259624525,26.825172711513325,81.18186566003817
1174.1294517927863,407.32151510971835,26.54350274036377,81.28795286254714
1174.1757538338902,407.09634249600566,26.357139844118834,81.51647491919141
1174.0167264003878,408.592099427164,26.324645639096634,81.82899743573519
1174.6848429972015,407.26270379469497,26.204440301342185,81.77160885295598
1175.4782407897633,407.62671697779274,26.302695680574203,81.4527696248411
1175.2567043145953,407.93994258021627,26.005274618077745,81.42164317470896
1175.9909937556629,406.97551018628957,25.680225985538225,81.0981306909101
1176.3527330495276,406.9696908652075,25.73678122463673,80.983088884423
1176.329093917037,408.54051439171457,25.70497288788392,81.36483641606456
1176.5343312088435,405.6164296796102,25.831208089732172,80.70930367657705
1178.8745965517362,405.5581800560544,26.00624009086697,80.72574892784081
1177.95393377559,406.1224423113568,26.452383033600924,80.33896053126128
1178.906551173883,403.0907976622516,26.626239547516413,79.80892612189105
1179.837978860382,403.940986039112,26.819109749011865,80.96522380092486
1180.5204004344637,403.58091509479067,26.64888387227176,80.60204244928725
1181.667272558067,403.7789696571187,26.278010022632788,79.9050116758905
1183.0574288202993,401.8643951541177,26.088092948760274,79.08958842389683
1182.7990208754527,402.9916132492214,25.902503743352792,78.56259938582716
1184.414807032416,403.3326036888002,25.824947208921483,78.04584395289379
1184.3717949913785,402.5724593094585,25.714240558078917,77.38069074075196
1184.2867061229833,402.30835251825386,25.60879461570828,77.19480765777894
1185.3900972045196,402.38396880465166,25.364182219061444,77.0665998749723
1184.1777899381946,403.06245342814015,25.382327645037655,77.63411845720375
1184.7121467761451,401.20511672617613,25.241463023472935,77.4106362100392
1184.6409015142256,402.8430429506406,25.32959776951214,77.81372119626042
1186.0617205022475,402.4331311861456,25.260855606456545,78.18462328321858
1185.8991343612495,401.04748682238437,25.202962515747203,77.92051686532477
1185.2666856165556,401.3182390324949,25.195283315414738,77.71931777347291
1185.6779308323557,402.0789637212319,25.2181251487146,78.24178199882783
1185.8461031083448,399.9100630888049,25.078638317350116,78.28465805082169
1185.203665618192,400.0905762464376,25.243598408319716,78.752697952502
1184.3323004964423,399.74793416126437,25.189231564912916,78.82769773478311
1185.386700125785,398.98089207299324,24.98575175851346,78.8717199129581
1184.2020754192215,398.6395580401532,25.421130736878965,78.07174246701095
1186.0956292042633,400.138393076916,25.408540941377453,78.82479337126856
1186.0578184839721,398.16290091678775,25.09585892326927,78.31108366839273
1186.0423720939768,398.12748642198665,24.713715833661205,78.22267145850151
1186.3419844246164,398.25508417072774,24.315621294328814,77.45351035432992
1185.8387075900594,399.2010216055942,24.152802285639723,76.89149295320208
1186.0440501027977,399.8197029313181,24.01632523960389,76.68276759175514
1185.3922489244185,399.2683704871786,23.942645215304307,76.67910554235874
1187.546738093073,399.65070164341574,24.220189457188475,75.83291912600441
1186.7230904313963,400.4085794506455,24.25628587841165,75.66315595749062
1186.822051232531,400.73385239564556,24.328077707738842,75.90307508862395
1187.1020343338328,398.2282171238407,25.046507157906262,74.45638121191509
1188.0471876656763,399.1865101827322,24.931865062166704,74.86753075659237
1187.8042318799935,400.8139975318588,25.317480940850135,74.76344998495972
1188.5469159858567,399.3779183065955,25.598038494161102,74.81373834690896
1188.7377330583313,398.7647987347979,25.629882366065225,74.6396031971768
1189.7155230450808,399.7529711477144,25.57441371020116,74.98242288588553
1189.5530822597145,399.61100138520317,25.595084588289282,74.9167491914084
1189.2862625067992,398.97763817925386,25.775090928760527,74.797784079755
1189.645767851939,401.0360457188449,26.040375129838697,74.7091424472283
1189.6663229146664,400.02685393830114,25.990731343129983,73.86055570764134
1189.98191113552,400.2375080911986,25.936819210351924,73.61916797090859
1190.5154795069607,401.2332219002683,25.741406417379864,73.28333923162971
1190.3274629003517,400.8073001620953,25.565155747503184,72.77236291713552
1189.672113068563,401.5477411231761,25.39655765393194,72.30140647963124
1189.9727555143081,401.53909630352234,25.214409674072275,71.6360096112369
1190.3247617047493,400.95036561227766,25.37929258547183,71.33734777995824
1190.7512889850027,402.3668488602553,25.29862666203088,71.71566472936131
1192.095122290599,402.0707871803254,25.35079412104415,71.53604640096958
1192.2767285264742,400.1948609267057,25.076586806645025,70.82969654614844
1191.9749756145975,401.59857046916693,25.272133348000352,71.26577006452798
1191.6026578757223,401.8368469231975,25.243603599768097,71.85154644876405
1192.8424544292448,401.1393765149679,25.05542379991305,72.4451534801663
1192.4004304247067,400.8388438400957,24.932764021475368,72.94664369032856
1192.299538309668,401.05617225849136,24.940937777085782,73.37663817590203
1192.4233966944992,400.18235943076525,24.63327016769527,72.48994810221308
1192.7225176650074,400.64278004820153,24.48022938520208,72.66275005581707
1192.7138726498706,402.08571277153817,24.200647812940506,73.22086387244944
1191.915932069156,402.89319826357666,24.275679031208906,73.44064234859276
1192.483126693046,402.7778709697663,24.261706305455146,73.47035269135188
1192.859666964262,403.52760294066456,24.617083566748946,73.65996803422335
1193.1250168640943,404.3818998838304,24.94828993792968,72.8099426970479
1193.0495861232346,403.38036083337965,25.182409884581503,72.57804903624582
1193.2513538395608,405.17092125507247,25.441594655328778,73.06121347118051
1193.5809936799803,404.39174199982443,25.383135694685247,73.27425426030968
1194.2629569379267,401.84343333302365,25.452246579038288,74.32665782209114
1194.0058997063163,403.2182883826267,25.841848578450914,74.01057747409047
1194.1127686409873,402.44679778607286,26.275480153479453,74.10781868268586
1194.4893406847561,403.35612225943953,26.0795772077376,72.95851636652584
1195.2105390502022,403.34572927751685,26.06987312382601,72.85293330108763
1195.6874734762864,404.6818124209706,26.209222479016876,73.29402323022939
1196.2928747105082,404.2714436228343,26.10403348065063,73.2019839986898
1196.8904991136887,403.66422932979043,25.793671415927626,72.69487821340144
1197.7746012458142,404.266723547968,25.190421933209336,72.82762566838846
1198.7160102340238,404.55100039388424,24.856332780451638,72.50604972304271
1198.3343034948984,406.0772378089452,24.312869003262865,73.40222310726097
1198.4741501156993,405.90915433012725,23.85470963533829,73.77629541894967
1198.8303194653238,405.01136618409606,23.64549511354501,73.79742975353828
1199.421666140568,404.39255794821764,23.330446549891157,73.27842867921356
1199.8799773641704,405.4792608272893,23.512192628191634,73.70160080383702
1200.0631846515714,405.16411832385177,23.496220373498314,74.35797870136204
1200.0271524486402,404.14021047905294,23.697244777848784,74.17374468736176
1199.8824939393517,404.3902748815848,23.65837233400293,73.90011153568895
1198.7150052841841,404.42106161889984,23.68946323076348,73.77112219033266
1198.5427683789148,405.27348251823923,23.699672733087894,74.38417079730876
1199.1365738741933,402.6326924925394,23.44353058694478,74.80948482697994
1199.4199239228583,403.6298271400039,23.439717085340657,74.53531974958025
1197.5915956834517,404.3683111700637,23.53953862801209,74.74515193093104
1197.5534420139452,403.95542624431624,23.524961028188976,74.57490617411516
1197.1880820367876,404.1089215363445,23.829454098377305,74.31765374387395
1196.7302619764487,404.0395512883855,23.812048295345445,73.7289413656083
1196.193913675214,406.1329612777481,24.15319635007016,73.70678279435376
1195.7794006183638,405.647409914832,24.74671470729882,73.30199359628165
1195.5031327085046,406.3155412456267,25.061584948294197,72.8311434083707
1195.5047473903146,406.10846908698386,25.63949699693242,71.8066207859211
1194.669795271917,406.39906731328523,26.112565477425317,71.3529841143928
1194.9957586934277,405.7305757579011,26.733017794331836,70.50106818493896
1195.0042347285473,408.2034446856933,27.31569131155578,70.248793654855
1195.5023327577283,406.2318259058521,27.466006569493498,69.75467808038213
1195.5934840094174,406.80250825603713,28.012034141856063,69.74471742225603
1196.5093091609756,406.7550871493881,27.732232369508992,70.41029818955496
1196.3388215071598,407.487299141849,27.872841195001765,70.02952169418083
1195.7295562435816,404.1157034385221,27.77556819432618,69.23291388742533
1197.9927046897944,405.66831399976627,27.549106983815932,69.3762112318864
1197.6976025696863,404.9247874184608,27.58572855572777,69.83428700039327
1199.0943809274374,405.38775925437744,27.450674657379146,70.43348015698253
1199.4875291304309,404.3744374315646,26.95821210320682,69.78611114162794
1197.3751375353618,405.7693174966964,26.863854382242792,69.57086635407693
1199.587334364604,405.4567084685926,26.367848365664905,69.54714652929162
1199.7594174586668,406.15609375624115,25.99919531355377,69.67706974919861
1199.6601294619272,404.4013516729205,25.899404134553077,69.92046829114507
1199.675843799554,406.68836318260844,25.485252694091997,69.97904891709388
1200.2860962131724,405.9366704521059,24.94875360415998,70.24528776211693
1200.4835151718903,406.2608108187926,24.38907251488932,70.53283607213194
1201.2373464547625,405.1984885710164,23.97202510245771,70.03611811994563
1201.2579979091577,404.81211675998077,23.969072623053286,69.97421641111097
1201.1509008239093,405.65033851629926,23.87542266136509,70.66245151976612
1201.72795565578,404.6363134251499,23.82786774425123,70.74682713770328
1201.6611097767359,405.12872568936314,23.91156983182446,70.99338772108564
1201.3482485325699,405.2604955913738,24.00453342857397,71.89148522327764
1199.928443081209,405.3993219505169,24.20435331948559,72.43396702552218
1199.9652303273808,403.6779448883464,24.43850103802628,73.56317878383524
1199.9912942268274,403.50423574638535,24.746365177008613,74.40594769684863
1199.745058318696,403.45393616108424,24.87968682199173,74.83742327745841
1199.2668726194165,402.96470027895134,24.989454111740073,74.73636063029386
1199.2740036812324,404.82074813505494,25.04469358926793,75.20760689806713
1198.3509591533136,406.50008243522336,25.266968658327364,74.30125696609568
1198.4927850221418,405.9809704369733,25.16648941484405,73.72072657569403
1198.107160344097,406.30933131666455,24.97456436821932,73.44920016099798
1198.543880051188,404.12073029540346,25.257121872716073,72.43274833389121
1197.6593336186033,406.2486805032463,25.254215974800708,72.85868833797488
1198.0447045505928,404.2234345306844,25.549745773534333,71.52775156453177
1197.610966113794,406.1398580401026,26.07993992990415,72.18907521143633
1196.8862239620407,405.08844835823857,26.330337567303264,71.53010692219505
1196.3437244867698,405.7275176143935,26.490582613502315,71.93448033558253
1196.0669817593496,404.3111224159378,26.531144589262475,71.51844995078613
1197.1418251581026,403.784997541647,26.44288347763915,71.86730689569877
1196.6537486181144,403.5079137626433,26.309873869360295,72.33804445405666
1196.5603857633391,401.9539189384433,26.168022924715093,72.32475820066223
1196.6264543021052,402.539082643081,26.23313292023719,72.35082320834088
1196.3869748794575,403.40555673139914,26.19345059169309,72.57475428986041
1196.835372251359,403.1304959060671,25.924936666352163,72.85793823763024
1196.0224161505673,403.37272858099806,25.713734295410482,72.99476321388683
1194.94836685421,403.09036623207857,25.679595739840217,72.53739437725623
1194.7775218580769,402.9937245313217,25.631617863492252,72.4015012038245
1194.489922467899,403.34669986686197,24.957254857196276,72.30007431070565
1195.071759151378,402.1650662168909,24.597164158542963,71.53813895485553
1195.8772294050789,402.66097209747346,24.290659738749586,71.77535744519346
1194.9594327263007,402.31271320735755,24.093974320137107,71.52539662015491
1195.080658276823,400.7373448653418,24.052682964547326,71.70338931614924
1194.2643226987059,401.5897451039196,24.13107157473835,71.43037776034987
1194.5277255609124,401.78946449477496,24.15617797925051,71.96392821833184
1194.0089743546143,401.6159762887378,24.134537087021624,72.05814982293398
1193.8088155121789,400.21845135358467,24.112069489757793,72.41220185426623
1194.1517321582216,399.9602269836354,24.02859471770286,72.85467357080165
1194.1719290789,398.66650182126375,23.77887775324926,72.64227009381759
1194.1390533798099,400.2408550183188,24.21235312303458,71.66704826353492
1193.7215276417517,400.8256221225315,24.30733914371406,71.63659374508917
1194.2450384600083,401.79792261023863,24.61007255595258,71.14362169309103
1194.018484391828,401.5218066981882,24.57179755699474,70.66416327728567
1193.7897529286408,402.20656559593414,24.93700388519454,70.08084928342564
1193.4433924196387,402.62669362158414,25.443313894960003,69.48967073103849
1192.0474071490273,403.17483144356316,25.56788622184233,69.7603578775696
1190.975839914026,402.1340916377298,26.040763838741512,69.14289244376516
1190.941949483513,404.224621687613,26.699066989043168,69.00276881403045
1191.1332305205133,399.0706741548587,27.36177750377273,68.45331448378718
1190.328004366214,400.77781107171035,27.458084914910415,69.41621168966515
1190.6354651079503,397.93818326213994,27.607466281207724,70.0205027854905
1191.236229725111,400.16799091928135,27.678331942439982,70.76199306584267
1191.076791829738,397.59750252485526,27.434874149353433,70.98788930736211
1191.199062014888,399.15672483450555,27.45430689592827,71.42800601313482
1191.8517170774728,399.3730809982417,27.708058178802045,71.23491960154755
1193.4883824972871,400.75528245406537,27.61013141098106,71.58957959044338
1194.7788936545528,401.0702638131963,27.678629255217565,71.79722348104914
1195.078616172454,398.7346705742135,27.36393000202873,72.28448719137558
1195.5651493164964,401.5949273433794,27.082930860245014,71.71749519082445
1195.966872898304,402.986270180541,26.16835955362576,72.93850834233753
1196.012917753398,401.5970825327721,25.8843249164606,73.38322422739859
1196.0369339574775,403.73197962097714,25.667459788975705,72.9031794349149
1196.3980356550094,402.30572020226697,25.635933857919788,73.63366825257515
1195.8329122452753,402.5307026999686,25.746687455151285,73.68248782905798
1195.5211893249805,403.8954504980894,25.818342998709603,74.04933050491107
1195.4209331680083,403.5461645015174,25.894508311339784,75.11980502348005
1195.7023283521278,402.2675139664698,25.928118025212427,74.97690982740096
1195.3380668552154,401.5846992590448,26.30405829613467,75.25870113704926
1194.558574183081,402.1878785015843,26.02445611789698,74.79855275023682
1193.7328531039518,402.5103638976282,26.271413884942756,74.85500220570373
1194.4014840371638,403.6559246677863,26.36988080689484,74.78314421900694
1194.4874320892352,404.7208714581148,26.676987387106596,74.40459186206668
1194.520109072846,405.37439683867046,27.042889743937828,73.63507158277068
1193.345381384283,409.15589300026954,27.306414296784304,72.85836084526588
1193.7508360902657,408.5672011847895,27.77843657026625,71.34007244100874
1193.2969782179007,409.4942753086592,28.15139100537292,70.4760949105086
1193.8953658415073,411.68877605347825,28.525437520244502,69.50081617439542
1193.9093649981714,411.8048102221524,28.579027810472354,68.55140665243097
1194.1743134361652,412.3781690808065,28.730382460363778,67.93744335635682
1194.4927657641435,412.9946671832579,28.456502724632344,67.79963219288172
1194.3517085184064,413.6912162836765,28.690771364476447,67.5255990383549
1194.525514435713,412.662067597067,28.243675846158,67.44124294630296
1195.000582662951,412.5260693109039,28.42860649697531,67.23563799046144
1195.146806952237,414.6705701669596,28.721367466876288,68.0359092542717
1195.958330952378,412.44087081520104,28.597126300815283,68.69710878100048
1197.5045823397109,413.0694760961912,28.404859417491885,68.83831521502239
1197.9480315193741,412.62037394737746,27.782144013191786,69.44699102353692
1198.4111648082499,413.53707498990116,27.062501526112257,69.94423449970785
1199.9749409260314,412.8941928584967,26.68091334084208,69.56644612064815
1199.3392506495939,416.65146258358357,26.40188874902553,69.09745606317466
1199.844629228246,415.7155591742207,26.503434491081993,69.4799421268955
1200.2960317376924,418.2692697812399,25.770102598719706,70.51124810096739
1200.8351978966166,418.3874105161493,25.07605331686482,71.2100270726426
1201.951058814121,416.80296755392663,24.46529279033548,71.7550221203179
1202.2532056134096,416.6080761010695,24.60689344501204,71.84831852910676
1201.2885897960325,417.993129716953,24.40542186893569,71.63805602962438
1201.7655173383253,419.19659503261227,24.23082622763333,72.45675663533589
1202.1494571550393,418.74785731967546,24.120518804040426,72.47079490453218
1202.5583180855613,418.27524308181796,24.09918372135089,72.69517386623971
1201.709140456018,419.13413179954836,24.281775936079995,71.96203387002981
1201.2945030057244,418.7989291282173,24.269814424141984,71.97082521189465
1201.3845381293095,419.94125858086477,24.1626242886067,71.90672614203362
1201.2762180214706,420.55863037375184,24.236543834776313,72.21686425772894
1201.4923609394186,419.7103808659068,24.194004337009652,72.65992503908977
1200.960898217653,419.0948923772914,24.547203864155037,73.47099632398165
1200.1375675061954,421.2226101389873,24.932484972243216,73.70728481487207
1199.832120270088,418.5099720363638,25.273862201549775,73.0206912081073
1199.38699869753,420.0656565784321,25.48805188225299,73.16647658869252
1197.6941708020777,420.23199127117994,25.507392069901666,73.15313539209299
1197.2219005918098,421.48410572825935,26.112410039274895,72.51893986130362
1196.4969478958192,422.12741748096573,26.50545307697761,71.65193737644628
1195.6539168886784,423.66050230401515,27.04654431660834,70.7939262233894
1195.016096996384,421.33101271750036,27.18791331395806,70.58778880019709
1194.428048631249,421.4047578879325,27.65853364099155,69.83910026292173
1194.3414376455337,421.3977032121402,27.980363224078822,69.77489164446888
1194.434475125497,422.38518880730214,28.765933619376305,68.8309332276587
1194.7303602212721,420.84557482329865,28.870975282665743,68.28251093474046
1194.307720213042,420.8740576168193,28.97056030419936,67.47482967472929
1194.8419191225664,420.7289953299176,29.050819211033982,67.58887454317521
1195.5227058866883,421.9543357262804,28.850762468411872,68.4792508125986
1195.3303272605967,421.61483375008146,28.325040413420602,69.5283400044069
1195.4163593709536,421.34106288442933,27.659638978713627,69.96051506075153
1195.9935894138785,421.43681622169163,27.23319389845249,70.4953617931331
1195.9457298979019,419.8630748312349,26.800745026982533,71.02435459334895
1196.9282804619793,421.8776894114602,26.395204793793873,71.36103882401156
1196.41108351923,420.61914201074677,25.725999107110475,72.04658350413108
1196.633029388367,421.51847562629735,25.45076747311135,72.45166569128855
1196.927971650935,420.2761780444766,25.3014339011252,72.35352412435451
1195.9650216889195,420.952715328298,25.047692578360653,72.29033531606531
1196.0492605211764,422.3396556259116,24.789512963296726,71.74262406860122
1196.0632191359557,421.40488788507776,24.60357784507282,71.19268709429048
1196.3910080080686,419.61959062029575,24.550909010167814,70.92560700608715
1197.007016513909,418.87203589825657,24.557991977887536,70.96980802769545
1197.3679149031657,419.33252693960793,24.337224988822037,71.47410222444219
1197.9296734483917,416.7564517893588,23.894618604890262,71.48423754462428
1197.4576347867967,419.3474081830483,23.98218779228476,72.0816521498234
1197.822154715875,419.55938301419485,23.8745702249297,71.86931973380041
1198.0674260956403,420.7727838797855,23.772510214861434,71.98954511367263
1198.4525361795033,420.5812307337606,23.727236903634257,71.86558229485208
1198.7013785979298,421.67056272055817,24.29568628118244,72.08679968417195
1197.968469255814,420.5630383780761,24.6570254140986,71.20387192298435
1197.6581993804962,420.91201986174764,24.594313068558275,71.0029826954084
1198.6486445242676,422.0069724579487,25.032481580758756,70.76584046439396
1197.9800437131107,421.890941328094,25.265962895722453,70.08760896618772
1198.270793562365,419.76168308112545,25.48850505970189,70.8186894421348
1198.889651136489,421.1243322223395,26.08413973540584,70.54624317043366
1200.113789731325,420.58535225106124,26.839470820193736,70.52259853211092
1200.3697966927402,421.4035813680646,27.649125045403935,70.10765643045899
1200.8522439237202,420.2685550763679,28.090216534867373,69.85445008936814
1201.619936600777,420.39746696281185,28.172102604093496,69.72806855040027
1202.041856835402,421.41396411829277,28.07235340719759,68.67670802182522
1201.9223932458374,421.513895190931,27.3456816454779,69.07328100619125
1203.2941652998354,421.7327056469653,26.789873571874942,69.61646090159869
1203.777636599133,420.51772605276517,26.268665086734394,70.07822822789261
1204.9616050439747,421.65962428009914,26.18014618868929,71.02355560402003
1204.997609303567,418.89549501727674,26.213254044295507,70.52497248919241
1205.9984572058606,419.89367383975616,25.757022278557137,70.92850479021735
1206.9849603048838,419.5815916280514,25.730803795469082,70.90385560831842
1207.9037055110032,419.78180410828185,25.598682617315482,71.74505702973156
1208.2227235898965,419.8358817469019,25.433112093874453,71.6803258409993
1208.6344713646945,419.97716254686,25.391667690309156,71.4150713679778
1208.9333341306813,419.3874080472707,25.27079454552559,71.54504032427914
1209.1594549369709,419.1806112511783,25.00612672349622,72.24239708670633
1208.394027637194,420.18539532353714,25.041678884314056,72.19644888942207
1208.0223749267072,418.8583400064181,24.855880096341618,71.31082778270869
1207.0123586020432,416.4081378101054,24.875470717624015,70.15504645298294
1204.3669207108799,417.95233230479613,24.721427867443246,70.23959056525548
1200.2984295633153,416.47105903816,24.893588823919096,69.92308841726864
1191.6960692195635,417.39193587215993,25.03993510651538,69.89129940609854
1187.3220384365077,416.52025005721697,24.963417433735458,69.5714026129041
1179.220901082607,417.932804255879,25.466236880305996,70.10937185611351
1174.8684549239324,415.8804540793498,26.07643315273345,69.24349115448436
1170.211443137243,417.5198484300947,26.36502318576826,68.2651210683357
1165.68964510416,416.3785147949755,26.68925603934852,67.08276410570976
1162.1584596590005,416.9769366376532,26.626468619731064,66.28321214026786
1160.190016048954,415.49113875899377,26.363047516917458,66.19830150224678
1157.951560409603,416.1883401540061,26.110401281428977,67.3170317612334
1155.8072765462018,415.91685224429693,26.112545325064676,66.952920910253
1155.5498118616954,414.9648631486764,25.79370000821798,67.4837221691591
1156.5045031011418,416.51586388859454,25.691808474187475,67.43708863594755
1156.9011600389902,416.6565571697066,25.424429533107013,67.22446950212162
1157.4307284026447,412.9996186970714,25.41423465646006,66.62504259531065
1157.7362147539407,413.9841865253972,25.581899363078065,66.77059175883421
1157.8392846048073,413.2964598772492,25.665257603077393,67.4198057315142
1159.4378890915866,409.77168135075266,25.712262210604067,68.38380198586233
1160.255735098763,409.0256039375806,25.84674350748507,68.57788220912559
1161.079158459572,405.935428329445,25.873314592491877,68.15339600779427
1161.7652148067446,406.7330200865438,25.775373608161445,68.61614987724852
1163.408310373041,406.1271208347492,25.817443374158245,68.32490162981536
1164.646877930368,406.63075839228736,25.428449462431136,69.1748183158102
1164.400279069329,406.57662459157007,24.881032221931584,70.00987086177906
1163.7273911106838,405.9433523883162,24.700785943405542,71.18211694280777
1161.9653587303694,405.0472909932177,24.556969692071362,70.92956485965273
1161.2692816754002,403.8971439453779,24.37639707547827,70.82816537279757
1160.4327223139803,404.5177825202357,24.335828140007877,71.4133944801391
1159.5050552579655,403.67118053449883,24.38407614192259,71.71597345161284
1158.4724994862818,404.2372081896857,24.416255165377322,72.41021852385329
1158.96552459738,403.57007485241706,24.41976584529948,72.32855540407898
1160.1606086691143,402.2017492406731,24.51520985583801,72.94292674513588
1161.1604062517326,400.9585528716299,24.59079283696359,73.43670056480349
1161.5659740550484,400.83694686005356,24.671395466282515,73.38691799934259
1162.7289060508315,400.00890631246745,24.583996545440698,73.75214666703222
1164.1993018015698,403.66081582440574,24.595262167147933,73.29523907351455
1165.409479757062,401.0539657906545,24.849672796691166,72.86027514336688
1165.6999047982629,402.89396873299194,25.142073377569663,72.10299708194945
1166.162770266886,403.2202111049622,25.580878606514922,71.29871780010707
1166.3180720176763,403.7068911685413,25.924057174617204,70.82631212212561
1165.7762467057657,401.9738825476229,26.36914911265876,70.31703763498899
1165.018317009371,402.70403301665914,27.240068307980373,69.50884202833741
1164.4928770132751,402.2522478646184,27.768454103280508,68.33558361423347
1164.4837182106332,403.45996579311,28.315925711230527,67.27570269556672
1167.1871299574093,402.80677057525725,28.36434532833549,67.15782643529582
1165.5978971390125,402.0758831376253,28.741994429179186,67.21840661890184
1165.3721505869298,402.28800197334766,29.065552943362693,66.31212323737023
1165.3853011795152,402.10404090943365,29.196592135761176,66.26575997362913
1165.6205129134082,398.8176597447806,29.027508264484787,66.57521616203556
1165.1075647827292,395.1515616618708,28.76568730267519,65.98840598019885
1165.0832552508714,392.6465490945102,28.842256001330334,65.30230417705386
1166.662300633291,391.78539776413726,28.638860699672165,65.33675815062783
1168.0690316085577,391.0404129595719,28.32513982656155,65.51922453633944
1168.6450540450687,390.6030160265456,27.9103509440445,65.14941476851126
1168.939127919483,390.3131737663677,27.633784717442204,65.40132035343467
1169.3287724983122,390.6348823170651,27.72407773599231,65.2598982791052
1169.4405794213078,389.3341984291337,27.645224960610292,65.13494936452297
1169.7054396459623,392.1670154192502,26.99163521886351,66.15856203880044
1169.4169272672716,390.84103745781067,26.720713451624718,67.21591287344567
1169.4457907799895,391.5710212041978,26.41917596621759,66.47801881645479
1170.8867572658794,389.8039362976706,25.758586750159754,67.13056655347468
1170.9123918466141,393.08045200499146,25.27172484791637,67.91626356671982
1171.1749932272744,391.150866793954,25.07496507737571,67.49616286300137
1172.5892622417305,391.1737715807878,24.95412610890338,68.06729205915109
1171.9932892942736,389.9741044548786,24.816008899187448,67.1861468798171
1172.4623849373208,392.3259803099419,24.900177103487557,67.63015269990302
1173.378655507013,392.4439921592936,24.87374014730029,68.07320221573052
1174.7049958507241,392.8645210727468,24.82878794117113,67.95928141799504
1173.741142432408,393.6860603000415,25.19584347546566,67.73530694347005
1173.4684065254598,394.8622592039606,25.492123990280845,67.74174221020158
1173.5387441539558,396.00718982079854,25.762710291821996,68.23098330196514
1173.6210003373446,394.337142212649,25.925039398623518,68.16120288693186
1173.903019693967,395.7145068175266,26.10429730860858,68.58630065204538
1174.3280091816496,395.4042523568509,26.63453409728941,66.94264965556536
1174.407107010393,394.1426670475738,26.67828253767922,66.60117479300999
1175.366948853044,395.7119422408915,27.229195881109085,66.22067747072077
1174.7335551479694,398.69688148814714,27.570282507528955,66.04910114982405
1174.7792808871955,396.71137651714446,27.52885465933836,65.4657692987692
1174.948838559088,399.36053619267835,28.09083858017479,66.44245290409174
1176.1517679615738,395.874360670528,27.699605086101396,66.59387871264418
1175.837454725707,397.82893334818465,27.783374771107155,65.53669687738093
1177.2887889395322,396.722032952179,27.774899277492665,65.50901207368904
1178.8375048612013,396.6813319046265,27.524759857402753,65.78172947700727
1178.9001145317468,396.334742888714,27.451158365930226,65.84540068243159
1178.6861598299615,396.4660728210152,27.717092981788532,65.79103862182713
1177.98886114374,398.42009096575555,27.994031739119354,65.76199703563928
1180.4354257304922,397.89790904715665,28.031688698427548,65.80328968391046
1180.4914292865021,397.37605277087164,27.277569331310996,67.21113526665658
1181.8002800166566,397.4364767575007,26.786812174514797,66.79419320365191
1182.7492623795576,396.9387538906847,26.787675835973037,66.85913670139448
1182.8467666780393,397.17456554521704,26.205611335336247,66.48371781474422
1183.3019888931838,398.0048350787728,25.592795993210917,66.57927272651442
1183.683195860906,397.9872332816825,24.636327871422715,66.91451471800725
1184.9848576030513,399.08332881712715,23.922946556321307,66.85477804241211
1184.7015622135739,397.5003256202718,23.655098474859418,65.97998195733264
1184.5868816017035,398.88309249672596,23.334059024257222,66.71701430359113
1184.6292883530161,397.2871544032392,22.98985704502186,66.3118643808692
1185.1164129214192,399.215499791667,23.07692129894775,67.23379098606313
1186.0203070780337,397.72411695587357,23.086636080391497,67.69896088967522
1185.768187496832,395.36038784571184,23.354319055523046,67.86871609181017
1185.7489832168533,395.2178514455542,23.674095960502463,68.76969960102974
1185.170171020073,393.91738465907014,23.765647294027424,69.12313609224118
1185.1070270386947,395.9204661254763,24.274833319251627,69.09690975916033
1186.119643877116,395.41900315502994,24.4142333933247,67.71660811330682
1185.4277302279474,397.366101379533,25.00119069845165,67.05854333239151
1186.5107021561564,398.1069933643757,25.220704357750325,67.11519672919178
1186.8695918427927,397.65490125380427,25.689111417316514,66.97309329450422
1186.550066674163,398.91845923386745,25.92371241089458,66.73026192605272
1186.1700774682888,399.01861490737053,26.276245838922197,66.50225219258598
1185.6890994910987,401.37163849807644,26.433451171983286,66.01019856052108
1187.1804691653488,402.72808935080405,26.6426197061738,66.04472312650444
1187.276015810935,402.44944461528837,26.619275030146817,66.71105194142928
1188.5927186597823,403.4603704908305,27.049514456887827,66.39289739493499
1187.1134829235687,402.39515203509563,27.459092239206008,66.10647587172753
1188.7178409311646,400.95869681029836,27.07010841319226,66.05520795942941
1189.3486461027142,402.26995035686156,26.591552779527806,65.47604131086783
1189.1748339380097,401.49823583353157,26.457349283628727,65.13577535115718
1190.217870850804,399.19016673141573,25.930313262643846,64.38374424768021
1191.8924763202851,400.45806448817206,25.605425071865895,64.52351588428353
1191.3168740289454,400.60864742066883,24.898493119854383,64.43816919930171
1191.0111782701354,400.04082823841617,24.319889229416095,64.19961163046506
1192.7487999440175,400.55129059024387,23.848545694350253,64.46178884312275
1192.8138003787858,398.30957203463487,23.923540337776277,64.22714972524535
1193.0604516338756,399.5409562510265,23.882937995491048,64.69233191311335
1192.9237041087908,398.76336979643827,23.689250081573626,64.69519507077916
1193.106063295303,399.8442156743323,23.449151915203203,65.21436025812154
1193.6652252393274,398.9523531710097,23.327410892869914,64.77472639521426
1193.8937197979303,398.8310528970603,23.25213638790958,64.17994528217471
1194.289535747646,400.17718100352334,22.97559245062908,63.790639451481304
1194.1784778392089,399.1029113931706,22.76394774370678,63.431740012518816
1194.9626281543226,398.88889069280134,22.32254468695076,63.12459906834382
1195.2688965047453,399.8335125177871,22.077622881210562,63.919828932929235
1195.7319135302048,399.24580835951383,21.926328989803288,64.37757890854479
1195.44078912164,399.5712778196072,21.945924742205055,64.94253528350121
1195.0669117572654,397.70901792474797,21.830201585231016,65.87544220967902
1195.4046629207744,396.938932975349,22.218455485706066,64.98712337709262
1195.3882873653529,398.1938387332451,22.53190304821309,64.8344109175443
1195.1982142790537,398.64937070436815,22.75800793052845,64.5875621227935
1195.1953927237244,400.22557012528785,23.02931549946175,64.21597578286156
1194.5667858577017,401.80971357527204,23.337836790520626,64.4232596569715
1194.52405939097,399.54254584994305,23.88990450679399,63.714769122674625
1195.9591542285123,400.06361876181376,24.131520509123494,63.189412377645716
1194.8006983792106,398.2246835107744,24.128580570840107,63.602006447686996
1194.7608439291037,399.07525047717394,24.173435941869187,63.147167490168755
1195.0270571757658,397.10729358998157,24.601415573136887,62.74802114492452
1195.2425401546834,399.5455558733305,24.8222498305458,63.4927767715555
1194.7818752831001,394.7390284579025,25.015902705273575,62.92369315941836
1194.9983565682817,394.7325942095597,25.05871001234441,62.87901675786223
1195.4959289537667,392.6268583412306,24.89562116769741,63.25890785563489
1195.8601331776363,393.36485846790146,25.307532901804827,62.79511415670609
1195.0882947992234,392.5736294673921,25.214329618461797,62.690849759920575
1196.7841310196877,393.5925245627599,25.59036667117018,62.79242500383157
1195.2721767115602,391.3783150540879,25.65874893549647,62.48116611513908
1195.648432185988,391.6644426800218,25.862570610599697,62.039652444592036
1197.0303324798424,391.99498640025575,25.404291749499038,61.50361919964748
1197.0184868674505,393.43426629381366,24.52750759147768,61.76656107764704
1198.2612291891312,391.71616550944805,23.716917161793035,61.54337672680729
1197.7485138380553,391.72622240805896,22.941270498069372,61.61476715323021
1197.8227013110454,391.17303194324944,22.31112286107774,61.40113706314248
1198.8332121646488,393.32024614427945,21.56259904625083,61.5179654512436
1199.1930663811916,390.32573615763266,21.157194041099743,60.773511646766266
1198.7352026044098,392.83427760861446,20.957817515417148,61.11918118239424
1198.7738521611022,391.4888200079017,20.93742056103752,61.14424359870917
1198.646515213005,388.94987958874464,20.660715949617767,60.90580973975774
1199.6566977112968,389.68240949392464,20.414588585785634,61.48637323185743
1199.9678224622583,389.51355282896594,20.390125152778964,62.166560336923254
1199.4846356682208,389.270620447245,20.504485212507205,62.11544310049105
1198.9252831989593,388.8449586671766,20.61097692089683,62.074000006136345
1199.465388695015,388.1771570551133,20.619602479497907,62.588971666599484
1199.0649757574354,388.35788536584585,20.803173978245898,62.83462989660915
1198.7228386839474,388.40155774338996,20.82891026053659,63.399569465690135
1197.1117149893394,387.5433262105007,21.30153578161947,62.99846689960211
1196.3831102604086,390.09796985767497,21.543600486024626,63.40823258758394
1196.559405256085,389.31711657017115,21.70895143314467,63.55955057368625
1196.0324303492469,388.9887103774515,22.453036874805782,63.225972658374765
1196.0656451031984,388.07252411501287,22.59781216393212,62.58061514747024
1196.2455771847424,389.42677351224455,22.824925244267753,62.92329433152243
1196.703523753667,389.5044384519065,23.199130415935436,63.468643635204955
1196.070910933615,387.76293917337887,23.529287627522955,63.604664958373405
1195.6337815627005,387.1074206487061,23.240874088086876,63.77262892574869
1195.1641690983836,386.96486292081147,23.428653663689488,63.41384595405161
1194.1233103008776,388.39936482913487,23.462920954670036,62.86744727046144
1195.420572244798,386.36522370622487,23.550544808147038,62.50792027784756
1195.0705295294338,386.35522996478926,23.25305865131299,63.00904196677544
1194.3355445839231,386.4512440702271,23.005023600393944,62.414996400934406
1194.9904088496194,386.33122852378386,22.688117716096084,63.15241040288046
1195.3860701619108,385.8839537822637,22.53138863790414,63.23899991210874
1194.9184257246286,386.03459276182747,22.101550425828865,63.11061498541282
1194.3603429904178,385.5247968040958,21.699271236924467,63.23689343337358
1193.5796900296684,387.6497582400584,21.656925634833332,63.60395588249318
1193.4299835706006,387.5801236802227,21.38211652471345,63.11644389616944
1193.5642847778197,389.0543414453237,21.022616177626684,62.5926843074348
1193.201993618445,387.30495217933856,20.64646283200859,62.42766760663223
1193.1309058102884,389.262826775815,20.595804801190027,62.71879421476578
1192.4813554393074,389.0149588730461,20.785869693580597,62.78081771666511
1191.5999813645244,389.19723838974943,21.274935606474912,62.91342734342231
1192.1098905240713,388.12075448292825,21.169690956814893,63.059340112890524
1192.6944042530458,387.2547460572791,21.59815452479065,63.53672091491815
1192.3759012437295,386.89329996638077,21.710974468689503,63.12555152177895
1191.8947119162303,388.2572021220984,21.795714962505215,63.501522234757715
1191.2542030697355,389.3653316260187,22.071620484321848,63.94017641394409
1191.0665626811845,388.01076653352925,22.516976154958307,62.85532504679897
1190.70698111736,390.2432282244124,23.05850592257854,62.207581344903296
1189.927363618642,391.08659050309984,22.966067722268733,61.10786115106522
1190.0856772941,392.16463065662555,22.788976811725345,61.46519832638988
1190.2845523096394,392.7116784702956,22.721328240864885,61.47317815662274
1189.4948805514741,392.9004209584883,22.739402950737556,61.17820529070906
1190.0166827974833,394.0135955088313,22.547518672609296,61.09190159445722
1189.5070736332705,394.9234943222649,22.966406111810237,61.985736074371076
1188.685700671539,393.8453470191041,23.032698826349456,63.15676989606667
1189.1282884406496,392.6119606380449,23.198118452427483,63.83887063631926
1187.8245993695002,392.59812380450757,23.760772130309704,64.13160955617478
1187.888417951935,392.2345582156925,23.749096762975544,64.53095869893092
1188.0509024046894,390.8718835500748,24.038009028216482,64.45473022369352
1186.946746742277,391.8278645451652,24.187344894896153,64.05728291818991
1187.6357976690458,394.541905572625,24.47808321126528,63.68796865883304
1188.547214870623,393.52990089336504,23.908742832387475,64.20679289009462
1188.9179947785833,394.3580383449252,23.699331079649816,63.93229372378314
1189.4718577277554,396.02342694217964,23.32327329596796,64.52841190929439
1189.5003838199952,395.06222797419593,22.98806775159788,64.17983473234676
1189.3673037439598,397.2553745588853,22.854407188479794,63.83908571045942
1190.3419724164346,396.5013975502143,22.759223357438508,62.90044143640448
1190.773407385294,402.4649664291979,22.400676783024355,62.70708644668673
1192.0918195830652,399.3793589277389,22.037320643478232,62.9211033065993
1191.603129858802,402.78420681581235,21.933511651681833,63.78353430047198
1192.7141114239985,402.1138438424763,21.83240814424415,65.24885398933588
1192.1581766998102,401.98041663866866,21.60102421852119,65.88667739442968
1191.107544474477,401.6968832014093,21.449218314725904,66.38287171625541
1191.8288245445212,402.08980181456474,21.75617859566534,66.75672296269235
1190.886477000577,404.8856269938062,21.686543477636256,67.64107339003698
1191.592689792413,404.5007396815439,21.922241873533213,68.2199770291729
1191.18042877829,402.6970401707022,21.96844782120898,69.04982439985531
1191.1714034708255,406.0928627406839,22.32401802222442,69.5729547268108
1191.6734344938886,407.39369255563724,22.086786420433857,69.00587032082689
1191.2751972356932,406.63734820566617,22.6729426694793,67.88391379715154
1191.6285479632934,408.82753026775987,22.75616106748912,67.02139983356287
1191.1853112045208,411.21454922061736,22.82428510440558,66.50355318151001
1191.6680308807197,411.9595186704574,22.664886992699643,66.29361079615038
1192.1341257430447,413.57528528695536,22.64917715362794,66.80791024481023
1191.5063869028202,418.014762853673,22.63773462514594,67.11328605162151
1192.9828769643298,418.04907152097144,22.73608006174281,66.69965411507887
1191.7568260952319,417.2347726684686,22.482571763088607,66.44399951028527
1191.6873967961953,419.1945273167682,22.820845404158423,66.43651661902061
1191.6176960791909,418.8600029456999,22.71224931581323,66.76435517467579
1192.5539756309588,419.3029794242893,22.56524503615253,67.29426668511776
1192.1797285923535,421.53073253304956,22.87744220331567,67.57453069312209
1192.5290496940763,420.982538020757,22.968071950591906,68.29729437962973
1191.4366554210073,424.85746111074286,23.211601708620847,69.04763035145245
1191.8426390735397,424.2349311666419,23.465682429641234,68.75853022168717
1191.4253306690684,426.493039947284,23.773919772526874,68.40973209399671
1190.715308840035,425.36251978354403,24.181165359686027,67.258047688124
1190.4410120224975,426.32388883999806,24.222955362978446,66.93847007574232
1191.2116844346128,428.55333195070847,24.602854921606276,66.80595075571922
1190.7059237869635,430.4804077226663,24.596521287934785,66.55702668220151
1190.5176408557113,431.8707112121177,24.6547241693579,66.57699495964636
1189.4863385806527,432.67998923653363,25.076123170234922,65.9801483529532
1189.2286051066815,437.84852055435306,25.339005720384783,66.63067746078349
1189.3509808530832,436.2669489775604,25.66044667572021,66.96558618024112
1187.5304472862997,438.8580977650637,26.030179876410813,66.99230921985853
1186.5793040139981,442.3765479189331,26.312988076096484,66.84660134833788
1187.6252468766713,441.6044438447436,26.417024487057226,66.39540751822415
1187.4972660185583,441.16321459954577,26.477234729975404,66.7564771202608
1188.3333295677035,445.2819827010339,26.696262993814415,65.8246893799616
1189.8236141721716,446.987245140278,26.823067022487947,65.48886891011895
1190.2960165332515,448.4002320626072,26.4867074678694,65.17769346824689
1191.585993719826,448.82943023874003,26.081898720788782,65.30651549595552
1191.1238845835253,449.7917958057665,25.83489192243697,64.68148986727363
1190.7952979298764,451.39059464255814,26.461797339191886,63.93948697175129
1191.5412317895286,450.55237081464236,26.496903582671003,63.35603739552727
1191.841127573154,455.9079554302787,26.446434084111768,62.98020580310951
1192.4879461275266,455.59961766473424,26.514178267709543,62.4100070637593
1192.4043920208514,452.97130982232045,26.54649522606246,62.593745818350015
1191.632705181505,457.16209677975024,26.932277919457817,62.58256088817061
1192.2734592387335,459.83285713437056,27.411473011062803,62.23142046610036
1192.0386918954946,457.29652372975374,27.91692574332953,61.97410642511434
1191.7851622598853,459.4856321505014,28.21178301691041,61.453181997330574
1191.83487254472,458.98589432333284,28.42624548361626,61.18810875392443
1192.2277429323142,457.8252605440138,28.47313146843358,60.87891819603109
1192.860774587996,460.8805428545234,28.578770351283904,61.83736907794166
1192.1800814034466,458.9716076234576,28.22414150069444,61.98098989102543
1192.8067730870812,457.73234134610686,27.89375578690957,63.02016766839072
1193.4933178046576,456.6422311198066,27.827744236430775,62.66628162799513
1194.0299087355922,456.5997064426231,27.7477434839896,61.81011385789999
1193.1977664164633,459.0003648417575,27.51422100097074,61.11963499603241
1192.4935728823934,457.29312473105614,27.44545619838283,60.50856675933585
1193.2231736071924,456.85360054623413,27.717188772642384,59.63161675594829
1193.4805513530791,459.30874366062227,27.24916466720228,60.0901674069022
1194.0585313191832,458.744957797006,27.009818373395383,60.10983613044204
1194.0833252375487,460.5729231004192,26.88766807308265,59.914808452921704
1194.0260550329053,458.6209781695709,26.644374739274035,60.93576374430584
1194.1581385860677,459.980356494007,27.050002252032677,61.383855993367526
1196.2418410250557,460.0479873585667,27.16815464410666,60.792167286137015
1196.341602880824,458.8614513845402,26.825344614983475,61.837478537778836
1198.0488588582307,457.91757148294323,26.198470132322466,62.33291603910812
1197.184342649857,457.33182220190207,26.146347678083004,61.662956042154164
1197.111764951652,460.26112415582884,26.015103581275362,62.14710935933729
1198.260988892792,459.4995626808146,25.96021625159236,62.493987096810784
1199.173647784465,458.2889006092883,25.485359474411148,62.97782721390822
1199.484987068209,459.05516999789796,25.381156141431845,63.14119436053227
1200.4095334064546,456.8662220202155,24.709694485486537,63.652160546381175
1201.2818536768434,458.45697215285634,24.52758720410068,63.42883069507043
1201.5845845511972,458.0166808564004,24.203509297622855,63.03295097146929
1201.409653023353,459.2410168242636,24.47811951487863,63.402152752097194
1201.2310733443153,461.16700021469813,24.926583197521083,64.63568764206559
1201.0632204879919,461.6895014466328,25.07723763288837,65.22865538731796
1200.6793703039752,462.13559871071175,25.19958194184718,65.26324269233197
1200.227304836461,463.4977177126973,25.613933642943238,64.9419435311342
1200.3376097073842,464.79331647020166,26.20782113353399,64.99533806286323
1201.874993810359,466.0052719567429,26.401176315874608,65.7854704686107
1202.40156120561,464.1600489357681,26.681571712979544,65.55902779672363
1203.3466634426554,465.88473732485863,27.167979425320375,65.50696270601208
1203.5546182406226,466.2172514462214,27.597075937670247,64.72235978236208
1204.8155022031874,462.98890794120445,27.669181751783007,64.23780552805268
1205.377311739542,467.4013448152307,27.290480250618835,64.9145911733108
1205.4031212473428,468.30869974465156,27.149963984424385,65.56270065231382
1206.052256716837,469.6022700118448,28.23920668297859,64.36778931733699
1206.0625119409337,468.7053574926385,29.027676342092576,64.95713597268524
1205.5706616709397,468.24646597889944,29.473653400425565,65.1165470509675
1203.832649961507,466.3246323659544,28.583063908066528,64.21141733700763
1197.044031569167,471.44677529526706,28.261352023313233,64.08323369701029
1189.646717470378,470.2686494646391,27.64942885980693,63.81252055075585
1176.19423198887,465.9041942535943,27.281376217476428,63.504902385504145
1158.8804049800635,469.4682912903925,27.652529990948445,62.657350344531054
1140.1637617591414,470.7427863530128,27.775174190361152,61.28200953035615
1117.8020884812363,469.57986261959894,27.092972650468106,61.913820513419196
1099.8080324956761,469.489094227038,26.745414150397078,61.62879714338781
1075.4113659071281,468.82344605296794,26.99713660971982,60.768432610485476
1053.7660621562125,472.21809301747476,26.7544379897251,62.00615627485553
1028.5160114282448,468.8966221728017,27.42819972398039,61.23524431887695
1002.3128649296542,466.33002096128945,26.815232314667547,62.05058566173179
979.265880038651,468.3453759772028,26.16466474315837,63.12133131838166
955.0069689664798,469.706629914029,26.059283609912907,62.17465442884482
927.9178579543334,468.1603247409212,25.37342711247723,63.09242051007631
897.9310107437689,463.2242810473526,25.21512537882103,62.59210856707439
865.59929924227,466.2647269411235,25.466202495588217,62.535829206290366
841.8699273339947,466.61231441609567,24.66945314807635,62.22077158332089
813.0820440958774,468.8760218111574,23.76314107206486,62.836135666641056
788.2760482070057,470.78688707732846,23.771624854202955,62.86716711817041
769.2857427991627,472.1314674130281,23.943615217008016,63.05130842965078
751.3093312199635,472.75478205719116,23.633060232095893,62.92279635457389
739.2190730473872,474.9829773263404,23.356659768166622,62.91173309822726
727.9966659533392,479.4066185564838,23.661918978845403,62.591205017212936
719.9374372764787,480.27973632806146,23.638976949021583,63.077290497998675
714.1665054619323,480.07076811878653,24.00867470744781,63.63176503467254
709.6413032180686,473.0123920649708,24.0186853658295,63.80564032650806
708.7240868379055,476.7785119733985,24.015045826198577,64.3848812225433
708.810414968792,477.6117958674506,23.858273013890603,66.05150292189634
709.3272958755473,479.11326414420967,22.859309282344213,67.801010158814
709.01358154827,474.9481471563487,23.05769488231801,69.6070360656883
707.8243154129283,475.67107726883415,23.13911468809669,70.8513346847116
708.2105281392886,474.64996025778726,24.063631207155,71.37977333098138
708.8148897203343,482.6028025772668,24.146851595173345,70.48382093842119
707.530873711843,483.9599905063102,23.965081261158076,70.49828805404357
706.9436726711651,484.02707542634585,23.86387337242107,70.84171977194232
708.5891335919125,485.39794158414054,24.342643475048515,70.87190956786415
707.9994701680247,485.90594116589284,25.03211884806229,71.0156816083543
707.8149353042545,486.84150901119324,24.66232743201363,71.45396864915297
707.6175499473416,484.6607192613349,25.034790694025133,71.81663819861335
707.0735361244635,484.36223625515083,25.429662395433773,72.47948769844444
707.2494106061341,483.8271556309851,25.463928966493544,71.7572600307603
708.9728163624968,484.65160288780476,25.55979104156723,71.56781743095456
708.8413151718994,485.18462999284793,26.109389184538024,70.89615392311589
708.6395524707708,484.6913584596132,26.098613399995195,70.33194876055863
708.0185315056648,481.3088751395293,25.63274348118543,70.6697966224977
709.1900362310679,480.6455658820831,24.638509536398768,71.42061042700189
708.1356167678342,481.06287569905044,24.814549361990142,70.99906811769594
707.1612512130243,476.3509784966888,24.82972451095464,70.96667145949199
706.3598704727927,475.07917173267805,24.418924981057256,71.67483982187932
706.9038911758399,475.30544986873883,23.81823925423651,73.52125901743972
705.2378362654624,475.30004469475256,24.198055440576816,73.17503828826567
704.2026254235416,471.13392360938224,24.32537357255385,73.28827296694092
703.7937526747783,472.4371235654089,24.537880394009367,73.37693044700796
702.1941470250273,473.4305735788191,24.141051921477537,73.47729591167307
703.132640917838,473.1230755271248,24.138947429961764,73.56070930193465
702.1447456295238,471.5708862156964,24.24641432285152,74.04591773588749
702.0458784033826,472.4512948581146,24.408056560847363,73.60859977298881
700.5756952968467,471.1571734715203,24.64171672686122,74.06029116601982
700.4308935571537,470.10894618348533,24.90785656961032,73.69845754934076
700.8884410372893,470.99691742893447,25.096853492044847,73.80875697128431
701.7008310582195,468.48158344301777,24.7341669941909,73.31219324984986
700.94161180468,467.7162119748334,24.147197071170535,73.39115360202818
701.4598776421933,464.61790402019693,23.87835826008506,73.2531299620458
700.8393182607416,463.76678636165735,23.87137388120366,72.54119549076435
700.3370769530287,465.94474117680977,23.422461487588713,72.43817120210389
700.7242916836295,463.41290923246123,23.185363965130637,72.9399397203175
700.2458992867859,463.1846397179204,23.396537866045335,72.48394165146824
699.8954679418658,464.3077850451584,23.51146532086191,72.95353139097418
699.3314691977547,464.1791083776353,23.504966597078493,73.78221056458625
698.4377557216201,463.26881778789243,23.141225918198394,73.70326717456055
697.6339432421632,462.1654750086761,22.900579984015078,74.6551863879691
698.1971268666049,459.8536148249255,22.985785501435856,75.22568171503448
696.9083078975883,461.64035012495134,23.554284616913417,75.46150009355945
697.3221594789783,460.1410334921183,23.631005465840975,75.30224852302862
697.0364702585381,460.19453832022987,23.813964069961614,75.02537135124156
697.4973806081019,457.8303460082809,23.699714543548232,75.9653612855796
697.2151467755798,458.0196791413429,23.999158798272184,75.9280797581392
697.1442744083297,453.3449084087177,23.902214706211375,76.15525336450294
696.6194268809957,451.6240356683522,23.7188340229264,76.29933658708579
695.2691885341068,451.45924891797836,24.01465478332393,75.88186838556294
695.116190912305,452.2343819882644,24.133482024798916,75.52953877987245
