1042.5,587.5,73,241
1035.7276521660908,588.1272245971961,72.87146358926611,239.89628177312943
1035.8273724799303,592.7181659469513,73.22014363905832,241.11880657483968
1031.547628311006,592.4718763197301,73.19006097776146,240.30913973553214
1033.998946558784,597.3358093317582,72.98499909768405,241.05201116875133
1032.254447431674,600.3457963076987,73.38384175040238,242.42185636207296
1034.89281499796,605.083483305777,72.8236145295128,240.41742915470422
1033.272981881095,609.594438764877,72.97819775543009,242.19668572460222
1037.264240892738,618.2129019801475,72.8134564121371,243.63636833336807
1036.2917630744687,614.7878096238518,73.98276208386577,244.32445749923713
1038.800348751104,624.4268955301636,74.4931423815965,245.4276733971846
1037.822803742636,628.1428152900946,75.05595563461627,245.3266797101474
1035.0505365942365,632.1559075980178,74.88031895668372,246.56814569854896
1033.8068717511187,637.6267637085176,74.74288539256857,245.6238976575422
1034.1798502551849,649.5638331640914,75.57982115997181,246.69565680242488
1036.2933732224333,655.3920329289409,76.16408170206805,251.22933600807738
1035.2309038914304,649.4746512330761,77.52762496927167,254.57970246529771
1038.4319993564684,649.63995347783,77.45035755451524,254.4616451737279
1037.112451964058,655.2723232416538,77.73323972336954,254.19146684145375
1040.8264868962235,658.2862688149264,77.89529160510183,253.35072140489996
1039.5143773081422,658.7651170380536,77.4108021611929,251.45384678987193
1041.6123368142707,661.1452435594425,77.22560578611217,250.7173187799005
1043.0587731763464,660.9131913260092,77.0925668746747,250.89901095619416
1041.445893206686,661.8970093550336,77.38739882212839,252.3809431697823
1040.718201263535,655.738973049398,78.4837107086417,256.20415498698594
1041.697464850345,658.5301218970767,78.66788325349708,257.75517190115625
1041.3880341100435,650.8618565038043,78.69207652454787,259.8390276312434
1039.205051047325,654.5518775259759,79.07124507880243,259.78541161610553
1035.1636467565138,648.2825170391927,80.4706015310606,262.6998821776846
1036.9401244780338,644.8574204334179,80.3329369205405,260.78180489668046
1035.0402068957517,644.2687315131876,78.90924465361638,258.481617687016
1034.7347192841814,645.985375492814,79.13695724247985,258.80058135282445
1031.6500308769575,647.9792730447484,79.45883182532943,261.098459867272
1031.2525163187095,640.864260801276,80.33913450568754,264.1324833013606
1031.9773019735158,645.2758264248803,81.00981771267662,265.2832576175065
1032.4898039199074,645.1764667149171,80.98794425583677,267.37856929684006
1032.6336347069948,640.1465125993752,80.5962037778678,267.1688070414735
1028.4062468820318,640.7172593234834,80.72045689056213,266.8789821895249
1028.0260470595833,636.8911878617738,80.53653418781845,266.1404552902511
1028.1385355150428,621.2292758444858,78.77412567918986,264.0898706029034
1030.3703174596908,626.8771541496349,77.17189110698644,256.71537268057807
1026.0673695718062,626.0094190386867,76.5638538917277,250.10621647577773
1026.0446643069079,626.6573167550108,76.76548065549329,249.5421983535009
1026.3271500086512,630.5193322329881,77.09604543631778,250.10107011513674
1023.6153479977638,623.1150522100893,76.84241623894553,245.99407039225758
1021.5145365629661,628.2702746277085,77.16492161967999,244.35338053901359
1019.3452423143292,628.2170878043364,77.04661667289237,244.77729068883457
1019.2181402302431,627.6820800692482,78.39387608932529,246.34710010575404
1019.1891689181674,626.9990423620236,78.70834932618376,246.82325397422068
1018.7221183308736,629.4196399473633,78.84885840539629,247.64708975980963
1019.4381287760309,624.7787917647963,79.76538688107901,251.03440555548553
1017.1269395927754,622.0692703960419,79.60286362863246,249.12724160888195
1019.0463250658698,626.4756785157224,78.95758986338237,251.15115728022636
1014.0505777709392,622.4247544969257,80.33692758526264,254.4782126466162
1018.0244381739217,615.8778186053632,78.80119599133369,251.70916080760975
1017.9043320203841,610.8817947760922,77.82087778846017,243.87455212459926
1018.2050797667682,614.2146990817985,77.34847945936916,242.25499481018363
1016.1194689030157,608.6251350161851,76.65746277973935,237.44804563275568
1015.6675457249107,608.9479667092628,75.94041768411358,235.6919670263395
1014.0170530396879,604.415621037147,76.29214997228371,235.54002457387924
1018.345873138374,600.8779032160284,75.57945224927676,235.13878661305876
1015.0549558531583,601.456015603308,75.70526837183226,235.94013811337146
1016.2040822422673,601.6905677986784,74.53362015065156,233.8209588830385
1015.6995187220373,602.8881032748076,74.48805992953017,233.74982081690388
1014.9611304991791,605.5295813499891,74.19478584958114,231.99764164407975
1013.3879777839468,605.8971510192388,74.40125120169208,232.49059521443974
1010.5911904883395,602.86171717578,74.51550145208627,233.05699398351067
1012.1950070564662,602.7000864532037,73.48141939844379,235.47607657085987
1010.4144155868111,606.142580006097,73.44170788661282,236.600209452561
1008.2239091503234,600.0942882914259,74.17632555313695,239.84669808667635
1008.6931085469353,601.9519042336195,74.83592764396906,240.17773228123798
1005.7567100406184,597.9456091177772,74.15312401344494,238.5610233491042
1003.4282812843968,597.8249522208753,73.98232287262888,236.52738282390774
1005.7946593206253,603.7399729705575,73.25687719064415,237.03196275398673
1003.3636698583979,592.0022244331363,72.63461606001493,236.90419215915128
1002.5876393967504,593.5555281304091,71.75313687749002,235.66364609444736
1000.202482702024,595.7132021098553,71.5658072348691,235.91407591418056
999.3481127424744,595.9948990088592,71.89489381935059,235.2829717314462
996.8955027226864,591.2006774382542,71.97709673856518,230.260875436316
996.0585707754138,594.8704337731147,71.30919141466553,228.17943228182315
995.3530767181308,595.9507247257675,71.70147153858531,228.88157778015824
992.712398667523,590.929917619438,71.6503634216612,229.43593689638178
991.5625303644338,596.1421875451642,72.7158969276351,230.04840342310297
991.5382539037141,600.625667091751,73.39003916019749,233.06459862680447
993.5131296118393,599.2249105666289,73.92686096324624,233.22231523310955
989.561527293364,595.2520125591047,73.59681784323911,230.9860262109263
987.6864001634837,599.7234302527417,73.86458513972755,231.21666036710963
983.4894346403594,598.2226976755516,75.04942881414988,235.26361232931305
981.6498509091191,595.11838312276,75.63115722595599,237.71689275249253
981.6646232442461,591.1404150666925,75.98298873277454,234.5438167567784
981.9210035771093,596.3874655211645,75.5817915186363,230.89697536931885
981.879599501604,594.3574957268355,74.94716097183185,229.9530749883418
980.4831155170997,595.3100428154673,74.47951597621051,230.29847529121108
982.2439512010072,590.272726716311,72.62894868191984,224.94996887105458
980.0833022564561,596.9076906633887,72.42449593396756,224.4296852563792
980.3013718502061,596.6438790980624,72.76991353157435,224.71485846268212
977.3912887956609,597.1830431227587,73.58408675126041,223.9968941947416
973.08973565054,598.3087027502733,73.91472447460768,225.14172314451594
972.1372096688258,602.9795483882704,74.92063417271618,229.40806409508428
966.8764721442482,598.4865783712635,75.472107047494,231.42537762992208
965.5412337931549,599.6081946258016,75.35356821814072,231.18464660857757
962.9176368897553,598.4295907484051,75.49788488489479,229.52724836437784
961.9457292479615,603.6276138147475,75.63187439047478,228.48863745813333
963.1065252885676,597.3993001664871,75.59529717704518,228.54098886048902
961.6874055839643,601.8236552946051,76.45922571131285,231.2332856461841
959.0714232518023,603.1488117660886,76.70456994945873,233.4638888218391
966.0831975611012,608.0147452063878,76.40369760802183,233.28531707673866
966.9471297972233,606.7310850172644,75.78969088190192,233.06682603073017
970.3230652062773,605.1854447513775,75.32479210969228,232.2478010624734
975.1318168807032,608.9839420987,75.48770048111626,232.62871640963738
975.2025066540656,608.62157782113,75.54417208561946,232.9238617431036
978.074251417707,611.2683219669777,75.94687606267016,235.17568347185477
975.033092903662,612.7743206932072,76.40203778680504,237.02055571696678
978.2905812104491,612.7719212787703,76.42692237547095,238.88897673440874
977.7979352859602,611.3939891212161,76.22465628873408,238.58391747316202
979.2552273356034,614.5923510259919,75.68683982479303,237.10840252210048
975.394045031911,616.5011973750852,76.68695730845965,236.68193563873325
974.6053656962429,621.9959342257051,77.11842633994135,238.67546936852372
970.1122207112812,626.861480320314,77.88009835179591,241.06885361210624
970.6526369404004,630.1642950537616,77.75202593431754,242.20266649369114
971.2495793636218,636.7427621108377,78.55877051292345,245.77126109658002
970.3560922809561,631.5805641850823,79.22840578245729,249.81601865768553
965.1454473455966,636.5488683525107,79.55882384226302,250.4784617983538
963.9540785086327,644.2240347749594,79.14953189697388,251.3657502608295
962.6703417788601,648.6031109652984,78.78342114326223,249.99054627874153
962.6717382977415,649.3844317229646,78.49407493124234,248.15386531610136
961.3739114106199,656.7165619862996,78.1722654028731,247.39370330017366
959.0528418978317,661.551084190941,77.40135234638775,244.61852066152073
957.6193274963938,657.446949757294,76.10042527386689,241.0622288293518
954.2194178195656,665.5569110650274,75.63645163588518,240.1791916661554
956.4443418179847,669.488762323099,75.81633290998214,240.15440068336812
947.853938559402,668.9506191097927,76.9227528304677,243.08969077304374
946.4033019753765,674.1725258652302,76.97006143133412,243.9875310860212
945.3201741639349,674.4627490772922,76.81704358238517,247.0722934784255
943.1157079169352,673.2734267360845,76.28030594851585,250.50234359068088
939.2423475937165,683.9272886566699,75.509402693586,249.27186546179036
939.5685053460451,677.6701389712781,75.25751330849488,249.96409661815753
935.5258398207953,692.6865858034352,75.0226100602884,248.67047793248116
933.9317211792261,687.2581687565519,75.9599876060305,250.8064057686184
932.5560286634529,696.3240821428788,76.07675626260743,251.02832922484646
927.5409897714135,696.7507083669227,76.48099195226503,250.1869014172039
924.0669017012144,700.3565519900224,76.0417479152033,247.60988633592166
920.9687719272483,700.1211580684969,76.0680569779061,247.99794211991085
922.4790467842503,705.4965649127855,75.56723926234584,246.88215536309644
922.0098535391471,699.8421073161921,74.44783595000084,246.8667116161588
919.355525626684,708.1999961764927,73.0175310319766,247.06711927458588
919.9666588717615,702.867102685713,72.83986967773929,245.04344073337907
917.466390190791,705.8713489404563,72.26584592060065,246.13788782960543
915.626664249387,709.8498536990963,72.04349287939739,245.76076141092764
913.3216346524371,712.3355091254737,71.88889648323989,241.20937741016087
915.8394623678873,718.0033940748756,72.30603751153728,237.76177489264353
915.9856270063275,726.1153191012055,71.93693627499468,234.02468688679772
913.8519366640613,732.1921435910115,73.28431426062859,237.38660950142418
912.5350714845474,737.476470079951,72.53571706304628,238.01027448619146
914.293006601917,740.8000334476371,73.4770220831289,239.0917468223219
911.4162756758234,739.8955893518583,74.2662386159497,240.18810261279458
915.2887952098682,747.4870168801308,73.35605462751104,240.03174158243377
915.9110430488023,749.3970482210817,73.33886150091232,241.95894614677826
915.3468124892614,751.4219611020985,73.22141424043934,244.21186620383654
917.7927225550758,750.2995643716763,73.62919471000694,246.5785926555301
917.8374643389043,749.6827261923302,74.01214745121075,246.00757376561853
920.1118162603707,751.0617005328511,74.09511932849276,243.603684959588
919.0402222022877,755.5945912141921,74.0296983405022,240.6396530170721
920.3311545360315,758.2589795456552,72.66883517886636,236.27691803829663
922.9930675721664,749.8650832993229,72.38797499557353,232.95945540400797
924.4973531969,755.8778222260314,70.94857386348468,228.68258613976337
926.8810732250939,757.9656033506342,70.42802912035971,227.18978198343814
927.6877362730556,756.4399707508434,69.99439112048266,225.6815531644649
927.2858579027655,755.3692707169239,69.57503432422814,223.85058046199438
927.7558691130494,765.6564432611896,69.61319952430031,225.7008779363294
926.403498420754,761.5873029186649,68.59556337021019,227.28633030945835
925.163388744237,761.7529365386421,68.6560918758473,227.08950130109164
925.2286824540006,755.6496522172754,68.61940130726359,228.61607440702068
926.5031492291964,759.401429794839,68.50446443427063,228.78821705539073
926.2471868971695,759.6401574086759,68.53786632076717,227.61424263168348
928.6297532427133,762.4515105696878,68.33214515540593,226.95154969924715
929.8672553499098,758.9380501837909,68.48406450210915,227.00726571335048
932.7823093132301,758.5665832126504,67.8744403553755,225.97268340978962
937.3799666987584,751.2444353475789,66.1069143187551,226.11713649619463
941.6484129920796,752.4674947061885,65.04536734368497,225.14504553185174
946.2910079633102,743.4407525384277,64.85497835032034,227.51920285626522
952.6989498900698,743.5950161833998,64.94128375156197,226.3810730863861
958.6840988634557,743.6956635708364,65.12449971317643,226.92926445987047
964.8145626725394,748.3295296510894,64.96082207975024,222.6406454013237
964.0665039188834,743.4417374079914,65.96764657801933,219.07030455640395
968.1152371497986,743.3000058066901,65.32927988578116,218.12211979071412
971.7719977558295,744.6268828782895,64.91246382432378,216.63253793927106
972.5304236249343,744.4728237178876,66.24045714264804,213.47890599113862
975.441167266406,746.2417317165713,67.06070398293463,213.99411142474057
974.9453553376717,745.9552294317343,67.32385364063126,213.56970843883443
975.2721457792205,747.2102696300328,67.91465883446091,214.8870673504038
973.7562968439752,741.2615382730553,67.79596631837,215.76130237270843
975.4156475010961,742.4693904001557,68.3595939912497,216.67163361808053
976.9167872320807,743.8412095204254,68.47841114030368,219.2570788202291
975.410622442311,732.7174039128962,68.52601260285385,219.33847223133233
977.042072203579,731.210539335789,68.12258106356364,218.2162841988097
975.8688406455436,728.5893547588395,67.53406235666696,219.23989476963993
973.9661051476148,729.7180666565139,66.39645054307624,217.13327296074698
974.7335239908776,729.1659750184924,65.83280336873098,213.75777665228688
974.17595524118,727.1045423579535,64.93638615010875,213.59963754450118
973.8306834732546,724.811496384133,64.00931100595936,209.17291401667825
975.4457503591824,724.0474902457753,63.83376722090469,207.3761141195502
975.7299004918342,722.304946375056,62.87711086600911,207.01300606974434
976.434899074926,719.1359692982841,62.320871617706736,207.89724871358365
976.5255653437899,720.9562346755083,61.96999603719976,207.79177288123896
972.9815191687147,719.4891526855877,62.06343850026519,205.68588969234872
972.4278672772006,725.5521034132626,61.765146027037375,207.6193697219842
971.8922201620502,720.756142975897,61.64771812370166,209.77723526834623
972.9992619867825,722.3459516128848,60.81219573255308,209.05921329123032
973.1616141449965,720.6265709583155,60.3011630497263,204.09631654220246
973.6285127190681,722.8600610510439,59.68032014858095,202.3933062549694
973.0938185985776,718.0125623318668,60.26114744476631,202.6916228614145
972.7788880634943,723.0513547291216,60.794296566418964,202.00983675007134
970.3281366649213,714.6977491716287,60.59581710190708,199.42217558112162
971.260497706972,713.7769192068166,60.43840164126463,197.59337981654724
969.9114128644051,717.2126421054546,60.83895746722189,197.68050163859493
967.827426855446,711.9950562032612,60.4976802747824,193.7713712655524
969.1242203555953,709.1174065652509,59.43560326994441,191.84342774372152
970.8897605234886,711.9929017554612,58.614938535888164,190.65301618639063
968.967329176432,711.0811920269839,58.604924950170336,189.3945379077496
969.0306840009443,709.2405905173368,59.2714434505596,187.22090255576683
968.3567234315806,710.0743867823702,60.13315346820483,187.0333443770489
969.1549757874446,709.1494422277058,59.79777038714532,187.71990579243845
966.1470795201566,711.5528979402233,59.94193845196437,187.97353552035776
963.9700779610866,705.0496798495795,60.799559810460764,187.82158261015346
966.3686979559965,706.3377034797011,60.59048128914706,186.41837356097
965.2179981020362,708.7863167105148,60.05882383192164,186.34357437213907
964.5421213524868,711.657240704828,60.75074842972957,189.12093433791944
964.4985795959235,707.0192511846085,60.95071463149763,191.60318693411412
964.2073823208816,708.0555246107449,61.30554235821827,191.9201802773064
960.7613000898483,706.6695277251304,61.645975710665695,192.48740944396695
962.867423498844,703.9068299854385,61.159769494404685,190.23081964045267
960.3980824790222,699.0147897955964,60.157061019674515,189.55525856353293
959.824497671,699.6852150690183,59.53036422069489,185.93962273646133
959.1756551998826,697.7445348789785,59.337668518131466,184.47756880990053
959.1796108788213,696.9325856306217,58.74896670014428,181.7563502144814
959.9123773433239,699.0554077613417,58.71750197411154,180.82844162503847
959.1739352285751,693.6678853634494,58.41602893622928,178.9730762264262
959.1707484802653,697.0641251704056,57.66829740135887,177.992889665187
958.7667452772869,695.4718571472397,57.277826062259436,177.14755329406887
957.8991196880146,695.1158203108945,57.086079102376324,177.19584210519477
956.7861445247382,695.6517767183201,57.08331114813667,179.03748276667713
957.5988532176523,694.2009108632949,57.931839141565945,179.93470621981524
957.7707810440438,692.8017379261693,57.87450355265991,183.1382285548095
957.5676667164975,693.8605207963993,57.760442488647826,184.48210623857432
956.2925136267229,697.3030620723314,56.97062668371527,184.01112910205435
954.776357740937,690.4581006284537,57.16122764939413,189.25221947790774
955.3646817022039,689.755953788225,57.497915312454424,191.2240677514515
953.6357253715673,689.7682271035322,57.54440595949099,192.6532866323498
952.189045234856,690.9075335101098,57.691861787265516,191.14679638112628
951.7290401368782,686.021380119525,56.59861805599026,191.37743045569187
952.1951846063445,683.5975095660235,55.740445965466876,189.2231278386348
951.6782446622115,682.3826672952146,56.191904372123716,189.168311495243
949.6123480622545,684.000420997993,56.622247700974455,189.12145374407447
948.5726377962741,683.4691613341716,56.84058913614098,188.28490113987814
948.7529996565553,683.7181776056927,57.163030965810584,186.47018935756284
947.8324425831372,682.0445781418869,57.78696664871096,187.03995870448614
946.5042503733963,679.3404204594837,58.177703180009175,186.91423075721997
944.4831249254106,683.1041587598634,59.4617972995522,185.68961203228457
944.6214124640615,684.8323544684256,59.63527400676594,185.95509079910482
944.651372665579,681.7761064752608,59.843209605584875,186.22284925567968
944.530654341852,683.2446256730782,59.52181830828312,186.1871971210312
943.3308108926533,686.5552235135575,60.22925090179487,184.0119433651213
943.1146901496646,685.3938852496307,60.56551773381277,184.72207762136102
942.270397687877,688.8136820998558,60.17404074485142,185.6578101728945
940.1244735585735,685.9325952186688,60.18409207123804,186.65706164828111
942.5598311897209,685.7203068831564,60.214406395735324,187.76405922871083
937.3207124655611,683.0452561714692,60.88827391760217,189.4691320609291
938.5494591084666,684.2828455608214,60.35891900707345,188.0229850357647
937.6533976138167,683.6446598655066,60.06123639334611,186.8589074269893
936.99653249367,684.097453593926,59.575008404574525,186.7225825820164
937.7144798819811,679.080859777784,58.58102589158407,185.63285780737917
937.1830737427031,683.8964669403069,57.98547268208762,187.17809707272644
935.7872886857883,682.4667367050413,57.273433615466736,182.39836400840667
938.1627173129316,684.108420884037,56.915368109226975,182.4869913379001
936.7621949752523,683.0442633726502,56.92252969933466,182.58167312855676
935.7945831795031,679.9580996752687,56.12957002133257,182.87817559503603
934.240110673931,686.687146148814,56.00818885678707,185.71168192162722
932.6717511410457,685.2132606373051,56.08166548710243,186.37037757004174
932.8462840896208,685.5000309413343,55.63932996613609,187.3128515379414
931.9161640376831,689.9465008608756,56.318294583065324,188.12935479120512
929.7877528117558,688.7587361978365,56.72225872994259,188.41666685883
928.2436180213116,688.9583978223552,55.70016768842496,187.61368638203783
928.6423765938621,689.7330439580676,54.91948920192505,187.14478754418394
927.7381250230214,688.9542394503744,55.00269489258707,188.34090666756435
924.367167935542,691.5574248957428,54.19620342026783,189.391655909274
923.0252537142567,686.9756570289464,54.653947868926934,188.1990925141435
922.0177019061734,684.9795450539214,54.817012505563,183.4030588653168
918.8239644489807,685.1074864984176,54.85152111135461,183.05513819425124
917.4213042404235,687.4465988177806,55.40216470962157,181.7118797382342
915.4348518506911,685.3590633466566,56.05812202891187,183.14085025476177
916.5082830643977,690.2399647031672,56.49198813238247,182.02087226403063
913.2797558019408,686.9837460774746,57.824359277169044,182.64223295062698
910.8424983664819,692.1541694130295,58.313754233078576,179.63747684424484
912.3843977122266,696.0983143684474,58.52807508657193,180.21855682171483
910.22128817033,691.1619473049305,58.765828002915185,181.481480119586
909.3592935054115,693.0543381332614,59.51553363753132,185.6415288805573
910.7992019096171,692.8665594616157,59.8700954053989,185.84228272844166
911.5587644472231,695.687827974956,59.76461678976621,185.26156525513625
910.1524318007405,695.1363903268165,60.05823339193568,185.24039041103438
908.6852082848991,701.1950135690867,60.34220730578993,187.84065319620845
908.7884710567033,700.0414650940124,60.738458170377015,190.25638789650557
907.1730675705643,702.174638612705,60.60533515570147,191.86710365666687
904.8218853699777,704.708593539531,60.81148135237614,192.52939123267194
906.3461530365613,696.1770596751276,60.51125253204178,192.80627083586836
905.8482621157528,701.5200965268236,60.17744846381526,192.05360396231026
907.0409324722648,703.0207892100283,59.993120362180505,191.046606699386
905.0830153384571,705.4288903746395,60.20186949719676,192.60926389012207
905.9176996184997,700.0753325304295,59.93424840224532,193.68135836882527
905.3181364724007,702.3508309293918,60.094969872093884,192.59542538124916
906.8858606236479,704.3804620731468,59.905938662876565,193.56230473726356
905.0233099468513,701.6539444446505,59.414952675160954,194.7175308702631
907.062625129474,701.4537587488725,60.24069881672111,195.1471299321013
906.7729051157379,704.5890065433618,60.542925687969884,194.36174605653196
906.2206447486656,705.3627834574397,61.145826367869645,196.19189756399328
904.9040793713399,702.5783801663727,61.97194468374694,197.31331120560606
907.4301077950381,705.2953881772585,62.37876921452415,198.4527753130766
907.2209882274805,708.8193133055543,62.77740624089278,199.46111840823056
907.1046125562899,703.8594444719087,63.5031760316267,202.20434717201834
906.7326272472346,705.4596252099728,63.206684632677835,204.46475439553598
908.5579975998503,708.4109158403078,63.24667831389081,204.26554561335104
908.9802197438922,699.9243442633085,63.24163711866797,205.1756661538244
908.0228468903774,708.0610099999691,62.798071649397684,204.02718399996118
908.573685414628,707.5798704352986,62.55918148997263,202.51383499171362
906.9347968594224,703.4994285532377,63.03627724776865,201.7983311597049
908.070538588424,696.4478485900013,63.36557070054707,201.19314090459838
910.3551216434986,709.5251877374761,62.98241638162722,201.10301873147483
911.3110701881382,698.8721223319111,61.75417705773651,201.53796423987046
911.1024807357588,707.4579243148123,61.810964375476175,199.96434744905588
911.4307539710194,700.9567505194557,62.73097387228617,201.7623932056627
912.3771697255468,700.8434665604852,62.71525260607504,201.10968365587576
913.0969152200593,704.792416420548,63.06771541915877,201.5470119020591
912.457386667002,698.2865148348113,63.692112657986684,204.64591510252401
914.9773996839442,710.3747586378994,63.478007682756825,205.3892273010353
915.01880436586,704.2170330559426,64.809941623178,208.52010529142595
913.619591591579,700.7553844929864,65.52737781093052,205.86419499698926
916.210281606469,710.0254334446078,66.08222481667293,209.20779651086082
917.9010021407215,709.0965362415654,66.48326637222209,210.95745102949326
920.4955048224145,704.4560133687003,65.62501433525196,211.921099657609
922.5530055641091,697.3372120531344,66.27508185973659,211.73355237113805
925.5613039502928,703.0989250551744,66.14947963616669,211.04147383257333
928.0479358856755,704.1900776553009,65.4692336296284,208.1194461420096
930.0425465228203,709.3935539931736,65.39669054557018,205.8680787552658
932.2822702439381,708.6163098919757,66.08817968780717,207.17971811432534
935.3258962828186,707.820839448252,66.70319811785879,210.35505846351896
937.7162903529712,709.5624252462225,66.38810202085807,211.73104156881104
942.1854989802658,707.0360837821773,65.5306192908049,212.68837709242126
945.0632216831553,710.5373159139962,64.87247489134296,213.38039038691957
946.8993690030927,709.4742534833539,64.79520579086638,215.33791673042853
950.0212658680911,710.1818168806353,65.09096045793392,216.251055841246
951.981274101842,703.2929296023566,65.32962824412462,216.238491881568
954.1157524147422,710.5709700269675,65.34911184583288,212.7522333437475
956.9992934102544,726.6292324176212,65.62099412635392,209.12318300396842
959.5812047300117,725.2905478214508,66.75056986711897,212.15278503994676
960.0415979956206,721.7777900981812,67.19115747568688,213.40083371249932
963.8156915641697,717.3394135445917,67.39649893355926,213.4474333544072
965.0997457323924,726.1299384480844,67.11259698749467,212.66730594122055
965.9433904302119,729.4726342631675,66.4381717047097,215.43113687575158
966.258458076397,726.7069811481092,66.65536388311892,217.1407022401608
968.3939152039611,724.7479723530173,67.18101373016364,219.35693366987564
970.461789720556,726.8285071331685,66.45692942132379,220.17020073371864
973.7252378141037,728.3380233654433,66.07064249860215,220.2072302522776
975.8612553753342,725.2561360964573,65.80909350208728,220.026550978604
980.29177092347,730.035367528731,64.84920452617689,217.75616213062793
981.9510888197192,738.3117621920534,64.83701814697822,217.10059436922955
984.0551432474225,734.5901379085055,65.05041188175106,214.69592728691111
986.0436908158019,736.2433969230055,65.27572362823175,215.07438869669306
984.5920678637083,740.0568253976212,65.50415840761755,215.55036358797682
989.118923417373,738.829565271863,66.36969778856928,218.7089063066297
991.4854381202815,746.7453543475332,67.26817053424145,220.44866871620223
992.9368474405716,748.255846652919,67.73555848812853,219.5407598386156
994.4502438729808,752.2181939012622,67.87963402006932,219.17192395398956
995.390953740204,756.4412795415789,67.91764275337323,217.82115872880664
994.5019954780211,757.147280213627,68.45631791612115,215.9942975831795
995.2934487448713,753.7354097219657,68.73028203366573,216.76680193701623
997.7310077115657,759.1928306278368,68.68064122353752,214.73291677505426
1000.0453603363267,756.4478418268285,69.01138955677929,215.51781243737352
1001.5326108419752,755.2266597771031,69.77132529589429,214.3245504591722
1004.4435911490385,765.3788752236235,69.79205991797357,216.10362328927624
1004.8427181981812,761.2060969018598,69.42205118530791,216.89239577981886
1003.9608019154944,762.0900462465927,69.92425679183447,219.28786960698505
1006.2252041187846,769.0973628813348,69.48559368164061,218.92763334830425
1007.994946942357,768.6538471968845,68.16294544065424,218.21933924723396
1008.9635135860794,774.2105569819141,66.87195463596709,217.73800452367135
1009.4707350292033,772.2391904479816,66.77180277392739,218.50361046865726
1009.224165984937,778.5698963921637,67.32064049403165,218.00542947628924
1010.953512557677,778.2746412102266,67.80744271560201,222.43027349838184
1010.347250209448,776.1679683226582,68.71646398813084,224.79895493826783
1009.8558386490577,774.248700278536,68.67156880332367,228.26537460981936
1010.1101086525848,779.9996738592158,68.56598441775037,228.005105686375
1009.0943688837388,778.9289067600613,68.61570559934812,230.4746881139015
1008.5181847493915,781.221894141108,68.61061937738098,232.0111107745985
1007.414636282581,780.161402143234,69.15819854595684,237.2760557231054
1006.5175937306449,784.2907935810623,69.62680104294122,237.57247628525397
1005.1614181347406,788.6984641932911,69.05946292276855,240.71964707709267
1001.7109721037807,785.7183637451805,68.81641358225299,244.78804113241745
1001.3074983955618,779.0211673326587,69.83554387813882,246.41511618554944
999.768862197886,781.6406548589907,69.74887036017543,242.9099432130398
1000.5370003139135,777.9468727875412,69.7389042143708,239.89922244382927
998.2080822620236,783.3569315289735,69.66417014679456,234.3361287723051
998.5888423450648,786.0399847089544,69.82613061063309,229.92307463507203
997.1862004610912,786.5235281418896,69.81568428367069,226.82285078151546
994.1570686735952,790.5916162539518,70.23897624001023,226.38707729405502
994.5168639157044,792.1654356622726,71.07303935362344,228.5916213425561
992.7257721645536,795.8054740328288,72.2702347863909,226.63340777588223
990.4674640766076,794.8949318815058,74.53190139258064,227.42426906655754
987.2864653592276,797.9120742463612,75.63246713331012,225.87649699782725
986.8276448943013,803.1323730058856,75.62616949075564,225.15265629945702
985.5419893002927,809.7239273212085,74.90174651167402,225.16996423375258
982.7614834888428,805.7738526660589,74.77953345653418,226.1915072246242
980.2850358663361,815.9315781943069,74.73032012763399,229.8304381108773
977.4217778699384,805.3375480512764,74.95815219098618,225.6302957297022
979.0357813968815,805.94307732797,74.87244526603678,227.8085062898555
977.8554056106658,812.3001892217158,74.76926861581185,228.15878712577705
976.6017117403788,813.2109774480847,74.50593182139725,226.52230285400648
972.3953982857674,816.8666182716356,74.8237711329638,226.7246287088884
972.0595567037356,820.4798150952577,74.84464500900285,225.66052325057862
970.7651261080017,819.4887063476518,74.73419637457317,227.1898083581998
971.0874074104551,814.9202572094551,74.09740884214057,226.70717691047213
966.7552238539321,812.5753727165194,73.42243383787692,228.0862149622006
966.2269657298815,815.0581927432631,74.31937343154394,228.51355643794886
962.9924367032507,811.4291855331439,74.9419906927217,230.09523313922367
958.9559288029649,806.7176843621152,75.33769411917844,230.84944943239208
959.0659300063411,819.3656501895875,74.59669728760608,230.56478257847272
957.3862259548443,813.7053725599733,75.59171454053237,233.4507637105039
954.370671260899,809.8075190772417,76.59128782612817,237.54702757408396
954.0160377611386,810.0500479587616,76.97289891420328,240.93703776033936
948.6107544357884,797.4004323924836,77.09788149660534,243.77380360664043
947.9211942281105,805.0416195751518,76.17736340221077,245.52978411496127
947.0022394942636,800.5861912416011,76.28247679694489,245.6073916899606
943.0466495436,792.7013553470122,77.03789259533629,251.0296790263187
942.6035231086938,792.7361828044217,77.26426691318842,253.4069688250923
941.1259470317323,795.3764560240129,76.2804420640141,257.1243548199917
937.2255205204771,787.5429142427678,76.2909403578257,259.86830930075604
935.0914583699957,781.0172710048756,75.90377548566232,255.7344914064231
933.7299077124208,782.2574394280956,75.81352445439187,254.7662271231546
928.5244716814695,785.1564166668506,75.5510051741312,252.1326782299797
926.3006285473772,775.9669576657764,76.53306019574924,249.28090622968688
924.1068802739476,774.8379365378105,75.49097891515467,245.96182150579077
921.1217283145816,772.7210292321672,75.95913229830332,242.58619531354958
920.8483397283176,779.3490918342161,75.81838682106616,241.60795173176626
919.0411690735045,780.8612956435306,77.22193773495565,241.89590630719846
915.7317180347649,777.4755645759113,77.38578695980428,241.93566134633707
916.5073311461936,779.1124453209686,77.33618889742371,240.9278429066072
913.780522713348,776.0281530102485,76.85142742906937,243.46756920018166
