146.5,229.5,58,108
145.19922924001253,228.03433617091423,56.85068607411313,109.98943720611442
145.26203899715546,222.79160978297543,56.62166092774862,108.26679824615218
146.85932538582358,225.53882404568634,55.66333235207252,109.12914786556678
149.61490233463016,226.37834946072286,54.232358622611244,109.75652093800534
151.3689437666427,226.55784189493278,54.1146160868027,109.41215306563535
153.72085044822796,223.7760037755553,54.30378186868224,110.68800705783883
154.50511000657673,229.20508190640214,54.59636867086898,109.12936079828134
154.32430823335204,223.7212725888752,53.937297273394364,109.21529417637728
156.27208745089882,226.46697679527216,55.054672569379946,107.92720102160948
154.77762726213908,229.92385423634136,55.22922612942508,108.37620716013147
156.9968039593583,225.56299290078653,54.568539303742725,109.29632699081753
164.01308751649668,227.6925925620621,54.26557309583801,109.41749208629622
163.31369295117372,226.4151959662284,55.884862278459195,107.87086630594821
163.77703531889995,229.9228853830076,55.69592020543656,107.48620904145108
174.93317856301937,236.58626297573397,54.610070332187945,106.29685734415752
162.3250631761416,241.0383075904959,56.244868763414175,103.24397441727646
160.70694193947065,242.00325944551673,63.79624814624094,97.5589585360617
169.3524718006229,249.43648142562023,68.32087560350188,91.79419151677271
167.9791902342772,248.9279911752468,73.18067325615175,87.1203231901575
164.52799210347138,252.05299322199107,74.79030914560158,85.22998496733544
167.44081403720432,255.56157470127138,73.73519025677338,85.56111197535809
176.82780691142037,252.4963134567555,72.86495969632955,85.40803508771134
179.4060689009759,254.5194397221968,72.14369076787769,86.57366133337905
184.8481731074066,256.1180259384601,69.91608712186196,87.75686285562539
182.72753708790646,258.7643080885323,72.71145681329759,86.30648429118352
188.32432360721532,262.6489106497392,71.58128499690883,86.70611766974623
186.42049193647648,263.69415210386643,71.02085866248319,85.00941299621209
202.8040763512157,267.13468373925076,70.55626017602229,85.18065208597808
193.93754148872503,269.28478954463986,69.66740263965114,86.22230315372765
194.86699641274225,267.27211887873017,68.72523332830644,85.06031423957538
206.1748538499482,265.16368241122046,62.761084005652364,89.76672980788992
208.7211305289248,262.583475716385,59.12739247554955,92.85310135414649
209.6437271314997,259.3227880732301,56.29117769685618,95.91800090574569
211.20061012411833,257.87687725758707,52.88685390989544,97.93832937630701
211.44117928524162,256.3646347085817,51.077398541483376,98.1665889265272
213.31914882149854,259.00741690410945,50.255189832815326,98.73689621287046
213.1093066959114,253.9453588698912,49.388566987508256,99.47443086040846
215.86620605945308,255.61833739668765,50.41034031242691,100.38109545751139
220.4339336349158,255.17159997021758,49.10120580969483,102.29434355530928
222.72836542228958,253.36088465864208,50.07920434127051,102.38657052512474
223.58143942142613,253.2273168665615,53.18486779014097,99.63452938771303
224.73147050803803,258.48820876034745,54.54116624313788,98.2344935707222
227.8133696646279,255.54290991658831,55.96689172222492,96.36818856353831
228.9746571083439,258.51326070912745,57.15329544006335,94.9396148547418
230.4324827632182,258.19057661054404,57.57828515204331,93.83360308517273
230.2970108713971,256.12308212723946,58.07299924119982,94.41154849938319
232.1754848529401,259.1789848370942,57.401540789603686,94.2979697222823
236.00942971395955,261.2129173394432,57.27107801611213,93.8262112468202
228.8726951573154,260.35914798530524,57.53288655353374,93.34188975612157
233.24864990177977,262.3479167208438,57.84627037667773,92.28096085705072
236.83141049422585,260.6372474938658,58.00146223499849,91.5102083228475
238.9012631134142,261.05647125948184,58.439521030893076,90.69493176199565
238.7688141173064,260.2639926653331,60.07125855119244,90.51538308710347
241.8220665881094,260.67158424014883,58.249290448117904,91.88666162455998
243.8717897796836,262.3632530043826,56.99393261935184,91.99937373865528
243.5004963162966,260.63613041507216,56.51180562457891,91.20638171177086
246.6157923559955,258.1758458905314,55.022374891616664,93.14980699635657
251.1606275658741,267.80178350717443,52.786137604031055,95.66870469703045
252.48772024482676,262.4310036343441,51.45913954585417,96.16623635126038
253.3067374155551,258.1069408463309,49.978896610313704,97.55172097422297
256.8135621300236,260.4713427724196,49.580758598765506,97.54848160187336
257.6095624232661,264.23563516689643,49.51210765503419,98.59612495470436
256.3920385179449,262.1364058148248,50.1619974275372,96.07286677804922
267.02941477272844,277.06718479307085,47.9350049277358,101.84494148146923
268.6301981392226,274.28332475906393,46.88341182565259,106.51013743582797
268.1184064547276,268.57080810958337,46.61240174123532,109.99048956718664
267.8661512841645,247.87941595139435,47.04876132361828,112.24434093068379
267.12782786816325,255.14447475391933,47.628790504635006,112.92799419202788
284.9295100779922,284.6382510157824,48.057065184098285,113.39222770956158
294.83311612067166,241.79858538938925,45.30597873960844,120.24864483881265
300.73712683937737,267.03768268647116,45.4738379250608,122.6946026189164
298.15692714804004,263.1793149631738,45.591346282192205,125.73090479219566
292.41591283540845,274.3446048930874,47.758657614669744,125.29391395214387
283.9983682395109,286.5461112965494,48.01906647809571,124.58928638386737
289.9986099268844,283.09470916616624,49.03557185762118,127.29135221461051
295.22354147291253,271.1083825961689,51.70963492828472,126.36588828917542
293.4871834266699,272.0095919606158,54.212072221236056,125.63361016048611
282.0431667098971,284.29207424205623,56.041305911129385,126.35828793158967
279.97907619792477,279.06759664431263,56.620441372329935,128.17072941705487
279.1829212807944,278.7146822702055,57.43483674211687,131.16770468206903
279.86527991126786,273.15302479380455,58.38725386151059,134.02583237138222
278.1976422809797,269.81055029378376,59.96305055305603,137.00484803898053
297.44090597373525,267.79335903648985,61.96105457013287,133.02241536802148
284.40508443391536,255.18613318716908,61.9479617794113,133.5287123883183
281.45538736051435,257.78645343602784,61.179417216954306,135.35788661075458
281.28864698919625,258.6392938117561,60.20850025737346,136.41843191253597
271.3284137681496,256.0106418421969,60.31736506067286,135.2747849429935
273.1047459186095,246.90070934826497,59.714647401674924,135.08149532880657
272.7024416557591,256.5229374657913,60.556321459434194,135.37807760693747
274.5989807339439,250.36864788872515,60.778867826227525,135.17468624105027
286.2168713647076,266.7175575145838,61.8096289993926,133.79268196125676
285.5099927674498,270.9412832041375,62.45566758076039,131.76695919314184
282.70782349024773,274.6795620785239,62.07406997030847,131.18896196835587
283.80895958122244,273.0800146789667,62.29450653813018,129.9396128778523
286.55593174871825,268.66971122618185,62.72220116874526,127.22161409341962
308.47164820088835,268.3363441401754,62.199793075196126,124.60923020436678
307.7878133889484,280.698399613201,60.5852840110267,123.64272767201189
307.2926246458739,281.0689512876061,59.59346576219798,122.21769392616793
304.5073741127556,289.9244372239246,58.00887411221757,121.27180918121654
328.1461560282995,294.4662229860194,58.295847329469595,116.94355105348082
318.830287414678,287.2813643955616,58.12420168317742,115.618991424704
321.22918560671536,285.9792661948942,57.343327296173,114.23091115749025
318.04533639562067,287.42767765736215,55.91422462812198,113.18629148248563
305.6910351545709,283.95387988525744,55.3314662551189,113.75479767122634
305.4121798472991,275.14076647700176,54.41671290424651,115.05394090009116
305.1982131380541,273.5701600137543,54.501384007940125,117.48223250519409
294.0071226752952,271.4607731698268,54.896824821153295,117.9759772013499
303.5826091374166,271.6058062770349,54.65840186944453,121.00073652175422
304.1092792241159,273.57172652236,55.10259215640375,123.9428989646062
302.8270235904121,272.23671277372137,55.81063188526751,124.79259608049006
303.5557340463616,270.8888492506318,55.15207956992237,126.50550565564183
300.4627438341,269.9266426050151,55.96835956262178,125.45892566646444
301.9354543660239,271.147838173356,56.11269880227127,126.62438508138791
302.8519957786898,274.74789752023406,56.67771659148728,127.2052302853368
304.1558321975501,281.1878837250561,57.57897992053,124.84047470308528
304.50756436892505,281.71325288464084,58.843878266798384,120.9649578270921
304.20635284564344,290.3276970807787,59.03367254348697,118.64609407776076
305.1435539161821,289.5260573469716,60.057858582951624,116.45720707389367
296.3604832753645,288.37266084198575,60.031810075768504,116.54480066484368
294.5374149224466,286.23237669335043,60.508539652316536,116.77734669191169
291.10031259139754,287.2158326122801,60.02450990889718,116.6821432471493
291.557955015445,286.1521152643787,58.98046874628621,118.87420368300334
292.71903186561025,295.73295048792136,60.83718763125229,116.64981389082529
326.5303864334311,285.4644527018518,58.810814860356636,115.89706413215377
326.163604174401,287.3274932524445,57.440210724928775,115.29409261005466
325.38192231702567,285.5330733925617,55.5850008217442,114.4027768618333
327.3126342248671,281.09099695809493,52.288908286292795,118.37600386559345
318.9177120105053,284.59392874339505,52.01852818193535,117.6649420070294
318.10042549362674,287.93863753264793,51.78945935759161,116.03200531307564
317.8403163596238,297.91021063098606,51.29383363813257,115.27514795001747
317.9462295252904,298.3565802761485,50.67834966181232,113.90893120669926
308.3709583282107,301.7897241877837,51.272262875063504,112.30593092767941
311.2881140979212,284.13613477566133,48.323720941279056,118.1055604660354
300.518334865505,273.13249737726665,48.6532498040607,119.0949920163648
301.4274124823456,280.4953757830327,48.23696184084922,119.5219527951647
300.775688076091,275.25530431082063,47.46776761174755,122.78016237472073
300.28348448345963,291.2664777183684,47.409358038854485,122.41171952080688
298.9510058786437,272.08638861925203,47.897952972409186,122.74282209648098
283.074559666242,262.38755816561047,49.61816107104059,123.00175200095642
279.7946119159313,258.5362275347263,51.53000054138867,123.99880870950206
276.92241952488274,255.321552387269,52.70955263610776,125.2185623705056
274.2931878028649,263.59951532383576,53.32256548810241,126.89021561419334
274.9098925252809,273.05026172760074,54.35389317248192,128.53431034633633
273.65225200150275,268.8539040450248,53.666719176245465,135.37094525093966
272.0714038223045,260.4246815614223,53.72630610242155,141.093971326238
260.5503195374442,249.21785292458947,54.126123521629395,145.06080547978652
261.79404678958736,238.2082787118421,53.66895246842345,149.16308569544236
260.78484272014293,240.60591406342155,54.10829051606473,151.40194365820756
259.7435611739785,247.2798856317597,54.62656928374761,153.17881360136522
257.32122727033897,252.99850809439647,55.393014816246364,155.1912127648368
256.11356866210764,238.49958323731698,53.81935412362089,160.33859861180824
254.0125549802937,240.49486713941766,54.86995183408108,160.59223246776315
252.42602030255114,239.3425829021522,53.932090269918916,163.03499292539783
250.6409140597156,229.19124663674864,53.827437986608075,165.7909792837196
247.98030386507742,247.4896216033988,54.663677792693505,166.06968711409118
245.6575663852689,248.4325809577308,54.99851146355326,166.0012922425167
243.24460927632077,249.93636525441042,55.065356238700446,165.13624431527987
240.6207357472199,257.6433101834765,55.569148161556754,162.2439094040471
238.95296350476283,254.40949467185516,56.21637940069759,159.21586724766337
235.265623426366,255.75865765108853,57.915138117366695,157.20215481506406
232.6849193612736,265.73085491160555,58.408637579033496,153.18995309645925
230.7016949261695,262.3395028952617,57.8269926534653,151.08623783288226
230.13451698169052,270.4083829652553,57.41147316381455,148.0227231457759
228.9709041995897,272.6804453048925,56.63959193938089,146.90469919739755
237.47179963436065,268.34522446890526,57.146527189834146,145.33452502464547
233.7132531852694,267.7531903935895,57.48841962567536,144.67644010291986
230.01905181272534,266.4189179051839,58.24281920837946,143.36598379608535
228.55222332694393,268.7159268945817,58.39554351507104,143.51843865283064
227.08501291591062,276.4376263556167,58.46224134900896,142.3928087813587
225.93290580487127,287.73565266949663,59.06439320269479,139.7615579419289
222.9472466231974,296.47569755185737,59.42471627337893,136.95769574678758
220.07451686514196,293.60239686085043,60.16506457199105,134.27369028676034
219.14667475152692,296.96374966387793,60.68880087651448,132.41605740790868
219.2763411130636,302.1304774153814,60.49287773522155,129.5114401579231
217.21097185190732,302.7084202867388,59.90113786779415,127.34456868312975
216.3753454206056,304.5535602270742,58.928376371877064,124.69369855911947
215.02717705866655,303.9924347072257,58.14834824475722,124.07049862530559
214.19438204855652,306.2047448379242,56.937988405358176,123.21401147967705
213.29342519663868,305.6600780596184,56.356080144929905,123.92452226259371
209.95262685959705,307.17821180528546,55.968283661054244,124.00391162398174
206.98450897986277,303.1413233111479,55.11368928517733,124.5471600668772
195.68439616420787,302.27361970039743,55.08245663401641,124.95177569578011
193.58619924784443,298.83711043411176,55.63029280377944,126.05401938704289
193.42217725119696,302.03021528208393,55.27114376099498,127.26342126336421
192.28375245275956,303.8624972503074,55.37604397127309,127.67183868449175
195.79564112111473,305.9985170441259,55.20919212208102,128.57050966051438
197.1365827290582,306.66850071435385,54.32278736936702,129.27617444400556
199.6740554106776,308.74020167483303,54.4151937288455,129.58531673538855
203.4487032506633,309.92530933159503,53.710321819778656,129.43320888379395
205.21930783447993,309.00137437558965,53.67509457429505,128.36519883097614
205.3369459489743,309.8027047304221,53.94272276043691,128.24268631753165
210.91225540032164,309.83189834058965,53.318109602676316,128.27752947880455
214.99881471670872,308.3037661087432,52.872031737571845,127.08315974907701
218.62727677550475,302.36603743287526,53.08225210926812,124.68717182645997
228.80359315825982,305.54087250765104,52.819045384407374,125.1415716727885
233.1534352902163,301.77556094959675,52.26380940082892,123.9298375348687
237.77520486058577,308.6507568935828,53.19520846199423,123.0572151171115
252.0979848047672,310.47168321020683,52.346796324485865,122.93303883731801
255.62404072600995,308.80058580330814,52.065619063756984,121.29010858626556
264.1637709837425,304.55421262514204,52.75881785004974,120.59514799527108
266.8527915209304,301.64933139976773,53.85763443787487,118.41983592590866
267.35496366260645,307.2140281733439,53.97375316817174,118.23238650107076
270.6518986347317,311.70204967693485,54.08470767155305,118.63422549767304
273.1015808444904,307.972096179392,54.12995909294751,121.01182610771845
275.8210917014442,308.1617916922436,55.39863238636413,120.07948529582904
276.73477032881345,309.59127452020124,56.1502646373934,118.61180827802863
278.6950546176177,308.97602391838217,56.493415618500734,120.68534643130138
279.9627243402528,306.8292023828042,56.68275802747857,121.44684090283258
276.1980542170244,305.72085939600095,57.38585821122187,120.33142100142393
274.0016585248241,309.557660603538,58.43809535825662,120.05159595680263
272.47467861478873,308.4174784105815,59.3101301199625,121.06153633434624
271.9012221869936,310.54509116935026,59.1908805800755,124.96575085739713
272.39970648564884,309.85570295176154,58.79106510995854,127.67946343454228
270.41941458986236,306.82341546378274,58.23386859757641,130.80234057457764
270.3883971241557,305.10623402412295,57.52072187787424,134.87281954133397
267.95837041034434,302.03717471353275,57.667953821884936,134.51216268033662
269.51946773068437,304.81690679618396,57.563506583396034,132.95292644319585
268.8813745915548,299.54863538275424,56.58910229883479,132.47230122501122
259.5134632915794,304.5487761629083,56.97416729990853,131.87169598764018
260.48789903576886,308.7823024180524,56.97725279891065,130.61444229021828
261.7648128511757,305.8536378969762,56.35680756002661,131.69335755978761
261.23049146484004,305.90044379860194,56.63717765384578,132.9810510934883
263.5930196516101,307.9148545919562,56.06631134378217,132.12773323755374
265.69259187607827,309.0706579517421,56.5886515559482,131.03467612716625
268.7331763628571,315.8232277225157,55.75421958571707,132.06393657188607
269.624215779736,307.36926472327065,54.76295324432979,132.63157440814473
267.4077338192329,303.3397467593295,54.459157502707896,131.56991426821702
268.53558107881776,309.8789841059797,54.26481976645128,135.13072752352485
272.00613991712993,307.5926229435848,54.64133047346344,138.21617555918365
274.0808082130921,308.3802075571814,55.41528937943338,139.42540679509472
274.219931541804,312.7118571096061,56.775331935190124,139.71202166882185
274.38034108950905,312.1042829610951,58.104764228329856,142.02941028986424
265.911640482888,297.59220271429155,58.55754248624969,143.31092742714816
268.67291164601306,298.07967269721576,60.90001900460399,143.23050035306917
272.84166115715783,301.02879960362804,61.81680960938964,144.57654356783246
275.5632525292716,312.2298445418372,62.96668926598001,144.44707866089655
277.2975857715155,305.81793755079866,62.562246786237644,143.4458232154834
278.49747834742453,312.13829066758746,62.444922800801464,142.44754442636383
278.0628750135229,320.8507972153517,66.90461527983828,138.2119882705326
278.5355194909857,323.84916595797966,68.86468297049684,134.69025188200214
280.82071588260624,324.1580315771183,68.69338000048816,136.59375277186814
280.52952043094183,332.869814206779,69.23396470888565,135.93789724460242
283.4371277082034,332.44777929952033,67.07167731462562,140.30479945276602
283.8514906118613,333.19810635799035,65.88277932498823,142.6955666538802
288.84458519984963,337.7161195695224,63.778728878107,144.16119580942936
286.39993683411416,333.85656390978704,62.925766107167036,143.4155539779602
296.41901113552694,342.18809124346024,62.91103211615787,143.1456000491392
295.7476084741454,339.05493338329325,62.35861954341314,143.42880057324504
296.8155368143814,346.59332590747437,60.71781377007625,144.44644072629887
296.6028577505287,343.6018533246404,60.060143342865246,146.80548166375638
295.479056873003,342.47346670228967,59.44916140918066,147.53272378720385
294.60934952314756,336.6827878704749,58.43192923732471,144.7035265649691
293.97273815984994,340.5714616253256,57.429931569785445,144.32021201043742
294.27554529911464,346.83777222238535,57.43460048722851,142.7102564123262
297.38507198679,348.6903309591304,57.95418074453771,142.27113062661084
298.89156967211534,345.644472480266,57.27407731495758,141.5670364080395
301.35379001702023,346.9034744802109,57.806006978846554,141.70629234925082
301.2455869814398,344.676528196806,59.27896073944517,137.0679941735679
302.79607409243,354.0382161189482,59.30699910215121,136.35115481304814
305.82238375230736,355.80365886746534,61.11916068525896,139.47257253485543
306.598931501619,362.7624219501751,63.23953377641841,141.71278028667223
305.31850696046877,360.6641497614436,64.13304556032566,143.5256202402308
305.32313577522154,364.0947506543072,67.71564536413919,141.65889191184016
304.7057106451444,367.666063030245,67.33244016145622,140.18973956444438
294.00917119287345,373.4095384670332,69.66099918379594,136.44549594337045
297.82774146015515,381.05789266547606,71.26254330346842,135.21875958475374
299.3833351602432,373.4363306463588,72.26023499264785,130.57744415460456
304.22175625188765,386.3800012006828,72.9349753365195,128.3475356021089
303.76660171110547,377.8979495702947,73.51040653965637,125.04524329403739
305.47395455290433,396.38537891036333,73.72931778034454,124.76950799646849
306.71992159207053,376.88361272239547,74.03247723838908,123.45446737435736
304.69307117828413,386.48071382341135,74.43114519280822,121.14179211934709
307.7410514002566,390.13043796589807,74.0066334564439,120.05656197402215
309.8180531353524,401.20792066639785,72.8355472950597,120.22408917250982
309.83223904672764,400.1819021181121,70.85113377862167,121.62125927565407
312.0315220039855,404.94115541983933,68.54108362262033,123.40541933632312
315.2408651228005,414.39824596659633,65.38866706882825,126.9865175549429
316.5757556525847,417.2390449908262,63.09509321193292,129.44358661311168
321.4503030140635,422.2014190053037,60.75703211934637,132.13966053697638
333.5307745165159,427.18320273593076,59.32793497015441,134.86580178543912
333.36458188734133,432.3620797461556,58.07988936321581,136.77078503915934
334.3256225015105,427.8114048345463,57.849679301106704,137.974351582959
337.38741159578797,437.90525271731985,57.30358190555101,137.77269593276833
338.93442979200773,441.9178917319422,56.26873054118767,139.31658313332105
339.80308078381927,442.15563561576556,54.72417354278737,140.78699771323897
343.0256481196214,445.890895647416,54.514668906583566,141.54594122720854
344.4319840356749,441.41285250955116,55.60863212048188,142.0413169774256
343.71664616225604,442.2158618067106,56.08953646305311,145.63680118309446
345.20710239652567,438.35346512925736,56.502299321814874,147.02333245685472
346.7703999303329,441.04913625626216,58.267308200886134,145.54286886113988
346.3759976506022,446.3512475745422,59.54854696397236,146.13436975821008
347.09698165152804,454.0719400297709,61.217516080651016,145.71782711002078
346.83832793317816,455.385353533401,61.47908665969808,145.55497767806276
345.60405934731625,459.04403939342376,62.564839464814156,146.27701273444544
342.9053551361613,459.1104813929737,64.04682568596752,145.43524425773012
341.6173533092449,462.5535698872027,63.214714191255965,145.3276002511447
339.4333699224515,463.5086971711855,62.53420379199125,145.2172699375966
341.3859972412357,465.45889158131274,63.952383984134656,145.48683589410592
351.88083164933863,465.8430242439728,64.98884584419844,145.74756238721386
346.63391615360484,462.2601114808268,67.00559076846628,143.15224899749018
346.47784534239787,467.9328155779721,67.79186126303634,143.49800100522603
352.2874252999361,470.82798922200493,67.88098381866297,140.92262525951878
351.33624751413265,468.42077354634876,66.5608939022938,139.66292178417092
350.37961680611375,470.8222025840515,64.99515975673198,138.87055507992022
351.2116604920942,473.95850868681225,64.48318629926081,136.65400318857724
353.8052355573076,475.6704979001779,62.453170701762446,135.16006142585502
354.7612339611605,473.59905639116266,60.30545965219441,136.61097361869014
357.0154441907987,471.5002756212363,58.78515998721422,135.10500961533
358.84730785469986,471.4975337702813,58.17501866557643,134.48112876712634
359.11007810284644,475.62584581269596,56.62173637946546,133.56293842482023
360.4807402223417,472.5400869109393,55.08019117413584,133.99233214767554
363.4914286331825,477.0358006341618,54.832434957922935,133.07566704559093
365.7599121494033,477.05425870739566,54.02680308859779,132.5548798861971
377.51867215288394,475.00076781266483,53.75861169491777,130.49924733010823
378.43853596964294,478.7796342030895,53.29488851887357,130.195664939884
379.6138492946131,476.30992822210186,52.83681019161087,129.12601127380742
378.89127263211856,475.6661195730871,52.21168987882831,129.57308536133053
377.3768184221173,473.9132515840172,52.205332853121604,128.99252335057867
380.1749148406316,468.834784302678,51.6033369078777,129.24718854985383
381.1783300665549,474.9731497971161,54.41478190769125,127.75107813592875
382.50052343922454,472.3801036843179,55.885454538114885,127.98530230427423
383.43285286242804,471.65608432993315,58.81361757586319,128.1226454840596
384.02794308037835,473.2462101880138,59.14961538073858,130.16590260273722
385.98179084197284,466.57935636921485,59.73326478629116,131.74938898789367
394.59630593611803,459.43244153858734,61.01573591025654,131.08754447770087
393.03745312232616,467.7408102770245,60.91007336996317,131.9991730896939
393.0008840521899,470.6087894543569,60.90339113062079,130.82522073173308
394.4940348377563,469.2470683072583,60.640224315576205,129.61173642261303
394.16624306803703,465.90416708793094,61.54787029493332,128.41020928286807
394.8305357099532,471.1042572268734,62.37595581989313,126.47676675217556
393.9709025988511,470.48365661622034,61.21118264008914,127.46661223603397
402.52218062852313,452.837603649629,61.2308799987139,127.8826958303495
401.16611936062327,463.97841745948875,63.29931844532981,127.77801866534188
400.6337832588154,468.63508099028,64.5030402683818,126.51820322332715
402.0988172219377,464.0213701812263,63.99715833342458,127.28477507947177
402.5971373466525,460.9010570268375,63.349596351807605,128.72933701141824
404.85440012302143,460.35512868123897,63.64685983486691,128.57775677005162
404.9981943967327,459.1327009361405,61.83721232366874,129.98958484974133
405.2280470966382,456.7211739894128,60.356108379546164,131.56467674521076
406.9680132923468,460.4709242637158,60.68497835438562,129.57332248261562
408.8119095123492,451.21155816351563,59.02112099395547,130.56703026895337
420.8694108290141,460.1581932438863,56.911809888946,129.4118162910735
419.64667422870343,457.22870642353104,55.61104748051278,129.32817823744804
428.04062560571754,453.012395114478,53.63964825126487,130.59979488173815
423.595530011826,450.8258201146264,52.95231811489023,130.5771810073874
425.1345306084096,458.41603367262144,52.54333757449394,130.01132355539875
426.5244745555781,455.8565863121017,51.85686136419328,130.2382896036478
427.9471152689264,455.3874011922114,50.61637944654513,130.83612432192098
427.68884395584433,456.4510797858021,50.62783070355718,130.6831459589737
430.4658299462783,451.46296006145803,50.49226520920048,131.2487227565998
427.7560952665408,459.28536303734086,52.84990833958,128.06313196901868
437.7345927532635,459.8649412933108,54.17540123539733,124.8454761208362
433.33764286149955,456.1517795677227,55.14043501398136,122.85918761064761
430.89994382378177,455.48680068835,56.198202560013165,121.65868334279695
431.84007036476714,460.7972452886358,56.60811871708671,122.09564593360723
432.7931979312522,459.50618999911745,56.93338805158472,122.22935792255596
430.11226660164755,461.8811277537133,57.34204607898866,122.73527121646488
438.7888679605124,469.36230402472614,58.16073934209396,120.68345257946848
428.43745057193894,460.2774400015923,58.34220609250744,119.88864586621469
426.49447897015375,449.0484958004868,58.404742599758286,117.94563247399209
430.07044298767914,460.9579765799037,57.48830059528608,119.58979423669157
430.8152357958553,461.6186067524217,57.89681154036565,119.3836582364812
428.64417201708227,426.76227912951424,58.50731425622169,115.83334351159307
436.84378270694424,423.05775312339495,58.10495338064817,114.85386765365345
422.88024706072497,432.39927565808875,57.97674017296464,111.95396372043523
428.5775824451997,445.99652594755526,57.99347687471828,110.945416281761
428.6863565149854,449.7184346546646,56.82018530310191,112.45893624699792
428.4930977442137,468.1324055403403,56.19869925215414,113.65566030816605
451.2133703848018,484.1446094433739,61.67441755130016,106.91127989162518
452.76794939293234,484.99510613920194,62.424989063466256,103.17460906695524
452.80887787762964,496.57161516501606,68.61684091441464,96.75357992218733
449.87858392269175,499.7174099009534,73.6790200179664,90.67873482852175
451.38484762785123,513.359044378418,77.38459887748388,87.92976190935903
446.1425757861382,512.8286711198042,81.30812027926325,84.14883266822496
448.21451639326466,515.3160998149657,83.68510545905329,83.94607477283606
442.8177449751157,516.7764230251208,86.20547877783409,82.58821457402988
446.80457497571643,518.5795914751948,86.2441059165252,83.46829592110508
450.15430585562666,520.3784097868132,88.02548007131658,83.29502839462408
455.2182794903154,518.5872967651142,88.15571342022521,83.40701384506576
448.7507824532474,519.7365988796083,88.18683500443207,83.61700555952818
452.938055307726,520.1491721510483,88.22382455853631,83.93546985172351
451.7908377606692,517.0593344435101,87.2235721431132,84.18955665901183
450.4158712320793,512.5641996275531,87.48892635240782,83.21905091555978
453.2734332455248,520.015273922748,87.07083563545335,83.79279057742835
448.689701795007,517.3298873492139,87.85054409618132,83.24735402677307
444.309988845101,516.7235497163593,89.25481023647194,82.05033223666562
445.6673192684773,517.1665775229947,90.20598930022656,80.35306801762871
439.63280512937683,518.5678662415946,91.10829146606164,78.57947739206658
437.01436690975754,517.4641827041077,92.05907848498165,77.83924004923969
426.4571646198266,506.62137777531035,91.61705034084453,80.05861188498363
427.19665101711036,511.45937927276225,90.51560371033187,80.95623540832932
396.41311362287144,489.08063158151015,82.54092282254021,90.6037912156382
389.6593141610544,461.41171829913753,83.56779645778322,89.027677350696
389.76014983915564,451.1491669157562,77.93755721522817,93.00022312588149
397.72823401406225,473.41926322101034,78.09504540533192,93.23831268090052
398.3526934754921,484.8146713896482,75.23426990269157,97.75897400475768
440.46803296310003,513.7982727020076,78.5522512057961,93.89918181094707
437.6951358096418,513.7518152940658,82.71661917833153,89.77739068276938
433.84255111521963,520.2223964942887,85.40312945233808,87.07375708328803
435.5151723020242,521.4906671385806,87.81361866137064,85.80904313483018
392.1896450302308,490.94725491333116,81.67918126159805,93.86861920276071
430.9528174029174,522.5509119774608,87.08052511485765,90.82407820682553
426.9410538369899,532.556697693771,89.74911564698118,88.53870878531376
439.89029189424326,533.345608720215,90.77903957214737,87.21430291303626
442.3613554531559,534.7790803556744,92.42346412058183,85.61384807500173
443.84756946998283,534.5366708770456,93.61351596439987,84.95928383542858
434.24330611683536,533.5412628030655,94.1099340586343,84.93106774347476
426.401324275026,528.0631198050182,95.79140769861283,84.5927332256532
432.05453327783937,530.9812593125451,97.3017459414602,84.05300448449465
432.5548361739005,528.7498084170483,98.77449901889048,83.33999532578156
424.5021004056485,536.8067011903509,99.76601410397859,83.37116446057287
425.1549430674292,532.9228578414426,100.91653486371486,83.293331138858
420.97557726202444,539.2766278627387,101.65058643225761,83.00529049354364
420.8583239421607,537.9591912091682,102.39812348179794,83.55147971865341
414.57900077861666,544.3114705224615,103.67820630943541,83.39469159224996
418.7640564524294,553.7903716372014,105.5708370043514,80.98908968015294
439.65983909854634,550.6981168902386,103.16538392525231,82.89644377475605
410.2177245501985,548.073524274586,105.13756468210418,82.46162326875651
406.9780677932052,556.5226305858425,105.82858674177568,82.55714119128744
401.93872772370185,542.2504947156272,106.64175346067735,82.98265759114213
399.81676112430665,540.937835176225,107.63743450607112,82.80745195833748
432.89647290536203,559.8940379021064,105.09146767003458,85.506424222639
426.46376103830164,559.0833324518621,104.56933723545417,86.21742859322433
397.12671419843315,554.2420138857688,105.84988767178297,86.30076534088954
408.20675230458596,562.6156150857164,105.54110502332017,86.99688798371892
406.0725164396101,557.2980476420323,105.9440169369113,87.38436890990522
389.7643306711097,551.7499389132505,107.35398664896103,86.99169953427813
390.38742778660605,553.2339013619828,109.10335807081555,85.61056567532655
391.1349586637106,549.119505591723,109.23123053882787,86.23800738521874
390.76289930795065,566.8948489203619,109.05050128987563,87.95103456461082
389.14123843994156,573.9782062147747,109.69957663841218,88.32327280323899
390.78791456552125,569.0950401801817,108.36164261635591,90.57891942854674
378.69332350938015,578.2656295484963,107.99817999902379,91.89214437844093
373.43215849741773,590.3592934805466,108.47429878027287,91.33366363653278
372.28805856976743,588.4565281833593,108.55523397378452,91.78878758417892
369.6057004875164,585.2512172451527,109.46646607990652,93.2632860894678
367.0518939711659,595.8280490972372,111.05685766180176,92.82406368473713
364.7041682414655,591.9383583630331,111.01738051326194,93.11277637949435
353.44026999925103,603.1247097025466,110.80334617188522,93.08769371084335
362.4294437284837,598.8772188696968,109.5536077985029,94.40027848781003
361.13883140360576,598.8690024426041,109.35167629171882,94.58064481284059
351.4285730578837,597.1936794664567,109.80079749060933,94.18663968595749
362.2343781872235,612.0800912857306,109.28341406908784,93.92800290654044
363.44591185835856,635.336770454678,108.56173961584058,93.71770700761068
365.2680381995799,640.3047909278457,108.20772436015568,93.59066512285978
388.31540328334535,647.9940938644736,107.19573879101343,93.36259769412298
369.7211957293981,656.614134822595,107.23700576658365,92.46864996367118
349.77980021329233,646.8315165210778,106.42402272042614,92.45833267266266
341.22085033271884,650.8851571556395,105.6466912346249,92.7590447201897
345.4179164966776,655.0403009528202,105.19356699768026,91.76139970013863
336.6361230668395,636.2095999351237,102.39774071038381,94.78354621184994
359.6566354693781,669.769500185439,103.08041356766013,93.63006956375835
342.76446410530764,681.4784846429957,103.17582578432648,92.85925068831776
343.55907213067286,680.2227346321362,103.48995651055826,92.35859708454859
369.6735404103638,688.1809663127966,101.45410085327603,93.37850266548838
364.7666226522818,690.9706641899263,100.40231671001615,93.76141865591897
348.8855340922652,701.5783624927943,100.21805027231014,91.92299615601789
345.7505042609355,701.877585304987,100.27834926907599,90.15324523282743
364.657883167472,711.7568985667772,99.94883239228228,89.7954442097353
351.02126436061707,712.9946480870753,98.38430526600185,88.55238921706673
346.19645123717885,721.9173021269664,96.79197957043452,87.6040614229292
346.0337758045829,730.679402209322,95.59067833792442,85.9208589541409
343.08553679505434,727.0013568625147,94.28126522462678,85.69115090736841
342.078063720598,728.1394747678347,92.65738452646303,86.33423901793199
345.9786709279756,730.0532211393211,93.34381716828743,86.6119794674032
338.25348047439365,742.0203321352722,92.53467277637907,86.11337301505193
328.441064377256,749.146045106597,92.1004706231202,85.08906651820296
324.9419256909872,749.6725668062949,90.98869397954441,85.7401443508399
322.3042686840468,760.8386366913093,91.32593531199826,84.17427617199769
319.1695259786323,761.8328374387129,89.51870143876964,84.98885557700116
313.4523845621725,766.653880909189,89.32748931471905,85.50387789660827
307.66469162696137,776.8039302914859,90.03203988088097,84.94296255791755
300.0943071332408,785.851131852138,90.88512824240664,83.96405130367884
292.47412091477366,787.991303877683,91.9913434985548,83.27680350884502
288.3052487222118,792.190266342682,92.29237237617122,82.40646599263475
286.8998468453832,799.7649688080655,91.58326698638048,82.9066629982081
279.8718395490311,812.2518225391,92.85532028300318,81.29705694605116
275.01045575110345,813.8606384566075,91.49916465345568,82.8440401699352
267.2549291503545,819.4611136883752,92.84973830936032,83.99951213071606
262.110947700758,821.1459384170746,93.18735521551126,86.01068962339055
256.84570134362195,835.7345446227489,94.35117636758858,85.26705379590423
246.63775263168287,838.0184658039185,95.87744061275576,84.23197586837964
239.22722055177297,846.5391102200177,96.71882661858385,85.02867875065861
232.30803512728642,849.0710840010684,96.62532796072105,86.3835677821852
223.2302539090979,852.0940645869932,96.59425824072599,87.12359112647934
215.50234674505637,863.4901236290748,97.75147904769092,87.43323009187682
209.07934297462282,872.7148063477351,98.70740709026703,86.75474821473674
203.89196814478382,877.7307303146835,98.1743732416442,88.08049000251985
189.41951454819917,888.5918541833661,100.5020910274649,89.37939666884117
170.81599451611282,896.1568679401652,101.92977318148135,89.04727793820184
159.3917241645078,903.2916683077194,103.36353422160545,89.04527440157968
153.88554897408775,914.1319702173963,103.64178044595137,89.45729333918388
141.952325727741,916.3109680769605,105.98400170365956,89.90121421932909
121.01330756544755,932.4307326240037,107.90666998625427,89.93403162182494
110.7839252328337,946.1946866684818,110.02956963073002,91.64993990860111
93.71584619816154,956.3273840380558,110.95930680163681,93.82082637367674
90.20333482420068,959.8301351158342,112.15323576141155,94.99328175291001
73.46598375673751,967.1345313341784,115.138430221167,96.21540190624837
72.48968433844396,967.0254435390839,115.44888711954457,98.22365232172432
47.13409539011467,972.9304471461388,120.76468690341018,97.33160432087135
31.871714400797515,978.5728934454982,123.69925990194196,96.36221102787772
15.609021551384828,979.4611584336177,124.39911840960522,96.40289208355244
7.842002511132243,992.6815980319041,125.01817846276664,95.08737719056856
9.393958684240282,983.0150508536684,125.72709489577115,93.86431538859263
11.734386540269178,982.4043587806225,125.51076440649167,93.92673513916144
9.333768124642255,978.4521121574099,125.1283278559401,94.12816632809131
22.868220743915302,971.8982063051548,125.04803765340475,94.2416056647428
21.415327708996422,967.3821420794169,125.0219949859836,94.25162794556422
168.90915697784925,858.727723612752,126.87683522757479,94.6394291122923
155.16310868547703,862.2425489185495,126.72475532916495,95.30214986910575
150.95708303638554,876.0948796957637,127.21695627792164,96.00589361863244
131.67362001740867,878.7570420116674,127.90067308735976,96.3291577166834
122.48442209280647,880.7801398984554,127.91519831583665,96.8994546913677
106.66159900112731,884.7067784540149,128.582983094776,97.52995558012678
104.59841280904557,889.7466448463974,128.7208381945462,98.1188066652957
77.9532509515902,903.6898316306706,128.93119822537489,98.27502037702293
67.45169491716162,918.1347070033835,128.9254601965758,98.30695961877976
45.01941884061219,932.0340952781785,128.8745384116864,98.78514916416052
38.1304399240299,939.4691293056466,128.8817280792626,98.79422005575744
40.53275720511044,941.9178801429316,128.9351224058039,99.14066064192954
18.179730241603473,943.11692540539,127.33545123516159,99.65404053022075
22.618026233724997,959.1269123415759,127.07236556805721,99.6326342390258
2.6774872534398,958.5130843988098,126.50011253497526,99.56850404991947
3.922099388648455,963.8696918872487,125.85999147691452,99.75636920457265
-7.813252410121933,965.948900679986,124.09830180968478,100.80967923826911
0.18695934533103298,963.514280114008,124.07881244184526,100.8152776776591
145.6540663299973,830.7291509561301,126.82184456626268,99.7593763254464
147.31148165067327,826.0025399820588,129.08544314701768,100.2821955178516
141.22975666653696,827.425080473622,130.29722151494855,101.54749709164047
137.22017932527248,830.3692782387192,132.380698192259,101.25059039964187
135.62312594525204,831.2664310277834,133.413072755492,100.1685380940469
128.09018649472958,828.1796181841119,134.23407193394172,100.64002535747022
120.10441986067457,841.7611602725702,134.68994968447362,101.83845813306817
111.25316788379314,834.0656339907433,137.5427870427775,103.28576031525229
115.75849409576705,833.1019217189439,138.23526438720125,103.2846610799356
104.87724952845042,833.0020884162236,139.23359718028178,103.07290516450024
96.4872867707584,841.3160314486603,139.99920232213066,102.94948611012506
90.11441975241154,834.1656752181566,141.1503147004992,104.50674649898873
88.90611843061534,836.5094206618228,142.56789188003367,104.36928584313235
85.81756989900971,833.4547629287073,143.87347843756865,104.23117050797164
79.06468405703808,830.761317649633,144.5873265985627,104.99838399931716
73.41265325867784,840.213747315722,147.9493463213513,105.46632549416557
71.18992714659413,836.6181451159836,149.3831539436968,106.23678547454458
72.78515569269999,835.639392664099,151.76463441252025,106.90384660027571
71.02952164656546,842.8969571109403,151.51956247793385,109.63384252348767
68.92242308760389,838.5136465866898,154.1171799440244,110.40815924688488
67.86208834100775,836.7253495709134,155.44698681733982,110.0702117955122
64.61870608281028,845.4539961537115,156.70646594860293,110.7450616505459
59.55524479589309,840.2027586008786,156.1272470505745,110.79194746177812
60.80704521717246,838.5757204982235,156.8150805914081,110.76927453302457
56.47360329203359,848.618517796178,156.48914370193975,111.69734990476698
55.74905435631369,843.8759543355549,156.90953359226992,112.8101671412598
51.604053459443264,843.7967062932074,157.31175519649662,112.87377103704816
49.351770286724445,843.6768591392404,157.32747762408758,113.74506781108849
46.63392752899071,850.4015840569621,156.78471951696594,115.40975848620425
49.3325557933708,844.9857222252012,158.27664841682514,115.13468397772884
43.346697983001064,853.0007319039631,158.9477449121984,115.20132332687021
39.256230365988486,849.5162667671069,160.9882029657426,115.07241186092809
37.76261686821576,846.2408186651714,161.95652169903525,115.34122789130646
34.405889683098536,856.2132676181087,163.78123648339323,115.42285739021705
31.94483027890884,854.3269817688798,163.9640612396486,114.67595267494806
31.115876813212807,859.6993105082541,163.19056930247987,116.53332690396321
27.716471219223706,858.5471571267163,162.75548042026765,116.13480573658836
22.883056089000064,863.3732641865143,161.46013435777792,117.15066622484147
31.941768915330584,860.4126399569923,160.78560268705047,117.46095706135742
26.92595835850642,869.4895347964566,159.97972418216852,118.74812731284865
22.08231227892908,871.90042279163,159.3799412985986,119.7264988559186
17.303440907652217,868.3393943230385,159.3618011294702,119.67585395746934
20.317896860109812,876.7926285537437,159.36574616577815,119.76451984969654
14.211799972838335,871.5743354090656,159.0426158436414,119.76797873579366
15.105793295936735,870.8098563597879,158.95617145570725,119.7443707828659
10.380950455589954,880.7940933107569,158.24848943010198,120.06354412824236
15.035708508550826,877.4242824067672,158.1269244121319,121.96128656839332
5.791326192957158,888.2548357491688,157.84236979893447,122.10546247636356
7.873667954251431,887.7238200038483,157.26069623461314,121.95604303259431
3.6631621965603642,883.7500979643427,156.9204906326857,122.02081909326456
4.370993586657306,882.1218666832787,155.43801091158815,121.30688346775527
4.793468188488575,879.8385511759951,153.63255872578603,120.85203106099672
-1.6994749722347962,882.1018220635024,152.27060759911265,120.3531806502705
-1.6570650407752225,883.3882513376576,151.19901382805523,120.21693232382295
0.5341260960417884,884.6102273233246,150.59104537850263,120.02538551911488
-2.624877362022687,896.0185991607126,146.93966714753685,118.66210253769827
-6.028785755747492,884.6429066294638,144.45638152562367,117.86755101572325
-6.611255147991571,887.9134965005493,143.4298494486769,117.6093464703907
-5.693600300385896,890.5505201104372,140.33507525113095,116.66608404828324
-5.486302806351631,905.6318073272112,140.0753053991279,116.65422258165418
-3.7804071067782985,889.200619743799,139.80555568317826,116.70846557684771
-10.639894441097255,917.3817533190964,138.7709168798313,116.82828460789356
-11.465732336792954,923.1862022408833,138.7526946380806,116.83378285959557
-16.916436694605906,924.7353483652947,138.41560752698533,116.96709065693072
-8.001245944276974,928.0834195211308,138.23345181062922,117.00451892097244
-15.482919082723043,929.560289634659,138.058860541745,117.07289010977927
-18.019164506554617,932.3527296341957,137.85147038888934,117.20447319969499
-20.834783984133622,934.5469723491024,137.8360452014387,117.2166087072292
147.03534705800763,801.2996933328379,136.77437198434373,117.15470922022689
143.2201620399824,803.1055235174038,137.1240222633141,115.64051841934774
142.44024519693767,820.6581261596446,138.2330732629316,116.0493512208036
136.73079656821238,818.3459097370412,137.55463375127815,116.76894192771985
131.65163232164522,823.5113347030833,136.68499383773525,115.78929877511563
128.0512703449024,834.7655508229865,135.81931154122088,115.06298628628593
127.39183438507274,836.3348102248202,135.03574977939218,115.70494762902644
124.13735469536319,847.3635010368994,136.04666466799708,115.21373955833488
123.12259231881555,854.0782082707495,136.88449194279798,115.04443403838845
119.51764997141437,851.6213697612393,136.73351485934106,115.22628570569384
110.95649315850586,875.0975640536038,136.9780284973651,117.3737735247735
114.52215705351779,871.2464728727128,137.1849284562121,117.78129579515526
113.50894480450525,879.7184551124286,137.1029578545973,118.13544990703241
111.83817155884564,878.751202991422,136.9357415094602,119.74973892382584
114.00111920218464,877.2076470864993,136.29143272676475,118.6863418530562
110.01616591870616,888.0201643040305,137.54943762898782,121.0223593589116
114.81166773973625,885.6040446799727,138.31644237163223,120.40288218399257
117.67596805228334,883.1218479388815,137.99320625993528,120.79545493024351
117.20522757222125,893.8591320155384,138.2321685185061,120.75609032917568
111.71624689473268,899.3122042267872,138.1124478742767,123.01668823150729
112.73514287202187,898.1687945226016,136.332952141193,123.35027535151792
112.47836374719823,905.1418263126527,135.77461371859144,123.55254150621798
111.5428060667759,900.6521613602174,136.2842674400318,124.59756097483984
114.09390185216714,895.9516769760857,136.9363120905628,124.41403133764669
114.83402863382275,907.1104185849887,138.04217078807005,126.05768398409846
113.28127370327242,904.8619703176753,137.74526227415546,127.34193498802472
109.53000948776369,904.5789312440304,139.6270326485323,126.62054529798081
107.565323568945,911.7584633121212,141.62428809689507,124.3693646151682
111.06678676974359,908.8098320374277,141.79461427784796,124.92648825235439
112.95068489610779,907.2459912188818,142.1177666068151,125.32481789207063
111.34468344604932,913.1217382122583,142.44849695253447,124.6196467278885
113.41449245433847,915.4285024439845,140.65052632250706,124.61130949521005
114.90923577155719,915.3905161743816,139.43811235614518,124.8264331903644
118.06560218595436,913.2682267951378,139.2565130837168,127.18618481185855
120.24387505714034,912.0755456689627,140.1840621518307,127.45039204063397
116.29065123343919,912.6474553774347,140.61632623981527,128.04891342683652
117.99264941826941,909.2935319628764,141.24611664383647,126.90866579260464
116.06554461727285,921.6684057327318,141.6458801684828,126.7312563571418
115.97692151935533,913.5516174025918,142.39080863055318,127.82873606307604
116.24759007446968,920.777053039001,142.22355417503906,130.32031435995995
110.73881555953811,917.282032208084,142.60989287775377,130.69224774924123
112.0901604934925,915.2872849299856,143.09091453862305,128.31701480833735
114.97379083858338,923.1518996306785,142.59156337526625,127.719595595245
111.77477462923085,925.4031394467715,143.87012758184363,125.56617459114108
112.2094721363777,924.6268305429235,142.66342672371982,126.20306442585292
109.94631287016217,928.0557106526045,142.28899223491064,127.84229250299978
111.10474175180738,925.4875131592219,141.34571957656254,129.12820669485825
108.95448769148327,928.0022462680023,141.64753232367562,129.90021075699104
107.70762993204505,927.6565389303735,141.77365455413042,129.70542548107696
104.25649720900482,933.7579903422808,142.4876656438266,128.44492072855127
101.03243776673558,933.0646847820232,142.75172014008993,128.63479420201003
99.18784638963182,935.9214302840389,143.62153715447508,128.0307482930408
92.34126648912556,939.5520987519866,145.6352888820623,127.28063705752376
90.52547652121241,941.6598896528393,145.4264852882255,126.18233883850579
87.30152444747141,944.3890357540281,146.486083771645,125.9263915305374
88.58768589574728,945.4304027366991,146.53169009529284,125.47118444450595
90.28079668591121,947.8044455141882,147.01209549288552,124.77183450811906
79.10488266678209,950.0580406294953,146.53772876796017,123.67658222954658
79.0872279594438,952.9297964365645,146.45792665280965,122.47732205736361
86.23135231965546,950.9128777817172,146.17528935206406,122.23655266234644
74.74907899432314,954.3123846575883,145.99831836356853,120.62683849403929
74.40428985978306,956.5190110646971,146.47211461613296,119.74811989574866
67.54819787281151,961.198400653976,145.99744899595984,118.20581467806738
64.71674335545906,959.8869592734279,144.59910925136788,117.17941426846349
67.07858135580726,967.8701479008664,142.50030665040597,115.84096288638932
225.2935134841323,851.4318570385898,139.04666920039656,118.41825872227061
225.8886487348505,862.5060371652877,135.9934128495796,121.11814981164831
222.30316482115546,856.6482306732374,133.96403182290476,120.4158436368131
222.95084461656563,857.8643108243273,131.55115237658512,119.40074430589357
223.89114033807346,866.989477042851,131.08094940326555,118.89734866694178
218.2720128231905,865.4274388905793,130.26453409916914,119.25956531610498
211.6517598499068,867.6992787083486,129.77340781307055,118.18525509203484
206.2253222540747,871.8226811264412,130.42325718686362,116.9797329096583
204.31733552943626,888.0064798677845,131.86264229156652,115.14816905734277
200.8152983173444,901.8155543796881,131.06070694631055,116.24921444576697
194.36345887404917,902.4286490662965,130.81563171302798,117.69497898909975
190.63946543776137,896.3172837651972,129.43365776254453,116.10357499352016
186.17312554025062,898.2857271808905,129.25242497516854,117.35299511556386
185.30371519254012,910.3910529059759,129.82034496811303,114.3967858803588
181.17355473058132,917.4931167693575,132.06840783920472,114.19577094656441
189.34873271269782,902.0630623637865,131.30332371029883,113.65732018739392
169.50316296147525,912.1161925510842,130.75762010361314,112.12108811785231
175.39944056948298,914.2802780507254,130.84401214559327,112.91292177250045
158.1442726041765,929.2160998562829,131.03806008182147,112.66509941993039
152.00654685040112,941.8963549184822,129.34112904390105,112.83271887316853
145.63953140887605,944.0052056054637,129.35503663593556,112.05116447376888
140.9094936185926,938.6722850004701,127.76650725129255,112.6279506224159
141.63418935203532,938.9351761316093,129.97789359164278,111.79803834237998
147.07482272017296,939.2114310309964,130.98290023946174,111.30611545802596
143.31813822685422,938.504596060987,130.64825439455626,110.30270928720506
122.87645067528958,952.675156896189,129.9920405694629,109.68561334311933
128.9648752701823,942.5976579701327,130.3459550057761,109.76430008378178
120.8234234998591,953.5807425299441,129.25914190213535,110.16154572856308
108.88735477770962,952.002650506016,126.77126919933961,111.14778334430575
143.97780415032923,880.6020101344855,126.55362729003785,110.36985571334333
132.89813719579703,878.552746893871,126.33919143897043,110.54543335729201
123.572919107328,892.2544626715297,126.32796646783719,110.61175888205277
107.35788137553646,892.9570923795523,125.18612344387144,111.10659075648152
210.79684743977288,879.2278844969463,126.22522927926583,110.65430476998444
205.76002308705964,883.2195333527003,125.65655735175771,110.13617553458124
216.4144232085155,864.7837994146541,125.27360893074541,110.11161298464816
211.41180368769113,862.4912920426669,125.28412179136384,110.41696702687089
185.5976054026303,896.2418571744095,124.22941289273552,111.17330594063189
183.89070246549923,898.5626823818938,122.35411192114196,112.9056637043743
179.16701502282694,893.7768770513358,121.13258727035375,114.69145006663165
176.92576663735713,895.1050991018361,120.10513531082461,115.1668745664762
171.07872364971342,894.907474156906,121.04942823343865,115.16943791048766
156.34651624866993,912.4904606179222,122.52801272851885,115.2175686871859
141.39224146681545,926.3196960264473,124.17843507970335,115.88409481837775
126.05447832104866,926.0891490912703,127.86442890053382,112.31285722205689
124.57991532611943,924.2387326810807,128.15508592867658,112.11025338166945
113.41933482849616,938.252637482436,128.22266301584207,112.17200905605861
108.93828148361283,943.8345238124463,125.95962627299156,112.39420746537387
104.92771466019306,929.8125569856287,125.23442489022905,112.76491953087438
96.58776338079662,940.3306126213089,125.1712206069809,112.50763020470433
73.89394710995805,953.6645035456078,125.83559799118734,111.41810496316228
83.85035401105068,948.091064940121,125.34521232010559,111.54694533178973
77.18341492479775,948.9352498775619,125.38991164434485,111.72700833635577
70.47398174022189,961.0921397171635,125.44641229084034,111.76894726982337
49.882320095223896,959.7600819862982,124.96398316994764,111.64272707634156
47.328707037762264,968.5986172951864,124.93215117177276,111.56033152265229
46.49577035337651,963.2756153704565,124.76920872271133,111.5966838065602
43.243182927543124,959.7260007547078,124.70713856781681,111.60074206332625
57.064854249529986,934.7012444198486,124.36869132484406,111.87963629432376
