755.5,284.5,201,637
746.2471534823632,291.4225212796206,200.49834211364288,644.5073114904415
750.7054013097073,291.1967326444793,198.26734994177303,652.9581816112184
752.2839819540651,288.1497149389983,196.73636644083825,661.4953451311587
750.5985357194065,287.57516444294276,197.46780168435592,674.7819955235993
752.8261983650668,285.29776541418283,198.57467789297434,678.2652064953953
751.7368499303742,283.64559593161397,200.15474940044018,686.4427020080794
753.4736923081459,278.125766069277,199.1088955794213,687.5693129885517
754.036992824378,281.8923529941352,199.2502519959165,696.6994806610521
753.7707604691122,278.02062396986054,199.29450888937015,699.7364243510809
752.0761945498914,271.82522810504383,198.82255793552991,695.9718358316909
747.1224922436814,284.07634453662,200.54381676547902,703.9712356589682
748.4868047016187,283.1815949926529,199.20675764931764,700.5319997768097
747.3176676788107,287.0915926119388,198.41577187018072,700.1122978884576
748.1193415096232,285.72283152075187,199.67084601107666,698.8186954790041
746.9174575241675,280.193414732302,199.21934311940865,695.0803002427324
748.2665779656904,273.8754819853938,199.591391371342,694.192831233375
749.2454765796426,283.69263538456164,198.00144870881968,700.3490174465139
752.9499519935524,273.0283699727433,199.04849916273832,694.0342091130461
751.4198747444563,274.8839738592192,197.8424512111322,692.110316470328
750.5559168919675,280.6773712080944,197.2293849558129,694.3411525403999
752.4389686807202,279.03298112302735,197.21199820951492,691.8328178614435
753.2334188733253,274.84479881711786,195.9535818569356,685.2299878321492
753.4719819405734,278.95004721502704,195.41959765596982,684.693277676498
755.7219380592753,278.0521143542845,195.97862964387738,684.4989027048907
754.0038311273061,279.29764169566937,196.33183641057173,682.9152431465565
753.8649616432964,282.18378889211937,195.17010723322045,681.1578799555913
753.2513266535951,287.45906519656774,195.4111974435839,685.2269219206692
751.4677621762175,282.3967583868706,194.3865528883597,682.9349810890747
752.3555824623893,288.42405245756527,194.0179046322623,687.015555301201
752.7154783913237,289.66761946490897,193.09045306792027,685.3782659806511
752.6685643064231,291.43986721620786,191.8946377116439,684.240299904628
752.9281851868275,290.0010696184926,192.37094068245227,688.0583249067679
750.1414462146604,289.5082942357717,192.74462242698792,685.1419365185384
751.5709066361989,287.40349061759014,193.92213814168076,685.1590131228825
747.5709108102039,276.0324345395313,195.23640076687605,685.9166148572472
750.6967967023409,285.85300337218814,195.73300964361306,694.0126311988915
748.2859367651722,281.40416538694535,196.6960287656921,691.4749100212448
749.0237798630601,285.69373007089763,197.82534211215255,697.0708952849931
748.1031169831733,286.6609127880004,197.4517876438836,697.171790051288
751.6084232013329,284.7290911682552,198.0188815445394,698.3775978072274
746.5936075858058,283.497755939263,198.01696713655576,696.217435966933
748.8061145792556,282.732638457543,197.02660523972864,694.1260123667591
748.452567255868,284.0359353547317,197.25470742434564,694.377531384424
746.7991528172179,278.857644583169,196.294021595988,692.7656890841655
753.3701737078654,276.3460332578537,196.5775150167193,696.5921156751876
752.200400621899,273.42066293923403,197.6643219975968,693.5731282240481
755.2622036586137,272.8807750788615,197.64369176950444,693.5051427190928
746.830544423701,266.45204191316907,198.5039661109118,693.5796424367081
758.326896677364,262.38277580613067,198.4538580391326,690.3798167253699
755.5454628107584,279.5995275770047,198.01998590799434,698.5757611206335
757.4691364136445,280.15226837773275,198.6134679792607,704.137155835248
754.105075194844,260.95081499676826,200.14630605025434,700.0656477717375
758.1261693855014,262.9777567168601,199.7220147026307,702.4897134740099
761.1395649057433,260.13963489456813,199.77687534976886,700.6567679897181
758.721688749193,262.93441521453383,200.9793182985507,705.9098434581852
760.1127942968961,259.2827381779689,201.07274807228515,708.6646569391214
760.0260047474663,263.11411696683143,202.36498750191714,712.4658914802318
758.7274789889291,259.0417820002837,204.30826755893534,708.4798946805391
759.4679000528191,255.9375245437672,204.74279184236434,712.5191066532035
760.7818752963157,254.74349055115573,206.16784228234266,715.5512165938975
765.0453063039224,251.30415172907038,207.17484524210482,717.6556103521124
757.2041037794953,262.0568245705151,208.82972725018752,722.802602697177
760.3105832936386,252.7687392136147,210.39734588150782,721.7422434884925
757.9755912576348,250.7920360591105,214.04026872953153,728.0501727409976
760.0505608766397,256.38524483151053,219.1368218773862,741.718504875763
755.1329192807236,254.73876158922008,223.68285564905233,760.2356248790206
756.9718611656632,249.19956750834854,225.9341172153243,780.5884509451216
761.0091226015293,247.94815706271663,230.0728769287362,800.810906846151
759.9930942912376,224.6571868517176,231.89246988729104,804.5762693567722
762.550439309765,242.07607523324117,234.65247658180374,817.7938133334711
767.8462669627877,222.84032053477773,232.56641839032125,818.2981405709742
769.0876849852582,224.9190937654779,227.7253796495337,820.7203117456822
764.0618574596961,214.7642554004296,230.4460367567799,805.3696529350074
768.4594521940725,231.98801138341838,230.5991018732932,794.8672245871938
770.4806125618344,210.781489090533,233.24093231040735,790.2608714373689
764.923760615691,211.71457150733625,238.12066794479009,789.3856363265484
762.6134646016947,210.4119403407219,240.15348545763067,790.8776151448005
762.2258460811622,213.74140678840564,243.6683834770128,803.41318984831
761.3456973455925,207.99774442982635,245.96057014836293,808.0417747125633
757.1321747444821,211.8554237842,249.26562610040062,816.8618316532301
764.2802855590027,208.54957306836195,248.47824121757532,820.5724782257448
761.4835465927508,208.31062659297567,246.86447475386933,818.4185745780829
762.6755652117115,203.34926586707377,246.10892951366668,815.8074663408609
761.7316160516119,207.58932093342838,246.71156989834176,815.798298705405
763.0174446622028,209.20203401142987,245.39174253975472,818.2528308929079
758.7151980774373,199.22790284031635,245.6099003363608,822.702968158841
763.146419403795,195.20728490156932,246.43338602837215,824.2489828983346
766.6933202736896,194.48285618358193,245.80891364573029,824.1050864471329
766.7202702438086,183.09082175908674,245.60702316582214,821.4519661939504
761.4208093221691,189.99854663500372,244.84549235712353,822.7818497322165
757.6323828959622,202.51513377976897,244.21968083423218,830.7865096101665
755.8041153058986,197.18447039993106,244.4743965468149,836.9221510594786
757.5749548439707,169.06956218630586,246.59970536663633,847.3314375489848
757.1315892754012,175.50410071959556,245.2624644216371,849.1669074108112
760.6827215241323,180.19528646255185,246.2096012074392,859.3148112697472
755.7319647979839,172.9429811109233,249.21932236237268,865.0291683337831
751.2396373337842,188.5693105441385,249.97001427807675,873.9372608101262
753.6831342827072,165.45410459842208,250.29119079420167,873.8132453639125
754.7715329113953,176.32798316713496,248.5725773022367,870.1012452913061
751.5632538110572,180.28601662588477,250.5384576312091,879.3546653733182
752.9222515338497,164.34146871106452,250.65190573382654,882.1992055388962
751.1181197652346,181.06712350234227,251.26129198414566,883.1579873564872
750.1608010877443,176.45743397530703,251.96431759138457,887.3590606320543
744.014227498605,175.03568748919918,253.32742345649177,882.1746271592626
746.554471446208,198.05767225510556,252.40483303366733,879.111458256112
749.2672805221038,199.2139860492178,251.7924520721224,876.4722065426453
741.2408857427821,205.5472282544934,249.48908623525796,871.0000394729449
748.1449181423502,219.31218543543628,248.32711861934928,852.1589774212398
741.6943483067988,231.313727229277,247.18383041874785,845.0977559398816
743.8805811499876,236.33526392349506,247.16572054444293,828.3455055342336
747.4822380559871,235.9945559625137,244.5808926600259,818.6262905052686
747.8169286707325,254.93848464531328,244.53656054476238,821.3776276281948
744.3394246957,250.6119417069595,244.1443652401276,814.9749473992505
746.0193515161834,258.73775233370225,240.0998326273935,818.4663223615853
751.2515233109361,241.8511231396035,234.83242230738864,817.7169824831813
756.6260697080572,245.95192756090773,229.46722109563555,815.3574480347988
732.2219367432454,254.85709383645525,227.4826975660307,811.0391790060427
751.2001496583156,269.93156270592317,223.31426230595864,804.7094627636889
726.4939047560375,266.597669913269,222.4973667345382,800.7966409347516
749.2282009940749,294.0999267101616,218.0889358490397,797.2250725924313
765.8088702568964,290.4875988627128,212.40925244424636,788.4999382864133
762.0967830742475,306.25893609774914,208.20679793381166,793.048118461116
765.6283077881528,321.1052715197384,204.7552699884686,784.3829458623768
768.4775601953688,314.7832209144522,201.89314470208234,773.340456878247
765.7022266539809,332.62193495731003,199.6749519215768,769.0571633140157
765.5384495262865,317.8570408970363,196.76896564199248,758.4866973757253
766.6057094261038,344.3802542478303,200.87428778037685,752.0653317092936
769.4970974095085,341.2850438635679,196.7979257978661,745.3590754606064
767.8346662412268,354.3392987812431,191.72719258389236,742.7228709231076
772.5541203495741,341.88189148132454,186.21774894582626,738.5998914097855
766.7942371218214,366.44705892146885,182.22463793703724,741.0301453661668
774.866672633219,357.7404650175957,181.67728583514045,725.9302449475948
771.3902480304262,374.44883858983087,180.53318832441758,726.9113859867182
776.6129603621283,370.3890996459515,183.31438814984375,719.3814994030414
773.7898980195848,383.1147425063474,184.17287083282508,722.3264443798814
777.0756245865273,371.9320306333525,185.3060328150596,711.5415156478439
777.0743980495981,386.22667675715905,188.26070489831721,711.6391569176868
773.2467321153429,376.2117659433984,192.03530280000044,701.3590095968439
771.8923757097571,392.63142179933595,195.39355675077468,697.2938430113115
771.8399504063378,389.60110267983646,200.21497535077714,698.0534234347588
768.051161144343,380.95832931999973,204.0743651121021,687.500530213026
765.3481621683759,389.88980856565126,208.87605612777222,681.1952928597234
769.1404947997203,384.3055409473274,208.06110903524961,679.9207748508267
766.251968353518,386.11446262258863,211.5063698114888,670.8366691597586
771.35713455789,379.6733783354492,210.63486072122612,665.1212387044965
776.2944174000311,390.23652406240933,209.0911217962825,662.9926565248682
780.2398723359332,383.9479353893728,206.72635929004832,662.373767014557
779.9280038277318,388.0541396823778,204.39717420066208,658.1723218684883
788.9915383004302,381.46648142769334,200.7989472276163,652.8115418049813
787.189715752746,410.89702994078186,201.56154813543895,650.5891319125933
793.9153090937937,396.57232257525607,201.99198567514537,648.0325758794847
789.5104293105526,387.43877310437915,203.0049179253434,651.6748264554549
794.5221540122819,381.71817855453213,203.22137006454827,652.0186606662329
795.377507192594,371.3489611196831,202.8768978872356,655.8643285834163
801.8527641750027,359.3436703460902,202.7366542318665,649.5986859942495
802.1586600713384,374.3209907030806,200.9536169834531,646.4860405195266
805.5199523456047,380.1021457869778,197.56416374824457,646.0782570622424
812.1136794491026,389.18597865430695,198.23683699028436,652.0073129767541
807.6851618794491,394.04632766463754,198.55066877570945,647.5781722681046
812.2089923970518,389.896040673183,197.75628361178093,644.9648783005742
817.1519643365871,389.89460658303557,194.74814782673496,640.2116744364965
822.2056651675915,398.0637278160475,192.62387089769732,638.078619768019
827.9045313896178,401.0677306872694,191.14467654721165,638.133721992952
825.7065717464392,402.0957976975082,191.0910075347713,639.7785872324231
835.3621101554877,403.2113707413903,190.33894599072215,641.2165390450496
840.6203782965301,380.5955764476168,190.4788142038766,634.6886786274696
844.4906614088408,394.7042202829571,187.54533778485822,631.3416683615741
842.6465744576544,401.91145900308663,189.86841666789041,634.5566445803727
847.6264510111297,420.001746432303,189.7551887532006,626.7354142043619
846.6106148824243,426.3219153331138,190.85754651647835,616.3076258507535
849.356470952081,435.87160232888857,187.6815363386822,616.3902567877929
851.4216766451284,446.54708559010226,185.972594641003,614.2011078160247
848.8620142557883,463.1052642869982,184.05618667355898,603.4001209819252
850.1963481671129,481.91824447194176,181.92161407862824,588.302538144997
844.8676340711896,487.80169257825565,179.3097255971958,577.5679089068184
847.3954400215808,496.4707442132236,176.2369854672722,563.0950440649983
863.2157276337493,523.869925191783,173.2359747570954,557.3525330905456
864.458006801943,538.6042707300542,169.82817969299344,554.0639338719135
865.7208839715863,540.1043858297318,169.65329000252586,542.1272021695675
865.7010598382178,543.3667885607,162.65598529685073,534.0743492651948
872.9262172346107,554.4888303063435,161.87746158072522,522.7865054742251
875.6553124069208,562.1304426041197,156.9746088439655,519.0000813013412
880.8283774547299,566.5892799990075,152.287799102809,514.0473415758813
890.4063208334514,559.1978452821493,149.00649463601536,506.4909032245637
896.0933010120659,564.4461545091242,145.0742309226156,498.6396311737359
902.4423558650165,575.6085643524976,144.45668190091885,496.61272789934236
899.2466121864524,567.4752570223392,143.42289250176023,498.38508844741574
904.8963995190336,579.4059107592761,143.78105842955438,499.9457894879462
910.4953419327064,576.4490339294084,143.43795856772385,494.52942592203465
912.2577359099995,582.2039621701765,145.44799069294126,495.0269957024003
911.3366434859039,574.2398422064539,143.15710745641562,487.88309779720385
911.4279342135281,580.0980836318524,142.08360339517571,483.734625276607
906.9973459091924,586.4682989097462,139.93636382800486,482.01501724584375
912.4545975582525,583.2232965574794,138.5330433149189,476.683469673766
920.4114667931211,583.8654541003117,134.89059276327248,472.91330854546845
918.2524068280431,598.2784971215381,134.95380222437328,464.44247190792294
926.4650120304148,596.3409582844256,136.53249997697867,462.12735735955266
919.1205192868591,587.0404761669297,136.70250543784474,463.6737924044811
922.798001492379,587.2466912367149,136.89761417362524,461.64047105149353
921.7303703729754,587.8340548069899,135.7226468725612,460.86845852104324
922.1983300694972,578.6499712394303,134.6192243162992,462.07395933536174
922.2494873028263,578.5493598786895,131.0765221238106,452.92745714229244
923.173409582297,572.7642200695724,126.48575883508717,443.7115143026411
931.5094396500988,576.5622895204397,123.5602530741786,439.9117385162171
939.471929402117,556.2415095812203,122.11327707203408,441.23733083484143
937.2702207019825,561.1215043051776,120.52286283778174,435.9204718800909
942.4824576534743,566.8244945897502,118.99391105241286,430.83714746557825
948.0784556098466,571.6748865953612,117.56801316212915,430.097872205272
951.7169805641437,575.4831676724051,116.13715036825066,432.722611587744
946.1537140798191,566.1604921287268,114.39139367930692,431.0461605358185
949.5855544447162,556.4265258413295,113.06304610609854,432.9595009780445
952.7917351952268,561.1422189992819,109.47594238324496,424.3852305268936
957.5765848863707,570.2411002790551,105.85672966096081,417.6735805619516
959.7958501956793,565.7189652272757,104.55712197210744,419.19260976737814
963.6638158573462,560.974059181467,103.13315849850511,417.91932791063107
965.0740110225418,558.6981452528469,101.95920569386318,415.02805674596004
965.0841656798419,570.9412661278363,100.83430119493664,411.9976026546725
965.5546014077752,560.7684240909143,99.631805462432,403.2233049627693
963.5557568205671,573.6024865169144,99.57724997360961,402.98739675505635
962.6263348729603,559.9246766945472,98.9149521013215,397.598994030406
964.6860752203519,569.2234938655918,98.2871613269638,394.2256667485585
986.9387161170642,562.2007727002541,98.43902217269913,390.0592007387797
981.3037093389466,565.2359986444919,98.24273094988155,390.78702670522347
981.4301812952334,551.9924772041924,96.8673203539203,387.6943748378979
977.6483096207003,570.3417047675757,96.6368036779622,387.8785605497543
995.4246270588806,572.8063520249057,97.10673655062506,382.9702742080982
988.644035507529,580.8919250008812,97.18792869416075,379.69742365867376
988.5900560186656,578.3449018541796,96.4835303058026,375.525200268239
988.591549996176,560.8778492475635,96.15242462254842,367.49831457570974
993.5164439757128,572.6306074431222,95.83569959835013,365.5231002323216
993.918899488068,581.2600763056569,93.80309251250551,360.1155542995497
996.6058500971387,585.5238043985221,93.53686493938356,356.98084980754487
997.0850641035694,595.1410248858964,92.1857609604978,354.1748947031577
993.5983726062132,592.1449164308992,91.52675965497838,347.88717482268555
1015.4915880582945,583.9847198987025,91.50456520101102,347.1701952979679
1010.416945114298,601.8292481771056,90.9438491435086,345.53138211884715
1012.2757076281756,597.1157629011915,90.21969512557992,340.59880982399574
1013.8319826367674,588.4015821355435,89.76690272253198,338.78905985932
1018.654815202271,597.1390633361614,89.689688519259,337.5469732820589
1018.851596391672,595.3690043683379,89.2540766170141,332.5092847449275
1022.5929651129197,593.5418245261086,88.63269400239969,329.7984405719642
1025.0282014711954,607.2831471754976,88.14237255766835,323.7415898746267
1028.4218337997593,610.9853892183837,88.37723791305264,321.21516040768995
1030.798588638952,631.3864666677141,88.88541742076342,317.81287352050356
1032.364528300937,607.807015785569,88.89499064768134,317.40423606970603
1034.7011755059139,601.7796246951525,88.91169248025106,316.8806262217304
1032.4989773812476,623.9037291258231,89.07396798678582,313.1343323384164
1051.4809865959937,637.2704442457789,89.47880026530136,314.1068309009952
1049.250488135691,628.964159223091,90.0260057678312,312.97298294710345
1047.2493957296895,627.567149268119,90.62017604393023,308.73087958129054
1043.2215330001027,614.1736595856898,89.993640036124,307.5706886885805
1050.1130506642294,629.7911480320922,89.97019199577352,307.21184094616643
1052.3552512327733,653.7522153346677,89.72354806464884,307.58080588935536
1052.334854544691,629.4903462210764,89.5188351541919,306.58424992708484
1051.0000832121195,617.3538046415865,89.50038715389933,305.60056772046397
1048.4267541725123,633.2242684157574,89.43810138927213,304.6389294177277
1073.6000785825008,751.7378132146903,90.06674858980293,306.5840840825572
1102.1912643059325,786.564611017855,91.958859107051,305.7083586544505
1119.0154727277738,803.9080076079174,92.67927771258707,305.30768684273374
1116.266898656644,781.88459609254,93.77893249242015,304.5098977519064
1108.502092381943,799.6448324121709,94.21955101563822,303.80251639072105
1080.7727654340424,692.8333835732993,94.1308301860971,310.9219503233469
1081.8161498312568,710.873667456637,94.25539013655676,311.29542689871255
1083.7737994440242,723.1139020740283,94.30758301459866,311.4161825632221
1057.6241991047082,626.3024873029559,92.8836811236508,315.82879176845273
1061.2816101384733,645.4471955126121,92.9751886879257,315.1039467297556
1082.618127022544,645.1622106820589,92.9887279483489,315.2348721239226
1076.8224819300883,645.0384716114411,93.01062592897546,315.2278198055161
1076.1540007650262,661.230110083841,93.13277001988772,313.874472975462
1071.988095766334,640.9333708245224,93.00702043170087,314.31753416621865
1078.0027775962656,638.1379062401977,93.33250372618338,316.7046531198716
1077.7557911040967,614.8184975510381,93.57708606370583,318.41422168837636
1079.7110280482605,616.1212966756455,93.58853366700143,318.60553491720424
1082.3536758129364,627.2252343624798,93.59097741453515,318.6273996863578
1084.1373030683333,636.3814779277401,93.59694029570944,318.69590735259027
1085.5091147935611,624.3400418624764,93.3446596282279,318.98608539132084
1084.467794037097,605.9329592905935,93.23523471011043,318.84410810954927
1086.9421684291947,620.862732320878,93.18531920075665,318.8282910681455
1092.2489297340023,604.7689176818658,93.14373510585058,318.5848404816678
1085.704905184914,628.611526907452,93.13147960045102,318.4619885160912
1086.4735171858047,641.4819974847121,93.13284114230203,318.45272346325555
1088.6191789293994,628.5865515715534,93.13583156273573,318.4025107821267
1091.2227284277435,624.0591663804495,94.09740417401875,311.38795667092626
1093.9441575857447,624.118542971593,94.06228835832164,311.06875947575895
1094.8293716922199,624.8058166906881,94.06752673987641,311.0572535576875
1093.1452812490268,618.1043685163852,94.0652266120109,310.4464131814399
1096.0308548976845,630.9437081190101,94.04928351544012,310.3617243021176
1103.791363859838,637.3432862625211,94.05824148224664,310.3431389989824
1103.9222920043608,634.758302684675,94.03561075958783,309.72354679035584
1102.021662977319,634.9517531333033,93.89902406040636,308.69768320703713
1129.2410988799536,641.9597230721035,94.10085736377977,308.4949395116877
1109.5414084408837,639.7398623211807,93.9924181125247,308.00422201817213
1112.2817843996181,632.5362865145465,93.97161378111541,307.2316460771192
1118.1365162235654,621.6594204424687,93.96757730302099,306.6027545487896
1112.4516006588863,634.9750629455918,93.87852037848515,307.0363804312151
1117.9306237591036,631.1316929699219,93.50999463245728,303.74472492051876
1101.1736084521842,628.1510155488702,95.20653752962093,298.5099852496828
1131.3815892074026,616.7860404305447,95.24324707020946,298.40158137561593
1133.8495687408365,618.0516914278307,95.1798609022068,298.41309697366484
1133.3197869646026,631.267792799225,94.86723231028056,299.455701970134
1126.609207927488,638.0307049375622,94.85119365294274,299.38820880155293
1126.4161390698193,648.5142143153236,94.83700067574989,299.51916482325186
1125.0297366603477,634.7329984565196,94.71489492073387,299.661071943692
1125.8906933839476,652.5216286882769,94.92478076609852,299.1742465082534
1122.0712499951014,649.6492436455101,94.92027021255305,299.2194302023381
1120.473850337029,643.2750192249988,94.84186615574234,299.3309523923597
1119.8841765151465,625.3932578334815,94.65136828997854,299.9677852645056
1124.4661604947291,632.2674887995814,94.58529976776401,299.91350954293813
1107.4950289333779,657.2543000066795,94.53806475203874,299.35413273421074
1108.5163896460494,663.9592923581752,94.54630172169963,299.49137684439074
1134.2047321223622,639.7831126501561,94.34804160427944,300.15272292424714
1132.282298351593,639.2479958005233,94.15164794968112,300.30146380849504
1119.8108173922858,655.3645022145474,93.97657741285137,298.7183189919216
1125.6954438759776,636.7678084741209,93.08677333615387,298.60217049255
1130.8579865026172,641.145194709524,92.73098644560645,300.4226572304229
1132.866023327152,616.938082798607,92.32858481458791,301.1258024084583
1130.5734838239348,648.8137211709113,92.10894341925871,301.1448923325506
1129.9393822264813,665.1889841711181,92.07105196771187,301.0025549612874
1122.4837661546705,654.05343160031,92.03611044342537,301.0177530441878
1130.7082981656795,638.6798468152874,91.60734442555784,301.1454138709468
1113.7168560301448,624.1743435077688,91.46332516269194,300.6706550288309
1134.089078321926,651.4981553184562,91.25462047781097,300.9517804919288
1131.2519659224602,671.1158959276817,90.13874851694682,301.0575048704015
1125.0428511927905,665.8597124368308,90.12827562185484,301.08520788878536
1125.1137306152712,661.1057500040997,89.9954194970691,300.1368911465815
1125.5803635249015,653.2529980265011,88.99767083244247,299.3462746488978
1128.473219234354,645.5260116476767,88.84472947503058,298.83889410454486
1131.1945347089334,664.5961348490125,88.13152014147218,298.16899606002744
1129.0719713067344,658.6789999917396,87.05233616629867,298.4378160599127
1130.7442629997477,656.2018126062108,86.76860101635593,296.27989758756206
1131.6956058365581,676.2011105489148,85.94154255049109,293.9608862053278
1135.852459402994,675.814368152218,85.95664038740706,293.9717997830919
1140.1795496873972,678.0680951636633,85.94460020708962,294.2366402815331
1138.6392451141737,680.2713675028792,85.73972480115314,293.29222948753124
1137.9229330469384,685.5677302932456,85.56838937522922,293.1159544072865
1135.951627409989,668.4418242676707,85.37421132722858,293.58748539154215
1133.3759654034454,694.0841129983224,85.34091257572864,293.52228735528723
1134.280944691675,704.334589868464,85.24516701291843,293.62253181141534
1137.8926626036798,684.207082952392,84.04267483057149,289.61363344263134
1137.532300556856,683.8158700057454,82.1398406413667,288.86177414820344
1137.2010407536623,681.4460178970562,81.13523979105871,289.1356108462031
1137.5218425835085,681.2359296219253,80.06994828589758,290.249625337158
1138.880935992373,685.3525035166831,79.24048484158162,289.120968781468
1139.894718287647,690.7429430532163,78.27767342581527,284.34493532760325
1143.5721939926702,684.3807675343178,77.91873374977789,277.40842248905767
1141.6763929063918,697.3527200012345,76.29273910531788,274.38365550993603
1143.261504208018,709.2866405771747,74.88520001284593,275.853786999047
1141.6152799916408,712.4278238944605,74.0877450909555,272.45100443849554
1142.2387252838969,697.1372450857195,73.72722880120152,267.90927158356556
1145.2933793985549,717.8052196891543,73.69128101500081,264.40633400389316
1139.0468527013772,717.9169148675015,73.89757598650421,262.52395874767785
