1113.5,376.5,30,69
1114.2773907673993,373.98660877505847,29.934943578116396,69.49668138901575
1113.3981641219916,373.26699606181626,28.425903382527192,72.2980844258975
1113.2087536743188,374.06415318037676,28.137579025645262,74.52520921656271
1113.4376902987535,376.00679853044716,28.000767715776675,75.413220594669
1114.1640757432097,373.3623766212727,27.5871173817888,77.37265767473679
1113.5959527062157,375.74930240744925,27.280799683575093,77.78099318276696
1114.1242297822241,371.7100079712708,26.491752578019298,77.99280415824273
1113.9482363995153,375.3517575799125,26.278905106338346,79.22855199601298
1114.6843156031778,374.0287913903104,26.29054460684247,78.99471600363515
1114.3698465728482,374.2760970170904,26.239576537664355,78.9155920991085
1113.8580127513658,374.6477440722299,26.078612832973178,78.35338935702796
1113.4102249989498,377.3561067468199,25.86593295145262,77.59393634671514
1114.1938842994655,374.91737270502927,26.150850382907254,77.51461684408426
1113.2737609847973,374.2134252026124,25.94821170874617,77.26190856408206
1113.1082216746163,374.8312510378082,25.59187311995984,76.32226995092236
1114.1491255563008,375.87010920581383,25.85720805297158,75.98626344328792
1113.1860644364833,378.87306600703477,26.637626380825346,76.73592502089976
1112.967594747879,381.5364261426687,26.512077619357964,77.0585263057232
1113.3407678899514,380.5612519234106,26.386656046440613,75.1972194612652
1113.5361286669117,378.7094140318989,26.668581432274763,75.99922693412317
1112.7044194021273,377.1253308639725,26.919091526975677,75.12534052415687
1112.2496845455819,383.45248990934954,26.5238615807187,74.6201570693281
1111.718738370758,379.72620442701026,26.592884970462684,74.94870602701812
1111.4095069384796,381.71938891297,27.05470572586392,75.66503242481923
1110.0774476260046,381.37942467217636,27.313334667662858,76.57447976698498
1111.2137156641356,380.6189576411261,27.296082423950708,77.17792793631277
1110.6909198341002,381.5681924073084,27.42289876396866,77.8656450513634
1110.243642315426,385.4726482446492,28.068009704036093,79.70439553946251
1109.6647177718837,381.36133437152205,28.679018123396293,81.29203211674093
1109.7791743618313,385.4298339093516,28.839787296044157,81.87002651794953
1110.1677570071854,385.6115795216685,29.055315489165267,82.29224008486165
1110.0657134701382,386.6352753098321,29.68100075928922,83.94045283287525
1110.0552112848293,382.24289407568625,30.076450925920263,84.66065822566644
1109.2328227569517,384.47407691791614,29.822172977555383,84.47748117417177
1110.136991572238,379.75239548614866,29.892090714262007,85.95670648353799
1110.4761202146183,388.7446249024966,29.832339205429662,85.12702708504631
1111.109806945836,387.8139686983868,29.989160198141118,84.32796532868448
1112.4512496440966,385.3960518449907,30.154708296187714,83.75582669966123
1112.7848967921725,383.85929537412005,29.73295275628756,83.56364073164312
1113.5351918827043,392.8196948620871,29.238291091611817,83.08016246493753
1113.7576506543712,392.078438181344,29.184340857752822,81.77644550072489
1113.5154381759176,394.83964741926087,28.655029685852963,81.92135156789038
1113.479613859491,388.74954919858254,28.620423070516836,82.01215820822163
1112.4306180294602,393.27883907392123,29.15654856637117,83.0791153761844
1113.1004249018301,395.21004335945395,29.420348880317036,83.44788127411309
1112.9030814807963,397.8384750266423,29.109209201464694,83.07937939374642
1113.9290316244653,394.0045563189158,28.741208316745023,83.36678897182766
1111.2925544908348,396.99573535876556,29.359164758383315,82.44851446833043
1111.5343010685276,395.6692345590156,29.33266062310716,84.01088076814779
1111.2571379817073,392.76817943019535,29.30403578747418,83.55554235253996
1110.334341015907,391.4073382560314,29.17898357611517,84.3967998437283
1107.7825682410196,392.27171839963114,29.194774876317293,84.33616482832599
1107.9470584621954,392.73018673036165,28.762324965312324,83.05731314473019
1107.7766709292837,391.7958099285658,28.638775795219708,82.95125948590123
1106.842722705409,392.7687271745806,28.555070141643313,82.42285980546379
1107.9249457074402,384.40300759887407,28.263842554748315,80.33920877743338
1106.1428688207318,387.5111886757688,28.698610379984032,80.61527015803736
1106.4960378019457,386.08579065823756,29.15426282168546,81.9733980412443
1105.7293930873898,383.0351763032282,29.657013811046603,82.46509582551236
1105.3940028372883,383.00643613169814,29.360621211731445,84.72536213735297
1104.913900841586,380.49238191218404,29.734899266437523,85.84478942212998
1104.1945870477548,380.79361429296443,30.017029256405305,85.59861601427173
1105.6048425714807,381.35805672614816,30.382885482284244,86.11189013304228
1105.1498186214192,380.07475391900186,30.556627013102442,86.94536326575981
1107.2330107760035,379.9035622034934,30.823828347701994,87.05743411094619
1106.3034230715018,379.7134678284211,30.15725717276679,85.57837243479828
1104.918590824728,373.5503226771207,29.73514062230822,85.72705996945479
1103.745037956647,378.7983519205337,29.924158866481513,85.68205033364194
1102.8108190162436,374.16764479952855,30.46869485557938,86.85388499343783
1102.4127957830815,371.6658060238019,30.414464911324004,88.82269287402319
1100.6106191420997,370.1744540040883,30.775201850743123,89.31614363090343
1100.650314194026,370.8720311518349,30.61211842882181,88.10882094585139
1098.7749585354882,372.55646784518797,30.483188928254826,87.39111781289893
1097.6411350619317,371.1433097672771,30.126223305559023,88.2580506002286
1097.7673627849933,368.69378054740116,29.914791288918945,88.98548485632568
1097.680765442129,363.4147864490842,29.548822385170066,88.24852638242737
1096.2046114387647,368.9018058838759,29.118507673087656,88.96038820101536
1097.7204131724222,370.53349661602175,28.62814918944537,88.34505156132391
1096.7269528113893,369.2042347029466,28.574018285305876,88.23802238988507
1096.6738185337294,367.14247355212433,29.242710129447694,87.2761822571424
1096.1405134262084,364.7312835719997,29.25649036363999,87.3468074566495
1095.0759201597045,368.5361960744353,29.417848026827734,86.90219699035251
1095.9251619212528,364.74745470449596,29.546051482071405,87.64448800354663
1095.214584722276,366.43038411890257,28.908679840901513,87.38794457008856
1095.7272414734784,367.8896090770716,28.463908247237647,87.11921603779903
1096.194977873117,366.8418714806671,28.39171258523996,86.59521205122562
1095.4716779513685,367.6478474366012,28.654684823298886,86.82245932472894
1096.1522841677443,368.37684419637446,28.79476306952538,87.31536290276993
1095.8697752460394,366.7138846605866,29.040989046632713,88.03198446038388
1096.3108190052703,367.4449284399826,29.066666320613187,87.86746474598272
1097.5166987905943,366.4628954765458,29.523187637568697,87.61404739076715
1097.112962658132,367.6828915703153,29.98889375368779,87.40305529478081
1098.0357075770107,365.77831337957673,29.46735146479677,87.26707584442512
1099.3073877248119,366.37100563846764,29.260865654210196,88.2556322236312
1100.2512507312852,366.22473013349816,29.390347263791526,87.8248823593369
1102.066306816077,368.043140300027,28.339187168258626,89.78905041434076
1103.7842282991885,369.8879927312144,27.89867429732719,90.02407036924198
1105.5050153852656,368.2517444178283,27.93287942014038,89.04112485352752
1108.5035504721964,370.61415230459056,27.814269653535845,88.67277823436103
1110.0890397572448,373.1798532559352,27.542184201344046,88.29628250919241
1111.4761746698068,370.93346864944925,27.056607327422046,89.32702154981632
1113.1477817694335,371.8394917948398,27.07584968830341,87.56673278468789
1112.5566720930278,377.22478159277796,27.63031673703768,87.84550869570847
1114.5663725505049,374.8033048777234,27.77490298181293,87.72316156582008
1115.3775839032476,374.11326380801046,28.1888617594053,88.25634210965352
1115.5220824710839,372.91731918921016,28.307974974103416,88.03698976819834
1116.3165850136143,370.8981267907411,27.597313769219085,88.91589995385397
1115.609215254607,371.66564937642397,27.13635221740162,88.8440986246133
1115.148373176451,372.95130628232096,26.755620049098262,87.72709677971538
1116.8008135575371,369.3368542853577,26.18112983563198,86.6207747146819
1117.1921114701177,372.8868966012203,25.257689426959395,87.5566064113869
1116.5562621245317,372.5586843865407,25.334228325231457,85.71674778639425
1115.605950522351,373.5350355120827,25.20252053975545,85.61651879428248
1116.0910899991957,374.92146719352354,24.879741624212905,86.11755427135135
1116.641564157631,375.97230378576535,24.34279731134376,87.09656026510567
1117.6104617840092,375.1177125381297,24.416871489129115,86.02337195463652
1117.4685497952119,372.8806343276901,24.3689751443534,85.68793994320374
1117.0119767938888,375.295208374715,24.324911261879212,86.11124708368152
1117.5578820849578,378.5899227306646,23.961261537895517,86.46029541111946
1116.8012461996236,375.6790334970916,24.17780362468773,84.54659356973279
1117.5198141671437,378.9957020823341,24.16895603021603,83.09144472322231
1117.2649494915859,377.1627469448517,24.566169849851647,82.82575418908992
1118.2175859371457,378.7771070615827,24.003710688971555,83.59243390756279
1118.1487538431938,375.2619574854039,24.13737996077539,85.07132333854572
1118.445174820108,375.9780246801222,23.904313818381006,85.50770241403684
1119.6821154796935,375.31522895836963,24.147423446933512,84.85687619682875
1119.7086672858227,377.5113880307334,24.1902452477469,83.68598620800039
1120.5901006985591,377.2246960198614,24.048509961619136,82.87360896875788
1121.380126855206,379.25232239201483,23.886672565508164,83.93724126473437
1120.5294887110501,376.2406915194421,23.888210351317593,83.04733791741147
1122.0565677943714,378.4511860314308,24.11475191459437,81.89470688560637
1122.954322846763,380.15444317939574,24.268079924549326,81.80354693690546
1123.910467583731,379.30609434261834,24.699599340002823,81.43866061464122
1124.969921548905,378.3428280963998,24.160263968057933,81.79541526074195
1125.3336366808564,379.10977018772155,23.63936552683596,80.77798780131164
1126.4150178225743,381.03424201931256,24.08158895735933,80.82143462770784
1127.2738640986133,377.88065030693457,24.28403655249018,80.53539924905807
1127.064192322891,378.7120512952586,24.0393652280464,80.67317181350185
1127.8168336034153,379.7347395002341,23.810904637937412,82.33003801638962
1128.9089539695601,376.55991252776346,24.1150364699634,83.00054233364536
1129.207259009557,378.7823825112261,23.548584358371496,84.48373490074721
1129.55341216988,380.1236678128729,23.77637175291655,84.20482578694028
1130.6083673401872,376.43899870803324,23.692211810937955,83.63377770130103
1130.1811877963326,379.8572515297855,23.631932915802025,82.77598270919415
1131.938047574576,380.8161779180852,23.760274115998065,82.45825131149338
1133.2787331880036,379.77145120749026,23.965556789289646,83.94304803636368
1132.703405370999,380.0613354433968,24.023142631504978,84.46120630042869
1132.7145529178226,378.95282893850623,23.953459528130796,84.79021155016184
1133.4297652673895,380.8800739753477,24.086190956926593,85.11826523105651
1134.9322497720905,378.4779762456221,23.995506892059062,85.74851430989258
1135.3551335627028,378.55587335477486,24.47780065307381,83.98371499801247
1136.5649857782944,379.7801075728441,24.990378669705564,82.61807973276483
1136.326922753503,377.8690101166995,25.074913498194203,82.71165149327483
1138.814824577787,379.8680938500017,24.745658597642546,82.2733249442578
1139.0076075574866,380.20896561321774,25.28372269700883,81.88221149018094
1140.8501684956277,378.2840306670531,25.552576259798265,79.96505877279948
1141.1031243282014,381.6578611240298,25.38878467583701,80.47693984721886
1142.9195552255153,379.43233993014485,25.79035529240319,80.43484916690406
1144.3957174002599,379.30501180656563,25.798392900464194,79.12445576577761
1144.6145915040572,380.14925808715816,25.68208249876046,78.74939554044617
1145.3406617553562,379.1139198721172,25.40549090725681,79.17601934582555
1146.121890209354,374.19344475466187,26.00430175667747,79.64074601658825
1147.3417545983598,380.4596057659357,26.05627768104316,78.97767715260996
1147.6290957044707,381.69042522089495,25.648417246641543,78.34913427006575
1148.4827937581651,380.5169902911216,26.108676368821264,78.80651149865383
1148.5630860030012,380.9116388299028,25.997393082489353,77.86743538445037
1150.6002091171986,380.14162337687736,25.310284743956966,78.73694360068188
1152.0666677869285,381.9388630914518,24.76932945588841,77.82169724572123
1153.7617381707348,383.7633567278087,24.78296986388926,77.09296539559969
1155.2829257719611,383.4938069553387,24.088168418608284,77.93404910167821
1155.9585949424622,384.4503284260718,24.711255631881695,77.90304558796923
1156.0566944395507,385.5361361767913,24.684497085988752,77.30994394723277
1156.101199250741,385.0461615587613,24.675311873986953,77.92853209692423
1156.8563159605112,383.70514325406924,24.174148612451646,79.47621494940371
1158.9445525478181,383.19852942893783,23.87788893690678,78.72103763903425
1159.7531077892154,380.7522256149121,23.79896869974072,78.56149072607002
1159.739244407556,382.213878925228,23.52779897153168,79.6002545705261
1161.2508612206327,383.03928546390307,23.25131283912222,80.39262586893886
1162.29438102815,381.0347633248275,23.036467991086198,81.04322140326985
1163.375566967306,378.4753933831246,22.722758727596382,82.86597749532439
1163.7177133808505,381.5168910948009,22.440919621077015,83.39259787473668
1164.4956836194824,379.9301590057523,22.07412101335842,84.95247026263466
1164.8470604913462,385.61503887845186,22.400930935021034,83.39535547573152
1165.3585770121776,384.0442359996045,23.12001529829565,82.43644252996553
1167.0391223393765,376.8041875164442,23.15183178653707,81.50243026624472
1167.0480063546577,381.66468448775123,23.615303432450208,80.84317529152612
1167.9409815349202,380.32905765677407,23.559030033823866,80.17430291588278
1169.5876277230454,383.04693431018563,23.44046390536108,79.69587935912068
1170.850258727614,385.75596493780085,23.692173713240628,80.19753970728377
1171.7961873094541,384.1766219951313,23.644187070151837,80.81644640637414
1172.660959285636,380.46235163911797,23.60189242065218,80.78689442888663
1177.6244163353697,379.97006538529587,23.482212131609632,80.32724555915804
1176.4917220603968,384.0622992441566,23.06260312296158,80.66957418237904
1177.1888678982157,382.183512373078,22.857065648259322,81.75083857738353
1177.4948777164352,375.6198056516155,22.404541514530397,82.80480479283057
1179.474311174544,374.397097476201,22.2979959846503,83.7786535128916
1178.2890682945751,383.6320058704612,22.854748286068855,84.86259916028428
1180.0456399447723,382.5727960742585,23.667516030749105,86.35889127933534
1181.4873211865513,379.9873557816091,23.975178565883194,86.93603855393471
1182.0988251895067,386.11953002259617,24.021373269170557,86.6548510445558
1182.8044778772537,382.31451235186887,24.20158200424161,87.92608309468956
1183.3707819503989,380.03585933495884,24.369321066927974,87.57704137689225
1183.7783899195376,384.75572973364416,24.119043852691366,87.26652535674323
1185.4293911970824,386.12736003162905,24.706061978983342,85.99113451937947
1186.824509378259,382.0845865932209,25.00348950556082,85.96482398195022
1187.152402587113,382.4420160541631,24.843143243120814,85.13307903290844
1187.5803830655393,385.59825612591635,24.900337603574613,83.70898037057253
1193.0756597118125,387.378940269662,24.880706781121354,84.15345286143209
1191.641552925828,391.0646887327746,25.356229932939847,84.15079376861149
1192.208736769478,394.6334017365229,25.273186732371727,82.71943723056677
1192.7773704402869,382.25564195927933,25.111213563517882,83.63411549171897
1198.2364779061018,389.8891194960598,24.929582341605045,83.40702114356087
1196.161921904652,393.9816424787053,25.552854300482934,82.91595777943564
1196.9088682252907,394.0487524322234,25.44209006382299,82.32957071904087
1197.2529199266592,396.88379765605055,25.110565517792537,83.40033787255244
1198.1087818489048,398.7182504002996,25.243432933257736,83.56802887300697
1198.2834281211756,391.48670504063625,25.09327871714926,84.2163927628049
1204.6511775835654,395.0545037301011,26.19248419147821,81.97879848522405
1200.0715305017698,394.1300746385683,26.077251759000216,81.63732830868571
1201.8121027246452,399.0531730348798,26.217133590791565,78.89760639246647
1202.7471620039423,395.02278678638334,25.736826786423983,78.60510549773589
1203.685279568597,396.21138309858793,25.500285632563298,78.1028275194753
1204.1681714466677,394.8548525806955,25.307211246081515,77.54238978168536
1204.422594429958,388.06615574629654,25.114668264453666,79.57052807938948
1205.209240668927,390.9530219540012,25.03600528881205,80.6542943097627
1206.845560947833,391.2077580104889,25.047721086667195,79.78872980338909
1206.304076790062,384.4187895229246,24.47885574875899,82.05161379237262
1206.158952109857,390.32602368892344,24.481509449674736,82.78552249742326
1205.4258749819369,387.37863376798765,24.954258542226626,83.9284526879582
1205.6554915614686,381.69955258180465,25.34754102103828,85.22839515065616
1205.7854343774184,379.13098020785685,25.29344209415569,88.14337288347612
1205.267682076289,383.1511347965449,25.302410231722988,87.6285158430934
1206.60613642035,386.76193356436465,25.162349373419836,86.4993713103836
1207.9615651099339,389.50281443003786,25.25466672836792,84.630322200726
1208.630185186019,391.62745381738733,25.413110723078574,83.9748756804369
1205.0614207806552,384.40858589431264,25.932863139915785,83.57693437967461
1210.775941976061,376.0382204666402,25.648714395344484,84.8953257956274
1206.146201135813,387.4489655153736,25.35496197549851,84.62753328422025
1208.5568237424784,384.5200025737296,24.852023685080326,84.5704024620334
1209.7061389392302,385.6743606958326,24.753779100521374,83.59485865835622
1209.653590104666,378.81390414886977,24.761768889832428,83.79258792965007
1211.0322014210362,381.97259547525755,24.407521339489644,85.0203135952033
1209.7369642552767,378.35399327269,24.65097933647479,84.60138005707057
1209.7432535392268,377.661853347843,24.675062378581906,83.63621170272405
1213.5750128068669,375.763186084206,24.63330802634623,83.14979808012632
1212.3049660311617,372.5706338028675,24.4510009124731,83.13896520002363
1212.6255351755226,376.23527811401294,23.858047446996487,84.60790579526208
1211.7700090451565,375.14740365414104,23.97976581586001,83.13848617214401
1211.9927103173989,370.05480240282213,23.80716514744352,85.37213723740385
1212.9446023748803,376.4239593497565,23.47614674045002,84.60851664187501
1212.5183041458235,375.32869153781263,23.73096183841447,83.31680300581397
1214.6024682976497,375.63097267707593,23.69481327185291,83.65247878585444
1215.0778889858861,378.3746069502405,23.96616001050011,83.55486010753677
1214.3200435765903,377.9339686452625,23.805528249708203,82.49988305061503
1214.514579354346,373.2998520873637,23.72980817634922,81.99281709414701
1213.6418561241119,371.81235999422563,23.768530827575397,82.46459526579001
1214.472355648815,378.8530174168935,24.071328512979047,81.37390866294686
1214.0587761375832,382.1206132756446,24.397608843769603,81.39561410883589
1214.3713854986975,376.6416973319078,24.07711114915352,80.90624712851162
1214.4852734073604,374.964168918186,23.709313977867744,81.85257702533697
1215.9621131913038,376.17210523630706,23.916208607749937,82.7012936987871
1221.0234227883782,376.55144449614124,24.61966878219236,81.89468439459523
1220.6860896227356,368.26826335804543,24.532208190870403,83.37985274683675
1222.3182941302416,383.0034934661377,25.449505604385916,81.78242986890899
1220.1261047853184,381.94492172980193,25.647905404767446,78.49917174932587
1221.1493050109868,378.25797842621506,25.735144765899665,77.1982489006281
1222.4846638743247,376.5561093224096,25.741084477502284,77.09340284729845
1228.0475799130697,378.98244923731744,26.35146513042,75.25278246763234
1222.1658770563345,380.03516324587264,26.80237465858788,74.98739680319827
1222.864030354252,357.5853452806034,25.805870956153004,76.64370082455709
1223.8764282180919,353.1147893815288,25.18915819050944,79.16389225069706
1222.708500046755,355.1638743416643,25.4127348796338,79.10007844767452
1223.0394711127615,373.7043690998714,24.96341682064946,80.1489145233013
1224.6531397509455,355.84028958216754,24.511731952881455,82.74288395299621
1225.7124847053822,360.566537166681,23.89465029653335,85.61144133523891
1218.863905899847,351.86410250795757,24.012706345103695,86.65750213522966
1216.6431513374275,345.2550625335567,25.555503311739503,86.54304347929497
1221.6653424001986,358.305671323278,26.308870705545303,86.45808413959853
1221.5883174839805,363.9324635966391,26.471857277508217,88.27358948240267
1221.4766767222027,349.1684371325224,26.430514145817007,88.90879153478164
1215.5391866559648,358.71544537917225,26.575697868686056,90.20331340207753
1222.3796910903334,369.2430685768606,26.76284447938016,88.19221449815593
1222.7329263031015,363.16477233545993,26.614118139632517,87.83822596441672
1222.3724995496177,368.93806850548197,26.754315654568913,87.87285997324972
1216.6828514414672,368.31721012091754,26.572257233723903,89.0176118019498
1217.2488880785234,364.2231523785585,26.738339744218553,89.73475713285927
1215.954888858047,360.52913216584557,26.643033160070395,91.67245394942893
1216.0384371272582,367.7107125980378,27.886246770840774,89.73218470186582
1217.6911499778757,364.56757248047023,27.77429631603544,90.672144307881
1218.7008089860453,371.17908565437216,27.92360746916013,92.45622760210595
1217.4339256800126,364.10673124248484,28.790721282573152,91.03052283640308
1216.285318583629,367.16541682326294,29.48856475733784,88.91877453861638
1216.9715220398837,362.77163216228627,28.846166864203706,89.63473245615079
1216.7782728671239,357.2188952740747,28.879156528664026,89.63076542904601
1217.1366650151567,363.2979619982091,28.507628829402325,89.97936968982272
1217.5183544585952,367.230397531506,29.200964572651927,89.72208786807147
1215.0590252386237,364.052512147964,28.75295192723751,91.30647821065588
1215.5429532633113,361.2099378288037,27.972683720207424,92.78969823340651
1215.4102786107962,348.75637754408274,27.757738082381884,95.86510035802416
1217.1067928092687,355.9816987399306,27.7887881499449,95.72479884767604
1215.1884763568728,358.36690612000507,29.11882091321144,94.78958964248928
1215.514938167038,356.84104178002565,29.539859385280693,96.48447008254948
1216.7932109989974,365.816379369421,29.51706044072206,96.9224896669424
1217.8806178297114,365.3518566579422,29.359507330747025,97.2470688900251
1217.5114855175161,366.81907277189555,29.22303844750445,96.11257903634782
1218.2339617297773,361.7349946742296,29.4155467315999,95.52799914006602
1218.6300190221277,365.1383844153939,29.505536662928577,93.53930103667417
1218.3706546703472,367.6772412257836,29.40791334479552,93.33659981366087
1217.9241133787798,367.9562030138498,30.879932922006123,90.66868683285007
1219.5579120292894,373.5870893027759,30.635859905349747,90.62217285332548
1220.904324320323,369.30562615135653,29.71930821623416,89.97616818692596
1220.0047525253838,363.73040331550095,29.589947935148977,89.74227929442813
1214.4672496731205,355.9955629018993,29.552704265285854,90.1040337529181
1221.1082126322137,357.2893951199286,29.447110820854178,90.28124806670692
1220.4507441048695,352.851181150136,30.94432384135252,88.08629634473206
1220.178776818776,367.1400456721285,30.280851415858816,89.17289301485837
1221.793163893322,375.54050316008994,29.798581096723108,90.66674541869621
1221.746497306959,368.16176527524385,29.45867734265459,90.61836925204801
1222.0166900934908,366.01753153156494,29.33747702058873,89.89432310186312
1222.2454512926795,367.1413149867279,29.10119010609587,88.62707366494885
1223.5882363630483,362.12105074849717,28.984993811412597,88.91285951903481
1224.919275896898,365.82662577079714,28.939957285217123,89.12261058222293
1268.7524248918014,361.40686693371777,30.208969659179747,88.0651479707372
1275.7595449567773,354.9431578396536,30.85517283519706,86.93578152904364
1327.291660079679,405.1975511567098,31.098887840858275,87.51685390372042
1335.120951439077,401.63189554852124,31.41650427214779,87.37594546219955
1360.168280869883,395.94379191889135,31.98560654945211,85.7761519356317
1373.1389487840092,401.9801408787632,32.13553735327955,84.08987426582685
1380.5097293848673,411.47933266928516,31.756981789686023,83.96811193112089
1329.6252293000175,415.7164822253993,32.540615138096456,82.48967148817357
1335.4881619176026,418.2042531217456,34.13419455929852,80.61667662579417
1340.3747792574943,408.23672769615985,34.653806559202735,80.32278079117464
1369.0078651431238,413.0210854748576,33.29035619297283,81.80378504426496
1375.4001100099404,411.9052423505484,32.322138241261335,82.65658149376532
1374.040060986076,410.2115429421557,32.62512799164207,82.4118968945656
1372.2363808422267,405.42839165723245,32.68053472518726,82.49043033751998
1364.8911154113887,410.784733392963,32.83605048066192,82.18550367147886
1351.217644211564,418.73518318592744,33.261129324402894,81.25347615586249
1357.5085297990788,418.6570415252459,33.014234209859126,81.77797676667335
1408.553982647183,407.3992383072606,33.29011165574082,80.1966593745189
1360.5666077185967,416.88458883157404,33.84278051926089,79.41670081856785
1367.0628811384565,411.70659520587355,33.77579367709974,79.5697814613873
1360.3408525005073,415.13598224270953,32.93829482354301,79.88870886095144
1362.7686178035178,411.34224481746065,31.606173107292534,81.45029336110736
1341.4650467550605,416.4051937584016,31.973229602400323,80.55942279245792
1347.978145838787,399.67654098076986,31.491147455149793,81.00301069635417
1342.4914718416935,401.46539866018713,31.521527080806635,80.87670539268017
1334.5913816417726,402.5304659420554,31.428853743770887,80.31010783055338
1264.284677758399,459.7988787836026,30.879892736104193,81.00583372216602
1249.5523153445506,459.6781934914332,31.337465006427852,79.63980424680481
1241.8094854226856,437.35223639804536,31.180211031798507,79.29856200047507
1271.332078755525,453.4530546274654,29.605151471832748,80.82546024012129
1270.9860081304125,462.3001216236379,29.684275580238562,80.73568682822071
1270.7689414445947,414.7490110203594,29.086101684685122,82.45690370128158
1279.9347076169004,382.46991110609224,28.774165439927334,81.94411201370252
1281.6551938153584,385.1347029932577,29.581372001903947,81.03331524193511
1281.7641130400057,380.44258040989,29.016840692483044,81.9481237631627
1281.262452369836,376.4716177200419,29.791775124052947,82.47539441110845
1283.4965324399755,385.8749904271348,30.239800839639308,81.48208741245006
1283.098616410875,389.39706202574143,30.51375703953378,81.44279174178696
1282.8394673016064,381.64411499687793,31.00599462284642,81.73487011042705
1282.7451292493918,384.10344252603414,31.28644358160391,80.11222316216103
1287.7670691416695,382.4248954117421,31.236937118581903,79.81434221488753
1286.1405962075648,386.9212305258399,30.63546661639934,79.97831966888188
1287.1558764003998,380.6807945833813,29.995211392205295,81.15078377029074
1292.5398734073558,368.94189325301375,30.02759999242936,80.85961594152401
1285.6145712063417,368.48185998019545,30.387854624865064,79.50728043904965
1290.9460234875735,369.53424719986543,29.927369343407648,79.9274653255001
1289.5010697299062,369.5288395297359,30.056074046547103,82.05154021966847
1288.8568227372198,374.07883013284896,30.613806623114197,82.02802843482901
1289.8242895757212,368.59722072187054,29.549598995057522,82.68645008423945
1290.5841899841066,370.69275772274386,30.042468218417554,83.70352789981459
1291.7209806761489,372.08253330998093,30.680669099042344,82.86249870657979
1286.045575579255,389.0297590397379,30.777236395796443,82.76444540990767
1285.0239760385987,384.9034062053082,30.219795418591712,84.59383746106076
1285.6820856493712,382.3497389792504,29.61165028991173,85.84483746531565
1284.853237195242,391.7334251851602,29.459743387859728,85.63269805520514
1277.6130549026846,382.83061274081115,29.56184926783563,85.65909473345395
1276.7187693938688,393.16235488714096,30.3327217590846,84.38101121288904
1267.2802475541882,401.38640307680276,30.582779888519063,83.89690790607513
1273.7051951444414,418.5110188577159,31.13116008337868,83.32554804835047
1259.0405195700207,388.3753288609602,30.856087709270724,84.06913797228172
1253.415178871349,382.31218186938094,30.50839569352803,84.8922579365804
1253.023175946902,379.82262847100594,30.683327545878484,85.27815975820221
1246.0235510797152,384.00195931956443,30.951266435830703,84.66771564378796
1246.899137445745,382.20195854579515,31.740925031209393,82.92957956467855
1245.1416776325125,385.78123558432026,32.37310916687546,81.61546737834485
1239.2109159235274,390.1774986964375,32.410827729499054,81.38434347497217
1238.230316858293,390.50454340493894,32.4237557774939,81.3114193120854
1239.461076448707,387.87629484049324,32.44206447752572,81.28433518411029
1232.869809774407,379.9817994415622,32.59891633045877,80.89691530692352
1240.2533045771972,382.3444091285124,32.566721341577484,81.0545275065095
1235.7881725289458,384.9828186757072,32.740371706696266,80.05543935389227
1236.768142292773,378.38018760702846,32.719441845484646,80.05480797470926
1237.640619434008,385.6388112634592,33.35133363807307,78.61213417869347
1252.0312221673603,380.4650403792558,35.82658645383867,75.57732311812082
1258.784323251677,388.76829103806466,35.44489314293255,75.9343914416164
1252.625351484881,395.6126386687783,36.00851843921981,75.33607112678344
1253.4910284885755,391.67315573149625,36.52395698668647,74.63089908478251
1251.6197647141385,391.3047337113037,36.49861124835933,74.6279789116056
1258.0517233128746,386.85719450196507,36.22317404661437,74.62712894740932
1224.1925724839223,402.6477666900717,34.026818111745975,77.64856559536604
1219.019501542879,399.2459691915039,33.971755884640565,77.7872741178923
1225.0164490761629,388.1847761383447,33.80445040242336,77.9444693367594
1217.1839013310632,401.4245380721842,33.652814439680505,78.31788888949063
1224.580186794139,386.76098124869156,33.481400206034024,78.84237688034801
1225.952896861997,397.67106721969543,31.941252148831957,81.63245159666545
1218.3210955942964,391.2579036124258,32.13215132272223,80.85478730272081
1219.1024305057692,394.55583722914287,32.848286278829384,81.24920689637402
1213.9875148442993,393.2550710300539,33.15613579024554,80.53201275494023
1221.195177045531,384.9396776021031,33.10326580215002,80.76410843347371
1224.1590385203476,385.74264229786957,33.47012998783154,80.19135844429204
1221.971092605402,386.15646657076525,33.47229163507506,80.19096717408206
1213.4484214003614,380.67905107038126,33.517531048330184,80.04848047923234
1239.8856371393842,391.28772661206335,33.29506566525503,80.43625673046287
1237.7933357616444,387.1981360234674,33.30565575975485,80.42440835900985
1253.4314758617254,389.96413660788085,33.24905634572548,80.39263273415868
1316.8919752610286,410.60222914282167,32.036805410888434,80.95254919625947
1295.547048722255,457.5936732947579,33.20908799282987,81.27785791387151
1289.298610714438,453.0691578591662,32.96142093290277,82.11697171657339
1290.3613257723669,448.72864681007155,33.1601976461163,83.35339847784864
1312.6340981227033,442.0727592798794,32.23217613880256,83.53147221376999
1312.1748358963741,439.9922756560866,31.821283601180774,82.76880731642774
1315.972339052345,443.353457375818,32.3788441990293,81.72701209519606
1313.1617578664832,445.4611482356384,32.43676556580867,79.24967499511544
1311.5394188485384,448.03752169543316,32.61834636315793,78.1472806489208
1316.3228967231328,459.5346385669704,32.04923721736274,77.73116236910307
1336.2963174987083,457.02380862174306,32.38245929536182,76.96467576373871
1316.3976254452537,466.8660189062158,31.06640574968352,78.04532706368973
1314.5557442426878,469.77178923755673,30.485964606383583,79.10701733515087
1313.813754901286,462.71606342425275,31.192342583563622,78.4226582622959
1298.1962888502326,468.32151061767996,31.189414959718494,79.2387814688253
1298.4502038344579,457.3820642103258,31.051513172439115,80.02490656807959
1299.836676986644,443.73053154488167,30.830930502176336,80.44119783585744
1307.6992231458464,444.4013247003148,30.846533183466406,78.86614156191747
1301.1361182755447,437.83410675872756,31.098273166989806,78.62655210024337
1280.0475706807592,458.43406235965415,31.4774824617853,78.03519955317533
1301.632254641764,442.21213698591777,30.29207755247141,78.35493149571644
1307.8487114128238,450.0547010612329,29.2739083874875,80.09106227147771
1307.5525879635252,445.4921017583493,28.865349312078216,80.71993156968882
1314.4072231627883,457.8010880299629,28.83361397061973,80.8018319970427
1306.2578683092152,430.2442088191974,27.900760109650975,81.85705770372985
1305.6310458928074,409.2912427803215,27.69720477290324,83.32204892454811
1283.628030463713,413.40759556429117,28.15370560179529,82.87069778394644
1283.453728517312,385.3069685478409,28.686188780648123,81.95892996626101
1275.606279365141,366.93141665912844,28.84443738101023,81.6119655063812
1226.9214186613592,377.3021108310664,29.673967138183322,81.40625793337941
1224.3558829105764,381.2036111012532,29.391035267556802,81.81448004162628
1224.5846595431701,364.0943647420057,29.14826532816048,82.1287979554338
1217.9142920048776,351.3886853870879,28.365767563253723,82.98054057640226
1217.8439617170623,350.65889762104086,28.37786442187708,82.96263784273397
1169.4911844036087,339.2236751864099,30.277724468705863,79.22349408894911
1223.2220316572143,361.0164581603828,29.89882415094779,79.96524442518293
1209.3013685973292,357.66891592798976,30.055812654751147,79.17981484043905
1228.0650620737745,361.72784659818916,30.17725993037635,78.47789998365226
1227.8474635277196,359.97096086280965,30.786337286649225,77.16210688303065
1228.5088267699466,361.65689758729815,31.124025736353314,76.60025554976103
1221.9630427481095,364.3326285238787,30.802922690855198,76.89529998610915
1247.785249081188,362.73476953349103,32.05465489164125,75.55221534313583
1246.8477953741285,365.8855262641463,32.202468847584996,75.31712434428874
1237.9165779303084,360.3214864644086,32.25445222765684,75.49727170041687
1243.9710287298374,377.8440298938744,31.799754997190043,76.21948449358486
1241.9930458262563,350.472431191027,32.134625623840776,76.43029511949452
1241.0427528813418,350.6190289460477,32.12652368369852,76.4027865982837
1246.8240606229274,369.9332047590663,32.20174179580311,75.903665471514
1239.8541675084737,357.2943938974614,32.1937188053501,75.84804096364478
1238.3896631226883,365.37551198414377,32.11437505883938,75.92436642052907
1236.6841457782366,356.97550902687317,32.11746769108675,75.91791863023624
1242.6548527342238,360.1151985474405,32.171846168028495,75.7949998742883
1242.9912590814504,361.06877357464685,32.154920540893144,75.61816681645006
1243.2679709953222,366.6395155009825,32.12563283919113,75.55706435721135
1241.9506589339305,360.9381700198223,32.13271470466523,75.54959334748591
1242.2671828273246,356.4898926750408,32.20670323427216,75.48196613702449
1247.8442319336036,338.70818901006385,32.28948532414341,75.35915901995689
1240.5733267575117,323.7478928586869,32.44501180181541,75.06987621589923
1240.9063287360207,319.05193973086136,32.42098998295451,75.14530469597656
1240.5266492014773,311.0078167198991,32.431377589791204,75.14830940015209
1213.7821215257493,318.835110120282,32.17254246883543,75.66401068532375
1213.9353558289376,324.87673171820717,32.35366757288082,74.72475609878747
1214.5320255214767,320.3348092466068,32.3584534309896,74.71798958416348
1214.483359310273,317.03659264069216,32.353402664493856,74.71452541134923
1218.967829677424,317.2185388873419,32.39077620784056,74.47279084192701
1224.0941142228264,311.64296317280355,32.286440530732335,74.72575844837185
1220.7909008507536,307.64135179479655,32.29048890650026,74.80104798829088
1219.7043426481696,308.8274608396787,32.16262331322453,74.95353268592588
1219.9618146410476,300.9886294669879,32.16234093759518,74.95599020059454
1218.071095185433,302.41425985456897,32.162546299706044,74.95607162666539
1217.6787330704449,300.6016591197444,32.14710022729143,74.80085827659707
1216.529232689154,296.5636313552112,32.14741186290482,74.8058660227655
1215.7640519276054,298.3268275018114,32.19270780658774,74.87395591302148
1215.6603839811064,296.5349820122668,32.1348846588961,75.08071093324841
1208.6525496798865,302.7043892563653,31.782405411299322,74.47830658604268
1242.1396357418394,353.9016974582468,31.896604564249365,73.03023101479911
1268.2318910116749,410.9315506061388,31.881256774822436,73.16595928932776
1274.0170607159953,409.6720098275855,31.59900235000699,74.09908308085504
1266.1773491479253,409.0246743827665,32.19079712158423,73.1783060678137
1265.073993932273,411.4088264281947,31.878796701219684,73.64725564288132
1270.1878039918454,409.75202438758777,31.857221732831317,73.56350845914154
1270.6873876004195,412.4258687607337,31.831140038335004,73.59624516603577
1269.842679129341,411.54321316674924,31.82652872216846,73.60413474126504
1269.1897380483172,400.1939204364355,31.78864896328677,73.65395654527627
1269.0680940383322,398.6874529407774,31.657158116488848,73.37389393794442
1263.7089651998256,408.8693109727994,30.512679091536995,73.79974009924231
1263.9585470746479,383.3964444011204,30.33920084299086,72.76820883830337
1256.4154766529355,370.31329910607025,30.545242389845946,72.356788323057
1241.6312553513594,351.0849134053667,30.396748881548003,73.0196373001477
1235.6026050201244,348.52306107529216,29.524483160655855,74.10490745483406
1265.9266384288483,388.99655838939674,29.606930869575425,73.05002555855856
1257.6442586469946,356.75656675444276,30.106022327204034,71.33902982456028
1261.8389201637256,391.6768205600421,30.17367904532881,71.35310595359597
1267.5982297312096,383.1407610679207,30.304344273153497,71.68273035470881
1261.3908530016304,392.50844163463387,29.612464545971825,71.82117712838703
1261.4251115430914,381.512122168276,29.715586115732002,71.53238295563405
1266.8140424910766,379.23668446336166,29.77005873819414,71.38565180189461
1265.0386623995512,393.9220420800167,29.636656066096663,72.58700382932668
1265.6307609363625,390.51339213705137,29.752451315395987,72.2920223927781
1266.1323025862998,388.98722779733424,29.781033459895465,73.45975567807783
1261.0424246746138,385.8259541958377,29.878900130740348,73.83654882986244
1259.2517996767874,373.1330262317152,29.86502874272648,73.83923176921587
1258.3747292314324,362.9603872868892,29.704680364179648,74.51366081243224
1257.8871346421822,375.99731415712876,29.744048605523496,74.92883600261727
1258.520292769085,377.49905778051345,29.10543375342844,76.55518579198065
1270.2118038316148,380.7647078315898,28.316146369579556,76.05467649564451
1257.7345264520904,358.95443537369465,28.085699755337536,76.58400437041924
1257.3493061125282,365.24043507816066,27.671725570875452,77.24237739038128
1256.7478998674455,355.5730318159891,27.436080214399418,78.38637466484647
1252.2636011687307,351.8832266198861,27.36167262220476,79.44098715513599
1257.9780016877005,358.21239658819366,26.89138675150145,80.53203495960973
1257.6419113742363,349.89873892130566,26.492250063328484,80.30282296489455
1250.2165143645198,349.06408463839324,26.39884928906025,80.96931533046306
1258.6146253946722,349.9475519801363,26.608860444087497,82.0028571980328
1259.1615597197017,359.4066317213108,26.390644047656227,82.7224845809181
1259.2037056701026,359.826381743035,26.62315792678822,82.63498945890613
1257.077373334037,357.11327624626966,26.365699822888068,84.02030355988916
1256.9052913158368,359.30907323046154,26.33982582675644,84.70485190260166
1257.8087621979248,352.11710191896054,26.434117258839276,84.96074848983696
1249.129090761364,353.90822064937583,27.11183285840128,84.91960843157898
1249.3979176612934,335.99603542940764,27.78741968201678,84.74798048894705
1249.7446790016147,343.5862912082425,28.134426967728157,84.29052953918745
1250.138167494359,336.1343374872973,28.95746024854341,83.25530429064823
1256.1751423685096,337.24278762497494,29.289451509764064,83.04951050638185
1250.327561274193,332.26113814638416,29.47798280087551,81.95002908331439
1255.9762166333155,334.695844740695,29.55800190898508,81.39484204520532
1256.4990271171541,349.7387917440315,29.685773356354954,81.52066182942586
1254.6710678188033,343.7850001272949,29.755666953438087,80.68008088595822
1254.5634595681936,338.56963593732604,29.315747823096203,81.55189508132555
1255.2953273475516,336.8308371303372,28.849835204729423,82.3629773449615
1255.1002041873337,330.0194010877152,29.268793475571606,81.98799615109175
1256.8065684747364,329.0556535162997,30.41821156443224,79.78191680814395
1255.6127681722446,329.45240628937376,30.594208766324257,79.92857994075632
1255.0849755062018,328.92920056614895,30.56264066365643,80.01354712851607
1249.4720812493351,333.13692743136517,30.51993933974322,80.73500765131851
1254.9345444812288,331.1779058000922,30.27110025541133,81.2125797415316
1250.591947381802,317.5057811460639,30.2074188362844,80.79525335073566
1251.0888246204213,327.2298080331303,30.14994425196732,80.77026094745248
1251.9973985828067,329.63470649462255,30.13862454088795,80.57527687542019
1251.1017894998806,322.18111365185416,30.18649577718993,80.63677660209466
1251.0211788152824,322.75581196090394,30.236105705608566,80.8510783472992
1257.2212442862449,325.32846185684065,30.002986978344488,81.0040883584348
1249.0832304205373,327.11656352690494,30.211528900433397,79.77867170424983
1249.3532009542262,327.91998070814634,29.74212102670353,79.4887181639487
1255.2069359329744,323.5798978363169,29.035229949517095,80.10594331007347
1247.2294031745191,324.3660186121723,29.565503176693895,79.86305914399803
1248.5887924980566,330.01342393876433,29.25344755207956,79.68988297415142
1248.4701884094184,334.8114064348009,29.065184959950813,78.97928823659481
1248.9035731116523,331.86016725092895,28.523574747567892,79.31362514392006
1247.9291516859275,329.539969565922,29.177363401706113,77.52028848115808
1247.0087683628913,328.6854275648926,28.354063017826007,78.54240463348538
1248.0061046955639,327.22638546032675,27.75808129143002,78.51906947959527
1248.7130809014066,332.945454110259,27.38754287644149,78.09758333329526
1243.2699134449283,321.4303244935504,27.352439572234523,78.2545076820688
1248.6257252422993,307.82433497327685,28.082651380935395,77.48186185994508
1242.8128014056597,330.06874401606024,28.223629097243997,76.33124720455409
1246.7672571644343,326.1093478610608,28.65324239811547,74.41946452523406
1240.2774214474152,331.62225358514735,28.73428655096447,72.60759179013472
1240.3582958174943,333.0601316092361,28.354823054078913,73.33204450126506
1239.3285008953526,329.97620784235653,28.194219750703077,73.2447479157615
1233.0980989168147,325.4930704328957,28.58358015003965,73.15990769867238
1233.6544536532542,324.6063749339374,28.676095310377775,73.4534478083368
1234.7220280197223,321.58239972654104,27.71028909529427,74.58611263581874
1233.6977471940054,323.60890144917323,27.7848241859447,73.84685182818859
1226.451821612068,320.8449012559205,28.35911477242668,72.31968597018721
1226.291284892455,322.4821271850783,28.07070747301315,71.70763912590975
1226.5515751739342,316.71889675452405,27.589113078856396,72.80654967116133
1225.8067014335961,322.58208678294136,27.426007547447846,72.06912606574272
1220.8975016309757,319.7929584018566,26.869311785256592,71.32324132553188
1220.897640377732,319.0088548536536,26.54284873747835,72.03525666759671
1215.4128413206165,320.7664300678211,27.333585233667275,71.0431396197702
1222.6984278111306,323.9577808233065,27.56333369276333,68.87024407422291
1216.7029878288795,316.8846799120116,27.651335849648675,68.42685582418085
1210.6085191618008,309.342825099511,27.771664899809487,68.8099180950561
1211.8921014989533,316.13467175774537,27.39161637159212,71.0936669096299
1213.0255297454341,319.8584321215546,27.774891581053573,70.43880546469578
1218.3905752879202,321.3000397972419,27.83129761217014,70.77828331820095
1210.4029201425137,320.5902810413805,27.863882721403446,70.726605847395
1217.5945206217234,322.14627207947365,27.89520774870177,70.44458840896503
1210.5995095577407,318.47890674757906,27.186355403095572,70.68562390902744
1205.4964580373837,310.197938397426,27.3520569850695,71.12159739827399
1211.7622156487582,319.9331450665296,26.07115306755733,73.38185308167323
1211.0969296113115,316.30830713200993,26.19989022538229,73.45369300939788
1211.1575827194204,321.0912981198216,26.24234057342379,73.3238835191261
1204.3436669339042,315.1977954558898,26.887138010545193,72.53955210077386
1210.2648709324856,318.56173600154995,27.04498655177344,73.39100956002115
1210.7430567321312,311.40598596945637,27.209651958860363,73.95864556476012
1211.1827158987492,315.9219841014592,27.84095374281206,74.90847608298104
1210.0563972093194,316.8000452738202,27.62907328986899,75.44762942643038
1209.8095064347679,312.3368139085147,27.91107955098649,75.9160671784037
1209.2283769004232,313.552265696563,28.249282649960715,76.48120323128968
1213.8677290841817,318.8554848543237,28.580489247409314,77.09384965545325
1212.2592065693145,314.2285236288607,28.268865635099885,76.54239891454577
1215.854280813552,317.22467756300284,28.563428316821415,76.35932852642514
1207.8921656686225,313.9338274974235,28.535946952017163,76.2671557098908
1212.0819887285923,312.67499884704796,28.164715100571332,76.7337976335973
1211.918879294107,316.7595364773074,28.322058781906364,76.00420839984238
1211.5660888672937,315.6995627383638,28.433781870335395,75.75259005894296
1205.8961958005823,311.3227863219535,29.374306529148715,74.57801464927084
1212.8683225840268,314.0900500776336,29.41752645011351,74.4997020426958
1213.1748561513905,317.7568404801691,29.422252458181944,73.65849231993064
1217.7921941437367,318.80798096536046,28.844381511941727,74.4291719170224
1218.045463926501,316.3488454750955,28.245130624403203,75.32313135504127
1218.8142581935554,320.2456818316065,28.60980644690803,75.96634733678252
1212.1885414072453,316.5196933045885,28.327066054073956,75.38288585322081
1212.8932187733274,315.7083121126118,28.72267300327573,74.26504622072531
1218.3993985077377,316.05440105260186,29.241949772553028,73.93230664087781
1216.928217296656,318.3596345196133,29.521391481291875,72.46540416951673
1220.295106720347,317.69715231206186,29.543929295744938,72.3853929319249
1214.700323070968,307.23628298847547,29.39097778804536,72.80286484020606
1214.4246368526244,314.89316507854335,29.335665241955553,73.37454053281206
1218.3816949706063,315.7917853294524,29.75893799830151,73.45211919050168
1212.497116051103,312.3078746715619,29.394549961758738,74.18764690047833
1216.5373724783883,319.0105674445362,29.077090047556695,74.26214454849936
1215.6289473929792,314.68825940648253,29.53449536173126,73.66337054129374
1216.780079047798,316.0012016095991,30.00891037583945,72.35352629333232
1216.069522521049,313.4431378219976,30.847947475853694,74.36262872205101
1216.2992277355042,315.6202477863984,30.16732661191038,75.3814618671324
1215.056387503717,310.5417987866502,29.29902891844177,76.96313499022507
1214.793159771318,311.23399988951263,28.830294656887055,77.69506579231263
1214.6566718366507,312.61960462874777,28.150707001975256,79.24983220877034
1213.7261904668644,311.70965564006167,28.150647507585017,80.18954267469854
1214.1397335729425,307.2565312617119,27.636308952727422,79.6439424476333
1212.5793755344134,304.6388334079664,27.62056591761858,79.63754690680285
1211.941147764093,305.3921041165397,27.608180210700443,79.12715824825459
1217.4297353627803,318.76111540566455,28.123519623616854,77.07502586775871
1217.6129775300687,316.6524163915166,29.021559748878452,74.89578359530385
1216.066214958601,310.4064818009684,28.85930800964244,73.64274253622702
1214.589828415185,304.5359906387716,29.27073335439399,72.80810611672416
1212.5414619186718,309.0934759380297,29.739536898338805,72.10500265993156
