1205.5,375.5,80,229
1201.409091974146,379.7994419599627,79.70532460044487,227.75334901311908
1201.9321998187907,381.93374909205824,79.86202326834058,227.53726932915865
1200.9968817465995,382.33406979502803,82.15057383308941,226.32351888891924
1200.1013379465455,386.24809030129404,82.37294037721284,223.42313929530195
1199.4982242258743,381.3054490695292,83.84530214024448,221.32011475962517
1201.0097995324072,385.35541698477823,84.83477912880232,218.25104984358634
1201.7113616658535,384.76613293970627,85.38302319381916,217.99945609996718
1204.502295280397,383.57556942507455,86.36606637656688,217.0850752213631
1205.4634530738897,387.12189937566984,85.59133653920773,217.18171442677038
1204.9685081211353,383.9398911687199,86.4639561389635,216.47876383017228
1208.7250611925747,384.3212901297441,85.14908836888756,212.99810568626108
1210.1956784697745,386.3643957263759,83.75188185823498,211.21152251233036
1213.816513329282,386.2963937910388,82.88068266305402,212.13266820868057
1213.4339473013088,384.73632957663983,82.77551013449715,210.09098719305092
1215.9984648694085,387.98455370532486,81.4970585516119,208.17149616148055
1218.8700831715648,388.8314781962134,81.33763036938798,208.4380936566397
1217.834991478716,384.3426155070181,81.31806394200619,208.0384749035607
1219.0327745520385,385.74947962772825,81.3278253538785,205.50858213281677
1220.0412844872385,392.5321649707506,82.5419098574101,205.86647499657664
1219.7383222083552,392.14984435710784,81.3869540641102,204.38910086207633
1220.4257798124463,389.53398547669167,80.7506578258454,204.1357188304282
1223.5852695690896,394.5915383353856,78.97595264269792,206.29809896051353
1223.2285120349518,389.68641239344817,77.89052752924135,204.21641835690062
1222.3332153851552,391.07415165246624,76.00932045384975,203.42680745837887
1224.7583991214722,391.554340311954,75.14876225588942,203.264270019393
1224.488736387268,385.07882239115474,74.86616512402833,204.10384517526154
1223.2512108628307,384.07715123256185,75.7059204241925,205.17292634923982
1223.4259305115477,382.88682445981243,76.06371890685264,207.79265606208364
1223.4411131967847,379.6917193023511,75.94885389412536,207.06319598592364
1224.1691480429968,379.6509640459029,75.10727739294357,206.63989574833545
1223.1376633271404,378.9564812213435,75.88830898705552,208.96094875926693
1222.14725240149,377.85400617014403,76.63931034847289,209.18899840332998
1225.0913966528997,380.9370916425438,76.42289303095659,208.47837431445697
1222.92741736569,384.34982834410374,76.97493717475741,210.40012667275062
1226.572856155426,379.5084654267088,76.415433859049,210.11876978964497
1226.308079053338,382.60910396983957,75.90153031671933,207.93101246733005
1228.1902112052212,383.81985585602735,74.80096087150363,209.31751116687826
1228.9711422316375,383.34682183298673,74.7368223980781,208.998398267563
1229.0481406710137,381.0727259750066,74.16031888890504,206.0410786996488
1232.7105722953777,386.29187275256595,73.62852643332883,206.2841921193226
1233.1323971218098,383.5055760526688,74.02947445388077,205.8157656025825
1232.534199044453,383.3766980725597,74.55202770164203,202.84225291846778
1234.3184551722134,382.7642438452667,73.31008357279995,200.86818509474875
1235.242688277455,376.36534313169284,73.8703903077207,200.31971786802683
1238.963303707461,373.56714206972714,73.69300632194617,198.34452718418842
1238.779163032274,373.4300134255096,74.5685827443985,198.9688163551479
1237.9534151554562,378.0929267941457,74.389705091624,200.66568134456043
1236.4799615676604,382.8023443976025,73.25815014334482,200.9139842373172
1231.810106249511,375.7332037839667,72.01709124076447,198.61649924449603
1214.7452372181194,379.39173175227756,71.53201073054943,199.3834763202645
1196.9321020680486,378.85298115956,72.28656548503642,197.33685536290787
1178.3956417038298,375.46418460703376,72.36583386972394,195.10044089960087
1147.0991640355053,384.45954362431837,73.56934294782816,193.3662192944751
1127.145094198998,370.5671963568692,73.85611421263962,189.8216768451205
1099.9972336978108,372.6857652802009,72.98872257463346,187.63334804997078
1075.8787228910503,369.65081409336756,73.61254304679687,186.01846124288176
1052.3352576270943,359.5198159043153,74.35415954882981,183.18096840895024
1031.3690031319402,364.22880415529545,72.30586409577893,179.44283867060076
1020.5404904630727,370.67101589024094,72.70788264335258,178.1089332365985
1001.6337475930382,373.6852005706922,71.86593854333387,175.97799191143204
993.9561246404993,374.3741964557553,71.17571707170255,173.38435244385704
985.3953883930553,372.870548570609,70.55531868646352,173.35226933269524
978.2278183973892,373.50106254747703,70.09120044567912,173.25160004633275
976.2312152045339,373.6393860110125,68.28029392016546,172.79856639037905
973.5896475363717,376.44383735571125,67.71884860616017,173.9764564561085
973.4329604723715,370.11514635401437,67.48351751393805,172.53970794345003
970.5305344888886,371.25528267207426,67.32349282913994,172.18599010641012
968.283438328645,371.8192151528741,67.20455744119198,172.54800213036035
967.6657159755896,371.4312750892892,67.21853989754705,174.53530267436216
965.6139509604009,369.2815540787791,67.25079612421371,175.3597822224667
963.2588058918776,370.36309630540546,66.40017651318261,176.25942641263137
961.710308823861,370.87992893290976,65.89691420619225,177.39260624085946
953.5523302050266,367.84979425607537,65.88914860450564,173.35819862309262
945.0808531491749,370.90666340441305,65.70021909499313,171.2418668091139
926.8918930105092,370.65826615307947,64.78583056495143,170.66826262346467
919.0334250544929,374.1035307145529,64.95256982934015,169.74540966323758
903.2635747615884,370.58814020707854,65.60492224010032,170.9042457738589
898.18941833557,364.17399872155056,66.40529560086497,171.20874792216085
892.9323681145061,358.6656144808468,65.42440664785134,170.13147362555333
888.9540081501956,366.75645748139516,63.295577221919025,167.95216227350437
881.4968757235911,367.6749714784267,63.57660328270865,166.28383238167714
876.2190136120985,368.5383482157883,63.58435196553282,166.2180345744497
874.8347214142964,368.10576683177163,62.699153516593405,165.4905444255747
874.5222484150391,369.2475052414604,62.56670001569156,163.93508231376254
870.8616598811386,370.5649414389527,62.67393503255869,164.61098734454396
870.2689205819914,373.3413669419543,62.2549872468809,166.0409511273591
869.617399814142,372.3432142397503,63.038973594877675,166.99829738622105
867.2560653755114,374.8472318569822,63.43038846670679,168.3273960361872
868.6942811776162,372.641566336943,63.815520402002136,169.01551984092924
867.5608545757077,371.6845155471095,63.33767555818113,170.27689536640463
866.4538143690775,381.48549045404087,63.71685511542374,171.17967959184864
866.2204328680167,384.0054982585956,64.16723080580338,171.55658798252554
865.6237170331361,385.3164705932155,64.94300304386869,171.79768733679956
864.99997086953,385.96599435053486,64.45820903704322,171.66157507911882
864.8096918814044,391.9568117428372,63.58436568711483,172.8635102026563
863.539260220059,392.35126304184666,63.703095087228746,172.7212753831293
862.8563315808135,395.74904059648657,64.20219252904603,174.44886499583433
862.9588815963598,396.71994468903495,64.47429455579189,173.63889131772618
864.4464519844583,402.7022589270026,64.0561165080951,176.31419261321406
864.1837213966769,409.9533254535979,64.86201405045458,177.43194405099032
863.1466024244139,416.8830093728427,65.60660028160925,181.61482589206616
862.8690781186225,431.4508497376163,64.81107404215604,182.94690906327583
863.3972811944857,444.05916995910724,65.28128267562401,180.81951537017187
864.1050840890001,448.10701296158925,63.97507780716511,178.07307777447915
863.2192052953063,452.8293706410632,63.73793141429755,174.98276209662248
863.7020554484368,457.7054881411045,63.111184305038904,177.49650018766528
863.3340514245282,465.2021466987298,62.62776858195158,178.5429379399685
864.985751396534,463.73140274640275,63.183594864746524,178.04765016026585
864.5718229406721,465.81849298168794,62.20548921390953,177.8473094495222
864.4564180204399,471.14324803656723,61.6587960407631,176.40288986252972
864.2742970098467,476.19727047634433,62.377525272461625,175.57960641180847
864.7947114458124,479.57810724876083,61.75984235037063,172.58490731613318
867.2803783327722,481.41134929074565,61.15133444696496,168.17534732493323
866.5354331250926,491.4557775106478,61.974645198570784,168.64265658031934
866.5187226647888,489.3681138184629,60.45985537908872,165.45024857879434
866.4569226419173,489.5616445178122,59.87538794808232,162.58417516761403
869.8744359489126,490.72861418442176,59.35245125413587,162.59246305493028
868.7236901782659,489.6468303447624,60.07268318716055,163.4294753629644
866.7274967541439,494.57078232899846,60.46992624039102,165.58565407424095
867.9596643093641,494.1985724226273,60.48164532153983,164.3513464270756
868.7901796368119,500.20819461062365,59.35972043961636,162.8073046115078
869.199524607091,505.1336893498378,58.3999445018345,160.97355279634846
868.628111597592,504.0017913363379,58.29989506402241,160.26232531527648
868.1821056570936,504.4834965447677,57.567371026783235,161.04803477623207
868.4064867916074,504.6486180154752,58.2810552566266,161.26961849068178
868.3446837335048,504.1045532173948,58.398313791553505,161.97998660365016
866.0052852538963,506.4757781408508,57.67726801166505,163.05763706420265
864.179473655781,507.50343978320836,57.66681878777561,161.2974377142334
865.7630924586106,506.8242033179598,57.22483762514,162.72569729020262
864.1004556934515,507.432989853383,57.21867762083603,160.75797103541908
862.8949786828116,506.93350884028445,56.55119121433564,159.3504415435956
861.9310339966661,511.16030607819505,57.1452436735179,158.77888566106662
860.9564119411472,507.80417953398535,56.21016084974118,156.848539643651
859.5472864528133,507.2982129014757,56.37614437035436,156.8165339142626
859.4240719898994,510.34944289395224,54.99956683313117,154.85727528047542
861.5650624502236,507.0139810695604,55.55265986038918,155.43765804333384
862.0325085712769,504.064070701015,55.01592116175495,156.39081921545272
861.0191829196191,507.1020421468726,55.48920938027746,154.35638166049898
861.077480353678,508.04345618937305,55.329264631434725,154.76417509458673
859.4737560911445,508.9951194786302,56.30978682974977,154.33502957209507
861.4699730453178,510.9501827888166,54.99976316157656,152.18704179525872
860.5884090492044,510.2426307839171,54.593687633982135,151.47070993393345
863.1882017984077,506.0372638354204,54.78242830363599,150.98575291295808
861.367305050894,509.185993179329,54.62593893695387,149.2293537191595
859.5357116118504,514.604082542794,54.96836914122818,146.7419594389458
854.2914825658978,511.7132504962891,55.737676689920335,146.62302023758303
841.845015157267,514.0709911361457,55.174882976298356,147.03802020100323
835.730791154962,517.3306466348567,54.613561808239545,145.10138942895367
824.8775969467096,517.4080641720273,53.607683302747624,145.22417538542
812.8645642430902,527.1844174066539,53.4851586220956,142.8536607649217
802.7232215437531,516.5540345368383,53.988884746477986,142.96801842349814
799.7825753360137,513.2659196408017,53.16818512704455,144.1477390450392
787.1787087865827,514.9756792440124,52.80300219502277,143.6714485602363
784.3923820415959,525.3184649058519,53.13867047839238,142.37975808067347
783.8280181616701,521.8737727156499,51.570526957573634,139.8624499561947
784.0021390295638,523.0691790232817,51.25714462202908,139.26896879330087
781.4093414508703,522.434353856421,51.48516588872978,138.29730137799882
777.3331397935714,524.1001644677141,51.519147648762285,136.88743058170508
777.0472508123986,520.0908425559829,51.06746176585496,138.08330237910542
777.9010401765046,520.0141011010624,50.96248718841494,138.49070155252687
776.5531551389694,520.4927862630691,51.021649378124636,140.5085621607492
777.0831928701474,521.571928599628,50.2602561285983,140.88267213522957
775.5256747269988,519.5048086178424,49.99265658306257,142.75456320849617
777.7555041930401,524.2557281877547,50.41404299247163,143.25373591712136
775.8241004055883,519.7620997105962,51.35300861409759,140.6068433200467
775.1574428994244,520.7459505801073,51.228288634207516,140.38881590124527
774.729667404341,519.3905385743052,50.56696209236899,138.4798999035417
773.3287833144968,519.6359786108214,51.90421172499923,137.76865277139757
772.8995777608509,522.4460824356896,50.64707732104539,140.1101808470641
773.265151692784,520.5604091740412,50.82315846346947,137.73934502020234
773.2486009464518,520.4127989887836,51.53923262573538,138.31893655813872
772.8076101719246,520.7620913922214,51.75581682876998,138.67409380238786
773.6830609553847,519.3587498395327,52.62313916741334,139.8666168468827
774.3061903629895,515.7069626584826,51.89369917363388,141.04114524569547
772.9863209228155,517.4663702016867,52.6663931282922,141.43079745207294
772.9797275878088,518.3738551641499,51.15320426615509,143.93311449537777
773.0146604578295,517.2401995937265,50.52559211574408,143.8570850009248
772.2149857151602,522.1802862168364,51.526128961369274,145.5670931054131
771.9734199408709,516.3563184603922,51.31485924575707,146.01616558882148
771.1533271189827,518.1151455053746,51.05202128895531,147.28421801893717
770.2184686048855,516.3675661772635,50.973820617335825,146.37730424550253
769.011761139818,516.49401389988,51.16467180387956,146.25947381940028
766.854051406219,514.3423200002657,50.623843369161015,147.0905384393838
767.6130578283726,515.6646488586405,49.48784125297474,147.16568334066085
767.936276955298,515.5128950537272,48.81565691623676,146.6718885255798
765.196785398727,517.9857040429707,49.70161815971935,147.44667183417158
763.5604841390813,516.6648355865129,49.624625132288436,146.2491815475327
766.3648728463158,522.4654465147968,49.41916564613358,148.2654323395857
767.2664228799325,515.7163707257278,48.33148206993174,149.9093425465689
767.4816477641114,515.6218023210366,47.39996573606046,151.45857747950163
767.3943672104776,512.8978661799675,46.17526882578786,152.3712210323917
765.5692395472768,516.3474502673806,46.48566395130784,150.3742430660006
765.9436536297942,515.4597207656899,46.28533781426126,150.65881395063826
774.7114990910718,518.0159792399654,46.440776576154306,149.82570068861054
771.7759556800872,522.3332018907324,46.73309085326274,148.96407109142217
770.1648024774103,517.5823963935316,46.02308858475797,148.71860986597534
771.790366295141,521.3587626621165,46.27240536152801,149.4825267657561
771.0817678459955,520.8955382330971,46.3257983962936,149.70207222575797
770.9122309968825,519.8788151476567,46.45437449169912,149.53613108470324
770.862587742522,519.4458837519182,46.40489872961177,149.74570936509107
768.3435855672611,520.5566331473409,46.84468893065846,147.433188395715
771.1005165070774,518.0317045583961,46.68136244378741,148.38067531145856
767.132498844792,519.9201518994414,46.2878899405991,146.67438948366183
771.1316653557162,522.7467231705588,46.43871635020825,145.97846701894176
771.5813922792007,523.7618734094846,46.61279627666166,143.12791722201356
770.9229815225932,528.8122993699161,46.29088917125471,140.1854753734771
769.8598713106646,530.7182641150687,46.580210672191704,138.1030530910424
771.0417257021373,530.1822918380612,46.233685669916525,136.70457776132923
772.9651611545596,527.4460964249132,46.10644739065166,137.27253533719818
773.4751045204545,533.5661881199786,45.51328750674903,138.81368968510452
775.5283810308365,536.1849500385207,44.95628287351235,137.6225659182107
775.9630353481782,534.2843437465065,44.43752396650742,137.48631331135167
775.2253440106354,530.1470761574346,43.924509520163646,137.31253954479317
772.6517720931714,514.5966000501069,43.76381253096432,137.63592675700735
774.0857840263742,514.5603563519866,43.49312161896552,139.52827377715695
773.0450373320567,530.7051445821862,43.32756734486547,139.5979960228124
773.8677154862518,527.3524473806159,43.13044988611522,139.8370904152718
775.1234401845923,531.4368442729085,43.395216042717855,141.783477599925
772.4686719864029,530.3484110861709,42.76329898221797,143.75312660789677
772.2821848689067,537.0397508625971,43.24185368121577,143.846420184317
772.2771055595223,532.9003149076021,43.39138634750243,143.18141582782738
773.5837817512488,535.2732331483693,43.570751659285655,143.72489552366116
772.4525123954428,537.2990092720675,44.05520251651229,143.23751292157428
773.035375053419,538.9856813215837,44.19369704251707,145.63233488775793
775.5848213595309,531.645373557294,45.060329103754974,142.82350377632264
774.4121800831557,527.5100529470124,44.71069683869551,143.19276874947988
775.9918633377188,532.374236862384,44.9345505253395,143.98201432968625
775.581128880791,530.4444490216725,44.91144057700482,145.1766808867348
774.5556587423388,530.9207592156379,45.195820418614154,146.8923027149143
774.9894696488586,533.0685546236914,45.920819455183924,147.29873492813476
776.5200923314632,534.1080717485304,46.367903481454235,144.9791465543398
777.4079510622489,533.2970162142365,46.29227523611504,146.34028065273202
776.3056853337101,529.6463528419883,46.11310679924114,147.26279174628817
775.7500548953152,535.8154707690873,46.51684230352599,144.4345246497199
778.5351376403518,536.9691464789366,46.12370880731877,144.33929519352216
779.3558081415368,534.4772692530349,46.07081823677221,142.58489428033516
781.0882015465304,535.9361694394285,46.01971841752306,142.20260611648678
782.1356698134089,534.6490509315817,45.974055613090414,143.26065141121794
779.8103395561179,536.1965837879977,46.40837797001862,147.02591151167917
779.5041853488299,535.8002062338512,47.738490756905286,148.08206714482688
779.0993594884475,534.8393664277526,48.40070533732459,146.9702394099172
779.8514350756889,534.1671902156801,48.36601846490466,145.64733357142785
782.6842161497378,527.6031313969163,50.35982769284444,144.1337666767899
785.5644372534306,532.2165823233429,51.10323070030268,146.42162484133172
784.5649141627998,533.5322261052885,51.84824188553157,146.2513224611564
786.6628231338794,532.7058236254821,51.37966355213692,146.11227423130077
787.8793474678706,531.2580097332063,53.46591486813277,145.72393762032925
787.7395401001369,530.2690929067505,53.66891135686609,146.09813798867214
791.6612194290941,532.9263639102246,54.690611597877506,144.95808691037377
791.7953958652704,530.451936680729,53.53348844325648,146.39536543209385
792.6712749879118,528.2573054585308,54.161243700094396,144.7042755701243
795.0668968519943,528.4176117695635,53.224133577886434,144.45547340963986
796.8555660110117,531.1851842712563,52.201495396036535,143.28119829074515
799.4459361668639,530.1633770164399,52.103161605175615,143.1130587167445
796.7515890232959,545.4895262271872,54.617884430061864,141.0905706285019
798.577354491841,520.9332882824125,56.48599966072673,136.77992411204528
799.580816695394,524.1631345128349,55.473152220860094,137.5962817419904
803.5772682191948,526.4635369507971,55.402974373911505,134.27578415900427
806.1878075833912,531.8902384370045,55.08807030524773,135.80514123450192
808.8985801562651,537.921602265772,54.148711476943866,136.48664575470139
810.9313414714212,535.1690531414528,53.792180374189044,135.47760530476185
812.3560369187121,527.0848250792167,54.24034921776634,134.7769589512068
812.155619160885,530.3351875307088,54.26164646556977,134.32920922598746
813.2453634285495,530.068080880295,55.005705913410345,135.8948599238181
817.4704037067452,534.7810563520673,55.44639817653787,133.7052928952212
820.2276808834682,535.8216989970417,56.13193756927708,132.85372438307382
822.4794586563453,535.2796966401877,56.0845378005007,133.7796993914959
823.8869344997925,534.5980864680272,55.691818026219124,134.39785279503238
827.0644997328774,530.340539320105,55.096042628256065,135.00687590481115
828.0517044880734,531.5206264546779,55.44808227367152,133.1386184113687
837.1289376611224,529.9105691318592,52.90373193251721,136.27274009488414
838.2566041964874,534.4906047271303,54.81397675027629,134.51077881721432
840.0971104323544,525.9741853747687,55.083503629051926,132.51298931759163
842.9612610807684,526.9077721581309,55.27955497809779,132.05637099435955
844.8495094975478,522.8244922902074,54.77371878334806,132.3341496594972
847.0224939343041,531.4513820141801,53.74597696252442,132.4456923245889
849.2571796868594,524.9072941256853,52.111745447266514,130.27146938179095
849.7991446065046,521.8093849767287,51.23591424305379,128.6257201633773
851.7345424309016,522.0903199862817,51.195488066763446,128.42907683027204
860.7296399128405,522.3142890984468,50.75877897324674,128.5583504627838
861.1196396935926,517.3032143824869,49.229733741710064,129.02878976591956
862.085522635574,517.5113049567525,47.928896195321435,128.90279529079115
863.3624762784069,515.2398522865997,47.574739571505404,128.13470409865664
864.7930175021268,514.1942568714582,47.35649202587542,130.0527096102312
867.3587738515124,514.5751370090252,46.843555376908846,130.63461362361807
867.2903591270673,512.5746301675744,46.74939078006474,130.91725567680464
870.8457150062894,511.68012671844286,46.88066481950247,130.83043192473804
871.1478811688222,513.7766043026097,47.52684127968479,130.92306454403248
873.0392415525191,503.6570263496322,50.506424818321264,128.57492301041236
874.8743668515734,508.3079655895291,50.605137318738464,128.60903925107755
876.635259332133,504.3876108542675,51.886710435622234,126.90640708494296
875.872521675489,501.12851706847516,51.92247529873796,126.74285103470157
875.390274701442,500.779651041486,52.362818338838736,126.05025253562509
875.8629723066094,501.8193596461652,53.876749872583225,122.27978992278607
880.5755802743922,507.97108193374055,54.368556642095854,122.11691884922232
890.8451279163918,509.1107768941822,53.31625296881442,121.74567399841503
893.2855936665138,509.01065673182416,53.34152664587769,122.56546735266829
892.9868873091572,514.6798130214527,52.559968737574465,124.12803749435848
894.266785515491,504.20953514955505,52.571222491990426,126.63358423546825
896.1398065392772,510.79559504923526,52.48491016358017,129.8217988324701
895.0233363902147,510.0723813129342,53.20263971398651,129.75713924509756
895.5142578765888,504.6640858619518,53.131017185440555,130.50432459133734
896.4629401064352,499.5884536110392,54.26634992652289,128.6457967652816
896.1732607030973,500.2306337809843,55.228483354447036,128.34563791627045
898.3261951380235,494.64763732283876,54.84185686664415,128.2767427557793
901.9335055563284,499.96549300491256,55.36359801047261,129.2212106061093
904.9388383290722,496.4560885482502,54.841776859668954,128.79487534295083
907.6608099440706,498.7391667694249,54.23046187979406,127.58145012847618
909.2462045289533,493.0405232477319,53.26996957930659,127.64996653434994
911.1051543799857,496.36416424783675,52.38013551101558,125.36151975447713
914.0274300203977,495.06499838614747,52.46808793044802,125.39844033550654
916.6885485680267,488.84985167726074,52.428827462539914,127.4702838173668
918.9909603766175,489.8330060464789,50.344309717321735,128.2811032985351
920.6584788147101,493.042854753579,49.133494404475876,130.22236970574605
917.8877798515074,483.54091206213843,49.57430925440406,129.56934133130284
919.5507446154301,487.895625769857,49.74869038596747,128.14116439270282
929.9419397688724,484.8446415919616,47.77538020298411,129.96462360847903
928.5974591412926,491.03103326543146,46.25295716172648,130.37849759491334
924.2561394968885,490.3375175784659,47.133107646671114,129.91434734252462
925.0501101622378,488.364309981265,46.19846475356785,131.16930550376895
929.8613896082514,486.2048035395388,46.44561296908448,130.8836969768516
930.2541820713718,488.1221228982497,46.112625184109646,129.051530660095
932.0184368131656,490.6891937740947,46.402603344717555,128.49710940553643
930.0705900676044,490.9253447561209,46.91932716649799,129.08705650592947
932.7503021463453,492.7608878689626,47.405931813795085,129.80375571496904
932.8763964697807,488.16378434567827,47.360094327927584,129.3509672171041
942.6733548665541,486.9472595561041,46.65385949544047,129.7328242742035
940.1867370087213,476.51951346615846,46.901304710465084,130.21007396141897
940.0424818254808,488.99293384656374,46.216881367324774,130.61202241569632
939.6829185218247,484.941747719025,46.72100074399731,129.44703398351788
940.2515619945733,480.16703329705194,48.66951706884012,128.03514290406312
942.6437917258482,486.42210595561215,49.23597113091807,128.28344237301454
940.7386624565862,487.38008002663486,49.86315471827026,130.48545468400252
942.8537859344027,493.36877298116104,50.118688001742434,132.33137104393208
944.9174268437896,493.3455647966398,50.34956858607518,133.11864584860547
947.0086865143038,494.4893938753915,49.289400653051715,132.38289618414402
947.0047536514993,495.0425776746588,47.712818160314995,132.07700090473548
949.0045294739343,493.06720169689345,46.71412839860847,132.39201162644048
949.7369446574531,497.1288161445019,46.444573338272434,132.91751968495902
950.7621899716113,493.5123030749428,47.053707286524826,135.24958108713875
953.2796369896814,495.65630003066195,47.336168883166394,134.77280567583776
956.0101595441629,490.7527254550064,47.18782213846138,136.7897431495976
954.4479324250548,500.25550087820875,47.230853094054375,136.38528178073196
955.1900783065911,502.8094476945448,46.93902842444926,137.93716197465898
963.8084166613568,489.4221799953986,45.77859988386335,139.28146437124232
965.3474755000569,488.9810506710403,44.831693487285776,140.89329483926446
966.0313151877165,496.803444968505,44.81826919218966,141.70733612409578
966.8713944382262,498.72736415172074,44.93391626463387,141.2913419921308
968.9339053754283,498.4697848784084,44.639641994599714,140.99549214499103
970.1814812421926,502.212521856702,44.118333120339344,141.06067593757982
971.2069400800964,502.72796264556587,43.300152747311834,139.93498797183156
969.6929939092868,501.4245105594709,43.81044860570035,139.60599765473322
970.7181808271995,506.97617477116864,44.666647350212486,139.62495221321024
978.6213265571891,503.67052913822454,44.96797803683968,139.860388986911
976.9343234394263,499.3281454719685,44.47784519231778,141.754770596309
976.8616220953683,502.1739189672724,44.11313368747116,144.17444968754933
981.3353488002115,496.45167472087024,44.83306156440574,147.1643740858102
978.514117663266,492.97437097338565,43.9178975908909,151.39535735134828
981.3155687477605,497.281520238358,42.854578628078634,153.0143981310959
982.4860453428688,497.8152146408406,43.937878424769956,152.63199329486542
982.6234697522425,481.5633968196079,44.33761095491847,154.6542942510516
983.9017753785846,510.246007373913,45.27519611718194,155.10603633824218
983.4196654287689,500.9373114777884,45.236422552343434,153.61776483093087
986.9205797468954,502.1752416486298,45.159599352033844,153.7579671303918
986.3962128601479,494.34434342529306,45.11601280253842,153.97954655893787
990.358195752227,488.2741280769312,45.04507102427027,154.416959067185
991.8191439173542,507.66492890282404,45.05722620768781,154.56099370690322
990.6581888529431,495.71257877125515,45.73343397444937,151.31233360321968
992.6414478293882,501.0904043289635,46.0990927068923,150.40732469208774
994.6216722202699,497.3155851348939,45.88212794536201,151.0642070949669
995.1859962527368,500.07857077609805,45.31893174085624,154.9226991228003
993.8720691960553,493.642171877881,44.779838250993386,155.47429273374848
994.6226660520008,499.8495022931582,46.38807509063146,157.6254506898152
995.9404372623986,500.25988470338746,46.47007150345404,160.18691472067508
996.8104950023132,501.04846377616286,47.06549584143482,160.50804315616364
998.8442305886364,506.5604300065821,47.503937449550186,161.5556858601201
997.3940713357578,507.50332177314,48.218907921402476,159.32835510605906
997.4650494062093,510.9613876373447,49.256268658818115,160.5279498485968
998.2303071023259,511.2694490144468,48.88399370409245,160.47672183020575
1007.6277297571719,512.6884995034927,48.90262686424924,163.46165180075292
1005.4972398733174,505.5642758763384,49.303343999588165,167.13526232410447
1004.3821484828375,515.7204160117501,49.89726281398764,167.53373644781223
1004.4178475349092,526.248435571473,49.72030920528365,163.46050067309312
1003.8076016541528,523.0525462796427,50.9606088177387,164.80375153916344
1002.0720069799203,534.7677082227005,52.912602847981574,162.98247268173407
1011.4965004539606,526.8941851462231,52.43125734887565,162.95306772384922
1010.3714725550986,536.3678544020447,51.67610632325042,165.7320552009756
1008.2890891023293,533.1283854215533,50.87663315463148,167.44783817843802
1007.2765949539888,537.8943651973558,52.599008610182985,165.38749632550235
1016.4460922077686,536.9576549348192,52.25453238265285,165.1443661666004
1013.8585508960984,538.1575799309979,52.166366085552525,165.99707607452652
1012.8280484422323,553.7268616120056,52.40437986054842,165.57467634776526
1013.27962248273,550.8042160917561,51.95705928394946,165.64725468074468
1014.1111360920356,547.102248106183,51.313498703903484,163.53326538943975
1014.305535294324,553.4665386938145,52.87702540499376,161.56998115021182
1026.2960930393087,531.9230629776646,52.911956439072064,165.19969152416212
1026.1797632623684,527.0697734100165,56.71267138426452,164.67614809323493
1021.5313393411932,530.9148509145072,58.75245631462757,165.5840813487191
1020.1620419474623,535.8405260657448,57.699084902214395,167.1122438331089
1018.2578544097106,541.1014279796067,59.46407137260013,166.01076814564408
1031.1720613293226,517.7121962323629,58.89362643596413,168.76851783397927
1032.280895170799,519.6973411537687,58.76147711314901,169.41934462935131
1033.3570983105094,509.6519433577657,58.74484711508516,170.12870101237294
1016.7504795719892,549.1868530683312,60.16319704940088,166.93018133489437
1029.464470694723,518.0151412356669,59.52372035813243,168.9301258437288
1028.6214850686529,525.0388001381657,59.273078527387,170.92790348245663
1030.2877787407324,539.2028716985495,59.37336777014203,170.6938250742134
1029.8637840512959,525.4104212364875,59.17287365807117,175.53200282328862
1028.4245805893586,519.2806841338524,58.512320601934924,179.71203881902505
1028.2570519034716,519.4170788964826,57.822303610953746,182.13209511514538
1040.2489802866326,509.4164014328842,58.13022350173668,185.7029347530356
1038.2981844223098,514.0627209262688,58.13790053082766,185.9098217901312
1035.2814737955487,512.377878739386,58.136271392199,185.938451724352
1015.6224809607578,513.4434908025785,59.63240723878265,185.82237623764607
1011.4086715219253,507.73306298834365,60.1676248980334,189.79960736965575
1005.3256774729788,525.5321660209726,61.71974618989605,187.76995522895854
1002.3471985496227,512.5814484239634,61.85011349858341,187.8128069726595
997.9615436332541,511.4695687439485,61.940135565817585,188.45770020853607
998.4213163104024,506.8924473390363,62.16435327685919,190.9613959907725
996.8538374506091,544.9964048740136,61.52646358242903,188.7916355228687
995.1796287458913,529.1041479566359,61.98229786007451,188.29306448823957
996.074905043521,507.70071667315176,62.040634615706324,190.28229628738544
994.065067215077,506.32142558137116,61.86383381309106,193.04017236481334
994.0064054650109,501.5293335257881,61.85708342784216,193.74457761397994
993.9809966189266,506.1173266808477,61.81938822996974,193.98435897353838
993.714091861867,511.4859874211121,61.755852153497585,194.30242785098082
995.1459441796634,504.2042013984209,61.81543657849735,194.80977888806245
993.451502279256,508.3857473943993,62.126733251626455,196.79809490086646
992.552520491322,517.2280389435995,62.127533341014065,196.8072259443117
990.7731175012979,507.84777964301804,62.159470977709006,197.07035952045027
988.1788174652495,504.01308379561107,62.175005864258665,197.14112793950733
971.1273041886549,512.6667080037207,62.737650032194,198.46381192685251
966.1510081764307,511.518243019186,62.738359694276745,198.49740547586273
963.2279720669051,515.9680276012668,62.73256042284948,198.96303635442564
957.3878035724231,508.3818166300869,62.733218494882195,198.96610671902667
952.3931022144919,502.08461712407905,62.73607374065187,198.98278508895254
948.154842366251,504.80824827007257,62.7357944259032,198.9852045558461
941.4141638778156,505.2630140843601,62.73710131579898,198.99094069279306
923.87489894429,499.0103365528165,62.9163506347544,199.236393755453
933.1866479472345,502.9287132989658,63.417034376301956,199.4790117154859
931.3209159916843,502.8689542539175,63.42026447316299,199.50374283377514
922.6746880952434,487.6274893314651,64.80470978325657,197.4499524028011
920.1586693454392,504.1134961601254,64.82163059127565,197.42922506139834
918.6717645233406,505.5838156268343,64.85930780444255,197.51240366719577
918.0172372555143,513.3813021924399,64.92624839222678,198.43424381418276
911.6080226126244,515.3675025404467,64.9425174149451,198.4417735190175
896.3850146588035,529.1553389931571,66.03707954145901,198.61660796833297
894.3414633746477,521.1365360319047,66.0382751273488,198.61529062728803
886.9230242430821,518.2693667375974,66.03835662992093,198.61858253926695
880.7447624775458,519.2151206691469,66.03893075913778,198.61936944068657
874.2021361477703,524.8229650392234,66.04000640147706,198.61842908310211
872.6291620024829,530.9201050915478,66.04090893475808,198.61771434710542
873.7828642239289,534.505492780231,66.04127021414082,198.61745832169854
876.1075492884515,530.42424655328,66.04156877863802,198.6183363575706
890.6705944685876,512.366423935297,66.48735303689608,199.6508745989076
883.7268254813599,515.1372295758258,66.50202438079731,199.66209639814173
735.747437621213,527.7007399424499,66.9051665561695,199.85794401206164
729.0513154813103,530.3274230805789,67.65378843759825,198.83032150640284
727.8453276917243,540.4764505303818,66.74078757252602,199.84252928685086
725.0561970738715,540.926585226462,66.68797628702161,199.82666050084597
722.7866346167993,544.529639445546,66.74965750609762,199.7493467327828
734.0053716593142,540.6042197981554,66.55121807377807,199.73751369861506
730.0585503605357,545.0966126279707,65.73430750208456,198.1194058000624
729.6498877814695,554.856891236676,65.06222965080214,200.06595063343292
729.7191176194015,565.9589307780434,64.92571940619658,199.9156339866113
730.8553398488815,551.0063518119493,64.4177798567519,198.50391836838435
726.6828851218122,537.224741527395,63.893786150795165,199.24477413036402
722.946959972751,542.6863696830364,63.94111834054974,199.12802111497973
734.2145827596414,554.6525511703526,63.76924938420041,197.13265078561105
729.6046109726783,546.740444909176,63.91172027135907,196.1682280540581
729.157272218442,560.7034366482694,63.326951368698886,192.59480271185754
726.2133563074823,554.8161815617298,62.697696684728506,192.50699675334505
728.9985898094133,568.5074440122103,61.32062672600195,189.75026912411252
726.4611202680121,562.082307747914,61.15733558038018,189.64268261339834
726.290136846001,570.8106120526108,60.5724998488143,187.88610146982492
723.784647264644,566.798374550247,60.23776348876201,187.15366901147897
734.3977303237015,584.4891653751012,59.90460083439244,187.28641155000312
731.2319393295123,583.2596392017407,58.81702150303794,188.16952805611734
729.8460174978983,590.4036053974065,58.717038755972425,188.19940858440242
727.6004704531917,593.7701016361641,58.41927347801487,187.7116176945641
725.5157636303893,586.9981382293132,58.19585532125173,188.57061466054867
725.0365610426009,587.2565548531943,58.8760919973588,185.89366140241043
723.3348986452676,590.9594632142733,59.83325623713953,185.13670370430037
734.0234185062124,591.1681394686348,58.948297203726405,180.2051757805383
731.738062137928,595.2999004316914,59.12909495082393,175.53926385122065
730.4262051387637,595.4033343734206,60.10570623556747,172.87630408696398
741.8666758859783,602.7707286611029,58.74681750603083,174.55639244946556
740.5981879137664,597.2951277581072,58.13008356199623,171.45852961922643
739.5617781359222,598.6348836940139,57.73681124642326,170.80258709288742
742.0104510602902,596.3960983232038,57.851390141339714,170.20060899875324
741.6428207436747,596.3053073662599,57.035890624614716,171.4661689695487
753.2295520126452,599.2095825024571,55.83130587903236,171.73997276591044
751.8703830874908,594.9801232173186,54.41721079171896,175.074824506506
752.608364214869,594.2565212796887,53.56553512896916,175.27125995868525
754.1701884667876,587.8653809080181,52.40713652118135,174.5038914634402
755.7182160317653,586.9443236548664,51.998895150076144,173.0346618230151
753.289733970032,584.3444521194857,52.15721797334148,172.1372226199116
762.4228979818332,583.7236753852566,51.93023855203391,167.5769205242525
764.5170683293447,584.5703776535531,50.457733189881196,165.80429329361993
764.7270995398877,583.6282166043911,49.711379565296575,163.1043477756721
764.9192851762658,587.4492924139986,48.860011890991906,162.47996453948332
765.6992501422226,586.8999899837281,48.66494487793206,160.6522052165984
767.9730798043634,584.4601390261146,48.50623256369098,159.30706076875782
769.8545265343226,591.9906113461401,48.07394031913493,158.0892195375202
771.0873928225445,588.6489001570841,47.622187177658084,157.72865034992788
772.046095290293,592.9911228767377,46.531905168873124,157.33422108493716
774.3677888098406,591.1090396888214,46.473634516191595,155.23398993498213
772.1977813799543,598.2458998933288,46.09662266545397,155.6644292626008
775.4067326032631,597.8459896263217,45.711457950769855,155.45114023183365
774.3922482313073,599.1813688451934,45.35433379345162,155.81127345096593
776.6419078006967,599.5981939998151,44.94729504255127,157.04720059724343
778.4500300196128,603.06211492869,44.9471573533001,158.98474188768677
780.92786121084,597.9057610346414,44.95754750304167,157.62264784930693
783.4654062281504,599.8677126724228,44.07617923966105,158.76214961067024
782.7001629766582,600.1621095697026,44.092101705322435,158.69509559701385
783.4742862226636,599.7179709856755,43.81422164359416,159.28704678345088
784.5017429303448,599.8277450975274,43.55113268826144,159.55405124524623
783.7927840772036,598.3551952528967,43.82345782423897,157.486344995787
785.9980883051257,600.4996750057874,43.95255607539537,155.7213575244599
786.194193303752,601.759155991769,44.248239886031065,154.69084047685126
787.6141324024337,605.835020358209,44.620561615044,154.84750903706214
786.3636172880615,606.4070181023161,44.526184834663695,153.36133118080778
787.0785692395793,608.2028851701912,44.7246990195872,153.58569788085782
786.700833383943,611.7007208432428,45.718971241624146,153.68049446459463
790.6710181076783,611.4161637631203,45.056271223932484,154.12103553500165
788.2843695527094,616.7901155802774,44.77491611981997,153.41375079717182
790.9994301701951,621.5142661428893,44.29047741048338,154.10991607209465
794.0401082384401,621.4330122362758,44.55119233035923,152.86650206849578
795.7565321417494,625.8573101822473,44.19712112171737,154.58564566324716
797.1877702876867,622.3851785079561,43.41564134320939,153.72725522230908
797.5208124773525,623.7469276166903,43.49556690974729,155.25017595778274
796.6761137936086,625.9416968777639,43.40259549805268,155.08758474322224
798.3821361889317,623.3837113468537,42.94745058876953,153.60071013624977
798.9082898162068,624.6503773315426,42.576962832758255,153.9435683524189
799.8930571590621,623.3950044822784,42.47836060687891,154.34708338764764
799.711014516463,623.5958214687722,42.60899041293192,153.6337780086294
799.4504797316215,622.3742239299759,43.24150668360514,155.25630766712044
798.8289418392617,623.2737184485613,43.197914882951814,157.03792723628783
798.5170884253702,621.4190981507471,43.81473131787274,156.48744226123773
798.9742008493272,621.0239570493806,43.70112344955771,154.75135751488932
799.2317381813364,621.6347905345565,43.46813471087987,153.24163247220906
801.7920308234922,623.2361328536265,43.2005038142331,153.62183214574492
802.7167199235752,629.4837136965582,42.80340780438999,156.78822479642943
803.4738690508251,625.125849198087,42.84509082830961,159.64425788196434
803.0297221490425,619.0655608238819,43.312548511030855,160.4864637731356
803.7159207582952,620.1012251120164,42.81426866694565,159.99439483088466
802.3715762215946,620.4201072716751,42.81448976091573,160.36242122201645
802.5882407515709,621.8756515872735,43.34739931886013,161.51265432620167
803.2018849653338,619.1883562356875,43.32469847010791,162.051338523789
803.6163930125517,619.4554087373974,43.91592480445166,163.45226791463344
803.8572596398392,616.0887101868634,44.452148998836094,162.15355670881684
803.2467366772175,618.3944180076446,45.072328010283925,160.96275030301788
804.4969931380614,617.2193819794313,44.81796796640382,163.0684375044126
804.4881866929151,613.5783450978988,44.94494199116589,160.96489496498737
804.4623699993917,611.6763681664344,44.6215151179168,161.50843136652085
805.1216249752636,611.02692877347,44.102931029915844,160.96360998193265
805.2364040321224,610.468589842448,43.423411522126486,162.11854323003124
805.2149536573155,612.7631176208669,43.45623029695084,161.2530139125886
806.0560124875125,614.8045132448542,43.12504571150807,161.94342842175502
805.2130400241338,617.8450600663033,43.6360357470607,163.5588436632867
805.5154744782268,616.5370704735312,44.05745093749998,162.45258383134444
806.3063407477104,613.3541878014522,43.91663052602749,163.45214825158263
806.7205473962415,616.4955363175642,43.71394333274792,165.1931929414657
807.2718869829189,612.3744884784899,43.990871002387784,162.7745401378638
807.3141888485807,613.2418468980544,44.01285351874694,162.63103080300715
808.753966106179,612.2730096380385,43.6754192218272,162.0721166160688
809.3794385769446,613.2596258217552,43.584898989615944,162.87316074361536
810.5504657926637,614.7517010830462,43.54386684936131,166.2628052535344
812.1061391209697,607.2540595827277,43.16611794818148,166.2426454059659
812.8663508782247,605.9365960025916,44.03411787651213,165.9490716755063
813.1967361406432,606.814300943624,45.00189513934117,164.38459053573126
812.8811351924693,601.7594690441954,45.64578541449269,161.3336469966366
812.9650977102049,610.9284823780322,46.0225102780272,160.76474912840146
814.4961698558951,611.4953509871135,46.387655472578246,162.14900464514784
813.9948016353245,612.803920032683,46.42019346124676,163.43321228383684
814.9752547813275,611.660902867187,46.3435740497339,164.15560971583432
815.8668339057509,618.9959228552558,46.54162221797086,167.4830825570795
815.9215113705234,621.4690203029254,47.48493907854899,170.53898479156214
815.5942235202406,627.5415283261036,48.594519977831546,173.51327912423395
815.9519234699908,631.5892764047388,49.59689625764479,176.33219928013497
817.3543935472072,630.3101366592297,50.53535405433799,180.89399997514803
820.1826744127428,625.3843479640842,52.230519332086544,180.61499550966502
820.2062904044836,631.208322900123,53.16920980439253,183.19592556617624
819.3657916700026,633.5339836076496,54.81479134826904,184.96629509198016
823.4788525146283,637.7864744509692,55.847477795003854,186.39586559802896
823.4292993636209,638.6468488316262,57.44622456180139,185.8198608752967
822.1550443261515,607.7541528780672,58.39777516503777,185.94269327313728
810.6574974826043,648.1556467470269,58.37739071797686,187.34205996637024
813.8865117346139,651.6338194549493,58.92651810919073,191.0704879956549
815.8568275100228,657.1595190596298,59.57629726775421,197.39581684415515
816.1083752951782,659.4558059748044,60.15847329435181,200.7845443214841
817.2634459351743,661.7258945652552,60.905572977341876,203.0944543064153
818.9309173335369,659.0965874931758,61.71941338755635,206.0192533527652
820.3948310805918,649.9899695485965,62.019782275969284,206.10906471189458
821.7293517567541,660.1219846028828,63.10556675410403,206.62776661320956
823.1352949523495,660.9606203077192,63.57978528043972,206.66532226423612
823.8572925882584,667.83984738658,63.755114692764806,208.02499974408786
824.9096605540785,663.7959882130983,64.519713458848,209.34107445244038
826.1853873198722,660.8605064287369,65.50286733769148,209.58558176048194
826.7719560113502,659.7534152719411,65.77814261151957,209.6987418305738
827.2950877315084,649.4247035389425,66.15880661852232,209.96658361627337
827.1702552385798,634.7253640407797,66.39702503340179,210.43667756010865
826.4902856247064,645.8511651190578,66.47195606908629,212.5994964850955
827.6783820657771,652.275358608262,66.60594032241241,212.89021148880383
829.8123208639129,649.6270624263874,66.94220157730652,213.10664132737594
830.8274112007304,650.5774731859655,67.43047736271708,213.09304484007248
831.3074883949316,649.6484277720219,67.68753541289786,212.19834402481692
830.8657219430962,642.1291566167937,67.93953469382694,212.44161732282222
829.8455318152521,632.6922202787332,68.40435283003134,213.0880577479665
828.8604311348928,648.1975429627246,68.86006144058203,214.03883625388517
828.1677053063821,648.6599274065894,68.42407967265376,214.52899198773758
828.1283831830197,644.3885236183853,68.60290029101282,214.26275758721692
826.1455674920687,636.2946359287828,69.61697546716493,213.98543744640256
824.5723184473659,635.7401656338184,70.10851507001371,213.1057119787447
824.4556262676265,636.0294341995962,69.83905134075117,212.2172026503717
826.2946977030238,658.1893453440046,69.99260021189998,214.24849654197476
825.8814530457079,635.7587928866931,70.56977202951688,214.5051970071349
824.0542410133012,630.2584841687998,70.89879288082915,214.00393856554112
823.8655711413044,640.691239308913,71.50980630167123,214.6825147416135
824.2298754425436,639.433043095702,71.43553397286286,216.53998914492607
823.7023403668078,641.1623350366897,71.3524076559813,218.20724497318633
823.7682188964579,631.7245578351421,70.40254418379342,222.6337236774288
824.8823845951665,654.2029644735543,69.68586597126713,225.75006866476474
826.6476142501513,656.0404665467955,70.25782174613636,229.05299077255472
826.1589725088504,633.8560038744064,70.35379518301889,231.10107718911044
825.4073110438777,648.5832325539386,70.38651262037257,231.80834010592477
825.985933356955,646.8823039602519,71.39189855223196,231.91307553006882
825.8965520106633,663.0973121617119,71.89406469268165,233.99951573115268
824.0244407674668,641.9245335167786,72.20504652699027,233.6450608139881
823.8072145346861,638.5493552211589,73.57633463918111,232.35205288038637
822.8926682829801,636.4449722620509,74.4689810123173,230.34491503959956
822.7649562285645,636.894565845504,74.66673353323417,229.81979452356077
821.9297203128115,634.4946595923965,75.24619968179509,228.25199991307656
821.3024843104873,632.1612706385628,75.34008294514086,228.82831608978708
820.5668648749484,639.9367480856264,76.35079424716338,229.29641751585024
821.5397223148133,640.8544389022284,76.52302861479373,229.27141956012872
820.4182389379224,646.7050361233007,76.57181631050042,229.31670510608225
820.7171308344796,650.2581925588702,76.59912925572459,229.8234584313849
821.8307377540693,657.0734748906671,76.15875895482938,233.86266496224928
822.2411494747784,644.460435319252,76.3712424697026,233.82038778183716
823.38424253544,639.5685936674147,76.39429525905432,234.16513199096838
824.0352800534237,638.6147272144352,76.6061015488088,233.59824693885838
824.9190891162216,656.7421037758409,76.5475080909527,235.19957291760974
823.8318944991737,632.3193335155893,76.96422847224243,235.85652243469482
825.1916759178359,606.9628708032562,77.491628897476,234.90084205491746
824.0831023401947,631.7637829633327,78.00956588582719,236.7147930338369
825.1886295341781,606.428743964715,78.18374943006572,237.05133297565249
823.5219592022429,626.8805142144423,78.53339101060791,237.21700634338535
821.6211142913413,628.9778664983697,78.33178207295046,237.3127962175165
820.7673086943555,611.3351690494766,79.46516956973674,232.3861740559767
820.8585776377719,623.9275705610919,80.02250020459422,233.48966868594437
820.7957422664267,624.02969891069,80.10710197612755,235.2953917116322
821.4661744274879,631.1303401381733,80.35273865631679,235.67867823402145
821.1999463706485,622.8562582119896,79.96029513229655,238.66588417775858
821.0694240294708,606.8783330696612,79.27316533802824,238.86486228529142
821.2480315910684,613.0126820213376,79.25641507503401,238.99956194205805
822.4430385249902,620.4980237326963,79.18989492629129,241.43109638433077
822.8930422866999,605.6666183220642,79.41307518325223,241.17047580911074
822.9503014028899,613.2433425217674,79.2262329505734,241.4785447436887
822.7810078350311,622.4613733670601,79.15537807874914,242.22944899548617
821.2191629372473,628.4684360155541,79.02756941354701,243.03340173957494
822.0721279047558,612.7795688677784,78.92584890159544,243.71028268734796
821.0784090859003,617.722454725282,78.7214790308379,245.88172380193055
821.6497408816152,640.2881060592954,78.85139153308165,246.32366332140379
820.1485928064734,627.2601480261543,79.1979417002415,246.8311880455228
819.4569821906205,632.2082977388102,79.58022153618778,246.94559552176145
817.2942295760354,620.3562372585876,80.3488856303328,246.78826819424253
818.4115269596969,640.8113044478423,80.43632855984825,247.1881809653915
818.291391146806,644.1237606574556,80.57183547079308,247.9572190085062
818.1796009152627,629.5400353122872,80.80350315820664,248.46950307286647
817.7236689407061,609.7244152044736,81.07594051830759,248.10309314200904
817.3438564276299,608.7361578362113,81.47804183492431,247.68959513744485
818.2927965406783,633.3030635025361,81.74497894204917,247.80332713975622
815.950619678122,622.6242721385049,82.42487805442968,247.86212751918583
816.6862765165268,625.1969443901453,82.388826700046,247.6936964680536
815.3791688851276,611.4009770798573,82.4714338581386,246.47666159094888
815.9289366037824,615.7838731262368,82.57639909603046,246.24315614217164
815.562357235842,624.8356472298817,83.13296093705097,247.34755661957436
818.8588565061735,612.9375384371108,83.18925486541247,244.90907304850003
819.562854203531,618.8944387434374,83.1269113357031,244.49933508843458
820.3237871094202,626.3252061145198,83.20751449136232,244.61520112599388
821.8601758068644,612.7105226136794,83.37784870688668,244.25681483177635
821.6094830870481,609.0288759737575,83.14499987308541,244.14368818593042
820.527171315017,610.7875131273192,83.57549315381918,242.28161340654745
818.879704122088,632.2508443159244,83.6616346147963,242.84875214628053
818.828743460369,615.600295990508,83.66293931924329,240.20381531933003
820.9478178811173,623.6571358461796,83.25761446952228,238.18571761634877
821.2779135138356,627.5571527829054,83.3852155291054,237.60359069480145
822.4020328200764,606.6026470301067,82.82414110405517,235.11567913521324
823.6833257814976,594.4904917513859,82.86613844461,232.90966323086298
822.0966872888328,608.9933662487252,82.3773530233998,232.4025256863794
820.9049906194206,628.6999401341246,82.06363117934767,234.80189317436978
821.0196849845859,640.1176937290531,82.2984658934788,236.14945330629004
820.6332354395075,626.5376778163078,82.84478272469578,236.48156231073594
819.020123668257,625.1026059780247,82.87053677333066,236.7115969251073
818.8850691211748,628.8504920459914,83.04238871326912,237.29142445958408
817.7988793374483,628.9450195294883,83.11951362106929,237.44792002969953
802.8182259867036,583.9205961226025,82.95228219084461,234.67169360128347
806.1497287529943,596.8901314198478,82.46917158242711,232.39457979390244
808.6180407599495,615.6804638226415,82.34846887512697,231.15132877615682
810.6978461988606,613.4724202630075,82.26181694353282,230.880549135171
810.6491192549693,616.3550002770762,82.88824804660533,229.54659867124235
810.5928640769014,612.1128279550657,84.00631844321524,225.6136001756151
811.2532549537539,634.682817799068,84.17031366323451,226.3086348308723
810.4250844715772,632.4746727571269,84.16397149827733,227.07510005704268
810.2186158833773,635.0035184360219,84.3529470680552,227.18137440130963
810.019014910604,616.6268664986377,85.03136080297136,226.82766838838262
794.3902580710159,615.8292768906234,84.65092739962816,223.33480963672923
797.571814497373,617.0217093642752,83.9108599914026,219.7517650868026
797.7108176121583,613.1733093573396,83.90440727821984,219.14289054775634
797.1923520748393,626.5713562955636,84.25308757275238,218.35224405900357
796.9363310405352,626.3085554091037,85.08687396413737,215.7615683756399
795.6500448032414,628.0215388275709,85.50772376912349,215.22457787423107
796.2044870666592,652.7528126701912,85.11421991092784,218.30637604470326
795.1910232179839,635.9496328019875,85.40431212854212,219.0961654991283
792.0273547856573,646.4581769839236,85.4368611094369,219.7252830373556
791.4138862860767,628.7234550671888,85.46487225582254,219.6505412323978
790.7751606216041,648.5640531360008,85.38320297739156,220.04001617631664
788.8955737189872,643.1560651781015,85.87145364496052,220.23903061292833
786.6170539865809,647.1212779394901,85.82189044101091,220.68844784832962
784.2878829286786,658.5041929817962,85.83551438664945,220.85520252629064
783.3506802986316,638.2834859168481,85.79879625177759,221.00136671722194
781.5016860304249,641.4566711300745,86.05546341520497,220.33594740923846
782.1461057038015,640.9145622993606,85.72639415187933,220.77957052863994
783.390940174003,642.5278310745126,86.02378666434183,221.12453733281262
785.3733165929331,640.1856288659043,86.08542819369976,221.1368049664295
784.4305770388554,643.8496605916607,86.20140740389814,221.27263349794885
783.2140280506416,644.2317377198439,86.24611436241203,220.75782803103604
781.3725150847082,642.6929729535943,86.5013994819772,220.5963889527716
780.7225534319198,644.00517076559,86.59835454776966,220.97061598464873
777.3067251151489,641.9405387269055,86.8124488873052,220.9356201514343
774.004934108052,640.1588996161945,86.84145118577021,221.04675112744926
773.0315170178613,643.282590515872,86.83973788366094,221.08536385781815
774.0160100837506,654.0225621062391,86.84316338442011,221.1614032668057
773.0743700566144,633.3100617829904,86.44507232205461,222.68094355563724
772.0085748011849,641.2124718001046,86.44278340977215,222.72803506620863
770.7956344029876,632.4706350535453,86.39837497581995,222.7484021323254
771.0451483160292,632.7494471990857,86.2609018319916,222.6263400048358
772.9881860819202,628.6261904937406,86.00797950035911,222.52047170928813
775.0071565070386,633.0213513612839,85.96448755034493,222.5815999406323
778.8227412936745,631.7794276683926,85.93974087822684,222.59404277395512
796.6515009806853,627.2862659130764,86.12695569609974,222.60434451792497
795.6371077851636,630.6245265231214,86.1285185001069,222.70817589030324
799.4546393165722,631.6420628818768,86.11004212247062,222.76025470019735
815.4901130499691,630.9806955023934,86.89753886954391,223.23895955575225
817.5215491109617,632.0572256960392,86.90408517788708,223.26155739447387
820.2476036272354,627.3550698952585,86.87419446809346,223.29736256445568
821.1862778625903,627.7557321474479,86.85631278853677,223.3279327558354
822.7125193420036,628.4400587769223,86.85026876212892,223.32773168823948
826.2956347078159,634.2716042174893,86.84281574428002,223.32750739951283
828.764177711074,632.3123712092485,86.8369688658766,223.3230856138705
830.0053306457605,624.7259428408954,86.83936915990981,223.31092190379923
832.0467789307567,625.7525797141508,86.8279576324897,223.31595723550512
834.0003745725525,621.2198423107538,86.84709429269984,223.09836147802895
834.9099279604886,623.6240316703171,86.86221078724394,223.12598940029025
835.7562759786651,615.6915002065514,87.00506672804842,223.26056068963823
833.1274211874019,625.0036578297693,86.99134772552254,223.33342905221127
832.7473364212586,631.8349106278398,86.98722507727076,223.40405391108712
833.9882495513924,623.3319239905187,86.98781854623597,223.42637888555842
835.842178117987,631.1140249844224,86.9851265608282,223.48456859849574
836.9258262021174,623.0845049636121,86.95999772235554,223.56695077268483
839.7098109088895,628.6205332109748,86.8426036605264,223.591627371221
846.0183227672054,622.6822956876376,86.76054927372864,223.62684913725565
853.3154888217556,622.7555408524013,86.75655014955262,223.629979996369
858.4841321473256,621.7845340637427,86.7547727986446,223.63239966251524
860.6893391249321,623.0108332518753,86.75471822606094,223.6337743411358
864.9698591402267,621.209769636787,86.76195746182908,223.62857792476711
867.3084682989688,623.3863261940248,86.76388924886763,223.62650469676598
864.8211347635787,625.2599181375751,86.76417010443785,223.6262762044103
859.5140016046388,620.8922133494855,86.76336131092852,223.62635043055295
852.4078276042095,627.1483918589522,86.75967251521733,223.63658118780364
846.7288367025076,634.070073952418,86.75338696937807,223.65261107435816
846.66010522594,642.5005675830406,86.74913633308319,223.66792462488067
845.4083103633304,644.0040936304388,86.74853012972885,223.67186291132518
843.3343183211515,645.3698357876855,86.74834326605809,223.69332473521382
843.9312312415756,638.3284019802373,86.74715713372903,223.69930712672144
841.4908558125785,643.4767390800409,86.747268438653,223.70947573106932
843.7513576375356,642.8649213309144,86.7428682585873,223.732729711912
844.2266323534952,636.6638392516227,86.74024391745787,223.76540038599833
843.7343337344798,636.5747636351861,86.74009684510968,223.76726916831495
839.7625888269852,633.544954734189,86.74077517099374,223.78030045678975
837.5176436250606,636.910211745906,86.73844278889327,223.8363503066467
836.7615160491722,634.748991838756,86.73985108741395,223.85753632532305
840.1983070135456,629.8449477093621,86.73989157611709,223.86380478278008
837.4106392851343,625.791529371494,86.74014377717178,223.87211068916827
837.5330906787676,632.9807697803707,86.73663039861287,223.8868727074135
836.4840923057365,633.8847040383164,86.7359888485478,223.8908845416349
836.3248481461377,623.802068323715,86.73572547497348,223.8939207108279
833.0847838303278,627.7964413125796,86.73881619994665,223.9208836564386
833.9560860606916,627.7085968497747,86.73842427316951,223.94549622051136
830.4112825772953,633.5618272117774,86.736673531985,223.99477280119356
826.4840253804351,641.4577559042127,86.73665854490694,224.00016997870085
826.9975678781802,641.1617316630975,86.73668984809223,224.00131690730046
825.9856480480214,640.197270189596,86.736671676455,224.01261251970874
823.3150798005104,642.2980859349307,86.73769977685434,224.02893518782224
821.6713848299481,641.4274754249985,86.73670814144067,224.05283993781194
819.7153836036471,638.567916904264,86.73639856325053,224.05888324881212
818.6688566663122,636.1519252297262,86.73647920565108,224.06441434263886
817.9260372600517,638.24559394409,86.73531269838595,224.0742452641309
817.4982889240428,637.0826761588903,86.73516055477191,224.07827058901643
816.4990093173602,642.8408717756367,86.73525279960054,224.08485909185185
815.5599887123748,646.2673183607808,86.73505688131382,224.08721198861073
818.0977401989087,646.4344014703444,86.73469295396114,224.08924758628086
818.5753500900336,641.0415309964332,86.73425524044082,224.09444520677184
816.2339076602918,635.7196594857628,86.73411283246841,224.09746881435507
816.8955765832118,630.8939062335479,86.73356298673515,224.14247373950022
819.4232550325947,635.2990013295507,86.73269856157152,224.17340998945022
818.5474279270004,634.9639587213576,86.73286217980366,224.1959737100173
817.6277964438851,632.5736901581917,86.73300869190987,224.1996339099271
817.0898182608447,635.7427585419737,86.73242315735598,224.21317837481536
813.6744256140925,639.0376342846603,86.73243700463237,224.21532771494276
810.7148781034492,646.1460149144234,86.73272833405495,224.23028833346822
810.0397986915791,645.8279218289331,86.73286460339753,224.23224907634443
808.605176355071,640.3633301271317,86.73288568174819,224.23291609200777
806.1870559660688,642.9300897874227,86.73295626321944,224.2384305658287
804.7294928993058,639.4801255196564,86.73294081425627,224.23869183833037
805.736232347086,631.7951602345175,86.73304796300754,224.23887524674305
805.6589810266214,628.5331715754896,86.7331078018651,224.2425378713479
808.5718748356019,630.5833639163965,86.73175303378818,224.25784437453166
805.2098654737644,641.9332548742957,86.73493988643055,224.28438463280565
803.896134841791,641.3228791537312,86.73441924920844,224.29177087675302
806.8106384766113,647.3193532159496,86.73445250691161,224.29381882317784
805.885572423946,647.4238016361599,86.73458256184254,224.29475544082322
805.8367112089965,639.2582394219112,86.7345058843092,224.29634152398378
805.0689215144049,643.9970804374549,86.73381441663501,224.30059022562344
806.206380388068,641.3959636217983,86.73362711326301,224.30199864255053
806.0924133244021,636.5286136059558,86.73356048051654,224.30466971305393
806.1022951581025,633.5077948613276,86.73309724040364,224.3134187898348
819.4801733725852,629.6056474757813,86.7212659060426,224.88862334715168
813.3412114112823,632.5300628939774,86.72497889877788,224.94470879722803
809.1549786703112,631.6345789176352,86.72392734428215,224.9879722439921
805.7918791172291,639.8634385651854,86.72063378610925,225.03134585965805
803.3056033089256,653.3483064651451,86.71759946521613,225.11139376640384
801.0422665214935,656.9952347490661,86.7185162041429,225.120253930587
800.3356620793861,661.5309134116374,86.7165039932725,225.13811760611586
798.0312319557014,656.56637357194,86.71550906562362,225.14362283787878
792.4052338691672,650.1677972484285,86.71427609745658,225.14686927304854
787.5573194831215,646.6597657209417,86.71426403397656,225.14698021773188
779.8199487152366,635.5667486833272,86.71468992643607,225.14737014318047
780.1124196979997,639.7028067818326,86.71458045040035,225.14797905145548
785.2326551781465,640.9503239508805,86.71460898656657,225.14797654700828
787.2515128220135,646.107137209619,86.71513270106031,225.1481651464134
787.8492833316915,662.2313082342181,86.716421954379,225.14909449003775
790.7622099715529,673.1246068349857,86.71560043201092,225.1511401718032
788.8036307147675,685.6675150183419,86.76199683582539,225.09329507279114
776.2558764093674,686.8958474067476,86.7646919548041,225.09055209087091
766.3256047416244,691.5725427274099,86.76797553992404,225.08706741725877
750.2114161200514,697.5255415787312,86.77035485826526,225.08409057338076
739.0673578868086,703.2848871381739,86.77113497526345,225.08294992294032
726.4942028045365,705.2406636247096,86.77127166263489,225.08275363741467
717.303215568334,705.6411087013606,86.77136251382407,225.08263185950923
709.3905410791614,704.662105106172,86.77147326432512,225.08246649014833
706.34325490846,706.7865828519854,86.77165950495879,225.08221543196285
697.1362614496932,709.0506495599409,86.77203596411844,225.0816989937434
698.0076863328593,713.8924266110346,86.77229077485073,225.0812885072788
696.4979800463254,718.1820426533995,86.77304852461509,225.08030158551261
693.4114758382358,722.8362423189367,86.77388201022198,225.0789100440502
688.4719670137504,724.7438140899981,86.77414599708337,225.07853267052175
681.880273036446,726.3577548032823,86.77511036007832,225.07709453466373
681.092340669239,727.0147131074839,86.78137880390402,225.06785338612238
670.7260308108492,730.3383760399391,86.78149462969243,225.06770283325406
663.6087080153401,730.4291054826601,86.78212952429949,225.06688105411158
656.941895481964,732.4666977510587,86.7824139462152,225.0664879487412
651.3060514411787,734.6011261184947,86.78287514485125,225.0658907391684
648.0983457496274,736.7257881942915,86.78410624917582,225.06399548161787
642.482898108986,742.5994257341634,86.78503822784636,225.0625518914369
641.0767770260022,747.1745414304355,86.78528488752737,225.06226289696394
635.8437545378092,749.4192271260569,86.78550669039042,225.06200865125967
625.334296029966,761.599696732201,86.78510417177506,225.0621858482733
629.1355500356813,750.0393314473592,86.78428168433122,225.06611992442643
630.5167508862279,744.5485674169133,86.78417856722244,225.0662150705843
632.3091363617425,738.9529518783805,86.78416303687806,225.0662134663756
622.4226115729111,741.3828341060041,86.78605439615701,225.0636892111711
624.3938675464944,709.6766257668265,86.7625888509678,224.9266826717529
626.2595927530629,707.3613525321107,86.76467062815382,224.9263845481365
626.487214858669,699.2668810099188,86.76422326762312,224.92864965978092
629.876406470127,702.1910301000178,86.76428385803094,224.92862714105144
627.9026890461655,701.4028477674146,86.76435175305775,224.92855290244918
622.8636690713547,700.7332027576441,86.76458999827264,224.92832830883864
619.41116775115,695.8291290924255,86.765340586375,224.92753189080173
614.9126581229407,699.5469025410099,86.76563857509336,224.92725673359274
605.9001385921824,703.2584586989918,86.76574477528166,224.92713903127625
608.8407500039046,699.7017788550264,86.76594780938133,224.92693804263246
600.8413225964949,701.9900604198317,86.7660385861148,224.92685101012873
594.3784594249238,695.18597707032,86.76637468572686,224.92654965342712
589.3438574131568,695.4944019801399,86.76648786606009,224.92642086783744
577.9153926725656,695.393573787719,86.76652952985957,224.9263720949222
570.106722820238,695.0714752555222,86.76659685750055,224.92630243472937
558.875424642561,697.2368079281755,86.76662874447078,224.92626882236337
549.6185502411533,696.1835649860932,86.7667152090293,224.9261661044619
544.3502300900903,699.3507056931642,86.76675349089159,224.92612512687393
540.7062218295375,704.780098779346,86.76686384210606,224.92598057896103
536.963320710907,713.6123402709901,86.76688488658743,224.92595873153704
533.5775614949497,718.5072282494186,86.76698236284413,224.92585753359114
528.6824012025778,721.467368440044,86.7669997173022,224.9258371048857
520.7579526425258,729.5043191887205,86.76705517023099,224.92577670250336
513.652513946838,733.3051009430268,86.76711713191915,224.92570512199123
510.03806153279373,737.1714156015848,86.76720163606355,224.92561355130468
504.51111806410194,741.547949976775,86.76723839949689,224.92556318013573
498.3647583496269,745.7295615709168,86.76741632454072,224.92536184243812
494.2636547256752,751.6797852083748,86.76744461736594,224.9252994704761
483.43579702037954,758.0122616992862,86.7674974913363,224.9252501294005
475.93910113072326,760.5082233169248,86.76756117616637,224.92518060811253
465.22724181255086,762.491178666912,86.76762525623681,224.9251073867758
454.50069627460175,766.4729575080536,86.76770958775022,224.9250058583622
448.0210688563235,770.2782987668357,86.76791901415052,224.9247826684958
444.1261583446434,773.3762200122397,86.76836091763772,224.92428700996314
440.36372097741975,780.765555698485,86.76958214485224,224.92298418300493
435.90856316519694,783.7026010015242,86.76978157361921,224.92278350002215
432.06488179840716,797.8325878862897,86.7697821131375,224.92275464626255
427.5338894776536,806.7394168871563,86.76978936816994,224.9224415999739
422.59047069047926,814.0671905249709,86.77228570258946,224.91960523895628
416.22387020105094,817.848996873657,86.7754880928841,224.9163462975351
411.2959086277644,821.0646473868692,86.77586619551184,224.91588099498762
404.8421082458774,824.8979323873053,86.77608590154661,224.91566803452073
399.1397977443301,831.8926142131338,86.77726261448008,224.91439108330314
395.796821655169,835.9819315549203,86.77796308000315,224.91363573322622
392.3194517828722,841.6098986299087,86.77969274235194,224.91158303771726
381.7761495370989,844.3119926997014,86.77975319703334,224.9115091445003
373.5273727975849,844.0175314375332,86.77997124210131,224.911237907488
366.99773877885127,847.1494238843533,86.78032604867259,224.91082924980975
359.01477332558653,849.6966127357596,86.78049386316103,224.91059446081547
349.4951384537409,851.4951315956304,86.78081554777032,224.91022665341202
344.21371910663095,852.7862018571466,86.78105792088427,224.90993522858514
335.5747836055357,853.2760098765901,86.7813162369175,224.90962541070652
326.54791842342274,852.7970459110742,86.78144056781818,224.90946780478157
319.08542616127454,854.1401026197631,86.78202762354769,224.90875201237324
312.6317800014763,852.5218881424303,86.78217921133276,224.90857985276588
303.5348950806854,851.9191410517265,86.78221393023381,224.90853921838513
292.0413283833396,851.0196140141335,86.78229250009633,224.90844807186093
284.48741027647077,851.4446574213509,86.78255520461771,224.9081594599407
273.56850067661844,849.1658654929153,86.78261157168076,224.90809751908245
260.16805592197477,847.5517454241782,86.78264353702272,224.90806021171707
248.33941204771793,847.2365001487108,86.78277338758718,224.9079265875804
235.08109070641447,848.1320480794809,86.78284502527224,224.90784682787725
225.0672810061245,846.348545389503,86.78293947773209,224.90774309986173
214.2468326411131,847.0766705353827,86.78297278917582,224.90770318293457
199.56195939048106,848.3473038919399,86.7830827547953,224.90757201936557
189.5780314617645,847.173634553082,86.783453184372,224.9071810141589
180.51979487326278,848.6747831014775,86.78377264433443,224.90680962423136
173.62780741317727,849.5847165981137,86.78643271465197,224.90406580562617
168.12108969602315,854.0746893424189,86.78686479965594,224.90362108758475
163.6051511395566,858.4933088791458,86.78775989507199,224.90252455410877
156.7680741789028,859.5101482436585,86.79194902603534,224.89713728893543
151.99517641903554,860.7966817433825,86.79268724901691,224.89628703867874
151.93824174019642,863.9691092285262,86.79476203809692,224.8938927007154
149.20841615662331,865.7911036226087,86.795886593915,224.89239453793198
145.17231062006005,866.3446819192513,86.79696596080373,224.89102796368206
142.40068368260762,867.1161105177864,86.79967246479792,224.88771987893193
138.38036128586026,865.624241013477,86.80026198332928,224.88699877211795
135.43890664702036,865.4913874497805,86.80079840486897,224.88634093764836
133.07664919468945,866.0788836381063,86.80117314229443,224.88588395471166
126.3191854694632,863.9209188436619,86.80284642709752,224.8838652022309
121.9963498978569,862.8601192958656,86.80406738262703,224.8825752559229
119.30427799084606,857.996512491329,86.80505823491772,224.8814439476987
114.45482323041999,858.9041433675125,86.80542229983726,224.88104051270696
111.55176114788223,856.6049000272108,86.80633349036444,224.8801371634032
103.60255101751731,856.8805686186572,86.80728232317679,224.87912346683828
99.49209549964706,856.886245595045,86.80910003616339,224.877228336261
90.37096043354482,856.419091138754,86.80978157583857,224.87652240490223
86.98842674295865,856.3371170341801,86.81114084238689,224.87505793473548
80.66781380891449,856.5505511728556,86.8119210012467,224.8741876894774
72.09744689161869,854.8377966741704,86.8122262927475,224.87383532820533
67.98453082122761,854.024548660362,86.81284252166441,224.8731386201501
58.44193128593777,853.4231778380113,86.81305395186322,224.87287745437342
60.68447384230691,853.060879196869,86.8136312994521,224.87218580910272
56.66502398034037,854.087163282015,86.81429154432023,224.87147964022986
54.02527732908071,853.9171638702261,86.81512216525996,224.87061991492806
52.28625539428291,854.867139242281,86.81532942596884,224.87038137575138
51.639240125224056,857.94512571008,86.81585918302729,224.86973146871776
47.66084091877676,858.656989613018,86.81730672006738,224.8681329362564
40.05310226905063,860.5589926474757,86.81856301884825,224.86640657811068
38.90759436728521,857.9390454659998,86.81967184377191,224.86522685582696
37.78941264717788,859.3721277008358,86.81998253244544,224.8649495512245
32.43205416579896,861.8868160516224,86.82040124691227,224.86446727408966
28.398022393013633,860.2311487996028,86.82065282654054,224.86419370203328
26.444089307415638,857.3580378612874,86.82111457497652,224.8636380441794
23.30631799623822,856.4207779279922,86.82149688467877,224.8631987995562
18.964484351687638,856.7651564931496,86.82433035725161,224.86029592539455
12.860490146321865,856.5299361102154,86.82503956266089,224.85948448827506
10.352034232202065,859.0846361849517,86.8257603851937,224.85870259823233
11.045842093549936,860.0217765279612,86.82726714861246,224.8570776615346
11.736738076704349,859.1628060790291,86.82907362914965,224.85497084707262
14.484254519858816,861.5115760311326,86.830090146985,224.85379963717102
13.475510643165329,865.2794511583982,86.83118137785,224.85262436814406
12.336145242353702,868.4718778997101,86.83174135542235,224.85198099523095
11.500853167251911,870.4664914755355,86.83265301645967,224.85083196095079
8.104631571061432,869.9213711565808,86.83347929218414,224.84981276170944
7.455490433066473,871.8293111818031,86.83411814509361,224.84903528847443
8.395116595534695,872.221886125569,86.83435059283936,224.84876687353005
5.915565060883729,874.7551503284893,86.83497902606341,224.84805677747337
6.87112393044405,873.8452823551735,86.83542778283815,224.84753160330888
11.808231229753751,873.0001116246251,86.83674724183594,224.84593967092712
16.036478413828448,868.8591135520912,86.83710387924074,224.84550802821434
9.634986685083469,870.1111843235113,86.83733388824437,224.84520693184626
9.473683513340056,871.5204669517411,86.83849998204973,224.84378416195884
12.133580392025628,871.4126377238433,86.83889570069177,224.8432268135352
9.815426594778828,873.8380975288203,86.83950545354108,224.84245445089567
9.5168553822067,878.1640882204184,86.84262208799396,224.83780812018975
7.125519904717088,875.5096533768301,86.84397056372514,224.83620770314894
9.46920291518235,873.9344353033125,86.84426762110272,224.83589559731547
12.443437799250518,871.58249486076,86.84460509249885,224.83545795901333
11.62313563442219,873.1089114768274,86.84490950588811,224.83506227074756
15.991808364646289,874.4031542829345,86.84623725558396,224.8332139170632
19.381934156852004,871.1001391785495,86.84712170709172,224.8322161183258
18.94399100865894,870.8909397182059,86.84789827132681,224.83130265130814
16.028798853730002,872.4334611387446,86.85022576889831,224.82862794568285
15.15388153197268,870.5165922242776,86.85201115322717,224.82585964630593
14.838706396664179,872.3484796904937,86.85513679968722,224.82166399091216
14.771178926071833,875.0620647545078,86.86150647509241,224.81342963864077
11.947817355111908,876.5728267205332,86.86238420380425,224.8122606927809
9.044988571208549,878.8075498705292,86.8632193266952,224.81127638314524
3.8525693360057005,877.2815289224378,86.86328263535773,224.81026346975776
1.0550069511415643,879.5988943568166,86.8644590408282,224.80863454115533
-1.481574144699266,883.1339401510611,86.86450683736825,224.8082150603626
-5.442305717684491,881.4475528413764,86.86613346219002,224.80637162629597
-5.312311183501436,890.6995821017013,86.86606794133024,224.80633188921547
-3.9732516588473814,891.2810982637441,86.86583108654118,224.8059593294198
-1.7498187231195317,888.2452040224063,86.86676537453982,224.80480650884206
1.4935856979465925,887.0249293484337,86.86799841015416,224.80315614975598
3.03187227480214,885.9528439336069,86.86974957437519,224.80112346149576
4.1998438271769984,883.6250171943761,86.87066736478234,224.79993518504392
5.274858573269405,884.5790464724446,86.8726647643059,224.79720073035512
8.862530787055888,884.9125047360352,86.87504231396682,224.79404683220596
14.10594285933572,880.2648636937611,86.87904286880901,224.78884998151256
13.142147215161181,883.151946779847,86.88094958589191,224.786491479934
9.632012250268076,888.0644536852666,86.8822943257062,224.78483715853574
7.581476918376175,890.195009656364,86.88462012025782,224.78179949994075
6.176041558226551,890.4661382500949,86.88678050387189,224.77873677716255
7.581342575087945,885.4379892870705,86.88845817138201,224.77611575026944
9.182050179082964,882.0782385133227,86.88965846288843,224.7743848835193
7.1092067888309245,883.0890413662719,86.88988988297992,224.77409665961557
4.2137957451323445,880.8933861616487,86.89064715867053,224.77316988243032
4.176654319834064,881.8020558622835,86.89130913855767,224.77229442845677
11.038075569973309,879.9503430075964,86.89452178354286,224.7682554428541
22.425868182217357,873.899985937593,86.89789964804402,224.76324429446979
23.90558106293119,873.7698952530974,86.90075797475112,224.76011740659638
24.23421593541771,871.6178233147049,86.90149817612436,224.7593086619216
29.146834645822075,871.9289451802073,86.90232867981514,224.7582978577622
28.983314174417544,875.6267956799554,86.90574381963043,224.75358330083202
24.919884788995702,875.4421980333908,86.90633038893603,224.7528768474496
23.56253178160148,877.7300709074119,86.90729176337413,224.75163118333086
25.042861016885,881.3393400573706,86.90924067653512,224.7489007981474
22.71551338146339,875.5135384644492,86.91042346950358,224.74709211875575
18.64833521080903,878.2951419135545,86.91270068636162,224.7444039621528
18.799420189972636,878.6079561541687,86.91465156667653,224.74194532030657
11.893051544301741,877.90898070613,86.91482114714185,224.74171442031
14.610850852223223,879.0449951633195,86.91704439638067,224.73884816080772
17.795723240677297,873.4947831339906,86.91825079516222,224.73706885032496
12.50264361488101,874.6881577195243,86.9189837161884,224.73611765670515
13.39750375850727,878.0237477444743,86.92024603296267,224.7344484481745
15.364739142740554,877.9520863660425,86.92087868093897,224.73354869219702
13.778846860159554,875.7280817439312,86.92116232485158,224.73315314744872
12.295317459047773,873.5642307237224,86.92163620619196,224.7325189490051
15.562874698460902,872.9251650431971,86.92208090476439,224.73188200904556
20.220135583428792,872.5029016242364,86.9225234292622,224.7311972814726
14.105721703856823,873.1360572642258,86.92257902501503,224.73112790956716
9.11838385891076,876.976206907812,86.9228170012841,224.73082320552473
5.053317041299941,878.6980151473158,86.9229142824408,224.730698662247
3.840005777666974,879.89280800948,86.92284122445588,224.73065194129103
7.949554642007847,880.9292895144099,86.92362741453634,224.72952301880278
13.218729065492582,877.0768438695889,86.92392621923923,224.72908918179704
15.5202779626619,879.2834190869314,86.92514227530343,224.72742680329486
18.941757709656883,881.4120435921518,86.93243207177977,224.71883025104495
20.48850754338634,873.3376135905671,86.93377912978472,224.71690290069867
19.812692852442396,868.5305994753446,86.93466688684046,224.7157291810704
17.620347902146683,867.2562383359912,86.9359611155874,224.7142400301813
15.729916452982565,867.1585708361362,86.9366137573391,224.71341091362788
17.75794877689978,867.951217128022,86.93758598618314,224.71197372040498
18.792892366930104,864.5991117882031,86.93848504383917,224.71082923265377
15.480847281706836,864.5940255071674,86.94075857915387,224.70810328719725
15.251469644685145,862.0398809413929,86.94280053437248,224.70573758781367
16.322294096185708,859.2266152548466,86.94474184323964,224.7034847812187
9.894451581585074,859.8184169926312,86.9449056703535,224.70328408236762
6.505721248509097,862.417193659604,86.94506407133822,224.70278608823526
3.313967879935184,860.1398914133183,86.94493481071383,224.702692113552
-0.4023608832803802,860.2088974682897,86.94490123988544,224.70262803980305
-6.795065209557556,863.0215402179235,86.94506971909995,224.70241072824922
-9.350543370012907,871.3905405882059,86.94481664746304,224.70200840687383
-13.58981276678422,877.6359605328141,86.94453082552715,224.70180534321892
-16.93971745985518,879.585207131375,86.94477241686927,224.70147141161533
-15.811028511401233,880.2735098725834,86.94505657783796,224.70110761315846
-15.023890362078923,877.3914613694812,86.9447187681536,224.70094146628657
-15.104170058030363,881.5396982818427,86.944588657102,224.7008867852405
-15.695148930758904,879.7666286494191,86.94447567044239,224.70085676908184
-12.036420783244182,877.2653072148006,86.94476267680454,224.7004707686899
-9.193043244160783,872.3319691565139,86.9444003827564,224.70028172718236
-8.998764558484964,876.6284832516262,86.94433157231975,224.7002844665231
-10.025127065060815,880.1648466322139,86.9444016038583,224.70020193905142
-8.937191783701827,886.9411139751078,86.9443718957851,224.7002051713543
-7.43209759910814,892.332230362101,86.94434254225324,224.70020182089084
-6.9518134863113445,887.1306568812996,86.94432128702708,224.70018773360457
-5.9344757613171595,887.5601696020119,86.94428734132643,224.70019104879836
-4.862673386302703,881.0721069540449,86.94426803479422,224.70017155408294
-1.2557570140147902,879.4313287143734,86.94474784362416,224.69943352163088
2.949794830177197,876.6271444006801,86.94743581173432,224.6947979414064
7.540111108360293,878.6683243485243,86.9483027365693,224.69360526678759
1.7907886172880652,879.3381561520703,86.94867005452919,224.69310687041929
4.910154730720841,880.7544648206672,86.94913126714728,224.6924034812845
10.949932651115738,882.0847316295379,86.95111839510749,224.6892478218408
13.046457436989442,883.4220742981627,86.95190122082101,224.6881006925992
14.498518939769404,884.7959750962465,86.95290287956773,224.68675405057888
16.022324611211744,884.6501730444206,86.9543232711496,224.68490058653876
15.080291716229546,883.3281054028263,86.95517184557598,224.68365346540008
12.942502107271878,883.6523654205857,86.95532610621592,224.6834395016395
14.749819742314585,882.9043922377688,86.9556777326454,224.6829716827031
9.955459956820292,882.879111968929,86.9560079069665,224.68251432504172
4.815816121886513,885.7633328845238,86.95611028172908,224.68235681468326
9.788187704423777,883.4717848413749,86.95647553035084,224.68183426008167
7.751025656024318,885.5677649995046,86.95694184287852,224.68128973056525
6.944505298483811,885.5463284308671,86.95716813153741,224.6810070188604
7.986881024623656,886.0907560552688,86.95792836367545,224.67995012706686
11.036882523364582,885.3647884088316,86.95895714643652,224.67859471902878
14.258171511424706,884.102121562921,86.95987635125499,224.6775454877239
14.158890643234109,882.8597903664164,86.96055285745258,224.6766260058855
17.3053730402857,880.6532537907525,86.9612801753184,224.67558563563733
20.631121441884005,882.9123767688432,86.96192017479513,224.67471181080361
22.15537628041774,874.584933355642,86.96184666258361,224.6746551710196
19.068922382791015,875.157317774579,86.96231869733901,224.6739775816576
12.669707711712398,876.9490744231442,86.96269811273844,224.6735054756284
10.207564311946179,879.3192160309576,86.96283396851477,224.67331692171442
10.841747123651167,882.0461688717942,86.9635820049635,224.67225967448942
9.68165562673358,884.9851175336901,86.96375743616134,224.6720502817584
8.525696743504902,886.8585620331482,86.96430530668364,224.67140785915126
16.591861411352852,884.1666289754999,86.96582225394673,224.6690497045811
19.927548607621404,881.450469836888,86.96680017540498,224.6675329522028
20.265800813602652,881.0510755746151,86.97463922066447,224.65771783237747
23.622746126094114,879.4592499988162,86.97681543299234,224.65507776617133
28.502801619619035,879.5940396467229,86.97772129164562,224.65395856528684
28.163073620704722,879.24172842093,86.98149617527747,224.6497693165283
28.30639911756839,878.7550105091327,86.9836728094474,224.6466416268441
32.00677036554412,878.8119933773496,86.98456166878158,224.64541673489848
31.77702984097197,880.9458684709354,86.98583204101739,224.64401157183588
30.73133762812047,879.5871933201166,86.98693831806926,224.6426006678
28.209434854150253,878.0315739235696,86.98803928379535,224.64135262159982
28.61598914882444,875.2398715572007,86.99239081417124,224.63568321951084
29.402570118614626,875.8134740416349,86.9937280048399,224.63405007853078
30.733403464826296,878.7110253427327,86.99648072502947,224.63097590345944
33.770104475249845,876.9817154640813,86.99945514232324,224.62757430990155
30.605765701400607,879.3739599151553,87.00117403371068,224.62582504703576
34.75006645195644,877.6117742793889,87.00605912775282,224.6200590180772
29.62254541301543,879.4726061232155,87.0086569383619,224.61691048812347
33.72835002277413,877.2961354236952,87.0105782593108,224.61420718425276
33.6731065998144,872.8062648037275,87.01145436886017,224.6132574680725
37.447660957380215,867.2682723329407,87.01764302845389,224.60607056516372
38.56866569659428,867.4718787276047,87.01884362731153,224.60434114089452
32.524324255033996,869.9008664441163,87.02075645275387,224.6020433125466
29.370893354352702,871.9816646880986,87.022064341,224.60044953301718
26.827535503820634,875.8170761916439,87.02472366465325,224.59732300190916
19.973663459332442,878.9473080721874,87.02879915926928,224.59222938089778
19.85989173746836,880.009557802949,87.02977496209684,224.59118210595918
21.73899533920042,880.5411149653169,87.03048604400259,224.59031422306447
22.9649052072155,882.3147769113868,87.0350054288373,224.58496654437968
24.004187604773513,881.9699629605184,87.0441016616296,224.57366998999714
27.218370766270958,885.7187614608041,87.04886417240546,224.5671694860077
38.83566947003701,882.1729986853878,87.0637403366507,224.54833012289993
38.48809024052892,881.7431910986622,87.06452852589149,224.5473773093859
37.15312014148451,880.6383818047613,87.06726482078207,224.5437447832963
32.72428214661985,882.5389010416711,87.06797097713736,224.54281426540905
37.387787570766044,883.8131022164221,87.07042218023658,224.53932806886132
33.931981490182956,881.9507190474384,87.07247318417619,224.5368249957417
30.406380173612504,885.193154307418,87.07346200353535,224.53582116737175
30.544168312433243,885.7348834218817,87.07967139283647,224.52908579878067
36.42789106093328,881.3282778829334,87.08460577101951,224.52360371566635
36.5627610972576,878.5815236153913,87.08560972407811,224.5226154283935
35.18367343017925,880.7808219384667,87.086018334602,224.52216684208764
35.8911339197042,877.9326861596611,87.08691294736423,224.5211074480082
43.32848907544599,875.2822844448051,87.0899368201458,224.51774789859422
42.14397288090272,876.2882810904453,87.09054002527236,224.5170763903797
45.84610638782213,875.1744954139294,87.09105816768354,224.51648307055976
43.07543003658089,875.6542915264268,87.09276853618165,224.5147367718498
35.38465054474846,873.2468243314356,87.0933107885843,224.51418711489632
36.62210776858326,874.0072862032148,87.09404426724527,224.5132541731491
33.68083918212909,874.1292904091017,87.09444938677836,224.51282964919068
27.518005227248295,873.0795741046359,87.09567157205265,224.51140976865105
27.984474588149936,873.1648684036029,87.09915007227238,224.506910481959
27.165707540165172,873.9648769643745,87.10030015792697,224.5056004403031
30.929855258591267,871.4200339985816,87.10160677185603,224.503893854799
29.773549562582744,871.0936834626618,87.1029796365751,224.5019712393713
33.54748750531536,871.2685030617336,87.10366770832422,224.5010139679552
33.36933787571089,875.5085024512451,87.1074453989964,224.49659540438623
33.4551544887181,871.7805214503896,87.10807916292835,224.4957869860226
27.439323977390387,872.4356353520703,87.10845871433133,224.49533882667387
22.288388323629263,872.5159918251052,87.10879823016657,224.4949613468697
24.88248694680614,872.9911730476722,87.11024961204768,224.4930678849092
24.74381599500461,872.5314172381488,87.11229870187282,224.49016114801415
25.276396574985085,876.3979956311886,87.11588983073023,224.4846602495383
19.317566021977903,876.1240529258613,87.11911078171529,224.48052075927976
22.399325010286105,874.8019107376607,87.12292307014405,224.4756674003141
20.0112454160394,873.6137625164203,87.12364490359596,224.47484906999833
26.067578950469773,870.2137936210818,87.12507447627574,224.47275343629778
26.027475047784456,866.2315434212824,87.12553707838977,224.47217119048045
19.162320524483967,865.3747858060474,87.12596483836965,224.47161085561228
19.423776507366362,864.1029819761125,87.12620522398426,224.4712751103308
13.700130659431679,863.301007195051,87.12630282042736,224.47115293611782
8.463940762118249,862.7820537866928,87.12628767181691,224.47114285410683
2.3486381913330163,862.3790622403733,87.12640975827263,224.47097676204191
-0.08258555161255288,869.7890945387031,87.12634560933711,224.47095763657376
-1.2948273831808308,870.3729278937697,87.1263321449407,224.4709487786135
-3.3571551426832897,871.8541840496304,87.12637723990387,224.4708833949164
-5.52705547743939,873.9341968402376,87.12655159716022,224.4706402233698
0.7905516094565286,878.7985006942047,87.12705004696457,224.4699978703553
0.08380999500678854,880.5781533148084,87.12795302417032,224.46871059827916
1.691483392936405,882.9677894714173,87.12844990583184,224.46798890990877
3.3058756350778395,884.0136752104173,87.12921459108938,224.46690303791158
6.294711231397976,886.1771690393853,87.1298926072809,224.4661001295789
11.521823599657097,884.0049537590953,87.13120566678316,224.46438553711312
14.486803929473432,880.2178045403942,87.13189238034995,224.463490569364
12.639919507911657,877.5888223388131,87.13273743921752,224.46242367674986
12.176235043066548,874.6272634241437,87.13291737640743,224.46221167591898
10.440289313431755,874.8404953501347,87.1330552384175,224.4620237328841
12.72508653006755,871.3261672273154,87.13389108392398,224.4608438006968
6.733625240542409,871.4416756697129,87.13418960901919,224.4604435301242
5.808085324967834,870.3144407581219,87.13431443070789,224.4602792113843
3.603251328997807,865.6003190737435,87.1337513092141,224.46011395739922
4.46273112204284,865.9882676228566,87.13397278391506,224.45979649050182
4.643611219049447,866.488958171421,87.13426181189433,224.45941544010287
1.6766609188023267,868.8796484593655,87.13414046262051,224.45939167573746
-1.2340430717285784,869.5809963085342,87.13413349617255,224.45838288421464
-4.446487655613836,867.3251851487752,87.13405775915791,224.4579254880039
-5.726354154053411,868.1639428748815,87.13365777569038,224.45816884869558
-10.50758952164076,870.6778500915157,87.1338154310311,224.45797282363046
-9.125804973679536,871.4591477547799,87.13372032268799,224.45798621597385
-8.63145241383215,872.6789664602294,87.13405766391165,224.457506291037
-8.29523986894393,869.781179856905,87.13381304793968,224.45741041885867
-9.684756664766944,865.4148067532597,87.13273842616103,224.4568831199849
-9.170999975880846,870.8241275279901,87.13264890703141,224.45683364205723
-9.728915113683307,873.7824701876335,87.13259428254325,224.4567866970991
-10.900300365837175,870.7336286914699,87.13243017839152,224.45661602884275
-11.95017518770215,876.669424621792,87.13233465114673,224.45659666270544
-13.703952902660355,879.8879238041976,87.13244593776786,224.45644979935892
-12.697591005023554,886.240436493324,87.13243390587621,224.45644818667023
-10.38079414741209,887.7984416540345,87.1325515286965,224.45631096362263
-8.594073170680616,888.6559119106104,87.13269198604593,224.4561463703852
-8.859975842793098,887.4006222106116,87.13277901657689,224.45604461803887
-8.886047625839822,884.373969662101,87.13272964508761,224.4560054653347
-10.094012003251535,877.1833004581237,87.13254788431655,224.45594757964923
-13.651029514480754,877.2446672315372,87.13239042096566,224.45591964142855
-16.121141352017133,868.3227958979925,87.13134326779135,224.45575209123285
-16.302988867513648,872.9046494894793,87.13114383619893,224.4556706254222
-16.570094640836466,879.5343971315402,87.13093960134661,224.4557244822307
-17.008266266064176,884.4085186967878,87.13085496293179,224.45573135936488
-15.347228882676646,884.8115326641639,87.1306788949635,224.45571653191234
-13.408951147917719,885.3856711401526,87.1309869050599,224.4552854442311
-11.03750854037213,883.8642283218574,87.13117753759445,224.45503591465328
-13.23569399393103,877.3113922261584,87.13108075901279,224.45463758755741
-13.591585443456943,875.1436730153447,87.13059166967274,224.45461105480882
-12.719231666946015,873.5915105196794,87.13042659616596,224.45459835387848
-12.239812173070412,874.8752226967312,87.13062723692046,224.45433889769376
-11.659335920082306,871.243846180254,87.13041856353244,224.45432223155143
-10.2500625438838,869.2157240801233,87.13034824965777,224.45428534203015
-9.083571029703094,873.5327086756698,87.13015178135495,224.4543970377779
-11.936926825876888,869.9971855485054,87.1290009965358,224.454395986046
-13.792847042354794,873.9390985568423,87.12827505375918,224.45415876026573
-14.652494821016937,869.3955927139604,87.12679667576548,224.45380148088063
-14.540332412357145,873.5733920143616,87.12656431216408,224.45381754224863
-13.713443474001927,882.3747161639453,87.1264187186644,224.4537407305078
-14.219491870727794,875.1483334196199,87.12580494082707,224.45315996671727
-14.839561619979612,868.4162968210944,87.12525694982112,224.4529749697985
-16.954506981700888,877.3113464286448,87.12496979393018,224.45303688751028
-15.771761562685455,886.2606003919541,87.12441649976833,224.4531343075715
-9.994971511877182,885.667495028386,87.12520250990715,224.45197544967027
-10.000558622716213,878.872924562104,87.12501948748107,224.45180478250293
-10.773248181290526,880.7896017199425,87.12336517548388,224.44801623029943
-8.932883498332444,875.088540826159,87.12327483811691,224.44790107938974
-10.343820411960166,862.5230948695544,87.12264080709599,224.44738048649558
-8.076174896004524,854.338115003824,87.12187373911293,224.4468339313352
-13.017769982250371,855.8404712167014,87.12177648179505,224.44685149177127
-10.066997063198322,854.6732993371946,87.12112480873002,224.44698151711177
-9.613717529762006,854.1743871388602,87.12095283254037,224.44700276217299
-8.237809289779712,851.3830223574748,87.12073304180002,224.44700918422714
-6.727826648228017,851.1756304730906,87.12059297880467,224.4470422577672
-10.940482777442163,856.5092563948573,87.12056744579009,224.44705535258825
-13.29942289054739,855.8879769328651,87.12016926395,224.44709835497997
-10.379624328264136,852.4904596407072,87.119823657633,224.44694546599868
-9.828543586748737,859.6725694332837,87.11971271743363,224.44695126841893
-12.029253167917759,862.6966727680053,87.11953581043574,224.44681598340557
-11.41096789082627,861.8736851618988,87.11947136072206,224.44683730195703
-6.763743078005334,851.4126019983421,87.11895369613976,224.4467643254816
-10.920341993687934,856.7541536748043,87.11889907846931,224.4467483214951
-12.470830829184685,857.4776358385867,87.11877058262321,224.44665551301915
-14.022394081572578,863.5127076640898,87.11851712257051,224.44666700575067
-15.285485935701068,870.7870889203774,87.11846167410447,224.44665918525305
-15.255814250133554,879.81481425953,87.11836620649527,224.4466284288231
-14.879735858414925,883.8986956879746,87.11815438222168,224.44668078036884
-12.078016144044163,882.7976480953224,87.11807465272942,224.4466902322594
-8.379496804637263,885.7840160062341,87.11803485620932,224.44668457019563
-6.759763786537185,884.9025917668836,87.1182746210193,224.44635768058757
-4.117691072982041,884.4969415259952,87.11865792620881,224.44584915901126
-0.6449944449124985,883.8652682744005,87.11935203045181,224.44496576851623
-0.7533954143929193,876.3441667507918,87.11918000901302,224.44432785809215
2.0675538840831678,875.6846283586859,87.12092002290069,224.44213107701142
1.9235664762886557,875.0947106333193,87.12170240441722,224.44103793983112
0.1379339529087602,875.1820979666097,87.12187031563319,224.44083332706623
0.14755198896769883,875.3128490581549,87.12220169216114,224.44045495021396
4.621837457906871,873.8985169050294,87.12321380787166,224.43922209116656
4.256544998783113,873.4916858841528,87.12380824378886,224.43841545110737
4.854784182671324,871.6922815525951,87.12433371741258,224.43779903678458
6.425172162092757,871.1003880846683,87.1261816599369,224.43538797649856
10.543910740394601,872.8147678888503,87.12720414475167,224.43413386129876
10.563444066884138,872.4186956586092,87.12945234699053,224.4316294956587
9.773083755730418,869.1668563293125,87.12994690556964,224.4310366469887
10.577782692941199,864.5971997630766,87.13087389076722,224.42993840250747
9.404016986193867,864.5955359088204,87.1311071589677,224.42964329810255
7.65003602197676,867.2969524914105,87.1319627832332,224.42851492113024
7.117044036410263,866.987147366648,87.1328353556693,224.42741390366078
0.8228236821888046,863.0149874146261,87.13304402370694,224.4258295527911
-7.066813303875364,861.4572307892477,87.13208842735384,224.42513305814097
-6.276293865612423,859.4991229771036,87.1316930854883,224.42495587923696
-8.02225450353204,863.456680459218,87.13105135206544,224.42459721307338
-10.125094299630426,863.2269173668883,87.13043879185743,224.42403609838584
-8.64426388652329,860.2143700539233,87.13008954439377,224.4228565200618
-7.371030244180062,865.1188243017671,87.12997703036771,224.4228564868986
-9.323422912553639,865.8354777370919,87.12979505907043,224.42293010083003
-10.034101228934325,868.418280992109,87.12965065137313,224.42288478998393
-11.270255873102165,871.9520135059893,87.12959956716547,224.42289412745782
-12.06772665587728,874.573888606979,87.1294780423913,224.42286731796483
