1230.5,624.5,38,120
1229.2695472187131,623.1834353507564,37.88235391252633,119.59364002923044
1229.708844128033,624.1151070495786,38.224867576796875,119.88605930401056
1230.6761645942495,625.7021882330181,38.72409862884565,120.55577282214131
1231.2027110071795,622.4643876237043,38.370423334476044,119.34422117822007
1232.225199131464,617.7889683980986,38.355654004623155,119.90132317160678
1230.8040644909097,621.2477013604124,38.27972470022192,118.64657840405309
1231.7445781829406,614.8569715900638,38.59719794939965,119.91329318614432
1230.710331052661,616.4216163428422,38.355814575910344,120.15171975457753
1229.7606315220632,613.1804197544415,38.44404496645169,121.19663343537673
1231.514307444419,611.0226686079783,38.28541343385879,119.97620128006083
1230.5678187198127,609.4624195973561,38.474687479598074,120.31588894516528
1231.050552834521,607.1374543518108,38.10684528062676,119.14138420218589
1230.931814992848,608.8818959782079,37.798776995295185,118.57275494147231
1230.9138729325427,607.0362063391927,37.51081939508644,118.1356757195943
1231.6864365988313,607.2026603459802,37.836971659791566,118.01111326823892
1232.6571850532298,608.219417296204,37.48319514512934,116.81177251070122
1232.9426647024607,604.8501229624295,37.92073236957098,118.09287025722986
1233.195349480801,606.8515828158319,38.21039251269241,118.01777767025229
1233.1743417684872,608.0066510501596,38.068312584432036,117.20838923988899
1233.99362246642,608.9775571393583,37.68965247373825,115.90801345952087
1234.2865316578782,609.8547350948322,37.97455370246638,114.6408095289731
1233.1338241152248,603.90941163406,37.968671132667744,114.6346306601123
1233.0415342135145,602.8675903848521,38.000724170026594,116.18689941928547
1233.9240999062615,601.0006273310114,38.30201333964722,117.15803460861653
1232.894416582241,599.9766320777162,38.11634767720214,117.37512206192332
1233.8364792347807,599.9480782141479,38.39760380370275,118.16411885814016
1233.3375038438462,600.3044697287007,37.94515029918709,116.01841620756693
1234.7861184102737,599.5497694111566,37.568078026683565,115.02323324547197
1235.1514855383468,596.3792450842158,37.295249092850426,114.95837760629342
1237.210740936721,595.7123282787031,37.85971787984216,113.98714415494075
1235.0770064087042,598.8208906026318,37.5198680577024,112.25563428369465
1235.9124782921645,598.1209737586446,37.16475058758805,111.44864223848437
1237.9045653360092,601.6401816635895,37.461118396718646,110.46149214514733
1238.8752112672462,603.732941110162,37.46836793706132,109.99584572667273
1238.7836030084102,601.0507157286739,36.83134449358633,110.78750205224041
1239.3648305060867,603.6416055984166,36.51414761495503,111.62323272687851
1239.5400104022726,598.8164548373442,36.31874963209911,110.39116520758063
1239.274845736296,605.5662547918565,36.262128602324026,109.37838075113157
1238.3035859889048,595.5126644433816,36.69635685259934,110.85667427156773
1237.2432002505689,590.4316307487068,36.566580443376445,111.9734640653974
1236.7102065270078,591.6182118536549,36.190706380222046,111.90210043757824
1238.3297644310312,593.3394126243159,36.313633714493776,113.34492753013691
1239.3775997230173,591.7905203982325,36.09610679869639,113.23947397189693
1238.1384375910986,591.4046212408659,36.004473567797746,112.06416807100813
1238.1134589433668,592.1277515002531,35.758285632729894,112.14429297875527
1238.780125301067,591.4175969796235,36.1164103081146,112.54243493341318
1238.7171294794457,592.7209923054219,35.972336733147316,110.62889434189798
1239.9099964792754,591.3643939339598,35.89583878313966,110.19378399978471
1239.8678175307816,592.7718942534148,36.3164156034578,111.32543863431243
1241.4633244566944,591.0191283139736,36.606834666365785,112.10039685901972
1239.9810768309123,590.3922738510673,37.04049357416478,112.49083663457523
1240.5137678910824,586.4816383299659,37.54820510655016,113.61428176811731
1239.7056522257976,591.3817636127432,37.261729337205104,113.2788053343377
1239.3060296080776,587.1004482989086,37.318995569692476,113.36841159372065
1239.283382518318,586.4963667229988,37.46246938014686,113.48744195974308
1237.8069894225891,586.2107327238396,36.97121360421256,113.5779914347977
1238.5272682326001,582.3575045904669,37.7461060326373,117.10702994641619
1238.3394960790636,584.5377922035046,37.76901295934884,117.32686567767699
1238.0401004474604,578.6649022650681,37.788315766306,118.41586340428152
1239.0642791359182,581.8396367567082,37.905276401627965,117.8600159610711
1239.6255519434162,580.909154469319,37.782561330626834,116.38903010974754
1238.1737187759825,578.2812421134612,38.5299748044711,117.16637925078463
1237.7612129585582,578.9673049058187,38.62995953378339,115.51241259660972
1236.2875118314048,576.3729379905616,38.74504515105099,113.69647008511329
1236.376969076043,577.3423986344637,39.276502513695355,113.68769489544583
1236.5447471554055,575.8775166851884,40.14186645995078,114.22398278462767
1235.1161824604258,577.917857124889,40.23535043937279,113.87295621736025
1233.8121845732412,579.06433612868,40.050433015270876,114.62307472497608
1234.1709260574305,577.5765536095814,40.07501881443978,114.82962087469963
1233.2090324079259,575.8154974870132,39.96501004144275,114.99180141245391
1231.4196162553724,577.1098827608982,39.78982666242182,114.14477156826672
1231.9410943627208,574.0987912931636,39.959869314760105,113.04703997202814
1231.0209542273496,574.8114661632892,40.86833402086977,111.26544453523223
1230.6123811039045,573.7535217052671,41.29363465404233,111.03561006069737
1228.6509028639086,573.1774955700015,40.76784206863465,110.52921196616194
1228.738331996275,573.9537574250609,39.982479593906454,110.05073915936359
1228.533751975592,574.4237523700605,39.501023635574406,110.87933447444243
1228.9495223706917,576.5709295886629,39.26023920209071,111.10463526489862
1228.3529270284662,575.7035843799745,38.78768713160591,110.21398450528883
1227.5815892662918,572.4004683383166,38.741805889444464,109.364217691052
1226.008603269089,574.9443819248154,38.30189665063493,108.36925121675448
1224.352023344671,571.9170095086612,38.451639636983195,107.38072689165315
1223.378588492582,574.9746827286488,39.04393787948347,106.42164904832717
1223.9237354856348,572.6648894549679,39.27474532045604,106.22872796629444
1221.5044712144215,575.6886143242531,39.02137542156766,104.57418107882881
1217.537456188393,574.7184904620614,39.568150281821886,103.10455770183275
1217.9726924933227,574.2693456707419,38.95344430213509,102.52726873794765
1217.6449307975315,571.07736682303,38.734170051486466,104.77252737865341
1216.5958041562017,568.4039184079802,38.39194500925621,105.23850999747995
1217.109243549822,568.5106507684475,38.498840502563986,105.2741490462053
1215.9094891663638,568.436328808943,37.96262381896426,105.02761294845828
1215.3478984533733,571.410139498038,37.933959074519706,106.71433376387182
1214.9318948278565,572.2300691157758,37.7961781914553,107.63688464459185
1213.9054877905237,569.6932120367014,37.142730631294455,108.00508246439227
1212.6883602535759,567.681752312763,37.589729535870944,109.74625886264738
1212.2131342120113,565.0821682228768,37.08092759258694,108.58512888568164
1210.575476818425,569.4198096892916,36.88321515045065,108.05713427530078
1209.2433696793996,568.8249213817261,36.55632291833887,107.68039294132751
1208.5275518142353,572.2118389539294,36.92821178720983,108.39946436735542
1208.6232596240184,573.7969254057366,36.615184728952215,108.16846325481761
1207.7898151048764,576.1491169354694,36.35334745173749,107.85535321705011
1205.0982513403374,574.1597594694613,37.33677100132374,108.09920677516499
1205.1634330843428,574.780743271247,37.54498293607629,108.74430839690467
1203.5147909426064,573.9493994744576,37.317643587118354,109.19468841811893
1200.8744119959654,573.5165605851037,38.040617876732256,111.40849916477563
1198.4029127052888,572.7755890403273,38.50992117991763,111.9450805804964
1197.440184643164,572.4845485424871,38.37272948464826,113.65953169050314
1195.5031788272063,575.6427703480775,38.4297111635604,113.72557203852043
1192.8130374909515,571.1089059332332,38.122348400737074,115.10871815794273
1191.1087139005492,573.5256272867348,38.84728905955333,115.13822720646328
1183.8560882654508,572.1570025406005,40.196858719643075,113.5182431744094
1184.8705859206366,573.257842042028,40.58030943130504,113.18183788562021
1183.6819503304143,576.2098092449488,40.70231227640713,111.48905078812808
1182.5623683925305,577.4383070446693,40.40076713346771,110.31003241685184
1161.6737601059083,567.487364848104,41.832139437913035,109.47637260527048
1171.231860048026,570.8328268212097,42.90373900741301,111.75348149597318
1178.1336236631207,582.224379200608,43.01018682910361,107.61650825267921
1177.013706247454,582.3427134533038,42.63082739125706,106.98076876912317
1176.5021949181166,582.1637099298309,42.193004817921455,106.18662899981528
1166.3726376361105,582.1433988816254,42.98495057395045,104.73357371852524
1174.7606557106765,590.8440241965919,43.648550655287316,103.54912187094108
1147.6537191789828,570.9275919648085,42.68877869914324,104.68541879910765
1155.0943438367917,574.4638023227335,44.85771554075208,105.04766614737501
1153.8908072285356,577.0764274957456,46.12758804410656,105.4586410248918
1154.543211974123,578.832270151504,46.53208252803692,105.96934560213865
1155.6740820540588,584.3711465635976,45.91771509079132,104.95160178063693
1157.5401414001428,586.3745755602953,45.274461678774564,106.24832883973187
1158.5062937026007,589.4951321516727,44.61242193782656,107.61308399651556
1158.7072716599762,588.767918888118,44.1826770412805,107.35697261316375
1155.6995364831655,590.4979264040721,44.314220049625916,108.93593472740386
1154.582286387901,590.0977558440098,45.00218331770019,110.71891307411012
1151.4515574910943,590.0186543215736,45.24706529802028,110.51568565280745
1148.8123437358872,591.1785664955531,45.27571119985238,110.79354020461354
1147.6270540080275,592.3510593885384,46.39178752465951,110.17653634365365
1138.5498845454224,595.3287433176259,47.43022831754503,110.8127054842274
1139.054167578014,593.3630615528366,47.90270916741678,112.65719429037162
1138.0649399002382,593.504427642494,48.29080674251141,114.26166294342383
1130.9244902695436,592.6797649793568,47.80024451708416,115.50656932438542
1132.7372800002818,601.3873479327069,48.261387429570256,115.56453078279753
1135.1079040860488,603.5185991001591,48.167574923166825,114.40426400354207
1131.5038597128375,601.246442471821,47.14466372299501,115.48134860917159
1130.4649261144452,603.2555917676424,46.43861301587975,115.05098713415168
1130.0599158211267,600.5531874330559,45.058604458229674,114.81485370661454
1126.774332611286,599.848237051241,44.15374386603977,114.58897485102736
1126.2291562426146,604.4922336222274,44.23704716204493,112.93606967597339
1075.4383139492086,616.0255759205052,42.58456274250912,112.72964508918346
1075.4729777067296,620.225935280707,41.87711207282715,111.34626941306097
1076.6840214288495,621.1369575042402,41.64642801756426,110.48914703649791
1075.5670742276805,622.9423793905378,40.97041007210853,109.98172685933106
1076.1436493464325,625.6280234671403,40.47685925801326,109.38996780082188
1075.7433822908592,624.4060220354049,40.157581595859604,109.95426487758773
1076.5811239213097,621.1549712032793,39.399226719071876,113.31660652444404
1076.524019504604,622.7816027192653,39.085113773709104,114.77699610325082
1102.395011656074,613.6738211888261,39.357743575993275,114.4645211392269
1108.7903914432277,622.3243157204661,40.935457054664795,112.83428174025363
1107.8799694041459,615.9565127594747,41.58070227304141,113.17493965656003
1096.0132115049398,619.2876350619541,41.73949387406564,113.09610769884846
1092.458413048656,623.4176049312354,43.39309236591809,112.97026410591585
1090.8303627763714,623.8087502481721,43.45004497080531,112.8760912145807
1090.189072170135,623.9465293060921,44.39847944522577,111.88111576513796
1098.0338585888717,616.6459966044317,44.20534463418059,113.66219005670342
1096.1960407780202,620.846284394433,44.97342109946566,114.01066843177892
1088.096886180948,603.7529028654488,43.84055544314614,116.81074325732546
1095.059679195227,638.3106373694246,51.75474068533984,109.01270283824097
1102.681897652716,644.7626778335158,55.333923612891304,105.33112938686521
1078.9263379401964,620.9916993741737,53.339431618253045,108.54389319031517
1070.4363804128723,621.0890120058276,50.15775037468342,114.04726645071956
1068.7105189798283,617.7268026817231,48.22056723872671,117.75267121724508
1069.1853432150353,612.9946065654448,46.948076140548956,122.72243358987738
1070.9154803391662,601.7355422891155,46.10775099468905,125.66600579182791
1089.6495542764922,630.3275118813714,52.21992157096453,119.11113307460141
1089.150429527403,637.9686225480026,60.067790457723454,111.0289535122741
1083.3300135604647,638.5203683449062,65.59890454568315,104.89427152311163
1076.6752697323036,642.424556682801,71.94439674530969,97.92650153677504
1075.2578980607057,644.5055852233058,76.99254307503216,93.8614230233062
1073.6167893083532,646.1319233095077,81.22715584007125,89.84390028756316
1064.0364750258639,646.5809693114875,82.21840040236411,89.02028251401217
1066.632409692304,652.7151398925232,84.68420967360987,86.31929746156001
1047.3075198853128,631.2079777225023,78.24425997851029,91.80696469710969
1064.1102226065073,642.802849037537,80.79691651732249,89.72557663552158
1066.1325166345578,643.5521875967881,83.49922425132172,86.71899868293579
1061.1971659231538,642.7362260699621,84.10957163207634,85.85281287275726
1065.364786367841,642.2719325653089,85.94250834737736,84.46724978707772
1060.4209214032787,639.2682341952451,86.022392207166,85.26477237406816
1061.9345903134927,643.6158050490673,86.50330510008621,84.86791233604055
1057.7055701003344,639.7971631549256,86.57719883603441,85.59373190999901
1059.995666347203,639.1329904346702,85.85069243658108,86.4938045667533
1058.0189871607681,637.0247908130531,85.44089925915776,87.06204168344651
1059.9453783210033,642.0042582916266,85.6493776389135,86.85083602775215
1058.489091883614,640.0376048094379,86.36110169586665,87.04781701289687
1052.1441893412587,645.3406552122243,86.38406718096802,86.97708989506806
1054.6505151132576,644.3449454305922,86.58638193411988,86.83397748353973
1053.8718415888097,642.721167389433,86.74489344319784,86.41284765277203
1051.6136566262483,640.6567711097716,86.99697398920077,86.61009352401523
1050.9516394269483,636.9323586544963,86.11177844166421,88.46156306881268
1051.3255704465541,633.2530507050241,84.43235350190913,90.27678774003485
1052.3258143146638,636.5245569024887,85.40783078873056,89.40668555857602
1050.4939269141855,633.6864174039962,84.02634325295621,90.14110483342378
1041.8914966955065,626.636877067473,75.7745558173896,95.19241500628681
1044.3957162406357,623.1056663886231,69.71890698744619,98.39812569160816
1044.9877825994768,622.4675795401429,66.24823638409802,100.19831594769268
1047.5149857902516,619.1643672773703,62.51319085478996,103.12892179152094
1050.3123640116191,624.9320391239787,59.30089166837203,103.66492533493741
1051.8578877063248,623.1663801521561,56.213651377332624,104.64887165268235
1052.6224211618724,628.2259324717577,54.210496035832676,104.08294961540798
1055.0850177586112,628.7262994936132,52.01714202234788,104.10943594008232
1057.0584364412823,630.6714631435489,49.88325944044545,103.7926848521402
1057.5399560008912,633.9932408809088,48.34049803595673,103.53721521955275
1058.81440763478,630.5640505667085,47.36129214824496,104.3604367369305
1060.9066970996773,630.2015849415058,46.68111967062937,104.09099973219767
1061.1319286236621,630.4667459000946,46.25248055041972,104.58650510364753
1060.7202923931263,629.449654406991,46.779246129777455,104.35313404513107
1064.8392921962086,631.5855108227947,45.97094689821635,102.37199552573388
1068.034944471963,633.4775627189979,44.43725543340794,101.40854254929121
1069.3834195664595,635.9004216393198,43.72524470040098,100.15629480523562
1060.1662828246137,645.4649305965814,47.25923055591882,95.67575349135927
1071.9998224640158,636.0482720788302,45.615029923965416,95.71956552197884
1075.3765496910557,632.6814754713123,42.81415306082761,97.6506608732451
1077.4150448726032,635.1951676716551,40.1552350406053,98.24806714104727
1078.4774697104272,645.1542678197353,38.52766417450512,97.76028295206453
1086.3455470304896,640.9029298000761,37.09826269294962,97.54886673674422
1086.789890693121,642.864783353972,36.29288824420906,96.17060459431481
1087.5962223633821,645.7941034646873,35.21085656510196,95.77492413927226
1089.2257194603937,643.5562225118505,34.31885651361128,96.91439687754186
1089.6484392884292,642.4881251039623,33.689638890444556,98.628004775441
1090.4393166946386,650.7187772235345,34.047565250396744,97.6007892432668
1091.1046265141438,653.1289682578646,34.115818106083985,95.71979401924152
1092.5888388757344,653.9645377983974,33.56120888125485,94.26495500846173
1093.9228694046628,653.3764153975817,33.52078354078982,93.68538144308873
1096.1945361822225,649.8699931796897,33.5962010347125,94.43606986919866
1101.9421559311245,646.592062659867,33.36207565739199,94.93474764315796
1102.458186684233,649.1244127199017,33.08574251516588,94.84671445042633
1103.4464869306696,649.4989704822053,33.03449709908246,93.72934870480492
1104.915751205502,653.2947450553262,32.990130727457114,93.50497084609992
1105.5384425431296,653.5341480819033,33.05331199987969,93.23086195485865
1106.4786425440711,660.1230810091146,33.29097997780886,90.69716495419588
1108.1702629429874,659.3456233258767,33.27130343283009,89.55476105149144
1109.5779600212957,658.2221891186939,33.36266472360094,88.91090647582092
1111.2375143689478,661.4075217200461,33.21661668389055,87.86997130699086
1110.2316179543147,664.3099933374519,33.08644460074202,86.77908122617094
1110.9582213266356,665.1255868523729,33.362384455870036,86.31167977314949
1110.3746233226957,670.3286914298204,35.028094102723244,84.16853786373781
1111.2402603999437,671.9227716476585,36.119356178314234,82.3993371648858
1112.3375137415358,673.3129954322791,36.716095194059214,81.3481220261025
1114.2094419701077,672.8823887348348,37.355996328162746,80.59255502071508
1116.5526367909915,672.5211537533044,36.951829434198025,80.1919010995747
1117.4562668747417,673.4665379525478,37.23853408183731,79.73905172174076
1123.3240489789678,673.8003258360751,38.45291913791151,77.95944270673841
1123.0770981453359,676.9435521207497,38.9214408326429,76.39946060781756
1125.714174996445,677.324232041705,38.29494833953104,75.603323284798
1132.1936052173583,674.1079695236614,37.842381194518524,75.95919102565826
1133.179287901577,674.1034766499985,36.020058939074126,78.33388822356092
1135.2811415218407,670.5333784142504,33.986832665115074,82.73354299850868
1136.4845582973965,668.8065080829134,33.752773428883884,86.00222977619958
1138.0683659914275,665.8401767326374,32.55454283028848,88.84777313585508
1142.492109521395,669.3424985311447,33.10908194680618,90.39480915004657
1141.0619646071018,661.6708061211586,32.835525492433526,91.99511096983534
1146.1481897672413,663.4184854246679,33.166131698338724,92.36589225158036
1146.865033243955,665.2692540765571,33.52716217597991,91.8451751744712
1147.2837269350775,668.6868795972277,33.476101321329935,92.41239472181398
1147.5256021766822,674.7381882208279,33.08070136510927,91.32626459619577
1149.6328682533174,670.5122589634815,33.23683094737377,92.55093070900264
1150.4998129483704,672.8441979916345,33.39647025714248,93.13645565257453
1151.5260435212122,665.7155545534504,34.27874822431313,94.08432766535628
1153.8129142055122,666.4011500477507,34.06467511056525,94.63419139763425
1154.8859702870154,668.4372682585603,33.93017130975669,95.37692785351751
1157.4789618608693,664.3552794436482,34.20909151669362,96.98774958429385
1157.7700593434229,659.9599342708219,34.09682505462292,95.75503771589607
1159.1714437777784,665.6242295808818,34.492090233992336,96.4692184351929
1158.8975692727345,665.8630755780987,35.13690335173688,97.85618646540199
1159.0398165578895,664.619015974007,35.75803656853992,98.77485267256317
1160.5005201599633,666.8038168118454,36.35265776862809,98.98975703173724
1161.2514289710848,666.3368004370607,36.33096652730554,98.33313195106854
1161.0195512108937,673.1447428729224,36.67085602605447,95.45880229327332
1162.6661860946292,680.0315320253936,36.81991161220597,95.1297029769782
1163.1592774304138,675.7276028785684,36.8439921452113,93.63103203478897
1164.1767190447138,680.4471610822808,37.63401550421213,91.68214428031814
1166.5061225969584,677.1577175195162,37.42790376944338,91.51182963125021
1167.7279532649284,676.7830047333846,37.11727666278182,91.38530707242904
1169.3751428314545,674.7531851783436,36.89531574262045,91.19523800685172
1171.0648235356102,677.4866480104953,36.93622620778312,91.47610363283164
1172.5779513370571,674.7124317874675,37.46065481852749,93.15966600747606
1174.1550653010297,674.1472765687406,37.15808404275835,93.72699007102858
1174.9226812376128,676.7203315011948,36.944589220602175,92.75324396420719
1177.086202365205,678.7199567380118,35.89711921387658,93.43774507367276
1177.6520773186505,684.4418550985037,35.16850263971501,94.82960928713716
1178.5035914665787,675.1977529556292,34.73961911257341,97.87813919544475
1180.212915657351,678.2090775453555,34.683657603511094,98.97386102581864
1180.400341106442,670.3129197702589,35.036649393889334,102.02174984871709
1182.1416853483456,674.37892286143,35.400547852755345,103.04894719573255
1180.7642810730224,678.8642650559384,35.60137509923267,102.37022543031213
1181.4876913697458,675.7264480198176,35.2994718746749,101.74540974974606
1182.3281897004656,675.2783598221343,35.17002691287368,102.20218091244463
1183.0601895039656,671.4491053481062,35.65604142025363,102.21023295513601
1182.5084385826397,669.1745342570835,35.899031065887755,102.84809092888374
1183.632429617879,670.2379143467804,35.40913388863558,102.40208278844558
1185.3020183684332,676.045470999042,34.79625805760197,101.99432116849266
1186.0398453292305,671.6394607179216,34.63686375858086,99.95122965492779
1187.6793940736934,670.8996852757218,34.39001929661771,100.50191224556514
1189.3540159230631,671.4197934679092,33.970951617546845,100.06320632633538
1188.3131155288193,667.8046684936613,34.388967663679225,101.38991661723837
1189.996187335094,672.9080205554823,34.78234100555177,101.85643694275426
1190.5927431901177,675.6200078377708,35.17399210716491,100.50805108133274
1190.1361881496982,678.1807939384843,35.155904008282036,98.92866204068758
1191.3997050602536,677.829784540421,35.089132724173794,99.46844638146723
1192.9236826150602,678.9574077827907,34.53946123920957,98.28305737486957
1193.7415143132096,678.349373651539,34.31083069031537,98.5835785048808
1192.170722264656,681.4963530576418,34.74325755895292,97.27654100309996
1193.6272237969288,687.34051538002,35.47905057595016,94.26316695801415
1194.2923425491208,683.2185905740592,36.06195384533944,93.06224384959856
1195.0502076614143,686.4015160267676,35.72639928279302,93.55608074935766
1197.4185304228956,686.742899923544,35.89566758963396,93.05493896276582
1198.6358022238273,695.415946305312,35.56151871356989,92.67137442798955
1199.7029262965366,693.6354472675146,35.39558926894196,91.19081471473562
1200.2265767979077,702.0111747245343,35.04580667449834,89.7564736770389
1200.4866490928582,703.1210252507165,35.15959384061676,90.86279763382976
1202.2772907437673,704.435553075555,34.73736910966035,93.59299205281715
1203.4387080657655,700.7114922814008,33.79814304529962,94.78121736274437
1203.6883295950206,706.1309270967225,33.648183682010114,94.98086473039196
1206.8943235958977,701.1624528193249,33.82298719560663,95.12563799221826
1208.6973372714476,697.4079518609715,32.868437181390014,98.58007209505186
1210.55096517207,699.5628473483281,33.029868771426536,99.56341294864684
1211.2247739446227,694.6349526443569,32.73767496289318,99.51522496248532
1211.3107411393619,705.3917840462717,32.46780614853786,99.02186207015461
1212.0133937605563,700.9388464055111,31.801445853868522,99.27668964507198
1213.6875446300392,698.8804855410884,31.484589141300546,101.19301769715945
1214.417915631739,688.9704219777263,31.357654248687027,102.37309965786791
1215.9873226196542,683.3122371526252,31.515717657043048,102.96817681234255
1216.830728317428,684.6776574519677,31.32947643952674,103.17480188138228
1218.1589759868873,680.6159068086199,31.595108824302404,102.71598009373697
1218.4669164550994,678.1626373166481,32.08209394145916,102.9786301273327
1219.0443702109924,673.3812110021104,32.54758042114382,103.39544470098822
1220.759021722485,672.5069220081195,32.70616230111277,103.78337667952472
1222.4131530220498,672.195833375011,33.2717765120569,102.7916108457661
1222.6417943851545,670.533288111924,34.11828459357159,101.73062110689511
1222.416263066827,671.6881606768685,35.517209140092746,100.13404704185983
1221.8794981950257,675.3524213423834,35.55114113398512,100.54862253929059
1223.1320128299785,672.7138826582192,35.852599662770274,100.5602675498309
1224.4005861421297,676.5897925068716,35.98998044516058,98.63709975758584
1224.5006066838987,671.8372853246912,35.67280999850301,97.91284414056253
1224.7729589687572,668.8175812998101,36.12489828166483,98.14590911171145
1226.0025849120127,672.0230938105625,36.276957830852865,97.38847190835227
1228.0556819052001,669.4318059909222,36.673277729976135,98.85979533510857
1229.4707918846484,659.4883168674919,36.792801041953894,101.79050527142232
1231.2800259307583,657.803331209596,36.91134056768426,104.06637313167053
1231.4554202928146,652.4408737083788,37.04545511953834,105.85561442042079
1232.7153027159593,655.2086339680142,36.9807655372261,107.993635447018
1233.3579732449548,652.9624660698237,37.40776435731735,110.58375290157167
1234.3054836790902,653.0978007472706,37.77673818280265,111.88983585170847
1235.4794206916795,645.8292607929261,37.19465497774586,116.38523065602759
1237.0107131684144,642.0580193808543,37.55063291337488,118.10928639429473
1237.7262313206254,644.5277544562978,36.97653920300451,120.6362120983577
1237.860538260036,641.2715664474066,36.39635616992055,123.43871992346716
1238.2576729795167,644.3600860890589,36.14030195093373,124.16751006978915
1240.4762225180793,639.7999805561035,35.854656845671116,123.24479625471838
1241.5337994163763,638.012145259965,35.41982831877655,124.58636316733842
1243.8971929917316,632.049390122382,35.96586688599199,126.29384060559047
1244.7041104518341,633.1630176693234,36.25714661651325,127.88762375786246
1245.0537568825146,633.0026268618668,36.29377466121905,127.86907934872009
1244.5896198608607,634.4276277631601,36.6078581856707,125.3966643579144
1245.7405709153786,634.3570339690224,36.601649950994144,123.99804009659569
1245.8301283720266,632.9617297294869,36.357088690699825,122.64233776939228
1246.1971814912602,634.89180777922,36.10220090540162,123.58999388382392
1247.2809120771494,636.5708471815432,35.776708508418764,123.26813944441191
1248.3325380109518,634.7491489031468,35.52540871677216,123.00570466422958
1248.1272860685397,634.3343629479083,35.17967431986975,122.85080698213537
1249.334426646395,634.2754043284073,36.40614905595871,123.30447915211035
1249.505003327411,635.2513212026046,36.71997802234199,122.06892955956144
1249.5805356753756,639.4794476277774,37.31971858516367,119.44821318916567
1249.780719712597,644.1537982320945,37.90862531054454,118.44108474206725
1250.0379494228187,649.9072807441314,38.862290398959004,115.727129475989
1250.6492960330381,642.6124049914671,38.648079277099455,116.47820548235518
1252.8675501604007,633.4055149209755,38.74551658282959,117.28958198259136
1254.559983790322,637.0945088282099,38.26063964319277,120.06690956729238
1257.3153115010496,629.8962394539368,38.477642493527,119.76933458445434
1257.6802445366197,623.9080969241055,38.43736556518609,122.75490080256426
1259.2217848721878,627.817699898015,38.59421790796636,124.71120087433735
1259.5077343195321,626.5291690464385,38.600833708444725,125.44503209157432
1260.0269430760154,624.9209318430339,38.516230880823,127.76308825068365
1261.7416364623766,623.2665440791313,38.85083093404352,127.51963079776078
1262.9551367427155,625.2391362410516,39.1592534614397,130.30704668601743
1263.6717981694471,620.5687209584426,39.19503656691498,128.57723859461925
1264.595510033742,617.9915220626469,39.350847463187904,130.88914666681956
1264.7237096179524,617.8667096850244,39.06540253786061,131.64899159208585
1265.9772952040341,620.4138089557566,38.93516017200237,131.6098162439807
1266.700171827812,620.4390218979754,38.568862776955115,134.27329998555024
1267.4392385986914,616.6508996740488,37.93143814661522,133.45055952434583
1268.7773322940118,615.7312061844292,38.523375813194676,134.11805934423748
1269.1472337177647,617.9283783820903,38.24784853441289,133.4945384276141
1270.5298452601926,616.5999176352062,38.2584180482813,134.10309480526286
1270.8781937254773,613.1342301845115,38.68164363644184,132.94951735222122
1271.295810487482,612.2939841503903,39.029397802404624,131.76885152632886
1271.650607885384,617.6737235034108,39.195367104958734,132.60826217117912
1271.8380106490727,608.0057348839878,38.69470528235338,132.962446960074
1273.5841351814997,607.2085927255889,38.806070309372586,130.50541358506882
1275.1845146096114,604.5007695018433,39.63334518651714,131.34884829015903
1273.520276327755,604.3037021327973,39.536013558930556,131.38934014733417
1274.1029001182014,610.7522775670515,40.11571674936937,126.6600645687429
1275.468026445603,607.9622641688773,40.09486403314931,125.91891722034643
1276.7629035187363,610.7321130013582,40.15240083193618,127.48295071077996
1277.1273231859286,605.7596118268557,40.196423633915515,128.44529181253176
1277.351612926201,608.3951481034953,39.889261820640556,129.69030249976134
1278.5839854888234,610.2131318473935,40.15974809493153,130.5470060248436
1279.4075501658174,611.147735069876,40.232484063056816,131.7259272310929
1280.095147917943,612.3856839785702,40.10958810600088,132.49928077936616
1280.4994502773482,612.6940063584258,40.77583487625784,131.50639391846266
1283.2351303101339,612.2346477824573,39.99480054768565,130.7985075862459
1283.4222154216532,611.9297979887151,40.51867526845672,127.28064655819063
1283.3887990572948,615.8239001287445,40.99538577427289,124.43888392852244
1283.9206663667396,615.8264512739155,41.13736061278108,121.54170323852239
1283.8867418682723,611.030381903056,41.411377054302115,122.69830559565885
1284.5272730706079,612.6132808143914,41.96826666741547,119.88740497404942
1284.1379949733694,615.0407422673234,41.570858983260734,116.18074361527391
1286.650704033828,616.5571434851848,41.20791597144369,115.37923771885772
1287.3109437880437,620.4134069690657,40.424757434501316,115.15635098699678
1288.0458012253825,617.5596596923963,39.6685539075941,115.01027317171386
1288.07146217503,617.6838764575914,38.781582994779846,115.55515946268125
1287.9039314956751,618.2861537794026,38.242152721505136,114.77583421945525
1289.8161643982144,622.225845331545,38.2496664295949,115.70329391912558
1290.115355206086,619.4741484065402,38.00178277489602,118.2628975717628
1290.664384851957,615.8333464141325,38.50295055396238,119.36303783816373
1291.8891491184545,615.5953446217655,38.623102950151385,119.6020594796479
1291.587832704319,615.1493763866,38.52701895913623,119.97419641947303
1292.5441453818196,612.6134135163645,38.221349609231176,120.14452704428223
1292.0580168922963,611.5132094492226,38.19024083319677,121.32351255397813
1292.3793124151907,619.9624111851871,38.38712679002842,121.09129827577479
1293.5363494582818,621.5094437463118,37.78128832529886,122.04325413817502
1293.8633530249554,616.2061734355351,37.56098518074233,124.05249899862005
1293.8473924489108,609.9789297851318,37.12909788570882,122.74968878355759
1294.2579572542477,608.6044154873254,37.18922485538772,121.38538272340865
1294.8984538619927,615.2590096417955,37.01512398723329,121.33459819254448
1295.1976011836703,615.8542622337126,37.458858486258265,118.67155406065133
1294.626642553711,615.803451219881,37.51074197656905,117.35314287183787
1295.288922667674,626.8017050138491,36.81177767588192,117.34077377267131
1295.3427970153803,627.7547649174674,36.68446158770272,115.52193293502077
1296.2641275102462,626.8570250850048,36.710458306138634,114.10827587547371
1296.477093707388,624.651494004065,36.60020295863108,114.50669422326652
1296.1457506113657,619.2547368119568,36.78058076291938,115.57342199401839
1295.021110382812,629.4910392869319,36.79769683709206,114.2210963562019
1293.921584303714,622.5089788052139,35.774461817248294,113.81461471191092
1292.6117941955267,631.1195793317951,35.80440594620558,113.55472499908072
1290.093994367095,627.0891994751339,35.80387136005726,112.31926297930966
1284.2218233850954,628.4372179672714,36.3070195526945,115.97053939911804
1284.6856784216523,626.0258932580055,36.895953480587735,115.09102893605815
1283.7659160180845,625.8258076387086,37.562222248104014,111.94937654908719
1282.1405924207663,618.7891612756663,36.97052945021689,114.74578328884375
1281.4507200433768,617.1675865249209,37.12174487092774,114.14231437640942
1281.9242839680048,619.6191361863009,36.487612693897375,115.51369301232863
1279.991198060447,620.4210276031175,36.609011597941446,116.1901497607571
1278.6869101467046,622.2944111076115,36.63191170902604,117.69225980026162
1278.3340611653769,620.3286473557833,37.22994154754215,117.974522729867
1277.847183985726,621.7262487712654,37.57441742583763,118.74599508506006
1277.0211926637257,622.240771542082,37.503253154402216,120.4039259762271
1278.222212837679,621.1305268932363,37.73287207582831,120.10771905924287
1277.5964247892682,619.6563011399556,38.198484041294876,122.33534709902624
1276.4527303101543,625.8566412408852,37.88425232538943,123.26921966205954
1277.4536872155763,620.8685738665234,38.143176784732475,124.16172575630316
1275.9199833014065,619.0701169900865,38.775645705448795,126.95125173995494
1276.4411726157962,622.7012968797516,38.90227914637165,127.51127011919397
1276.6282691520184,622.9837475837427,39.19468862586427,129.82960011265527
1275.873968074166,620.6292679550202,39.13471182305798,129.4670047093033
1276.2912489414634,625.3617649706546,38.926032177601016,129.92768320916232
1275.1777879134727,622.9579508925536,38.89331306308079,129.3203929426652
1274.2481353528112,623.5539579578942,38.80942606003688,130.57951444736003
1275.1863753122814,622.4918375905941,39.637869532438856,132.51638498597546
1274.8889815577772,621.4115362626571,40.58892425526825,132.83306812623965
1273.0123327137087,623.6359958597775,40.71910688069195,135.05579457332584
1273.3156782997671,623.430586802735,40.79211828855008,134.00037764579253
1272.8276093879679,627.529602979135,40.338626667072745,134.45600988192064
1274.0681126847942,631.3306657148646,41.07512362108856,139.63659257849133
1273.717458153699,630.5274065033715,41.11779664974378,139.25052164696248
1275.0872926702052,634.908773084811,41.80392794021796,143.7439864134659
1273.2754030050032,637.725505688118,42.35437305355043,148.6439389085728
1274.1719559314276,636.2279550125306,41.99988741039515,151.65411092630657
1274.6620486197808,626.0991461725439,42.88434882610078,149.28105424409742
1273.720754438437,627.3678321483123,43.503221206351256,149.19707074509057
1273.577749716678,635.5387493348518,42.967597728173644,151.32639344598633
1270.9174655467793,637.051611450381,43.239241145027584,151.30906226416812
1269.1182115687839,633.6892320166912,43.97328553328511,148.98002817805624
1271.6050012049711,627.7420303187882,44.3431582376865,147.57857700538085
1274.1633267853122,627.2724161034632,45.327970871712935,145.55555997170586
1273.8330413372073,628.0946248796376,44.812023089257224,144.66299654104193
1274.233391734979,638.2595813511216,43.916176844671625,144.03319498723442
1272.815906837515,636.9375538890876,43.85663899303879,145.2780143051089
1270.7477690333212,640.0847051411341,43.5669182978683,146.90637501283823
1270.7657217124047,642.4193306465652,44.2792253367999,148.45910409688568
1271.9452760942274,640.6633539070883,44.00475612240947,147.44444481720296
1271.1765556259274,641.9279390632729,44.05626315913031,147.51439321439807
1271.0468836562432,641.1790598404825,44.35171583817284,145.22893995190998
1269.46794699369,645.6671365775975,43.78316208503222,144.64619811403264
1270.0327779398299,649.2585064763869,43.947559350123974,144.1674254108753
1270.7442161120962,647.2114531504358,43.77749992110344,144.36369442392254
1268.8412841946108,647.8261969669409,44.24913476361168,144.82123054980045
1269.7729224239965,656.473817498533,43.15379322324403,146.4091453093701
1271.4161380776677,652.2000068117952,42.904339683846075,148.5405603229824
1271.3862706978157,652.3332194404959,42.72600398537626,151.78861231854117
1271.289778670251,650.1102788235189,42.94058614489294,152.56685358171586
1271.758189498237,653.6758771250626,42.51611957810865,154.9647488136505
1270.2621277431008,647.6904237434488,42.66418171371681,154.08275411813767
1270.9050484328952,654.5206252342758,42.711024254988466,155.06944586304616
1271.4461268788052,653.4038004672207,43.20062253399064,157.25473609994066
1269.012502230944,654.0921232364283,43.44356705828986,157.0303419243259
1270.5237486526646,656.4036568116584,43.22181326475981,161.16122298553566
1271.0196023769076,665.5712949944314,43.66001909866817,161.7641828565621
1272.3130449373334,661.7724659098168,44.017749341891445,161.9864195017432
1272.777609011504,665.9423311195227,44.1239332500917,163.13146271819565
1273.3453258940237,666.4406097378658,43.88454683879668,164.70506563203753
1274.8046978420336,658.6135343253773,43.76079157497918,167.38644767344528
1274.8316459235689,657.9779276985213,44.460903228223266,164.10580393252823
1275.3436449544463,658.7498864560561,44.657710573039,162.60934984196243
1276.2260257791534,655.2016623188941,45.234434423960664,160.03858372267067
1277.932089688773,654.5480025852444,45.3208868220825,158.84622267086604
1277.5497028675386,647.0414629535869,45.38322103717552,158.32177484983038
1278.4261712797388,654.9396001701026,45.24456801290043,155.27429783348606
1279.3241754955382,654.8776692023525,45.34343045856747,154.91464775483576
1281.3527910501766,651.1085303499395,45.08656789673019,156.2146279971982
1281.9727484122745,658.3368805515091,44.92106945232727,156.4037901734047
1282.5633496996645,664.8049316046253,44.92422690486024,157.8201975657686
1282.6886675573614,661.7670208672997,45.69532292374233,154.9008503545067
1282.3676559296848,658.3899701248579,45.55608932456141,154.7575557517438
1283.2842477763809,659.1299090417731,45.47262119780443,155.60010209126858
1285.2435798338179,656.8186352184686,45.14299569338904,153.3289181437919
1286.0647324792058,669.4928130670269,44.5885346551997,153.7171843033649
1287.2862990866488,660.6821546096211,44.19686957423991,154.81961465201425
1288.1427138135803,662.9330140104009,43.79410240961473,154.5999779312957
1289.3447387296544,662.477384761164,43.21494664809172,154.74705237205686
1290.6624872585783,661.0138584701793,43.15769618371971,154.53056624057103
1291.707911360082,667.7677480614589,43.581939161513,153.16352554525568
1293.2357981086698,668.3695939449645,43.49822109951877,151.4900135172427
1293.5104878775253,670.3128250903,43.705234756006035,151.31266720862754
1292.837740720284,674.1023625138664,43.48272481996199,154.56005987553266
1291.7511703511248,665.1632252306035,43.77920056213375,156.8006496199759
1290.4714868225337,670.0551838938554,44.70924091815159,158.43736179481482
1290.865395942752,667.8031019219269,45.598222332675505,160.13803390784614
1289.390855311369,666.1251554844507,46.32426706780796,162.13110043544748
1286.5038735280634,670.3394303122606,47.082680974690085,161.60232580805646
1284.116490977492,672.4443017907205,46.86834561959472,162.72238822528215
1283.2708059402703,672.1609892856256,47.056946462242124,165.48217567672543
1280.738621581304,671.0342089343387,47.247344194762334,165.46700025526067
1279.7560991268674,672.5389675573495,47.256107084019966,166.24442692174537
1285.8699830245032,672.1383047943791,48.671059511221564,167.23267617507923
1283.4212229450045,672.3760878025353,49.969770904807895,168.09174267467404
1281.152110506826,678.768683929208,50.24372499869437,168.511671461673
1279.9154180866044,676.2886428474854,50.05304352444009,168.42910197182823
1279.2232724382718,665.979274569934,49.99180738675629,168.495495158401
1145.8550264170303,649.7682837940141,49.33007555228586,169.517774638097
1146.6520668529975,657.4896791455471,48.805762036270536,171.77796969858093
1146.837188896995,662.4070952850691,48.18640742838927,173.61447645457122
1147.1709972848541,664.5220105711842,47.92528705827274,177.16949743339688
1146.914495930757,658.0427007904392,47.575161342775985,177.3393949566178
1145.932625367015,672.0833610836061,47.56686515489153,181.12119921769605
1146.3409309506817,670.9385998661263,47.63793958450086,184.58788060441498
1147.4076849807066,669.9414895489585,47.84142712610527,187.71620966293727
1146.6073631494685,674.6009792489158,47.85036463185091,190.1665173723977
1146.477841278269,674.5547706992478,48.14647342947127,191.96052202952632
1147.3451553930677,672.8754490033489,48.37977551679874,193.11410088618325
1148.0647751253432,678.0388931581141,49.620311290284754,193.52569314458486
1147.2876400088967,672.0503178779995,50.11388933205392,195.86355766355433
1147.2979887763208,666.104587310435,50.18622204131785,196.08438929734046
1146.4905035250656,666.4271357631188,50.26512899192546,195.45747271201222
1145.8928761409857,667.0943993278826,50.32989560281296,195.9294274207112
1143.9131292546897,662.5207106439394,50.689613107399296,192.05894437599974
1144.0862404546142,669.7423023543475,50.87788027959872,190.81810394224405
1145.6480337571672,670.6456786942351,50.68849300768362,190.26559797419975
1144.592506742227,667.2390650496546,50.65405472227182,187.39530780730618
1145.6947783620667,671.2587660171291,50.48161764370988,187.4945844230773
1146.7662283539669,673.3265178632275,50.469347676236396,187.97058290144332
1143.6230064239944,671.2645995577464,50.370948186724576,187.33387855018657
1141.9190202097836,669.7253441575954,50.32618876738312,187.51708633954786
1134.8098371604951,672.7734484355242,50.30478683770063,186.93295320788454
1125.9906923694664,672.7745896830863,50.33306436531489,186.08310696916908
1114.5414438854211,666.222980377493,50.417108208405374,185.42655518698425
1104.778523514787,671.389692185049,50.58062137399017,184.55120041952847
1094.8558412577424,669.1484152965866,50.405644014909974,184.67876514463433
1085.2365581655276,665.7024828928938,49.981368402464796,182.80290210015207
1076.6827454402041,663.8338641690646,49.68739587642723,180.00103413246654
1074.099936516693,663.0169139291007,49.60178205306984,177.81413335430688
1065.9828837956672,663.5342443508293,49.656863752445766,174.4511045623177
1065.392251038529,659.0034920065424,49.67602358721013,170.50762058054232
1057.030718247737,662.514682833743,49.475648235566325,168.9346012041257
1061.8730266181499,662.9102561747364,49.321191444997176,168.8116863670409
1062.0099287192443,666.7392772303995,49.149747826650284,168.29743926914253
1118.9913516499332,664.4475467205458,48.93353740228382,167.46301117065542
1062.4992363943345,662.6614928875642,48.94859829678224,167.3515443985235
1182.5258597744091,659.4279233965096,48.43928159034392,170.47387766316425
1116.3961139502485,655.0468592884004,48.616818282610595,167.77495298479064
1117.1466358036153,659.7025530102285,48.67763632934078,167.24281282506985
1108.9410494915223,659.9345908296173,49.28388589597046,166.0932677973306
1107.2580439959931,655.0104142252496,49.29081037350932,164.87974470906877
1161.7100798409547,655.4617126944095,49.04283609569587,166.5160626896485
1151.9942700291638,652.7991603523257,48.533457641885036,170.6442764236132
1137.5244304155833,651.4306036229805,48.689546552273306,170.7681823036447
1121.1439748215564,649.8173862822416,48.73653333236844,170.09588694552573
1109.198253389009,647.1762066978586,49.00586010859573,171.78571586374267
1095.5481417973178,646.0339446126285,49.031131357163744,171.3589685097734
1090.8188955054504,642.3280397378956,49.351114190532535,172.05694254299166
1078.5192479851976,639.6868181428265,49.8117850397539,171.04768060159913
967.1836945212895,640.590609190533,50.79288952616383,165.865772038672
963.0905275336546,644.7608362073499,52.32923485015803,160.8552666687496
975.9356427943886,645.608002686422,53.032429316482954,156.77888248112873
959.6928799911998,647.2063045815677,52.721434689706335,154.70495685150473
954.9955103346641,646.0044600061622,51.92967536080989,153.21864327480725
964.4983903392294,646.1089950278598,53.32871576671832,150.5133502585421
961.8572570723296,646.4868102727905,54.215146900890154,147.6970963613166
960.3387354062645,645.4754844123802,53.957316995410615,146.01187950608767
957.6380528264635,645.3489449809845,53.54000282227946,145.39857922707134
956.2989949936801,643.8829721320601,53.01232224608593,143.35512113921456
954.4906236245004,643.7714353840672,52.06021255982378,143.0459612777708
953.7602456977472,642.8905490222513,51.29239270684826,141.89798044038275
965.7392382403915,642.7950622507312,51.45580082529496,141.97599903905086
963.635683091991,641.6777580813206,51.22512597347533,141.63161238847687
976.6331857586277,638.9666572108333,52.378663044376765,138.71847649059634
978.7248805425877,638.1025786101734,51.77775581440842,136.3412207318639
965.1690135011523,641.2413153749632,52.07575393536514,135.6435211051774
979.193834901256,640.069937268535,52.286223897609055,133.81527779105616
981.1384808631632,638.2210459204927,51.74506243834855,132.57671586357517
985.908098257546,637.915832537195,49.57729190205475,132.48438717896818
974.762483284786,638.5121158675362,49.14356724247234,132.43261467626766
976.0246928860818,637.7468502734484,49.585522913995675,131.85879625125347
978.8319201437954,637.5883276212788,49.95219041547506,131.43933765649513
964.8242822142447,636.436707088163,49.66901008255985,130.47745559383583
961.2981833793011,636.777771361733,48.916974678258775,129.82355227302347
962.0957484230704,633.7898380014193,46.6831152568428,132.02456171101238
962.8665539536667,633.0808453210163,45.02608743788767,134.4303440340795
963.1347249744043,634.2024844969047,43.61813517216536,135.63642438400876
964.4060919930871,630.885227386954,42.74588353187927,136.4206435370765
964.5540998819531,631.98998525462,42.051669954226256,136.70864848694066
965.9275840290329,631.9235737114057,41.71006974974268,136.22741295959216
967.0498352052255,630.5369467261196,41.18584589886815,136.76379163452526
967.9724302062198,629.8346421648694,40.636501405455036,137.03179823608286
967.40590245769,627.9889354268327,40.95757522450546,138.16480893543823
968.8919735323967,627.1198497567898,41.126166078708444,139.87349058508613
968.7335523273474,625.5549282177656,41.468839888292415,141.01479396739487
970.058663003596,625.6556460012696,41.2566611764811,141.1518593173447
971.1412813601377,622.845367859527,41.315492866641996,140.23107000451637
1015.3764334088258,623.2922498064105,42.33585801975401,137.87816068399906
1060.918735810264,625.9626320503409,43.54984483064715,136.48057222725112
1061.663692397766,627.2989936816423,43.68824638914821,136.41642836184968
1063.3230269327455,625.9385987968762,44.09107294754608,136.95126069958866
1065.8700299962256,627.3448764828639,44.78789886328004,136.21140773545022
1064.5586263672405,626.8562120819147,45.060642320438426,136.0979461463803
1065.601465802762,628.3110830203402,44.92290665999742,135.00203702938649
1066.5223073798836,625.3917561853814,44.67047681214305,134.63310154982892
1066.381936188357,625.4646801529161,44.054034525224914,132.88447744498268
1068.1801038861518,625.0203325038042,43.79928881889005,131.41001713979773
1068.431599377544,623.0811189527373,43.27778958434942,130.5272500128055
1069.4138329801867,624.0947977699693,42.70025940127282,131.0554882531278
1072.134289562107,626.557432053775,42.43458055521186,129.28890823074357
1073.0382944561466,627.6392005518986,42.192682689397024,129.6487512756186
1072.9332957261965,623.6558180003501,42.37812811135734,128.9374568007737
1074.2009449741745,624.5864741656026,42.23858872108399,128.72092498689324
1075.4488335209571,625.3346686701634,41.850755639207016,128.30823460810467
1040.91973032678,620.9630051954182,41.72369744015917,127.93121548825907
1040.8782145507034,621.4794348135867,41.86660866781968,127.58050905963457
1042.6732497196247,621.359716072721,41.937456804174545,128.29149050908998
1077.7263388626984,626.2544004523385,41.52749891597628,128.1759975585707
1079.6788447842678,624.610871122735,41.28461075295211,129.41723121319998
1081.0598981669027,622.6735314244147,40.76448883188994,130.74221917116574
1080.1013987830706,622.4045431591949,40.981323996725294,131.9069285874429
1078.9155079360694,622.706431867712,41.187438156853034,131.7397842506527
1076.608193349809,620.8288020497255,41.17682318874884,133.79709185453663
1074.0650622817216,620.6584613178209,41.33168073431715,134.01224815672197
1065.3580174771223,622.4360625113167,41.558318027231415,133.01313087944092
1064.6040624290483,618.6474580211705,41.77890870161135,134.00319929958312
1059.4588293899214,621.7256777739051,42.934384087726215,132.2247676829079
1050.6570290609868,620.810563883886,44.314319508168694,130.27755729918886
1051.3348537737263,623.3636015346718,45.01933974325822,130.14555254662827
1047.4598019893772,621.7510013798473,46.337513246801244,130.58601240827952
1046.0073202765402,623.6649597420295,46.99081537181607,128.16936105714498
1044.1674274065538,625.9484519011127,47.995323878665275,127.7433002390396
1043.7307799410828,626.3640881890761,48.15682306232719,128.94954544913867
1042.5036867035951,627.0792387190779,49.25596052321097,129.5627498193567
1042.6179303780505,629.3792392519666,49.51653029796135,130.64454673484138
1042.9242337079263,628.0462912370187,50.04006624971326,129.2040508579989
1041.9600676331647,631.3547856166216,50.13307899940245,127.90729067545345
1044.8005711215555,631.4174948308205,48.64531552619166,127.50157145102362
1046.2773317754743,632.4700903697894,47.92521077566604,125.56755735799186
1045.5297367018466,632.3365037323479,48.032432740357756,124.80234933671721
1047.2752814780413,632.7959259589132,47.72709248034205,124.53728903943214
1048.140403850568,633.7635982592519,47.19530521476564,125.64676236325437
1050.4469847031717,630.8542181815044,46.10122033374631,127.81963347494144
1051.494194924226,632.9011241947424,45.06585700814654,128.86832089533425
1050.5723392885268,632.1787780623622,45.10092779950298,128.14977749572702
1051.0830161818994,632.5287758075276,45.07187827825697,127.13532724126839
1048.8262043608383,630.864719471338,45.35663486639348,126.98881790246298
1051.625329099911,634.5271056079787,44.865534035556706,125.5327513786934
1049.3899349815472,636.4799486795463,44.63850828455236,123.82967787403167
1052.2113213033476,635.6538420075319,43.534083362051284,124.51068067871937
1052.3931213190958,638.2888480176795,43.16337718936745,124.08470046918482
1051.4263929075785,639.4496853839847,42.331353970898235,123.10131714320565
1051.3742490382463,638.2038993045877,42.38882353886622,125.00412630341876
1048.5754463561366,640.1051755397593,42.981724904519766,124.89018414839839
1046.4742451655,639.9785677365194,43.48397584231179,126.3270877994265
1043.4950767146036,641.6814305047089,43.78172018810493,126.41552363046355
1037.0225342064296,641.4454159455847,45.11790418058823,124.73711706260055
1031.720595627259,646.4637086546679,45.90163954663181,121.99770180663526
1028.4888178998963,647.0368061524133,45.60456487058963,121.60551975345847
1022.7429207480385,646.9811849171331,46.09842006450268,119.60439125615395
1018.9935342951702,648.0144331802526,45.81961652370608,118.28422385865733
1016.3274179436058,648.6842735434011,46.16824002731105,117.72112805562767
1013.4000484947765,648.4509890544497,46.33937659190077,117.55536941731563
1011.9336107964708,649.8566072169098,46.547007466417384,118.65426287793328
1010.3023399381981,652.541623271922,46.594256967615514,119.95368009728486
1009.37478625587,651.772661142506,46.4102405586969,121.21566527897814
1007.9340061248928,653.3329486658133,46.23266776782553,121.0986624579342
1010.9659316584496,650.9075752754227,46.50496353222439,122.00888251485365
1011.0975328401054,655.8557076769636,46.67327394194972,122.20191882108585
1008.2861720849818,657.5922126572744,46.474387862475204,120.85237320639612
1009.8943768761541,657.9154477171136,46.49717934900875,121.76822987562004
1009.8326233293874,656.0056422998559,47.134820789980836,122.02715316817374
1012.1219319607457,656.173326245121,47.28697077732537,124.74625033310929
1012.7070096418662,655.4080295273665,47.108257618606004,124.28881273891714
1012.9310345850353,652.5102901050179,46.738558745630286,123.97946084173185
1008.7358314827911,654.5490756300967,47.92211728242454,124.02425192841517
1013.6335827860617,653.6369162886348,47.70258151090543,121.46816423163935
1010.8488774344344,653.8260400238203,47.7193231658506,121.08949484676359
1007.7951885079018,655.7863577578564,48.78328785668433,119.82433809458772
1013.4159231132656,657.0077243969337,48.53155520296352,118.86115970801961
1011.4660856178157,650.5417111013319,48.01259864021358,121.2042609375898
1011.1874689955471,657.5130837754999,47.75519470060783,123.96881196071384
1009.1812559247646,658.9872075298375,47.36335972995954,123.83852757536003
1010.3219637535803,657.5034985537108,46.7403691650253,125.28691781765278
1011.1963145124331,653.9269066042315,46.45348085876061,124.48154840240225
1011.9334706653365,661.9285189338349,45.782123584348824,125.59625129446502
1011.801708917534,661.1799994245331,45.31007557631468,126.24323110181447
1013.2271060661917,667.2618319484816,45.2913435234145,126.77537160353896
1013.0511547970287,663.2865161573761,45.2703656327109,125.01892711305706
1013.3773406613568,669.2596868501092,44.74690502673462,123.72391286076957
1012.2818794178384,669.5566731063172,44.80689685161624,122.22747786590105
1011.5055399677507,671.5689267730695,45.53164881802622,118.36405758343061
1012.6112850800163,672.1394080930702,44.87296103699944,116.28172511186713
1011.8907492539098,670.6180831501163,45.01938249218334,114.34686168448162
1010.4437700820199,665.4827564531394,44.73193004647334,113.75604867065961
1009.5568153979515,668.2781721523046,44.57171494485309,111.49661575942004
1008.5270020607052,671.3992891219322,44.16730467781739,109.20809213777662
1009.1487794350535,671.1393350716445,43.33280456607604,108.20916350167298
1009.5367894788357,672.295930094093,42.27756705650314,107.21756781426649
1009.259866074039,672.6870013269374,42.05372071366888,106.90543178468707
1010.5045397066164,667.1639275280194,41.72811694445527,108.96481352101195
1008.9090544943671,667.0369661812274,41.42411585520563,110.43697659488315
1009.8438739928678,672.1498090133236,41.185309172695405,110.79873523611067
1010.2536603036247,663.4485809705935,41.08193773736192,110.76786078568206
1011.629507542907,664.7771351371041,39.987559585892114,112.73481785183083
1012.8997712816276,667.0123364021001,38.63294638648122,112.65365129519698
1013.5890508607738,658.4841499751196,38.81016513556049,113.33980777952912
1012.8666648237323,656.8768373546092,38.83688692048949,112.66633025069828
1013.1477781520497,665.1367804203925,38.39881978620923,110.3832919966342
1012.7945552251922,660.5291056106132,38.449664913319786,110.25052378782351
1016.6897475597939,655.5497788777077,38.811162415747376,111.2155601958344
1013.7063711182731,655.2260041990999,38.931990444510305,111.41624366660017
1010.7019060351316,652.8044225324115,39.0688321784813,111.70638986054198
1009.7350791028729,654.9762588469868,39.29254763605455,109.40736540186278
1013.8998504915745,652.8538784082062,39.56048467890268,109.50365826184574
1012.7967875289404,649.6535484051436,39.66040680969157,109.92235987868874
1012.6949618442148,654.9822492453702,38.916307551147995,108.82785683409983
1011.7795311750423,656.0146165662803,38.88176726386002,109.3330415400426
1012.7610413977957,659.2996681046108,38.95739828472275,108.6299509641447
1012.9941007313488,658.9051965102192,38.57212749935091,108.7632388880733
1012.8013259134938,662.255697117055,38.36019212920531,108.59796755950309
1012.8042375239825,658.7368599136078,38.46722037148638,108.59953776412696
1013.2112810184866,661.8732340150998,38.33993761745954,108.58655852400295
1012.9942311877044,658.7019027764815,38.25841055048933,109.18639263209907
1013.1295021509329,663.6073442706096,37.947070071697816,108.77604618101321
1012.8611424342118,660.9541956521044,37.37199539102714,108.2398379630066
1014.0172939566974,658.9741347260433,36.89483138223474,107.83466297446101
1013.0669152544875,660.6261353912018,36.71817665820597,106.95613247315406
1017.8210860167713,660.7149100124612,36.66620167263984,106.25801599230437
1016.3537946159686,659.9540705176006,35.88969820105203,105.48916048571827
1015.6719883839218,659.2976071606313,35.73798166181146,104.53657735583062
1014.086001556483,658.5196699629115,35.85021238913772,105.16834211353282
1014.0597712413881,663.8686807198137,35.08021141425543,104.30709924047554
1014.7879669138003,666.6714411546785,34.72614693939574,103.93488954704584
1014.4552536163129,662.5383383034413,35.247710750461636,103.43246999012104
1014.4739736729746,666.3487064896822,34.71221684799959,103.25543536171891
1014.2456361753642,665.2619803150255,34.4640819391219,101.98647008941961
1014.7126826950703,668.8988624043872,33.91600419569214,101.29368239690243
1014.5526896407621,667.6352305738608,33.8238749688439,99.37045176855682
1014.9453849022783,666.6641430284762,32.98875974774478,97.82449295200794
1015.470820445174,664.3003053944597,33.54161457214006,98.04634365415349
1014.3350123581694,663.9515196603586,33.965339653848986,98.29409216007166
1014.5273252576887,659.4007190137105,33.82353863277112,99.0255600534044
1013.4777071869432,655.1587613038847,34.13109300775195,101.15475917209173
1011.7556544387137,654.820414665657,34.00816664385949,101.35957949298623
1010.8286005987513,655.8138220976354,34.05259052404066,100.04934929003657
1010.0836022085678,657.7743965762245,33.9506860020701,99.35330251906144
1009.4146592565892,659.7373786244002,34.231566977438476,99.15064293282657
1008.7588194119304,658.3672045529703,34.897135953274166,99.86586342637906
1008.0924300595798,661.5404232769682,35.297422878647815,100.05026589842707
1007.9929339524703,656.5047474793691,35.91424088112642,100.84287470340303
1005.975374645892,661.5523914477433,35.72338111980194,101.01285795348339
1003.1507609688479,661.3851825060945,36.06916837989602,101.47968904526583
1001.6228244927751,658.4777995687831,36.05042060831708,101.45265232284255
1000.9582672673139,662.1532876086369,35.369912962224205,100.53552367050322
1000.0012421541162,664.9354156544902,35.30165408560742,100.53343856115748
998.4422534574467,668.3103080343033,35.77055716292172,100.76199442729417
996.5607636622103,660.9837779673054,35.24899180863129,101.43944955030369
994.3488327201184,663.935110706113,35.221024259374005,101.45308770733187
994.0553210140553,666.7405767587763,34.860589583102104,101.72707095387307
991.8376941970296,665.5565619442641,35.31366381384861,101.14895600205631
990.3462762328909,667.2911983391951,35.637533916091286,100.5833008326625
990.121149640744,664.4196784915507,35.37304098279325,100.51759466689786
988.7515449313125,666.8469930184623,35.82065255848608,101.01785882062474
986.3765029503153,666.0558605007253,35.729199998568944,102.13877413037548
984.9662238440634,666.3567554089601,35.85809375375156,102.25891684430889
983.3816734803333,670.5093839468408,36.274051885920464,101.71339535280666
981.8197276362151,671.3118916731783,36.68191583749311,102.31118065086422
978.5820255234789,677.2506252111967,37.57736019358069,102.38276924651912
976.7459984109128,681.5784318579001,38.424466823116695,103.14394596165731
975.9429970265923,676.615010628079,38.828598673483874,104.09831146207094
973.8177498443911,679.8229893217708,39.93139105920261,105.51503334638534
970.1206099666745,680.7746893197872,41.026296234252534,106.31504183004307
968.1097426088145,680.4966457268808,41.53832540645446,107.14090562837607
968.1540216730788,673.9836140220533,40.68667958804947,107.05395958521135
966.6524641085147,671.7813749329343,40.14571136032026,107.77673228859568
963.5969451630992,673.0562407689965,40.03618917729859,108.2670535072488
963.3796634255535,675.5106213166899,39.58255427668804,107.9301617851836
961.3746685643458,676.5196571139086,39.063491264728576,108.11045277962887
952.8539620815368,679.216251333908,40.08202749084464,105.75934521884132
958.4876221638573,684.1748207291437,40.26950411728028,105.26675553115317
952.1462868400525,683.0243822529372,40.44394646288797,103.47357158573892
954.7437182925113,688.0878971697254,40.11834577644573,102.35162674361777
960.4871050840501,689.2454731283145,38.79069179938614,103.77120530854094
959.278110797636,686.500846075404,38.15394256589422,102.79891537749685
965.1757525238553,695.9228154590593,37.643432940054765,102.97947078132876
970.7223308131315,696.8577190440743,37.809582315481734,102.3076512869655
986.1167962243524,698.8972187407383,37.69104448315241,102.77864064028059
995.7820831188315,698.591638914397,38.6444501100878,104.04472164582653
1020.2837034984507,696.2367218829179,38.145657287861056,105.7702229088731
1038.2129580706107,701.6670713394404,38.31381287742741,107.02280619950233
968.0523842909047,717.6883247606737,37.75138499738653,107.01314008579564
985.2535917169981,742.0534912322892,39.5710160436373,102.35513380272084
1004.2108013957234,729.7042124824526,40.205981756987626,100.2011045561783
1012.0608248001201,724.4530777097591,39.3467972223639,102.68460102264686
1021.9137488089737,722.2687669537223,39.141420319769125,105.70122980839434
1030.190643664807,748.8880221724755,40.330317833443864,103.89625590042897
1032.2235395132973,736.0178310719394,40.610130556171846,105.54106849090553
1041.3708870014316,745.3290124387858,41.05600946296009,105.04263382728118
1042.7776746126453,757.3163590739795,42.52535317058605,104.87587245691813
1035.9863514445171,755.5715690831404,42.72810048187917,106.78787472844468
1039.1496423026767,757.0615361312044,43.71060747253022,108.29096284529871
1032.0963943226477,760.2534123177608,43.586188363008134,108.42600310142798
1034.0756426309194,766.3324411845975,44.49912977289287,107.1343203372369
1035.8848588331055,767.8317569380666,46.105276225942944,105.56052141277252
1029.5305035156061,765.0458131442554,46.19188126249156,105.60670413970776
1029.1928982808022,759.9329444778676,46.250525431707416,105.0404311651712
1022.6961690284096,761.2741222968313,46.055406284515215,104.52388444333592
1024.911032400319,757.5930854866605,45.847973394455884,104.35265051133979
1027.9499617605534,755.9106956429782,44.87917734564865,103.6805830841414
1059.5951244127937,773.1776365511761,51.813491933746405,97.37405913212542
1097.9736504712714,766.6967166462655,50.35752624257197,100.17794091124594
1062.6928184067526,782.7446704630563,57.66037079153146,94.26604092231754
1057.7567264581746,790.4014025156655,65.70875555538663,88.31505602699929
1056.762770751676,788.0564587018142,71.86050535491928,83.16018180625191
1053.5033689125921,792.6644561032538,75.17038259380188,80.90036519169696
1054.6548644743293,794.7971643735822,78.18892562712703,79.726589838708
1054.6386963046725,789.0889905253237,81.24810527584326,76.95222746747595
1054.9549103170639,792.758801911943,86.01352919503006,73.07610161768385
1050.7507529569423,787.5892026872255,86.22539558916245,72.48858803098621
1034.4189412962191,774.3724901902816,83.0310477192026,74.82931969601636
1063.9947200373565,786.1504994502714,85.79977832286536,72.7109919109003
1063.7431206027707,778.6363695010027,87.91104446613056,70.48530359776767
1065.3598665439067,780.9551131797434,91.78425014321529,67.07718814561294
1063.96610178799,782.4173566714294,94.1907933817599,65.15132387771428
1064.7135510832047,782.7333616977071,95.07290632888206,64.55029283264145
1064.275448988979,782.7968417396714,96.05490625096448,63.4073670485632
1065.126143704214,783.6275012919165,97.09623742443748,63.201395124439706
1068.9022918499863,783.7295464785723,96.99144565330865,62.85917518898848
1065.7903029886847,783.8161437260976,97.48314788991974,62.160343901754835
1067.8836916909731,786.076805548348,97.91703555873744,62.2566540768341
1057.5727108154285,785.1579478146889,95.25823749842544,64.05553591853788
1062.0372203281588,784.4814326288551,95.6491428275181,63.92410593635398
1060.131630834779,784.5981812185095,93.40236082718677,65.16249431898834
1059.0333968721552,779.9508535403256,91.84479709426162,66.2698566226827
1060.9365389805696,776.1757204100845,90.2328211583778,67.42633025392308
1070.8238130593006,778.2771075164928,90.66913802166758,67.20618104873563
1071.9910189806217,779.8682462854533,91.34108957090157,67.3368393399774
1072.7706651055962,780.47348495812,92.08576265107664,67.05449023713656
1073.579259927778,780.8649436237552,92.97783080013964,66.38796674021876
1075.3576666294623,773.2449618623634,95.16142200263627,65.58061657281672
1057.6394141486649,765.6694351195438,92.7470854420144,66.20175806352208
1069.304448954399,772.8934580108844,93.53560332444263,65.67604409083843
1072.8628790430575,772.8024653988697,95.0134201185609,64.91710347830465
1063.076312335646,771.5470331000033,94.5252475336282,65.24309807138349
1064.6283691153158,771.2679795311791,93.7696001322019,66.62485795332506
1063.9666726183339,780.8172145557236,94.01804839159237,68.35825702960238
1066.23804124145,780.9215419195469,94.66307197528563,70.4209967931513
1064.4637824197985,771.9372013168269,94.30379299726606,71.2440633745679
1065.0541074539674,775.0461288817786,94.23983952507402,71.49323352466331
1066.5622723181161,774.7755872882482,93.7489693247456,72.6136540701989
1069.1025427002548,774.3755243888404,93.76149048444907,72.9978584789579
1068.227142927487,774.5626888424288,92.8599512867751,74.19155241895672
1068.4027544910912,775.708818518687,93.2605047356086,73.86641049521964
1085.1600515799666,779.6085017353129,98.23519125854145,70.70449380333164
1072.8015180600466,774.5163008085055,97.79274482487055,71.37429871785929
1077.7676565415627,777.109314390686,97.28597063893827,71.96776488540756
1072.822904263826,776.2631442703698,96.3931065344381,71.87568201317066
1080.2051455747749,775.5489140839821,97.25190634509671,70.63054910324647
1140.2753669252963,781.101869034552,100.5070706386827,67.70460612868135
1140.9239821002586,785.0376664973228,102.59988545477374,66.48944526228287
1136.7123986078263,787.0396103039726,105.230109915682,64.48792133077644
1134.6313709491708,791.6186344357667,107.65923218855963,62.72275112276091
1132.037052215686,793.8566934089687,109.43453194800969,61.65550101235543
1141.3023293806393,793.294744755334,110.85466884124745,60.78251087417485
1138.3038197995568,791.5432883338564,112.69611558901434,61.5210558982978
1140.749574582877,791.4594907616055,113.25785213901219,61.72183307893126
1143.1935453589433,788.3633637736615,114.12892185549529,62.86618780860342
1142.5208910588576,788.7623073153984,114.36594121387577,63.291270972398294
1142.3368447298503,789.3567645939702,114.93053359210612,63.89981804416846
1143.6549355559923,786.5509229933871,115.55292022671793,64.41462367041422
1141.8028984215996,784.1295723324631,115.85625148784354,65.53525262936233
1140.106228163492,786.6335211307951,117.63788503193666,64.85829527928024
1120.5289704353265,783.7781510926161,119.4778176635603,63.21825725276354
1140.9927935201608,775.9636109668654,121.28736555517096,61.7543332775803
1118.3044845006943,775.7098574720709,120.94229246251237,61.57489846466764
1083.5512673858304,772.7916278281225,117.68478778843172,62.72151409793207
1084.9104684123918,770.0004744251437,115.34284241322254,64.50969606219954
1087.4460171357023,767.3015645429098,114.20380377778937,64.86056071802483
1087.6294476186422,765.7577544640671,112.45123579114967,65.06809707634791
1083.5581357837127,762.9438319499594,111.29951455897039,66.55321759055568
1082.4023083469149,765.3043292740499,109.81251821415142,67.30367422487588
1083.0954460912426,765.1317131009596,108.7023849650667,67.77092764266945
1081.460484421221,758.1672536008451,107.60440984090714,68.6349595960844
1083.1589972947331,759.5218910011376,107.4176974140428,69.40203343403391
1083.3896651477125,759.8236881242162,107.38251310292819,69.79897658335415
1086.0840283833725,757.156524665116,108.24175149061692,69.6087187313519
1084.6397532666967,757.4728310507749,109.29032851267999,69.67319557251824
1082.7919371265452,754.1877872115442,108.61553604551581,70.78772065942668
1084.4808968169086,746.8023976583034,109.42042649450084,69.57074303678213
1086.5730234910195,748.395100442897,109.96231936744007,68.41808402101613
1086.8263736285553,748.6344504187607,109.36428195544451,67.57333069666714
1091.5400933810813,749.3344827941949,109.39308024336114,66.77334369409758
1097.5069105882317,748.5341837873045,110.44148241963671,65.50316767719289
1097.8863655913142,749.6998729854463,111.71083717444276,64.16069465114477
1092.838187112829,750.5333226679885,111.33959140161534,64.40165759170148
1138.848955431339,748.2956540542785,111.35618647846272,63.606711596922835
1138.5758916843267,746.5748419977346,111.0892673978946,63.190526881657064
1096.7334606318307,745.9435771563562,110.82546769868772,63.436266532026856
1101.8335318172929,745.3598727236125,110.8595372494552,63.868121656059216
1100.5950262610859,744.2235817707743,112.94053131708624,64.05818236155558
1092.5938303911132,743.9304035269918,112.56290100808155,64.51078668189571
1096.1548150884535,740.8457572477128,111.71833544488308,65.132388372076
1087.1318749617838,735.6675150092423,108.88472961423795,67.0808270802792
1086.2048142041942,736.4746716258095,104.98536020458192,68.9463796365582
1099.4898305662564,735.0670675905872,105.66482966246451,67.63995417733982
1100.5994147003935,734.6637499782234,106.3765083237404,66.99604504476741
1100.5202492318538,735.2338570945642,106.32080449486088,65.94383704774516
1103.5862128575905,735.622238973468,105.99181188999393,65.18847337651907
1098.0649196114464,733.4375509121573,105.95057899293877,64.60221871987419
1095.4303919508009,734.5028915679333,106.01142861430952,64.586940822095
1153.2969232939145,729.5351368262274,104.71867354526968,65.33397946505254
1158.882219577429,729.4825607434813,104.76507144912689,65.56485755551347
1159.4231519060672,722.1802458401314,104.8867728662216,65.50756013900768
1155.770125202955,724.0273367768623,104.9865703596658,65.40419738595313
1097.8407561079816,736.6183322289539,106.68010164043245,65.64851988203831
1094.5441959527075,727.6827797469426,106.73742292449131,65.83349241503058
1088.0727645947225,714.4182637107912,103.39004439900633,68.68643996890093
1092.5692873460912,714.261807468618,102.10109521356004,69.72419661094298
1092.865866696097,720.7379964532513,99.74229458582911,70.90085077668623
1092.6500357590976,718.7875029240635,98.42142683870412,71.55579462980072
1094.9800525070573,718.7994930607775,98.2512224062,71.73670813910744
1098.5400778477851,716.268003685387,97.34360363239847,72.6250095179096
1096.4193438543614,716.3613222568031,96.71162324735843,72.62170705348905
1164.2857672530433,724.8482742857111,96.4480757664011,72.86155574225504
1166.14451217674,720.2110400402241,96.13074551640455,73.0847041572402
1168.5206694499695,717.7896186850974,95.39900315546176,73.72634352124128
1172.6373707273142,715.6376394894342,94.39662868075888,73.45021472766174
1169.0513053130687,717.7536469335811,94.13906390301825,72.90166722752082
1169.7716941615079,715.5904237877756,93.09802278937293,73.22149597305021
1100.0164950457813,709.8475666478035,90.11298339875577,74.62640447449091
1100.668186028763,708.2228611181276,87.55353320311661,75.04164471551393
1101.5173011967788,703.2466577742154,85.40638550797178,76.03970665388786
1104.0190210519931,704.6695685392567,83.0997624803584,78.82487467534918
1104.1110209659576,706.4980015993848,82.22597741034902,79.46160816065337
1104.2404196599273,704.19960123466,81.26204032581175,79.09461370501381
1106.3879876187011,709.5118069269404,81.21574521713231,78.68870341145663
1102.3415732623669,701.0323415764407,81.54205009175737,78.34944685659653
1099.0703156351253,694.0271480361212,81.0672566342349,80.10462496811948
1102.7237317900635,697.856101930337,81.27612418779236,78.92058173504655
1102.2077938166778,692.5010845414255,80.89588217649496,79.51590475139498
1103.7797744011505,688.5715595438626,80.5375869964721,79.67127470806861
1102.9886599904037,697.8452743582244,80.57594322313193,79.34627816955494
1104.5290183211544,693.6810349335411,80.83212894162025,79.18570901477115
1100.2223262605648,684.1431433655317,80.366947465265,81.43844832754779
1103.140298786544,684.3082475499888,79.83527887967648,81.76889575516162
1103.4971275738105,684.5873268213011,79.87852203289236,81.36120426559276
1087.1869492539795,679.4896747060975,76.49502201361895,84.46350856084972
1107.6991229516432,683.0310059640345,78.02967654089888,83.66511299367552
1107.0000483794402,686.7986298691497,78.85948812560501,83.49258042773847
1107.9963239728534,686.3822110254441,80.47110392333663,82.12476170111776
1103.3509533305553,686.1164904125644,81.87225637507775,81.54633463883692
1105.2338996000094,687.235409226662,83.14807468974598,81.01171392100399
1102.8264491629398,687.9919167696542,84.56327945220627,79.84619853342011
1102.8242404167627,682.2992193425506,83.77897109159403,80.55764891436063
1101.4772313253056,682.280060459171,83.21608348036423,81.0548181079599
1101.1044955772738,680.238609742752,82.51904949756889,81.98225489159731
1101.8934317662747,679.6901826047582,82.4446730511929,82.62806162787379
1102.622841871557,671.4959301750315,81.58110213586258,84.0454981050641
1108.7347463781543,672.0663083815807,81.57326316203599,84.00870149077845
1106.7436369471668,672.626122743015,81.50667201882288,83.87128632467639
1107.3749055675146,672.5022049898873,81.41452264224002,83.98058475183586
1105.9400294296636,669.5879307090039,81.45240173946009,84.18015649170344
1104.917019305138,670.8535650226513,81.13236006262332,84.74427913790723
1105.2252926736933,675.4902097219187,81.58782527314452,85.43354276366416
1105.6700880558835,677.3069862935474,82.14567370248962,86.5881165659026
1107.2027112006847,675.484107981553,82.67102456559728,87.68804294010496
1107.721452737137,672.5397142561287,82.91254976200256,88.66646480944108
1106.2378308160003,672.5629951710774,82.04903288688429,90.06053198497577
1107.1734773846956,670.1977861410857,81.74114693218675,90.63071654733966
1106.5462732138653,671.8749144404692,81.68989705260242,90.6632571382851
1109.521383534316,671.1155284226348,82.89145081813435,90.89568452654638
1173.0559075485892,680.450083991578,83.63240034818202,90.34835378416774
1183.8102326887865,679.0107095551393,83.5639928351211,91.35842396804212
1183.986907545481,675.8609249049678,82.90146074606255,91.06357331217812
1184.0777761870097,677.8222601197915,82.82737710321568,91.0914501008534
1182.6498645566771,678.1023023546638,82.84118414378848,91.08599132109205
1183.2332284544714,677.270835279282,84.62243269898424,91.17679932172457
1185.0437843103364,677.6154625695697,84.59248605301953,92.18724712323689
1189.2297710548396,669.8589327325135,84.69484632713555,92.08988370927548
1186.37051415331,676.6747237150821,84.99375487506745,91.99670906988294
1188.5492472810265,675.6871796889326,85.38114402353473,91.9355031387224
1182.907386838961,677.9831535154067,86.35253275434582,92.82305864052877
1188.0319338453526,683.024482542097,86.89432466685568,93.0306218014428
1180.883657877299,674.9081664870665,88.17421495898074,92.85803197241674
1178.5908347808984,687.8482165621585,88.2973624869259,93.02567085116324
1181.67708656722,683.003626578393,84.66222005930256,98.24596396643004
1181.4779348736856,682.9848539375314,85.25502895908532,99.35255348052164
1177.9488128576265,678.4516802868282,86.64724830629777,99.50579672461623
1179.34306615994,676.5778783934155,87.22454851967905,99.1805331179478
1176.4518245300733,683.6762313328703,88.8280633498469,98.7482286748903
1173.4502440726374,680.9801778980725,88.83754807911077,98.741388782401
1176.0465735325336,676.2233010062951,88.84767703544776,98.73378216861695
1177.6349670731363,676.6175109249444,88.90985594240144,98.71993273680135
1181.9471978575004,680.7615440048312,89.01419419361932,98.7600354460464
1180.3778219078126,670.3726774576011,89.14629016152246,98.71215933335345
1180.5279116560678,671.3375499269521,89.3475383750682,98.6550069630489
1108.301637329952,663.2356016076508,89.89807897065917,96.47180910397094
1103.9413619910404,665.5421818178469,90.04494018772823,95.2667600174257
1101.2739137581848,667.5190087196886,90.19661245223679,94.97862640493481
1095.9991330840799,667.80582298159,89.71442884347645,94.89179107137277
1095.9792250016676,670.4502665529394,88.43776449091342,94.94201621047341
1098.991042541796,672.9996513253994,87.99251381007053,94.73342773015916
1100.4025854497813,673.916061412796,87.4911924632471,93.89345684573695
1098.8062737200628,671.4836370956921,87.55121275419634,93.69045393651822
1089.6550510427367,669.1390359740994,82.03613224520122,99.308839722432
1092.7509170615642,667.5856700935138,79.82883600428404,102.32406411581333
1101.2119261211374,657.524963992949,80.32271525452227,101.89421060039038
1100.137542118652,656.7807845883278,80.26994255095147,101.94828806045061
1094.9323277517178,656.7918597439065,80.28708171877962,101.93109903456768
1094.953712304786,655.7858438914861,80.28704054125188,101.94641936607914
