787.5,477.5,16,10
787.5752842448289,477.5679463203164,15.554998572243154,10.734682787376174
788.8121614854376,478.2944407377993,15.408639291755307,10.907948987810837
788.1503642694773,478.2265369621538,15.293607553517493,11.192874649639368
788.7677319791336,479.1430264927194,15.58172193240745,11.249661685576978
788.5185934406272,479.2044021186589,15.72082028751528,11.636500046181883
788.0959325143606,478.65683525497553,15.816340444701876,11.461704602940113
788.2324096399803,479.81777627006693,15.954294773288707,11.725090354968629
787.9063618683274,479.73709544676103,15.848246235955589,11.722274524220666
788.7770544989459,479.86681681786933,15.66139016478218,11.818376766344766
788.4164645463887,480.6534965595768,15.763619106876067,11.708027832475056
787.7528592100708,480.50400277495584,15.61234264553207,11.631294185515234
787.7248931369531,481.31287140165784,15.612802209188809,11.644091938634395
787.7703713627873,481.36539212063093,15.63194513276855,11.657220419344476
788.0710006101107,480.93384307165513,15.627578398947914,11.977373728363284
788.1337867415035,481.87939854406164,15.59917246578457,11.954058608554847
788.4832636007543,482.0110812207499,15.39041154804324,11.977511819116586
788.000449203388,482.55595968023476,15.470547839132688,11.822720987488117
788.3333319963117,482.1286416447429,15.620855849762744,12.095106522983638
788.5013973890711,482.2513567896346,15.84603863378962,12.165787261394765
788.9069702169253,482.4359872689203,15.949411274800024,12.412222017773828
789.0109010461048,482.5144826075651,16.03732795058182,12.525004525737346
788.3656125149266,483.08549250870254,16.22202820954001,12.362849499596983
788.6083652968978,482.6840844018086,16.458712727670964,12.441675392225564
788.9579700478216,482.9933910994066,16.302282015820413,12.387719983193584
789.4622051636978,483.5272309264901,16.274301276484316,12.335126264619282
789.9641141416361,483.88269696018966,16.185132330312438,12.366521648926117
789.562485146359,483.5540086098268,16.38804822596837,12.369512902149694
790.477726630605,483.9327504751469,16.57461981527654,12.288738883061118
790.6995147160919,484.47497316503814,16.57370671784246,12.192322268003377
791.8546537799144,484.3538744934926,16.381963155169366,12.267873383853928
793.2231542729468,485.41556785683747,16.260445929938495,12.244904271147382
794.3258795315835,485.18016098932964,16.520287389593637,12.321956043510802
796.1312874583975,485.81091598846706,16.765718245789188,12.15985383732735
798.4108184678237,485.51167801787966,16.9837625120322,12.11000612337361
803.2074189592447,486.1746187691752,17.452219434768626,11.877453096734767
806.9206722624062,486.02220199678055,17.724937777328662,11.763194045946813
811.6123375529068,487.25897730911055,18.346351726051765,11.673309459799965
816.9569898593038,487.745749504383,19.039958795386536,11.31529532171174
824.3653653874551,488.0338566080076,19.6016743452241,11.053645521334213
832.3572241374378,487.82084906761446,20.401936261152297,10.851401360539668
840.7851676705997,488.7494459569568,21.24933059741649,10.584783753730019
849.2263596949447,488.8442657654112,21.70152029445393,10.710482986842502
857.820148185616,488.6463348410374,22.049221633423937,10.65199820859311
866.6895378526998,489.18040486003616,22.569418281922225,10.872034587946327
877.8355852861424,489.93056888599335,22.8849913380106,10.93532090447075
885.9263435422248,490.63024654629606,22.977866000162273,10.841419718806396
895.1609725159205,490.3418373289398,22.607553670446585,11.199521681131625
902.2344181388777,489.8941715960206,21.779042780367213,11.476850255429403
906.9132585046655,489.9883689768179,20.698998576806822,11.458105035212853
911.8659174078866,489.842907333246,19.387178046670602,11.837039445596659
915.2430820817436,490.16284912016005,18.830513436658077,12.039246716876576
917.0549772476419,490.34116604286703,18.066789518741018,12.089747940832869
918.5854783233385,490.1127826398031,17.173516268257202,12.311951828416984
919.556973076296,490.4043170679746,16.795093970632337,12.29515618450678
921.014961170487,491.09264327245756,16.667563731804574,12.03517974847939
920.97248746647,491.26893326669307,16.302492942540518,11.963355846119484
920.4026099101764,491.05144489005136,16.182997771886757,12.134790900947095
920.5456865680896,491.30958315472276,16.226803103549685,12.201872957438859
920.608763271787,491.8412878573086,16.259792354269308,12.427708919317297
920.1368342044349,492.3064490641847,16.22419501793477,12.323525359591947
919.8825764229733,492.9578475515429,16.26659555319168,12.206335818194546
919.4846198380533,492.91001948824356,16.083711764108568,12.095577781680607
919.9332365608358,494.4108244924112,15.799635173649893,12.119457818892785
919.8813697165716,494.74237905316534,15.718564601447483,12.4197462002837
919.6964227381641,494.86744340786163,15.68636937970036,12.498585389975222
919.9299644860433,495.0254362779567,15.468502455392095,12.94609116112998
919.8885927541806,496.1687212757667,15.864826372513232,13.158881250043734
919.7495876654658,496.89777837479966,15.821446099942232,13.569940817160244
919.6385239943492,497.3793847342,15.777449461891928,13.953940174546679
919.2561783548753,498.5643406465539,15.889159697977757,13.616554366074313
919.4160223078875,499.5005249559806,16.079586044520497,13.591317714765427
919.678578448964,500.2103597320544,16.06142330632031,13.254430192723387
919.2425991803527,501.11899995768164,16.073764848685148,13.357191183386309
919.2055238487777,502.15909046762397,15.952188148606453,13.550731143192198
920.0832532980592,502.7757714705607,15.951799697965303,13.498633895428851
919.8211052871392,503.84845629411535,15.716429574957262,13.709370529600093
920.5811454205373,505.158999815605,15.708064362673312,13.820305056826461
921.2010712049122,506.1867445014048,16.006579946137396,13.806673643066762
921.0689906617458,507.29958795307925,16.18303973417359,13.985750438295824
920.7624618457638,508.16598639447136,16.35886850766687,13.903286721633958
922.3517155300198,509.1769226636683,16.36291037735993,13.898367651562953
922.0228863107081,510.3207742959602,16.491122512138684,13.992386360398262
922.7873639822828,512.3909400981112,16.282122875585706,14.047804038933158
923.1593262701422,513.2931706473705,16.16693121955998,14.168402616584938
923.3637195409656,514.7776070385612,15.834323921537365,14.379902310781256
923.5343788123299,516.086299683351,15.804541482295598,14.445251272224176
924.3649564600148,517.0176936940074,15.973771156637307,14.23095367983575
924.1873552032295,518.2143469701138,16.259356540345642,14.027326988691765
924.7892410689489,519.7688941305128,16.46640672357962,13.989855754823218
925.3640829581036,521.1539420101068,16.550986723003025,14.01965146749775
925.7234225641291,523.1670817573934,16.299711965898382,14.08363772380979
926.7762097890294,524.5925619805316,16.15183359630579,13.860345419851807
928.225952208877,525.690337576026,16.013851737796543,13.896425746273604
927.7345501984137,527.2353871714931,16.006502624853855,14.21657864960791
929.082160589768,528.6294390626059,16.213054818067,14.179089748897882
929.0456729944814,529.8601448646854,16.18902242853879,14.356337145135647
929.8152345296717,531.5554435099355,16.166227931385038,14.284476646246357
930.1712160963665,532.6543557226855,16.244367697069844,14.405303896924185
931.4295919575428,534.4940700988053,16.183019541077783,14.226681714737637
931.1316633713446,535.6809556330513,16.27930774446291,14.565021642491898
932.1797393206575,537.9182077231635,16.19305212421837,14.637207449450273
932.755733269589,538.6394326371469,16.3199448225163,14.99380103846038
933.5089289523155,540.261420674599,16.340084438127278,14.889421902643013
933.7944215159736,541.5420924701248,16.69697161095916,14.658089202552233
935.1543576187477,543.6286023919052,17.095757232788078,14.216596687482554
934.8765589684576,545.0976381384042,17.372333478861975,14.218200048762984
935.2697866634521,546.7528640539055,17.326933637064077,14.106819863497282
937.1176881651429,547.4279917569523,16.875825820297454,14.35595579861307
937.0958006479134,548.8770097389695,16.786053295375922,14.480399368727847
939.0246125590884,550.7399288783582,16.784726966007025,14.578531646209427
939.5296288564821,552.4121550621594,17.000455307956695,14.424790776867658
940.1417307348653,553.3377903844454,16.907153960743592,14.64838595031927
940.163741315473,554.6606268628085,16.77672164376804,14.94580486294744
941.5746881054116,556.604696812236,17.197835485384374,14.397032115352763
941.7656204451067,558.2583675923964,16.957451162448958,14.732222903664773
942.2166453159584,560.361468785521,17.068463421020272,14.507729044027016
942.9132892030747,561.5692899595269,17.0874846973478,14.534531974182723
944.1285077772217,563.1428309173245,16.791201153561122,14.752300579675097
943.7615139914651,564.5411510349373,16.597470383723724,15.007834674207285
945.3215802631534,566.9165848951079,16.612321856765778,14.961727028481583
944.9759053952209,568.6073160279807,16.82007201925678,15.049012855387437
945.6453259577047,569.4610480138842,16.838634887895658,15.057420813702755
945.6778741680811,571.6053612715817,16.650170099590312,15.23111128820637
946.3081128223225,572.4759760392271,16.889312036636415,15.351544498391341
946.3624537491112,574.2165583487306,16.94259126170297,15.447556688695439
947.0483114946572,575.883671894336,17.29165852741636,15.34941238976678
947.3673159521296,577.7182563969789,17.332848592803018,15.198972832799413
947.3546755924094,579.8870110686963,17.29882591679335,15.044060649703823
947.7507536621978,581.737174346671,17.353203492941375,15.074804135410885
948.542478538763,583.3568713023249,17.588155910946035,15.169425831937104
947.9931231980956,585.2474631026475,17.6799916733431,15.056425081175828
948.2469568812844,586.6150656426703,17.77759642124231,15.085341533570613
947.94129494987,587.8615208945245,17.800547934332037,15.162074050492066
948.6897060272463,589.975471055637,17.930786908195753,15.393171931544742
947.8555968626649,591.5528946478904,18.114785567062995,15.290414438199722
947.9938008886537,594.117218004244,18.18623102665714,14.959520582700854
948.1080867589003,594.9458922292354,18.05804022838953,15.002559491383627
948.3618185694592,597.5813453827094,17.87737725166958,14.920344323656742
948.1503024910572,599.105345815469,18.281027179398443,14.851039566001841
948.5478751604683,601.3201355415836,18.25709793507039,14.614421329745687
948.5327066829794,603.6487230383593,18.27415891002991,14.323875936719109
948.3898376620152,605.7072884311639,18.217507457777714,14.31769657475511
948.2935603752585,606.9274788137405,18.092711017869078,14.507368852967229
945.8363666630485,608.7601278750091,17.509110695096645,14.898420484763545
945.6184926360582,611.6904006964772,17.01389427916751,15.192513132232424
945.1877175225796,613.7415184311744,16.62970850320261,15.454958429897442
947.3184987605562,614.8052425015746,17.071866596860133,14.991472772503176
946.9356909910401,616.1002586923356,17.651242580414202,14.982151040471507
945.9415892259524,618.36708380813,18.063186616761868,14.327306207823838
945.0637729682483,619.9511922872546,18.48356505902718,13.874570769273667
945.8960620943338,621.7436022821294,18.559930000291544,13.665039981260563
950.2691237803983,625.1427264479174,17.813012217457135,14.349200173243982
949.9490460502368,627.057084427922,17.37683510865785,14.806985620858221
944.2361525874717,628.9859108238826,17.263815118904898,14.441786880908428
944.0467591930964,629.9683687187147,17.24606388847511,14.24330039632087
942.3674275077101,632.107028113834,17.51204823550499,14.329201344089011
941.6954801104148,633.6838917245125,17.40664667484816,14.290678218572296
941.2908761758598,636.8085264592645,17.561369377885285,13.819563599074325
940.827197035323,638.9096625435067,17.56581893560452,13.850004653093638
939.653879909572,640.8151061840887,17.873628390430095,14.125655209911791
939.5050564523191,642.6200575605906,17.93022360124432,14.223597906355693
939.2019192803842,644.1384182646945,18.074742341562033,14.292655907556604
938.1534882824816,646.0635285682841,18.17292505708636,14.781445539024514
936.6508255720491,647.5978323860203,18.155668662231538,15.147705047183418
936.2685395500461,650.099940598145,18.442359274658166,15.103757120400864
934.9609838101212,651.6195866587033,18.289707855109132,15.288798285569863
934.0514958782637,653.5011829705384,18.691374315404484,15.166567070514605
933.0231667514403,655.0381547975652,19.04890561020439,15.148962918795531
931.8130785529402,656.7018767032403,19.045100102221106,15.250855416878586
931.6905516961208,659.3193554609451,19.207574359590232,14.811273725443526
930.5820242566427,661.1228587342343,19.335567739904334,14.59498325476212
929.0971598753378,662.6890674379382,19.23693784277005,14.982653327899534
928.5974531074392,664.7215649607934,19.13907647908446,15.07499737825839
927.9312406390334,666.4027106542964,18.827396458315384,15.188876769527138
926.9882156439038,668.7730858026464,19.09800655675931,14.932116665240383
925.0490907945044,670.1903353297582,18.867053870609325,15.48400066765722
924.507261306866,672.130601321639,19.07733224448026,15.176193979916185
923.2388347770773,673.4436157067073,19.019246072185172,15.180992398271542
922.1011004256605,675.6774332958805,18.977830972604536,15.406359920730615
921.2627356048391,677.3951646250692,18.966706681866693,15.451465432900736
920.3819457524324,678.8767068145954,18.79660904521903,15.52989974205031
918.3642305388914,680.6724166149273,18.791887876231705,15.669160607084631
917.551000474382,683.3187568436521,19.075016787484625,15.58444027841944
915.4391344478536,684.9956136931584,19.23053490087466,15.61025247929388
914.6990341695227,686.9705212158939,19.554572003480565,15.587740271194747
913.7866466728879,688.4300504344077,19.49781349321794,15.56713030142171
911.8640607887053,690.8597464026549,19.285441507005558,15.609227622739777
910.3288496292089,692.4043864722694,19.450553433618463,15.662780001134653
909.713546211956,694.8683896363386,19.46231668883204,15.667972601829295
908.7627023248518,696.1734434376431,19.583270758473397,15.73763141577006
907.0411947917161,697.4907158979604,19.3850426053694,15.873466753695487
906.240032421558,700.4351603172051,19.52037460982284,15.81409337235934
904.0377493832045,702.0819100725871,19.33582649738165,16.09785006429323
903.7540383867591,703.3846478638014,19.379186214386063,16.308700384803423
902.5597779600974,705.4012789258145,19.590671497564625,15.934887361271732
900.4697570451594,707.2646105425616,19.41937637141651,16.270432303436458
899.4365937441002,709.8300508477024,19.590264302423066,16.164522701455738
898.4087610100852,711.4397574649793,19.8555053043198,15.874697546354662
897.2265840593404,713.6009079453132,20.13710769328189,15.628958990319308
895.7944368766547,715.4424003627447,20.119870581678907,15.587682767898304
894.3163664073327,717.4398276812958,20.27196798890498,15.942562437131603
893.0939326333904,719.1729622183218,20.40071252806156,15.693644799694614
892.3531677389122,720.7203580034562,20.644579882440066,15.535601018808647
890.8499340678652,721.9235660697177,20.540011400712096,15.671237393686196
889.132981513989,723.622452300749,20.460674740581133,16.045221819059503
888.3682195762465,725.4191849297666,20.513751868286455,15.983651960117836
887.3298553366424,726.7856362824151,20.800145049910064,15.491054201720308
886.0379189879243,728.8006320823184,20.890077393952666,15.572926215042372
884.5873931770881,730.045315789755,20.954623125732525,15.612513306089522
882.9411893363969,731.8314501911346,21.170621944047355,16.165718479465667
882.2084612266897,733.3742610976564,21.182831927614092,16.27710622986829
881.7238790908488,734.6472850408486,21.15584826867383,16.366850598885343
880.636211539522,736.2452742974732,21.388884601376553,16.30804216200636
878.9884271101128,738.145508358393,21.560246678807797,16.263771731130333
877.4249266063778,739.95389436381,21.715593747984347,16.16580021735152
877.1629464972654,741.5756515921458,21.941322036668524,15.840347493925616
875.4140527837743,743.4605966462382,21.887791533429024,16.106731342039797
874.3288631018082,744.3605556520134,22.144474965926506,16.075097889739325
873.3909685881802,746.0735544230092,22.135863744655218,16.15921001075722
872.3185255857247,748.0355937177528,22.364202331925384,16.334282078923938
870.4415037131033,750.1598388308256,22.544546125996337,16.164728906458773
869.4869820956301,751.97399917953,22.584488313426814,16.06335642262719
868.6831103007391,753.3555855281561,22.533771643771274,16.31344289781454
868.4141793471362,754.781197026235,22.20305756077719,16.70403403816207
867.133804896275,756.040697518137,22.176322102758046,16.803697795874108
866.205403221496,758.1414653142931,22.134118966377066,17.145001730691888
865.4669238503755,760.037320446568,22.29624204100806,17.00979490509186
863.8366225847648,761.0376052788881,22.16723928849236,17.522731176120537
863.9441017646722,763.6161715933177,21.928154654166388,17.840421068470906
862.5769359356149,765.6415704410458,22.568208453546738,17.552881114942863
861.6758021191615,767.6859770515292,22.886472184971893,17.452201562875665
860.4788619458485,769.7653830603897,22.765303789303626,17.90324615068443
860.1268525309983,771.78488873397,22.80748355106789,17.937979577388585
859.7945835632199,773.8519305039856,22.92109784112838,18.029927340763212
859.8311543978471,775.8429036737012,23.023972219471048,18.13768599171875
861.2995754725463,777.9875112518097,23.30401682887682,17.95775809746495
861.9411956035274,780.177641833067,23.838639196805197,17.59991638761749
864.8393377704566,782.3122349524534,23.848988335389322,17.847070404581874
868.9732473341005,784.0848304206461,24.695489963106503,17.69783288502085
874.9492772984199,786.519832789536,25.313655750104836,17.688168742486436
881.4163034344347,789.4852901819985,26.225944611192983,17.385272336772996
890.3651974246341,791.0313235306154,27.05181805352371,17.336892267880824
901.2255072354808,794.5009992206191,28.443829275946335,16.73987468151363
911.6422038049197,796.6393316409384,29.134892161238326,16.355544778924198
922.8896863247309,800.0157529267419,30.072811337924847,16.009252614726744
934.4605578885701,801.7738722337718,31.048133639933795,15.848973177684286
946.0881404784463,803.8154837359868,31.105909057715447,16.10332942358988
956.9041092495314,806.4556764656176,31.56705775822119,16.256160536136267
967.2751172302641,807.8989078773416,31.21327688891892,16.762348078517874
976.2649710667877,811.563701729888,31.08660800371343,17.3262926495786
984.3634840865576,813.2325748477383,30.56764917151012,17.894303364256288
990.7791491185031,815.8268247736684,30.015092415419403,18.140656589331005
996.772970538055,818.9817844637881,29.532066313681337,18.652035808334663
1001.02118379582,820.9619291164446,28.96427491854319,19.391482621338405
1004.6156125469992,823.0988222378058,28.419657318681132,19.898165319350653
1008.1040758345711,826.5549007959819,27.833810169349093,20.425311124293792
1010.5554486906996,828.8852055947791,27.536444515380794,20.612701576290338
1012.3207770348641,831.9126765104021,27.051953293360064,21.14401481859192
1012.86311875994,835.0655157691043,26.666576867687418,21.453609776834366
1013.4123267678898,837.5072816701376,26.690191586803518,21.25530107733735
1013.7924208187935,840.9444375857925,26.50457843235346,21.196439914362486
1012.298294161688,844.343258713909,26.536255876050582,21.11907782857028
1012.588556134644,847.776788713559,26.416631283165735,21.05594906553735
1012.0094010996019,851.3375563833619,26.448993162561017,20.962970072824817
1011.7625136306814,853.6899828092628,26.118411008021376,21.43011524500985
1011.2840999523738,858.3765456549626,26.666949289738742,20.914303663412475
1010.63294313013,861.4009628824133,26.805439091224066,20.681108227523556
1010.4072237826389,864.2165272049009,27.02788635222835,20.91310919833193
1010.4033606234492,868.5543517229913,27.384054271407177,21.194949175823034
1008.6033235433215,871.428640665957,27.288893894538084,21.609565469426535
1008.0631866879309,874.6609255159947,27.369863072314434,21.79743631729435
1007.4339651992892,877.4637725107006,26.826415795577187,22.469425585939184
1006.4934684577219,882.3197558200218,27.358265654406175,22.14170197877143
1004.2850149654972,885.4587563788934,27.15868275161776,22.690350050023437
1002.5846426553854,888.6662412545251,26.983782401901202,22.919880077507816
999.7297664485951,893.7513884816724,27.414260351828275,22.542273992964027
996.2465220060428,897.0962608912146,27.951159965387344,22.726007586507944
990.7901862063285,901.7293860898252,28.90350060168145,22.890580515397403
985.8454066661001,905.7462038118922,29.481293057687488,22.466895613713305
979.3492926043294,909.301168108672,30.047202058914326,22.195830392956545
974.4798475372598,914.5365153098279,30.73843422643982,21.99926776554698
969.5797551474466,917.8719062875695,30.651667559533063,22.363976799748922
966.1329628702965,923.042541213131,30.574184208407097,22.816674195635237
963.8268515465254,926.7015887142629,30.187537913688693,23.524805237072442
962.1119128891032,931.950669379617,30.414120236086198,23.724034462699805
960.8334584504873,935.8493570624753,30.669963429952936,24.08027028014977
960.3072957386312,941.3707598145135,30.730473703881252,24.734618821178458
960.180474495676,944.1437010611778,30.66963865668955,25.03684700366158
960.4535597020285,949.7643401529074,31.175295436291066,25.4357370102047
959.2283273479001,954.4954219005739,31.058893746690238,26.172414609842452
959.60432612772,960.5254491628325,32.173222161514815,25.627859200315413
959.3124521970223,964.9307433181777,32.42338565468142,26.014123573646046
958.9097348934673,970.9676474627593,32.76603144152453,26.55029872869689
958.5042588122883,975.2469621720625,32.878273162293205,26.600958479401918
958.8397703326782,981.4642265150727,33.29714799253082,26.61883286192403
958.1108067156057,986.8009505873208,33.41450167740528,26.483888364278187
956.4800270152291,993.822655178763,33.74875728711227,26.055029771909062
956.3379096863829,998.9440725855792,34.01423362548635,26.235572948999277
954.7450623673201,1004.4567722975905,33.935601929612446,26.6075209752329
953.5371244203673,1011.4953614626435,34.380578003190365,26.557307786423614
952.5542974379158,1017.1210588924974,34.60188070027852,27.06227584175453
952.1170716255923,1022.6575258905181,34.73912425655471,27.688897242747156
951.6111251549474,1029.1744896886191,35.37869836377817,27.969344570251025
950.6826555671497,1036.9549949580928,35.60622655724154,27.89027048607669
950.4037861425519,1043.3406981854455,35.4160402441219,28.043774576720338
