1444.5,577.5,112,89
1466.184094669647,587.9015897599025,111.19202184234662,91.05319903549275
1487.258988920265,594.1136907216843,111.9102524451144,92.66937186778856
1509.8707901344078,601.6879679763952,113.4888427048173,92.25845487820334
1535.1516276922391,609.728141343686,113.00652092167424,94.57531349640476
1561.0655761902274,618.1605966689693,112.47655178214282,94.20199525306474
1582.3541091137083,625.949448138234,114.80242859265161,94.21797460365912
1604.5818310442558,634.8280453123194,111.90492998302159,92.52196990697732
1628.6429891707512,645.1309171282269,111.66480824907387,91.18117798109515
1649.3863956672224,650.2169341129842,108.51941829079936,93.71228617771811
1667.6360963916627,662.2502558944981,104.35405080798341,99.49556098016896
1692.6634341617805,669.4051765984575,102.38441631389009,100.01541813487219
1710.2419706744772,679.4884352970944,103.09121200187566,96.28296369536193
1729.4100423902155,688.873988988772,100.29516103866104,96.59659218236814
1753.3238357509777,697.3468438876453,102.89423294750782,92.21468510373776
1771.1157223691607,714.2491766190246,105.25740871626854,91.05042720323488
1786.9971268332047,719.5819712200523,103.43306490658884,91.94500340645303
1803.5621677383647,731.5201141202688,104.4343688994912,93.74689257855428
1817.4773727196407,746.8232518707209,105.33243641496674,91.62172860413912
1835.5129076640621,755.3391171160653,106.0998102822271,90.49293409520106
1846.9757605613004,768.1970633241709,105.68724039778505,88.59574628409223
1865.4183917137593,781.0191353524572,108.79453943319916,86.64818692905783
1877.6816186889066,787.3978709440744,111.08882141430112,84.00290789975413
1889.241659832097,801.8067303949058,113.02661380748599,82.0961596859574
1901.4410695448053,818.5649855930525,115.89730846593143,80.6003402076328
1913.3446327282718,831.2721906671362,119.7895515295406,80.1287267666186
1924.0799055631433,840.5555901349336,121.23663128704342,78.37824062094087
1935.628048334654,850.9097256200947,121.31022184265476,79.91171655308457
1948.2143423106081,864.6781441130555,124.6184726663814,79.08812877370586
1957.2148309477466,875.2531664848817,125.11337742640612,80.12657203664529
1967.5361439931316,884.294535177576,126.2083802724036,80.397535289074
1974.8578247364624,896.027577145475,130.4167643912109,78.30865243359827
1982.2156072112286,906.8186238577375,131.75711336684932,78.58902582120704
1990.6208609185253,920.5746841442083,135.54104259776392,74.81048869858292
1997.6790746037655,933.9739575572772,138.37157949119964,75.51648899158563
2007.8855686068766,945.5707758140113,140.31859209532868,74.73002563485576
2016.840794705867,958.3241231413176,141.9691445360198,72.87307692140539
2032.3566841614875,965.0249762025459,144.54888448464214,70.31809626281596
2047.672020771112,983.2585184911977,149.16546468336176,68.3258728305318
2066.858403026686,999.1557366118182,152.15769422128562,67.48339429192761
2085.8698048943806,1011.7680320437911,157.4431103955652,66.11472612695648
2104.48255232828,1025.7930327009171,159.91567460979783,64.76234329720158
2132.2670431290753,1035.7127264147412,162.70941731240595,64.5170758951879
2150.971367398756,1049.6093776614546,165.13070575424624,63.39909307339197
2174.8231921766187,1065.7722277295657,166.42197883646014,61.71317298172572
2195.453828181317,1078.110472438977,169.10616810025633,59.91979933133554
2218.032897698093,1090.4091721335246,170.14933064141138,58.70211872275767
2240.9421243559705,1108.0443361858815,172.7628727175021,57.46327712927456
2265.6282666656566,1121.2023732180805,175.0977223449566,57.1778827676352
2289.2988510023793,1136.2987383850689,176.35441591516337,56.99584121539673
2312.7701091060303,1145.8528249410545,178.83183684165007,57.73992297097952
2341.7128033276317,1163.018904282669,180.25664432129946,56.65922913150055
2368.6548163178145,1169.6561816660956,181.52689232775015,58.267841631492864
2388.719961966125,1186.9724727774578,181.2311690548102,58.13100602131719
2419.614015907147,1194.8710970431287,180.5635789034795,61.32221993809565
2446.6492744137813,1206.1551196595765,181.61895834406855,62.874787803344674
2470.475592351218,1223.036110099934,182.24157576509336,61.916205054953735
2494.37622941004,1236.448073589484,180.5968682673216,63.334381652513926
2522.317594615719,1243.3226100206095,179.21866971631647,67.97741770749913
2546.6656547064663,1260.0896107475332,178.996704960847,67.37493862303637
2566.027027703225,1273.7115002915564,179.29844550907762,70.5430819898242
2596.7302317336885,1287.7781547094419,179.21149545596313,73.02874783972203
2617.653101859095,1295.737974174393,178.38971913337218,74.20766161367726
2643.214992305319,1306.5910819431335,175.89104123775073,74.83788330153793
2672.0185242975754,1324.7594332628964,176.4076077769196,75.14521218667069
2694.4570344338213,1335.8269951314203,173.95822269729882,76.33040094962273
2716.735049195736,1347.74886036774,172.3248158541337,76.74798296172447
2746.1171999523053,1360.6700004768682,170.91505611955958,76.1295205687856
2765.7249213331306,1370.386774554689,166.3600251926252,75.32448574932548
2792.9865522992363,1390.8059207677356,160.0585459447403,76.15793480882785
2820.607156283539,1401.4859248956448,154.66509722296058,75.35191024136408
2843.336265494603,1413.6309211374635,149.624813218557,75.5165209529172
2872.361402640753,1424.2168893726716,144.00336811937288,74.3830633338192
2893.444657606209,1439.3655717283007,139.58271161253265,73.39014007458753
2916.417125101465,1446.123539415362,137.02320600434544,71.3115740470835
2932.615108475625,1454.2002039330566,133.57530978214822,70.20475761545424
2934.274942350122,1454.3491694749146,133.25673422866586,67.72909525617965
2939.007302761529,1457.0673028519846,132.58278107552934,65.5225819963023
2940.9588440868483,1453.8153998245693,132.36099453504323,64.26929462156741
2940.495058914077,1446.7508927298777,129.86925979445004,64.65612417197389
2930.4982427472287,1430.9393540987862,129.81218717209217,64.98550789167611
2918.561097753151,1416.2907150890533,129.00202128866584,64.02979137378846
2903.424268295812,1401.862029225001,128.18729176035055,60.18693345711807
2884.451464089341,1390.4411038545331,125.96042245112507,59.12362520147143
2860.577125415977,1375.001146476766,125.32987692797862,57.63539496799174
2840.577342088934,1362.0360050527656,122.70371116019066,56.761188680250434
2814.103205298596,1346.6918565641115,121.050242950095,58.383436081753096
2843.916586320388,1391.9514004849602,118.83389274122779,60.073660679020804
2837.4167329720235,1379.6067659027817,116.97750030923342,61.519588397454974
2809.163263066141,1355.4033135616094,112.33808163100802,66.15968933834438
2784.023714655421,1354.8177975482477,112.08742762847376,66.508593307588
2762.0973567061687,1348.7929173469552,109.37672037024008,68.17142705917198
2729.4538015236253,1328.9495350067723,108.69691941940899,68.54989553592446
2712.6940039117503,1333.8496137603624,107.38569265219185,70.10298757860991
2720.325922063318,1389.8639962670386,107.30797447497164,70.128902435863
2666.1494564722884,1311.1330229994076,108.66890126250027,68.50239377092956
2676.61777583967,1328.9466212470718,108.02193347195131,68.82414899679273
2650.248976735593,1344.6161278395991,107.02107495403145,68.71866204159657
2645.2054181964686,1359.252404475555,106.79045636028233,68.83178419998237
2695.486244307382,1435.2726417141653,107.04875042751806,68.60945547471508
2697.124681589275,1443.4899630236953,108.72532368248828,67.36692863934655
2706.040309359649,1479.16264154482,109.73097838954249,67.02885003948006
2686.5315295639484,1497.8896715058133,111.51446434202774,65.83153831695618
2722.9825105377085,1603.4708691998655,111.75678187448821,65.64901658607813
2722.29265503959,1613.7949319976894,109.01288618890152,66.74382044904867
2687.9342456037916,1628.658016334945,111.19229050971731,65.46709940637363
2714.0124330419017,1638.32794779965,112.49673869257921,64.6496325646097
2718.8560162078998,1647.3363059826472,117.51657500035337,61.44200109088851
2722.7137478493987,1682.4932856986957,115.6696863366483,62.41055050888905
2690.87233576183,1687.9509409547823,121.1884289382997,58.155995154186684
2688.4807534769166,1696.0089801338274,127.79411328733248,52.78128508985877
2647.4543498942367,1644.6900114392195,127.12025114116804,53.262339239328384
2698.8942124908103,1653.3940364161808,126.2034470905995,53.91010784314475
2673.2100893243523,1670.1389958836135,126.56214523625927,53.7291145369416
2680.986056199792,1680.3474600022805,126.7421088395054,53.61551195268368
2703.264714679655,1704.7950564892574,127.42752488148889,53.0208331999217
2708.4902322250446,1710.4680783610731,125.2284553134759,54.52076151744731
2683.139226214879,1726.6731742521645,125.40439006329979,54.38833310196369
2686.079595640104,1737.475999613684,124.39965304771926,55.149982412493955
2699.851705548761,1763.9748797566003,126.82774997234819,53.294907063184986
2700.559517988828,1777.3594298251323,124.19363210744223,55.776390574802335
2684.198573811549,1785.2579223656344,124.95130613704897,55.320860953393215
2653.0181789044564,1721.4268917609472,122.38263733307012,58.288029279466826
2623.9500551471397,1720.9671300092648,122.5331098538076,57.99507545643838
2583.470831546811,1732.3986995154855,122.4572934436242,57.937543286038064
2556.9748732935464,1744.870642386951,125.03735234517337,55.642001583024125
2511.0263451123506,1797.3122330501235,125.22419600004535,55.47787543246006
2497.768677929807,1839.142529497662,116.86851290907792,62.92969403640659
2517.6111187950196,1855.851975424083,108.38786244086026,70.94208804171897
2537.9733638862604,1872.6138125952991,99.47957823677199,80.09145981134735
2547.5163645049925,1895.51857009944,92.9785894352209,86.09782081014541
2558.422523191694,1922.5828554565635,89.33241929387343,89.13116110664066
2566.709677189772,1950.667802090635,87.72209769450713,89.91623152257975
2580.783672817964,1967.3314671628164,86.33546660658013,90.85522065311953
2583.6790635339917,1991.551572905581,85.98933439403766,91.21836533824423
2586.802287077377,1985.9608993877985,86.01023321257036,91.20646171768144
2582.3646270328722,1968.529808549075,83.54370302081894,93.07668477696471
2597.8854082818534,1975.995645551197,81.67729234780742,94.84695512391693
2615.1354658800437,1989.8475476644928,78.1770760619495,98.02043017894118
2613.0237230340826,2030.4206861845007,72.04900306856894,103.20217132740225
2622.787087883725,2034.974538463116,70.7658990101536,105.45622977065969
2650.2748646336986,2054.359952792228,70.0783665978525,106.13711467444787
2660.2798819501627,2054.030480870741,70.18366361470461,104.40796290012675
2668.3250240724483,2050.939903588332,69.19170796052619,106.25953572742631
2675.9454161225567,2047.7342812707896,65.61332315230183,109.984263600732
2659.5962215288223,2027.6763384425647,59.86233337248498,118.2923241686808
2620.6277784609847,1925.014470903922,59.73996200083657,118.47343534459897
2627.407706497944,1947.6520631031829,59.846721413062454,118.3694545593583
2656.3115245730314,1961.256290695721,60.011455410592674,118.24465568531724
2655.941366805486,1980.3082848209501,61.01885986556191,116.5460247956988
2660.420930169832,2005.5314916779175,61.20588277218466,116.41503313986958
2675.5610911357776,2011.8736435043872,62.57405365340366,115.10603847740863
2675.228488924954,2029.0047454081725,67.65841128855251,110.80412176395413
2676.237789909793,2051.7517412571315,71.65653485903559,107.19163031017669
2681.7390517214153,2065.816642617733,80.55633972700124,97.1354970225672
2681.7991753747838,2078.1413098481094,94.091753049537,86.22430171434151
2687.9903334537353,2079.1739021268013,93.6869149189776,86.52208870122362
2634.202781877966,2075.6275771519154,85.65803705244963,86.73256272860203
2631.730588465553,2006.3091215336558,78.50460931733956,83.71792367215225
2647.1112211983323,1921.9739817000054,72.61881305954452,87.22943563925756
2648.065222761602,1880.4468849387072,71.4959101546392,88.52784608079926
2614.241882551265,1824.1140535414665,70.8071108389849,89.03496242752678
2679.797541002086,1769.678556617783,69.80364305843669,90.67433548631975
2717.412763855748,1793.4426300601892,68.53613375247986,92.14276300336287
2748.575743060905,1735.6711860071007,66.4541176029079,94.66538743766476
2754.909198857327,1785.9425734906526,63.466601685723205,98.95128678696697
2729.1688964636373,1833.2362431394843,62.589212393512696,100.09460697416738
2713.780214426894,1836.8826512014773,57.904376302204426,105.96747078182167
2756.4351131504786,1853.221598013978,56.55666839360954,107.53288236311894
2757.9589265754153,1881.4095290154985,53.29497944904766,112.73448160275413
2795.2949281977058,1943.7328989667776,52.160726448607605,114.21307739355518
2800.383883899449,1961.0934848358265,50.614417332413346,116.1556858678596
2807.035405440202,1975.656499039797,46.20842224742849,122.7368527419014
2799.160979475198,1981.4085812545889,41.56960938251464,128.81718767144835
2804.48134467098,1999.6843899241433,34.412899462523114,138.12338512115787
2827.5290023414414,1989.939317380965,22.952334487811648,152.03626732909657
2805.8741538077593,1959.1171780479017,10,172.29342288731286
2802.2798842936754,1950.6081683160696,10,178.78783128225132
2789.9420156031847,1954.4224938030707,10,181.4829918393162
2770.834353402257,1989.0238595783728,10,182.99732419252035
2751.8504285365343,1982.2270828183387,10,187.99104517779867
2734.0497769862413,1974.1340615372146,10,193.04426665697778
2706.679818108678,1949.5749244794804,10,194.4862597971047
2698.648131325841,1960.5509126405777,10,199.1168182649491
2710.541653588414,1965.3061907572358,10,204.6594360504929
2696.219258263707,1999.2215156065365,10,209.84129855892255
2680.218132928014,1993.4107573656097,10,211.80006956500722
2682.955084040761,1965.4712117353836,10,213.85936712428756
2688.918700888753,1959.8813454873487,10,215.10865108825263
2701.303601935506,1956.2049899186677,10,215.51844440182302
2708.450114443898,1949.187148615361,10,218.43864181709156
2699.9162733107805,1970.3257644262562,10,220.18703351683422
2694.522086814046,1959.4261661462474,10,222.13979071527973
2677.4556195288897,1898.1493210765059,10,224.40613496853217
2668.872076705098,1902.880105504502,10,225.516183239005
2675.3717891722918,1921.6877493293907,10,228.44590520226456
2661.907034114003,1918.1775787298836,10,232.0227811684293
2633.3160497695208,1952.2346269352217,10,236.56779578070234
2606.832239344716,1947.955787696939,10,237.65972356299287
2574.423879817128,1925.9260535382741,10,240.01003202924855
2529.1490270644426,1931.372882109706,10,243.1135958794265
2509.051489070058,1930.6989500704467,10,246.47214659391642
2475.007417872548,1935.6692569240429,10,248.9969011575983
2463.1659090071917,1928.4142667936906,10,253.24302071578816
2458.7238394767046,1930.9884527274148,10,255.05117417411464
2424.9529158622026,1930.964657177818,10,257.22520627520043
2409.0229632407427,1953.9014730208066,10,259.20762317320776
2402.1439501792192,1935.4908288930856,10,261.7944868375851
2383.366930678487,1941.1188524467436,10,264.8360833917683
2356.4730612784624,1931.0630387073222,10,270.02996432672666
2314.7654196769,1901.5975034203143,10,275.29345143516633
2270.017502501607,1878.3904385619448,10,282.5036131038098
2257.005691590982,1881.4152313007357,11.062333369100848,281.00259539813936
2254.696137766381,1886.9022591040655,15.007972011287919,275.40686239279825
2248.910344784752,1909.0191024688527,21.36371048232824,265.7303007547766
2247.707130597636,1927.0444565467244,28.49355375447901,255.6421685115088
2244.1254712473183,1948.6445051971855,39.21599406384871,241.409598600113
2236.2442929424665,1970.108735018989,53.410902772780275,221.40260959859611
2224.404974926578,1987.5694361534654,67.37140010979464,201.82381673516045
2230.545839514558,1999.5861086145508,77.04991415893187,188.58180215051445
2226.9236208113193,2010.0896935108021,83.2772406216142,179.74760694449836
2246.2983676755184,2006.3666650635093,80.58159134512071,182.4215729272188
2287.3368676229443,1985.6009691106333,78.14162300544494,186.24238972921094
2311.3912268300533,1853.837572504799,80.64892860856027,183.66856648580148
2292.6757547688285,1852.2188213848474,89.33653700713337,169.40685836803848
2291.2612693820415,1887.1162030568405,95.70932911554588,157.88321700281216
2293.7096586804887,1920.6526752480804,102.69661900772687,145.0721248847369
2294.299343171265,1953.294653775236,107.26211353630629,137.78821742149012
2286.065273760359,1975.5897236088565,108.82983121553922,134.4290653030773
2277.2847303893805,1999.4319040004339,110.0307857400892,131.4475434176273
2281.0387918914125,2025.9767814432912,109.26093731030467,132.37990996135605
2198.3089634182925,1914.7473239158098,109.09216102900635,131.85246637374084
2174.318073284518,1950.2074720110136,110.82122141740471,129.78309944358708
2200.0912870006273,1990.5217786272835,110.00223005085981,129.6331773121213
2213.9881067668725,2022.5036523741794,110.68140889300321,130.47984699362274
2244.3530674673866,1996.285545781081,110.69067282522676,130.8418605033056
2242.607833079737,2003.0643128917682,110.91627691737584,131.17187282123794
2258.887788438794,1991.3167123450141,111.82460884452452,132.7271038982665
2270.806928486569,2006.8519315718738,111.14260735920391,134.9533039333168
2262.5760931356094,2000.294889836818,110.19984385702136,137.75326615709074
2201.0294590446465,1963.8503437858383,110.22899460730723,138.7478041208664
2195.303622113407,1944.6462878390928,110.66514265191465,141.56774310175993
2178.7076411161147,1972.2363431496904,110.5440667741846,145.9851323279766
2183.195158794991,2005.849105373141,110.26103466655422,147.27344760275554
2138.3174936701853,1964.4454242070942,109.24254594643912,151.35497985672387
2121.5623519338365,1964.785448696829,109.12085233783833,157.52917081789747
2150.2611620293587,1972.0851444809389,109.34251391559289,163.07162495280284
2161.4070712127177,1950.9901877717798,107.36252225480743,169.64762769607208
2163.112671130648,1949.050644846563,103.9513896822649,180.13482302068775
2180.713472080024,1939.734284205752,101.89788577545573,186.40640309747607
2193.7395770438925,1963.376039829084,99.24456729669306,191.9638761952941
2191.554733081936,1890.4294368073993,92.88696315975437,203.6971396117104
2188.8844731250365,1897.6102579455894,85.41174821027192,216.12693257702952
2177.809297545153,1882.1578069233876,76.56039801505804,233.8810548973119
2093.2311984626954,1755.3238732898058,79.21323924638043,230.6601587367415
2084.6703142318634,1733.8358011341616,81.55805973288572,227.24177561272717
2080.2419599943464,1763.3627711227823,82.52385662878726,225.429069461169
2087.749758419075,1782.8741625767777,84.57803440701566,221.05990059736774
2089.462921511047,1822.1247117349496,87.41667518779309,216.21613565504734
2089.014381669437,1840.2080596806065,89.2478201533574,212.15099081964172
2096.820788906173,1870.03083205972,89.4837624700463,211.68564473084808
2088.1341847324024,1873.8001764319797,94.71397116854038,203.2331259444435
2091.103431848327,1901.7009970050005,94.65464687763935,203.3877340354624
2086.257151374219,1937.369236914531,96.92934827156492,198.03165430185058
2093.6022881493955,1945.8918469970768,97.58538819777486,196.68275467051168
2095.1993652029705,1968.2794253413986,98.5925761964896,194.84318681853807
2093.790456606525,1958.3409172908582,96.8511926256787,198.40185117401333
2107.232827600692,1952.8287649552665,91.75295538282818,208.3443888821916
2108.886691674811,1960.3854360193816,89.09634151958181,213.31943519695446
2111.742296059498,1930.4648207490893,81.28249641292771,227.51382278099624
1986.9851293094503,1862.0045159374233,83.2242438534531,224.78658999710146
1967.1011446804891,1865.207960641088,82.01490674540833,226.8323945289812
1970.0519495400852,1871.2341605783827,78.21529797798365,232.97777717087132
1955.3743492246135,1846.5541647735236,76.49507441459085,236.51274131476913
1944.6806034568317,1839.809207451765,70.60729548811835,244.97823665057794
1950.578368608671,1840.300793754884,64.39524744991209,253.36186530624155
1946.9655018264468,1883.426568740482,61.268636501421184,258.97429848934223
1935.6571236582452,1874.0494078224121,56.481462173761756,265.7635181297424
1924.8395022473803,1864.1149718962781,53.71001249060874,269.7395028665319
1922.626922709002,1854.464266838085,49.42235723631089,275.85448205182684
1937.8668296512124,1865.1354850927185,42.877333009482605,285.3058954876281
1930.3935783335287,1882.791244741881,40.1908934451431,289.28142071444984
1944.3157955895133,1905.4131556378356,34.20907070380386,297.87656147747225
1974.0871649119301,1853.683844014556,34.73904781824756,297.0454813548909
1984.5492716621611,1880.04986923962,35.05330439530016,296.57941448630584
1977.4402774916,1890.7462267254746,32.4428606532924,300.38468611737954
1980.382629218349,1909.125076443432,26.006398493224786,310.1727210869828
1989.6329565712858,1884.3626305000655,17.11579017406982,324.7534105506199
1986.0554668823356,1898.006487408821,11.954127744414166,333.65005342256217
2017.067934959865,1863.2673809671564,10,339.27045151707273
2051.2977780995134,1869.2292265899255,10,342.82554006432
2059.499659508205,1861.5522425465042,10,346.1594828978666
2065.4301290211442,1851.25904442001,10,352.6138648762578
2054.8995303807023,1809.581968007648,10,356.56421673662686
2060.3323707279924,1830.3370257325128,10,358.46847659207293
2057.0040201840166,1843.9571347305096,10,361.73774574817907
2069.875697582698,1855.2136939132279,10,362.2429493737091
2074.5515937504533,1843.2563648099338,10,363.38502457248495
2072.2858752903703,1838.319338152961,10,365.98417363533156
2074.041869133449,1864.0773932286554,10,368.03634275030015
2071.4731855091813,1862.7488894907983,10,371.17087173494656
2062.6717633900407,1854.3798813174933,10,375.68600962544076
2053.789211243129,1848.7935559670013,10,379.4537707428369
2040.7918357548479,1840.8167672396696,10,384.92926840166314
2027.9009332356218,1789.7515593462094,10,389.1296075894625
1995.6498384175065,1760.3598774193965,10,394.44294351950407
1994.6626203355554,1777.1630956663753,10,396.97343558389645
1977.7893789109949,1778.6117645699362,10,398.71628742444926
1962.3576448259118,1796.7017614789097,10,399.83023891900217
1940.315339833236,1811.0045760782034,10,400.8481124517379
1906.527353077865,1819.6174371114437,10,401.3355957227819
1898.3448360261682,1849.228511590785,10,401.6826186696165
1901.1716795263055,1852.792739170755,10,402.08818059570547
1906.1006889638666,1851.4914404757724,10,402.38793775282187
1913.4393806752923,1846.7070090451164,10,403.1002465827619
1923.1088056859735,1850.4030605172093,10,403.3778461684834
1934.1049757299188,1844.9073277574164,10,403.5817235685624
1922.1515960988763,1854.7479563875702,10,403.9790929409449
1923.7099664506677,1830.2502017653312,10,404.43198057287435
1906.3543412980798,1834.1556425308527,10,405.70695261849147
1889.3516767320398,1822.4177089450682,10,407.7496036950897
1877.8935497102502,1827.1156960224873,10,409.7045654762257
1890.1346900758508,1809.2210425647072,10,411.2154109354867
1897.935878544784,1804.5001432910835,10,412.39507969910375
1872.213798314071,1808.166555488073,10,413.4633793056742
1852.9599874315027,1794.9384441900747,10,414.8680767857038
1804.864547520614,1795.7595030400473,10,415.91361787253254
1779.347623616195,1796.3338293463266,10,416.9034735798286
1742.2270067033533,1805.6708941082375,10,417.6367136696544
1706.5575769243005,1796.5961483885258,10,418.8874319157186
1698.1886194047693,1810.3601263112223,10,419.85387990943684
1703.669455319381,1801.3002852018542,10,420.77726352892967
1719.357129841781,1772.7467422411887,10,422.336188897282
1722.7797181901697,1743.3998871330816,10,425.75067090304736
1732.7699725923303,1733.1656560251677,10,429.58084843564757
1746.2786090669397,1736.458461231568,10,432.3355748224683
1740.841972142196,1761.049492319422,10,435.059968640413
1760.7238920030359,1753.6698109428678,10,436.4112799027376
1768.6138189134363,1761.86990369076,10,438.1980279244088
1764.8647201356653,1784.3839563885088,10,439.5290648323786
1763.4386759099725,1776.2611761905825,10,440.5272049172566
1778.2203750905755,1775.044707641747,10,441.5395321831179
1789.1910324392084,1772.894588895091,10,442.6369298250506
1798.4199667272333,1756.6634713149215,10,444.2088566052624
1796.2292123136285,1729.998264419632,10,445.5333919473551
1801.9099927243951,1703.7828114110002,10,449.26634187941374
1774.5107255277399,1721.6188857580432,10,453.78275367116726
1781.3980388936761,1726.0144722466073,10,457.60592242987934
1778.9130888280633,1705.303632989892,10,460.0553719394032
1759.9655790624383,1694.4840809324412,10,463.31124965965193
1723.5007124242547,1662.45844379439,10,466.1707858070924
1699.6773367223504,1664.1947822469547,10,467.8644029998633
1702.8630190191034,1653.4338702995956,10,469.9669230005384
1705.2513935861352,1656.3263594997168,10,473.6099231159209
1704.0220628080133,1653.0561391460842,10,478.5057100260366
1710.5930452642206,1639.5832426401666,10,482.29224133438055
1731.82167342279,1611.099835470794,10,486.13027530813565
1743.4470615682367,1586.3064528157167,10,490.16686209045787
1757.819184332824,1593.6604088774106,10,496.4090956885057
1742.4052791890863,1601.151405345207,10,499.19494027732713
1735.0618400869134,1602.8694664869763,10,501.91011127152905
1722.8957068565112,1646.214200461743,10.826719890980073,500.40001801681944
1724.5868861162792,1652.5953381737468,10.55382625524875,500.9355464715966
1712.9336236373915,1657.221231083135,10.350642808482691,501.31294823674295
1698.8222293918316,1719.340371555514,13.586170481121544,495.6494887641534
1683.0248823072097,1723.0121904702191,18.46506722604885,485.99277253127025
1695.7935794936755,1749.2476077848103,24.38485287631049,474.94071536790807
1680.226303807181,1781.824977526466,34.741274671662815,455.66033883015314
1675.7283892802732,1773.0609002013866,39.216455722853844,445.9505841632954
1678.3885049589712,1785.6773905550706,42.320953712686865,439.102761994746
1681.7482708847588,1772.839233789845,42.930517701565925,437.8258418063251
1689.9944373883293,1797.5503334494438,49.90640254415616,423.55054647882656
1644.3871147764567,1643.257689419491,62.161659034991374,405.74954303482565
1652.9448168215567,1648.8255769623552,60.34574301241811,408.22352727984713
1638.0643411563763,1668.9150203534236,62.34139740674378,405.6056947274466
1645.539205105774,1691.6914736836375,56.465448614088416,413.32431440368885
1424.8787308124554,1575.598614477064,62.931721907757,402.6604539594138
1367.0932204193984,1634.172792489905,82.6428412656481,362.0009361295324
1367.3436738896296,1681.462522146388,93.46279041954642,332.86759040299245
1367.9402859639254,1724.3232196122217,102.47463390553747,314.48854166273117
1375.1911363742056,1764.9642167444488,107.55529812098766,303.6153456160504
1386.9781155913854,1800.004817994541,112.41834186863494,300.01518407045586
1396.6468050505641,1821.4088909546158,114.46181660323148,299.97177814054055
1411.245628534517,1860.422947994198,116.83311456635582,295.1348566883292
1419.624150240986,1879.6921746541561,119.02425993515624,285.3729384025928
1427.920027896004,1916.2734203244368,124.96602818469054,262.98587964870137
1434.6549577260207,1944.6527947090494,133.3123058385001,237.4571952715661
1443.9048826963276,1953.300697426942,138.2545392566508,220.0799660241663
1452.3630519354417,1974.7906804344072,144.7913696474413,202.2150283905836
1457.090877362244,1988.4971379392668,148.39309088703703,192.74519046826686
1452.313559125278,1996.1064432669261,147.35671822095435,195.7107457675381
1387.7711000617176,1914.5931252413222,146.26690795452097,200.66934287831617
1399.305449200424,1920.8589667939646,145.6051406005701,203.49972413460353
1403.9759197207734,1938.8260169253426,144.86290199059604,206.08729898171094
1390.3466196311408,1940.211226825174,140.64245820929006,215.51056185264156
1400.2391429947747,1940.828950880943,136.08003149239835,225.9295412694847
1443.406526803147,1931.6848480499611,128.55027181022373,239.27358456267385
1489.6105290786124,1932.3736406818339,108.78353312843353,265.1242517098174
1494.2058171453807,1783.9036670336518,102.956824516183,274.7560630198532
1507.0778340830955,1689.3569048853867,96.94887271777993,283.59954154001633
1515.9611421588777,1675.7949390044155,83.81123052709201,302.02450918300127
1591.4153145333205,1653.712852204873,76.35790286804995,313.68089317026977
1696.4712789005005,1471.0405299629474,82.05972535439354,303.6235295974801
1703.6874421656003,1475.2389891220046,89.06364760349064,290.4966732491231
1693.2396291155424,1519.043408917101,97.57356584838165,276.5480814616644
1688.0752231302401,1565.3369408324372,103.32541153328076,266.2923698648787
1696.2585315150445,1569.5689322792018,105.63984411059562,265.272747704382
1690.9648413715743,1622.1219059004036,109.56005387293908,256.8702611553375
1681.4867836033086,1659.704019248938,113.90585122557142,249.61208609401083
1682.5741702971918,1688.2863520504372,115.23957388387142,246.51647414091474
1678.1422342994556,1736.277739935932,116.82589708936577,240.8007195491245
1682.4215377690698,1755.3436571700695,116.3207331051546,237.10622104886738
1679.426865223471,1807.6930970654416,114.28920417291442,239.21611811359168
1671.5070048385148,1839.2498848891705,115.16174278340318,238.2894397439659
1670.2569729760487,1883.6416546084527,116.80975161436463,232.35146610130008
1680.568315333229,1899.8313399793683,112.74423776792395,238.32010256161726
1687.1722682613622,1898.110313421058,109.1679904657349,241.31521951791171
1678.079639868559,1907.7143764991868,109.72920474035499,234.67972615126627
1677.3362542593134,1947.4983449118513,112.98096152021688,222.51365242408156
1681.9162519709535,1954.3168485017009,113.08323320966863,222.23800388696057
1670.5585170180584,1954.089957724151,112.15832416343258,224.9789546601238
1626.0118549985461,1934.8589858428281,106.91664148858993,234.0547595067536
1703.5824391285835,1846.875637187504,107.15735494238253,233.68492422462836
1705.1710242701001,1830.3031340647603,107.5119064897173,233.22636143935398
1693.4343496599602,1839.0999246561441,107.9399409211788,232.5325948622994
1711.2898172414027,1869.9519724114757,105.70406908226808,236.35524800886273
1667.8452660143894,1860.4772720748515,104.72748702701767,238.19098214768746
1677.5780106943025,1884.3181031972906,103.24329229914939,240.86252653733067
1709.4775834374789,1906.4849539713778,102.49031990849984,242.02663916762342
1689.6144580178202,1909.7750045871262,101.71757019850081,243.2146277073972
1667.319928070709,1918.164071771779,100.0159349022935,245.83035129402427
1618.474223239215,1901.3187893101604,94.41843465317204,254.27406334250568
1595.4533493746999,1899.610581394336,87.5105783477783,266.12734784175683
1552.6848853677325,1881.9865091295794,78.70364192079532,280.3348944556205
1551.4636173884564,1862.7431621531875,73.20447599030936,293.00023831074805
1538.359762480085,1847.3927468260408,69.92944540483028,299.33342179402115
1569.9926808599287,1806.8646736500514,71.98102960461593,294.56196957422236
1568.2679596977114,1842.258795525386,72.00209596965387,294.47715599933457
1568.779414090214,1851.0913764956417,73.0409786046315,291.26997230741927
1570.4167879287463,1856.9106084083028,74.86561761961393,284.3867379552114
1562.1745751469896,1879.903093223178,76.32553470687031,275.00080549587096
1557.1123117251411,1903.3321087094446,78.23991083187803,269.3902453790508
1555.813758410248,1912.8274172367107,80.55177108944156,261.25344721795074
1557.3773697675406,1916.2066336668533,81.28196309729883,253.68186967382763
1554.9814048183896,1925.6115090948163,82.7620503156237,245.08452593002374
1556.3148777755043,1919.6199758693099,82.92669386176692,240.14014983037723
1549.564053010483,1934.474226580929,83.90820751229307,233.73426071182618
1556.2806320897046,1926.9168873133508,83.9058574211716,228.90854389175803
1551.000648654996,1945.931583981973,83.8533069337165,229.1410752981659
1563.0060901258107,1947.74007589761,82.9607883261935,231.89126561545174
1547.3074285693592,1942.3134402715264,80.53033357654743,238.5917901902205
1539.5258793058438,1913.601543964929,73.97308794159102,252.57487464301448
1563.0073509250774,1802.003151616563,73.1977400705553,253.8394999159188
1744.4518831209464,1858.916202402058,73.07561293467695,254.01609152119815
1751.8458178373612,1888.468897059453,78.10081379908831,246.52642104796087
1758.6342296378893,1893.3226491765497,80.14068941678198,243.2304992837074
1745.1668982502395,1921.673730795618,83.6639943124431,236.81960344059064
1730.6111943747906,1938.96175660186,87.43698501011829,230.96953449412203
1732.56817307383,1963.4301055326926,95.31666011936403,218.84955568763266
1720.8052361963803,1977.562671775258,102.46441726659702,205.94476522825858
1703.1111532673447,1972.991043672006,102.44922085049826,205.9731475486543
1559.799355210652,1961.9561659948454,102.62945758888394,204.71015448988956
1549.7718923064836,1970.0794235359938,103.08710861694705,202.59111896081552
1546.6231724425004,1971.5624026943815,102.98917500049224,203.46029348133578
1516.573720187486,1961.5258788456174,100.79096418459308,208.31729484555072
1525.2475114410697,1959.8611485734612,99.91485727862222,210.99462883918903
1530.7115000126887,1962.296267142529,98.8871362923057,213.82607045395272
1532.755866353637,1955.1537582776245,96.93620644968834,217.32463589036507
1526.6370292662643,1957.6979444467345,95.99428276981908,219.27505568547667
1519.853743950675,1965.3395760650628,95.05280057507048,221.44836593514805
1528.827756061069,1949.2769286641123,91.58132550284166,229.52126968480312
1524.4796999828932,1948.9495438703716,89.23559138386373,233.57338409993648
1524.2858354415262,1952.6434826934183,88.60956764849013,234.6944061425637
1528.1609091408802,1946.631726534366,86.4017719724994,238.83319145947823
1531.5051802896253,1939.2939836296348,81.9673447796843,247.66743733974118
1523.2771646021506,1939.7451597168229,78.20065505478033,253.94733852611373
1527.6689717344643,1941.9929866970474,76.86397453649093,256.2571245146999
1523.437348677166,1941.2898655230847,73.29511806624834,262.969628878922
1440.5548822481005,1869.9431205865644,72.7854842739888,264.2227958759861
1402.1673386747773,1899.7063079455297,68.93097852512753,271.52713252280114
1424.6906884381037,1912.3917424976498,70.65525983343582,268.43965537107556
1439.5908993741225,1913.67685226403,71.55185753842439,266.45791088685763
1433.2306561314183,1913.481557772981,73.95904865945273,261.1728783594035
1440.4349271939986,1930.073319183944,75.1394748112699,258.4600739212665
1419.4966175638933,1935.9295256113762,72.25802217206656,263.18211693798395
1374.3842761995115,1913.5897987666233,59.033516668408225,282.05512264470207
1373.9165264571013,1902.85789274381,50.80855949581887,294.1429352396448
1368.7533993654247,1912.3118437525723,41.07575835080304,309.19623012153454
1359.4966022890858,1912.7011609731774,32.889525309266894,320.9218490677753
1362.2197313548065,1895.3361856156077,24.589775394683492,336.2702308742232
1331.9148737794126,1886.9686605029126,17.221119878967173,347.66959632330736
1317.3327904894982,1893.4271504077476,14.556034215754224,351.9409252294576
1327.5296933895675,1898.5765776125832,11.500500510341986,356.16391473000385
1310.6435167190793,1881.5978366797897,10,358.63537555372085
1281.6363050338987,1874.3398991494087,10,359.1927974360768
1251.7885648605588,1864.931474884734,10,360.3403878477506
1229.4499132034543,1879.8002871082183,10,360.7368633611092
1233.8982188102964,1867.9841380542725,10,361.16416535999196
1201.2001063225034,1867.868766247199,10,361.6594818627517
1172.6742674705747,1880.1573433529381,10,362.00565605093163
1187.2622029182676,1875.690311819238,10,362.1712626592863
1166.6720215675596,1895.232300307975,10,362.2025505743904
1143.047668158746,1887.5320332975093,10,362.333387405991
1123.3399197456602,1873.8478456189375,10,362.58686598884225
1110.0462729332212,1881.6478970540468,10,363.381086467623
1087.9199606773618,1883.1083209544297,10,363.9614009574303
1059.909035384393,1890.4413960201314,10,364.55921071067064
1043.0474745628599,1867.9499980800115,10,364.8364554434495
1008.8240210411313,1840.590556056661,10,365.2296139347305
987.7931181785825,1855.8016423734646,10,366.1580787370364
970.5951754448179,1891.170132108306,10,367.26944979225584
957.9619070884946,1864.7207962723787,10,368.6875535319812
951.9308673736814,1871.1427481155688,10,369.5993518643392
903.4269344208005,1844.0006695033292,10,369.9120201361816
860.9242870208982,1851.4565241215848,10,370.93616962617153
804.3611919281248,1861.9424999132812,10,371.28978719561127
787.0818225738767,1859.3009379008622,10,371.39698691930136
771.9216968414548,1863.4339450029686,10,371.4166410881965
752.7551223633054,1866.4704474643158,10,372.29044974887637
729.8488456604246,1864.5122953263358,10,372.5168529113261
722.4324614403013,1881.1225368652908,10,372.63200215763504
743.8516966697935,1877.027813326485,10,372.86305661515945
742.4384157058957,1877.7132097517997,10,373.07083246150614
743.9609027502302,1872.939492816828,10,373.12185596157644
735.9100833532575,1859.8622076320225,10,373.48235131898036
707.4235091802839,1855.3975885988302,10,373.8213708413589
693.163171350694,1858.5518360907324,10,374.69566661377974
686.6989384290937,1860.2172095233884,10,375.6243086721127
664.703050672746,1851.1326580072393,10,375.7135605538984
643.177997648454,1860.1728417052825,10,375.98723330368585
612.130842268205,1851.5544178523012,10,376.48930737378447
586.5995083448652,1872.1572623221452,10,376.7889704543599
563.3408852216962,1880.8581290632699,10,376.96260394598755
545.3265095350507,1865.9499798727434,10,377.1813319077294
533.9982748625043,1875.6555295244889,10,377.83684675523887
507.0671549436811,1862.8842266657243,10,377.9437758980611
474.3811312315229,1859.6649475864447,10,378.4795005948588
461.08628755781683,1861.4283234635354,10,379.8127384837742
437.96523576948675,1868.6702130045098,10,380.27783769009466
402.63608080122503,1868.686625800121,10,380.32284817280737
390.90018945906195,1877.9035972475285,10,381.14856409146887
389.5478029844526,1859.4523866795828,10,381.3622034890792
366.7511168119672,1858.367350747299,10,381.69986621019893
342.3274260160688,1856.3896146628208,10,382.20918235422255
317.08230119917425,1859.988786795423,10,382.5877867317486
316.34020543072256,1857.0599336354198,10,382.9346502516144
293.3148739335302,1852.8410250129712,10,384.3205866600253
271.1406242844823,1858.0367661105952,10,385.2825552399235
259.1198008057836,1870.2487672369828,10,385.8573494501611
221.9576342103246,1865.391451335017,10,386.2789800791655
208.65915799114737,1862.828540711817,10,386.49705358005207
195.16956734631094,1864.550616049176,10,387.17352410971023
200.22699618313345,1868.461580874234,10,387.3944697495111
186.05931830379996,1863.4389025296882,10,387.5353130795327
199.4382207391027,1858.9665583197304,10,388.0753193400247
192.29725718472037,1862.3393384770523,10,388.6551937101343
185.32132697079214,1862.3159205477125,10,389.00902823891494
171.12894511196646,1880.231222161255,10,389.2342340328265
185.82658743832144,1861.0958533826492,10,389.2888613605454
198.34642577145132,1867.984151740936,10,389.4622911561177
189.40546679470572,1870.8499858706216,10,389.562654146747
200.38421511623892,1852.6663490427716,10,390.02965924775924
184.11566615078482,1863.3697887803887,10,390.47493164325266
175.68311572048697,1857.1777624134443,10,390.81726017212463
182.91490578625235,1846.697102550594,10,391.0006830167212
177.55005907986197,1837.5560531480844,10,391.3574106516968
180.1981573102239,1852.5676992585097,10,392.8315931012564
173.62191104862723,1855.980358215073,10,393.9436130634956
171.40395808193716,1865.6658904685196,10,394.276981997765
174.68800592396292,1853.5348247924114,10,394.4720376206108
177.54527306530508,1878.8407180199024,10,395.1575000059611
178.55500853035483,1848.4718333113958,10,395.44719889685103
176.69835674736532,1853.9372708104202,10,395.5986336217029
149.10829937431845,1872.4371258040767,10,396.6703309525051
166.01592266533407,1843.2765087311798,10,396.95772110415817
158.03108894798788,1839.4269504503657,10,397.27910681938135
143.98611938927206,1846.1615903132415,10,398.1492207093523
150.73580133888754,1832.561081626607,10,398.74857449314425
165.71051657173666,1828.4722630212286,10,399.094060767774
162.25590312454733,1847.5304261797512,10,399.5102356714321
166.6960343119863,1843.393718195513,10,399.74952249714704
146.50864112350973,1851.7540558585138,10,400.3224987519562
158.1224087474111,1846.0226650671575,10,400.57869254322594
164.25536334488424,1836.6994390195928,10,400.6532738345223
166.1102724072698,1845.7460913042225,10,400.9366916010781
166.46232432100805,1844.4871225641557,10,401.4535387930494
