817.5,0.5,25,55
816.6748686685276,3.9197850010979813,25.527184599814486,55.905280156495444
816.2365220008338,5.197849804054147,26.153133830816557,57.16429938099693
815.839615032042,7.019461880966919,26.54872943467903,58.40177533856055
815.2715979146109,9.12042186713856,26.730867147019296,59.21683744476951
814.801930803473,12.11916233856855,26.683397360811043,58.74420639357213
814.0353270237508,15.79808962459596,26.842828007566254,56.923828361129125
813.9980389223264,17.374195093823417,26.551397925463107,57.14022852001003
814.0680212528573,20.818352647799806,26.60217471399565,56.4922784404386
813.9692483678843,21.555715826555165,26.24911089531851,56.960856621654685
813.52053503038,24.627238291411068,26.95252524134498,56.85864468831129
813.002363185856,25.339097166671426,27.278638281875423,56.82682616588658
811.9858222101501,27.114470401711056,27.681810837115478,56.66517261801801
811.9154242585672,29.576335916113777,28.26301285414435,56.57933173737541
811.670039602243,31.232863501038807,28.300603939844816,57.163821666783775
811.2311403520815,33.80010649879277,28.42647780618809,57.051555329173794
810.5657876119318,34.676107190921755,28.416869732677487,57.13531918749242
810.0196003744314,36.75659252552613,28.819575552282796,57.27736518088134
809.4497902743394,39.13400876628953,29.064523954714296,57.060218570478796
809.5651194697766,40.138984995949606,29.244922618836426,57.580941522383014
808.5511244722097,42.93579725542318,29.711928479296127,57.12603846950032
808.2212110533685,44.59427779499373,30.090147748714575,57.22590387694675
808.0781082852087,47.233605042395524,29.81484206648632,57.65680119336141
807.9986562503618,48.56767382742581,29.605813548318167,58.268984982935244
808.489169408253,50.30372061981758,29.34356530632343,59.24594563933212
807.8600567188491,51.82856237290879,29.72900791831227,58.77118541005095
807.6936159548442,54.924691755722144,29.333617544714564,58.89412268171672
808.8923049023075,59.01709829011076,30.21773832036589,57.888742005059854
809.3788417585149,60.272766547291496,29.958975194403507,58.28099092465834
810.7939311442026,63.67767440878698,29.92917903716402,56.99015761209829
811.924742630936,67.32259322862052,30.29407145218592,55.691022601520544
812.5129116854765,69.0569106626366,30.434635622958588,56.620482387571656
813.8978251038023,72.03966999522459,31.00024703780231,54.53160523431279
815.400112539481,74.97559601479934,30.30986541519388,54.60297953259615
816.8581575758782,77.52975902616083,30.627455352241547,54.76208286167979
818.3769864847542,80.11716787283193,30.196035899662753,54.96439567676046
819.8838984917892,82.50598374840324,30.25427485480062,54.455380125111255
821.3720874155305,85.13567025343922,30.681005604119616,53.875739437732165
822.0591264448713,86.05503151493375,31.472805126080786,52.50027366127363
822.8471875003651,88.78558901447796,31.712835587725145,50.70839269958449
822.129348367094,92.33389151734252,31.50200361085136,50.37694443976602
823.5894697138647,93.42230272580453,31.93278029978674,49.620905184959014
822.6631984588238,95.49360789139263,32.08137264316639,50.303220276451256
822.9753804517638,99.27942373533784,32.15007960541019,50.37409614166141
822.4847078130242,103.32451269679794,32.690362909317564,50.07531006825906
822.8066308940441,103.40896587912123,32.93847689132077,51.82774559966962
821.8916599193449,106.72779182662187,33.26813118870357,52.227204033342645
821.3027201412385,109.45562073266433,33.39969948564652,53.52410016107705
821.2432673411424,110.09046262079991,33.989118519056866,55.41200176726744
820.8452405768253,109.61893504628095,34.23518747337313,57.62576511962109
821.4309935810882,112.05761135734218,34.6464156920279,58.50084102914536
819.8617960043622,115.0369109366268,34.853498522863205,59.284742652589074
820.8863319143371,115.1998398199207,35.057107719835315,60.494223407004995
819.2686303024027,118.25964312399589,36.06921453981927,60.493311104274554
818.5925901557916,122.6951614789903,36.801322544432914,59.89895247961286
818.6758771461886,123.5231696453883,37.02728138910912,60.38478328045335
818.6690093255746,128.49237863022353,37.212876145699155,59.44208235942789
818.5374825559247,130.6470962030802,37.130244769217924,59.764662918823205
818.8394631087674,131.39953938214774,37.389791232368566,60.43687411966336
818.5070247783173,136.75177655196103,37.39573699555624,59.75165637183366
818.3005993322905,136.65999235237175,37.35910052927804,61.02829968880549
818.4185188964238,140.17414188150332,37.19278855021179,61.87451377980378
817.9348970838253,139.20290607616388,37.361243449079176,63.727091617284565
818.6633777162999,140.72657069365383,37.67966756392124,65.32557250956296
817.2519158029856,146.0240481036007,38.34458519929612,64.91460435348756
818.093504919873,147.96096670709605,38.26691028621539,66.37809844151032
817.1200399595378,151.8164255465046,38.70193918588179,66.64737723867584
816.7745054543609,151.7571280894437,38.841344261051404,68.58046914681618
816.2742408835607,153.8510580461613,38.67763316160098,69.91291343641441
816.2145831377438,156.16892917409984,38.787959321922216,71.1743612745315
817.0826250982053,157.80312993315042,38.6742038016111,72.60081067806124
817.0413966078854,159.1814922178487,38.63222594604201,74.67404788539808
817.1367399826564,160.02552055361292,38.822572348842044,76.14764425570922
816.7436249509428,162.6692568971931,39.29091668557879,76.95681740061063
816.9161862321649,163.7099639015059,39.470591264686576,79.46008537974754
816.3518220778552,165.17361836884209,39.4515001734724,81.3142915665351
816.2574775951297,166.0042853851022,39.12690344241695,84.24834928435055
816.0297037123,168.30361323860245,39.17030440135934,86.57387646919577
815.5194554105753,166.98710375427632,39.26196632806616,89.27942628116551
815.5990260777243,170.08807134648174,39.61306989971699,89.95409613062918
815.754568013353,173.05030922111172,40.06191866567396,90.41209766484701
815.4112108080259,175.51179406008754,40.18034027971652,91.38104664610557
814.9691024631605,178.40255395827882,40.848430378480046,92.3853416118385
814.8127673917958,178.7043619681566,40.5594593430786,94.26349348492046
813.588642163252,185.92496542725567,41.5177754749479,94.93483158015003
813.8419203062507,184.42275881641044,41.156560555479835,97.44988023742172
813.948034059541,190.91705823351913,41.52477845772053,99.36311207642214
813.7861921282151,187.67349551917297,41.28487966160443,101.2900878354672
813.5734871654124,195.16268790949778,41.99823303980649,102.66283830872388
814.2322329890059,194.64442662267646,42.418244563586754,103.37362766774967
812.650715759592,201.14994364526223,42.97114704342576,103.33277031935549
814.267531455096,196.87880862235488,42.54190202975245,106.97105534167167
814.8609499130448,205.2574253304067,42.637165791345154,107.48842863027996
815.1224007901972,206.43961562558457,42.44828611197814,109.60184602500111
816.300660222608,208.74385587412343,42.0735514716666,110.85056471997049
816.9178933907122,210.04629304535172,42.06041255950779,111.20914915398791
817.27423411627,212.44256602716953,42.300782556260444,112.09920654957473
817.7407742960693,214.81845969363116,41.88046480280575,113.29040856601674
818.7131845347285,216.94934129432727,40.96013694690919,115.32998785195971
817.9804518161587,225.79122878760037,42.045546330648676,114.84975366741543
818.3416398341856,225.66892266045,42.69738482458618,115.89170750687552
819.5123428984364,227.61903080794406,42.412869660592506,117.70980299853896
819.9017301794262,229.88673980267583,41.7479146232589,118.6005882599604
819.6309512167902,238.60879007727198,42.505995808408855,118.25183606892242
820.1276626776495,238.79771406720968,42.533040644869,119.94029491849955
821.3783427688787,241.23008025470745,43.1125019765402,120.66224057161072
821.5051019152484,242.413137130097,42.35966231248398,122.16591284492523
820.261255245354,251.8442432409876,43.01396136325601,121.21189802609814
821.6212716375882,252.34072729245605,43.84267874091232,122.69766608534688
821.6421167635394,255.38967520050926,43.86242887488789,123.70432587608252
822.4019437274488,256.07204219895567,43.37673254766264,126.28679003173178
823.2723707097912,261.06524365299344,42.9262439213034,127.57283947808736
822.9173558495037,262.4270092577649,43.682002075755676,128.99569727611294
824.1818451522462,268.37556033343816,43.905794847834215,128.29171226648998
824.5798681989971,270.53474861749714,44.03029761059075,130.90429206205
825.0231437026063,274.3179114347497,44.20825015390183,132.3903603408139
825.6413327158857,276.11651240401886,44.468666947174924,134.67865549547633
827.1903291473034,280.11327825172384,45.05045218339967,135.39203107240525
827.5876968154982,284.22711745100753,45.31366555554415,136.4221069997045
825.6724286579974,293.67488238442206,47.34567999421053,134.924097198183
826.2867106911389,294.6394700789781,47.30608577846783,136.25333798491323
827.6668688656013,298.6437344852412,46.457119918205734,138.75740530275806
827.074702849256,310.7363146432724,47.91623138986879,137.079874381227
827.2196058835921,312.161269283644,48.76475780734927,138.4418176509904
827.5139228535521,315.5792687885236,48.82388044396717,140.94050492052807
828.0551028255313,316.5373285368432,48.932138180558454,143.5229515745542
828.6139692202031,322.5921628196871,49.4862007594095,144.59519257002367
829.106926845834,326.36198995477105,50.40333211611891,145.38429558592745
828.9764778190414,331.8983945993249,50.86201743965398,146.58762460248386
829.6806046421831,332.0793748423927,50.65678722705587,148.1878998055114
828.4780644920061,339.0457260492077,51.33701615755212,150.82252107657376
830.1564878853997,345.12478190375685,51.017606809729784,153.32987949076653
829.0525602517321,348.3488734062995,52.05094134609271,154.78209903161016
830.1860794009067,353.2847343439905,51.59641806811405,156.01685298630628
831.0075449077879,356.8846917903647,52.01523603582746,158.4716049941927
829.4856213639639,361.62898753223953,52.608631749421406,161.62719571564327
830.0810222274614,368.25075029229197,54.43698361739722,161.09035144706428
830.8065710125422,372.11373415602316,54.186337898126624,164.4659176093724
831.9892876512832,376.4217354929377,54.16370642995553,167.6795934710047
832.5923264055026,382.10325619652895,54.527295068748714,169.50981893241345
829.8020912262841,395.1287755463625,56.94275473649677,168.09029192097884
829.4156266767126,398.26035683156346,58.20999934066743,167.24142311659867
828.1475559515987,402.2289865920301,58.98783118815785,168.27648605965462
826.5923019280502,417.1688574320201,59.145456468531144,168.06027854410334
827.7542016680744,416.4018707960077,60.18119721255805,169.41933946773852
827.0502827336777,425.8423429822699,60.930891739810306,168.17618768249437
827.5149992754359,435.68205516177665,61.46852041433524,167.32104883068305
827.4933109302231,440.4732154124775,61.576494517704816,166.8941209760709
828.0129671461358,440.98055249446753,62.325103872187555,167.70438487094393
828.7787356903863,452.9213920847217,63.006677469035196,165.76062530713494
828.6529314286113,458.9451928990457,63.73874076529596,163.965718762105
830.3051897923351,462.9541529120683,63.15672936888767,163.18815136667502
831.3458694162094,454.0835858841873,62.14218835844373,162.8622573767828
832.241879508159,459.27293302300893,62.993947213927676,159.26681486152967
830.9818340937678,456.00423001332103,62.68485851733455,156.60521956864957
831.8835406167818,454.9010242911749,62.39145535614088,154.6108820925011
830.9149504893275,450.9479194570049,62.836286701671526,151.7778043844373
831.5186228440928,443.629194085337,63.41906712374793,150.062347946987
832.7808463804809,438.29152001748037,62.36792468029762,149.25676384698255
834.1899338597176,433.7301064863659,62.12751089507235,149.99661151620603
832.2819462188586,449.5186478910133,63.765283070864015,147.18489430749722
832.8814400347262,433.96241141025735,63.92495208394993,147.46507852694373
834.2161642227204,427.5544754992634,63.72109466178847,148.36434821422696
833.633284531937,422.0745594296744,63.55882381474035,148.82351659608068
833.9639370414798,412.2556650266018,63.52751390330566,149.59523560852483
835.4169577372822,416.63114427763367,63.64440671008012,149.57005759352162
833.6393402630489,410.8525088548387,64.39195914435618,147.8750949338626
835.3258203723125,402.9349176171385,64.60152847065926,149.22239002675556
834.0983102701866,414.3602234670899,66.03304322561594,146.5749967869358
833.2965287165185,407.7103634890488,66.6087802621666,145.81801794388466
834.2470412441595,396.85017738068757,67.41645896321704,146.60635662178873
833.4527029524982,396.511918523519,68.02401901326041,146.37297969091185
833.1701229889815,382.30247986805665,68.31318124198667,146.6521933055475
831.4118928458033,389.1720753666393,69.59404224893922,145.44102507449543
831.5859228986445,382.86648838284816,70.4004039495923,144.27635065340593
829.6120251727323,386.70375114285457,70.94789508394254,142.17087115390086
830.3261007033972,382.8927170806212,71.49834130597604,141.74732885051117
830.1273655479035,378.1494210402094,71.84550029370811,142.8548878426507
828.8979695822507,376.4834921721897,72.15737726606001,143.45472114746144
830.3085249953041,365.2520053847102,72.49659292081847,143.5854384052818
829.1046748979852,354.8930735094384,72.76565318854601,143.1507142652004
830.5623311439898,362.69075175814805,72.91713175412332,143.21428568526147
826.5710616252959,361.40118179023614,72.34528655994393,145.96426575034158
827.8154701076132,356.42958628830365,73.2852437137327,145.81461942052735
830.660606460396,347.39342628468125,73.29706174837095,146.29871501676138
827.2008628995047,346.3162077018042,73.57677836234106,146.29559731763212
830.9065503063808,342.44851670070034,73.58406514297963,147.30424801948584
822.6949791307402,353.7516727868241,73.68043098974421,147.46876600165731
822.475073277199,338.30159262162204,74.07314214540008,147.9996369338681
822.602370573802,338.7638495633368,74.24375427302343,149.2485308434835
824.25550412544,328.53566765484885,74.21332912111754,150.3709961161479
821.1413140583832,326.77488944663247,73.97446033860516,152.65457407417614
819.6706882764338,335.5666114436351,74.55374576938632,152.1174920033887
818.4861741284693,324.5482145353292,75.11638056117242,152.30137291716846
819.0831228037296,321.728377441672,75.23317742833386,152.9895810209561
818.7755797189252,320.2875595036578,75.53145006940494,153.1942714490628
817.6989066922823,323.47015867670865,76.20329263605726,152.6681710796457
816.600313797941,317.1924170600866,76.36762887449281,153.0507331321647
816.5332014919979,320.34065470073995,77.29915936835586,152.39410655996446
814.0665926161354,319.9083064637375,77.46350390535933,151.75612154021022
815.5954403196115,322.5251142280871,77.82092838480554,151.62918354370714
813.0200648695098,314.9623068369401,78.32463462634789,150.63000622700196
814.5794998671503,301.8637938887859,78.53656754854758,150.87049487660633
814.8492068980554,298.87830762557945,79.00709995222945,150.02610351904707
815.3944772091189,307.9963905089486,79.9230924760071,148.4436338124894
809.5006805935166,306.89042765923807,80.233111358762,147.12237331462964
810.8331979224145,312.01220617528924,81.00075253943659,146.1797310469316
804.6507932866095,306.8352918942044,82.57289537580483,142.61410312716777
807.5308746017115,303.62923534942814,84.24099259514932,138.35431451383934
803.2065138625658,317.79717917194,84.60333902766435,135.06823155631565
801.732633303928,318.4655665098235,84.25030482824376,132.97546995160883
804.3680043758771,306.80195794892734,84.69781486635225,131.87244644229762
805.3537192588961,309.1591338743127,84.69701646132187,130.84459967079627
805.6805333759144,289.68664389577646,84.60244027739908,131.0414564589234
801.5238206054723,300.74316392607443,84.41342631938195,131.54256549195537
801.3615255923454,305.6405914772264,85.04875499858034,130.9497424788849
800.430810878974,306.5086471083023,84.85709504505883,131.1592491309329
798.6012487233617,308.2932773991497,84.75603769086294,131.66055520344338
800.2409395416504,297.68513832897014,85.41941413762903,131.45195236235725
798.069267517371,307.57574472567904,85.77445667060854,130.94553128646874
797.2173876743163,307.75378580916487,85.89999658533272,130.74746614389494
798.4149754155616,300.09651093605714,86.64400939248468,131.18655335806687
798.7882708232987,303.46046540583814,86.3777803962776,131.3692040727408
801.5862629057042,303.48122188697556,86.77292276878964,131.25698863962688
805.2361721059088,291.4072703926802,86.82230318658705,131.98705067057608
809.3595569627817,295.2228250916299,86.80326708490209,132.8292040595419
811.1972143582361,306.1991142090547,86.30729694807636,133.319378662827
812.9725527091708,318.7236342224423,87.23185904625572,132.25625095904994
814.0594050583361,336.01677779571105,88.36339831688892,130.5247115847292
820.017561749321,329.61618229964347,89.11144116660854,129.80585348171059
825.3498441630113,331.4519195558708,89.93420010021417,129.15187460142752
831.0313693510709,330.9302707985219,90.27647866544024,129.03858809169594
836.9633389640743,335.8668318434915,90.4842223694262,128.5216662199574
841.1597438914645,361.12947201087,91.04774758239482,126.35400612445821
851.7049667181338,373.0546670577186,91.6035173678989,123.66507309252864
860.3709645196491,391.4878256012549,91.67018814670422,121.04211843221393
873.5112861165347,391.27477769710174,91.90865086418789,118.44048377558482
888.146331167939,389.8157906279686,91.91356610195547,117.20025621936257
899.5621114890373,406.88943740867546,92.07665534684372,115.88997590257776
913.3758020810873,410.25197559135387,92.4127541584715,114.13550300325495
926.7564032841758,412.35257402509814,93.038329630102,112.23292326032387
939.2861536736777,422.954309911853,93.7502827085201,110.11201870178002
948.896566089943,430.2117325659771,94.41975671937318,108.1021706469497
959.0689415097575,435.7524745869572,94.92990051780592,107.06059787513121
968.319169437682,442.28578907738756,95.1904996546325,106.5047148964677
977.9986215000126,447.59292908570654,95.95588218158262,106.32678093390692
984.834944673597,454.4957882974044,97.32737951117171,105.8528734617442
991.6468925690152,462.8702557120381,98.44395651391434,106.43955760525506
995.4782919344025,466.81317031221323,99.2240355526101,107.19770366277827
1000.5675864794422,474.4933041544634,100.59687621106579,108.2111771281803
1004.3263037040301,483.62068667610754,101.89383575908226,109.30239559014106
1005.5916444035487,486.84624671715613,102.65470499633676,111.58488470756777
1007.9272758066826,489.0797908127947,104.14480436124208,114.04158506380642
1008.4285470167932,488.72453584733773,105.50334759432586,116.30581356161497
1008.1007333852324,491.6039132780787,107.06389531624116,118.02564442019525
1006.5626845378542,493.12708183236975,108.21299201154667,120.80279077871523
1005.1486649088017,497.2285431312147,110.25950303517003,120.69913614062017
1007.0484037879864,497.5187135394619,112.0786924025023,120.05423351750652
1001.2553149158913,501.3756711945194,112.29041088003005,120.4441790624941
998.8007656016366,504.6203809303704,112.9039377044929,118.89322184817723
1000.7555057825958,506.99888133370456,114.23422298664794,116.79564200861101
986.0489632283006,511.3791930916101,115.35891316725977,114.41372971640223
981.6501620298169,511.39458467199455,115.76328512599486,112.35489970924354
976.7369448693848,514.7651800480448,114.7352902018637,110.42690656990547
970.5837695152985,516.8198519658674,112.3905064190697,109.07790914691894
963.8851647695286,518.2277257943185,110.85598659389811,107.0189205971297
954.0925365197046,518.7596058069712,110.31898013883418,106.6814701693165
943.7998190770162,516.2427110846982,111.54377163737013,106.38671976553508
937.0904169754174,518.057573102024,111.63998882732321,104.69548421431224
927.1622707582791,519.5583709069573,113.34460889831847,101.52303235213301
916.3414356757467,520.6374938235858,112.38329940334907,102.17982066995327
912.2295283533447,513.6107634515341,109.62580320373178,100.17766694262107
904.6653339281241,509.68622198603566,105.83158081760048,98.56992175624731
897.5123071889049,506.28533970676517,102.10578538856832,98.49887118264728
888.4286299996866,498.1383270626843,99.54960613663388,97.05192395188801
880.5344109008404,493.82393883130817,97.2771293410402,96.19969760702315
871.9771257794451,485.28950612329834,96.58084371835207,95.2962500957967
858.2772275431996,479.9540868056841,98.11636902690273,93.09056094477035
851.0884676767428,472.90359440005335,97.99411764165232,92.85517433421788
843.7718488389751,463.6782530385693,96.55227063090848,93.14995991668302
834.042710019747,454.04869091905636,96.47903505525316,93.34475310102141
825.7255897805634,444.9863829211711,96.55238342851794,94.13749806407705
815.4864832789976,437.6120159450328,98.72118061438859,94.97982466009151
803.81478420595,426.5268188462072,100.18544172129937,97.10587681672703
795.6480573341058,414.2720731435501,101.47020466908923,99.43668589477083
787.2074668118003,404.4667920759895,102.31991255391037,101.67964282054137
780.1399758032555,395.548397603929,102.90761425941531,103.17159076124442
774.1494363453822,380.9266712579137,103.38162930950025,106.11086521535994
768.2888089562723,369.32425506936085,104.79565790668991,108.33028308746077
763.2723482180813,358.3783764454034,106.11590810316463,108.67498985930149
758.8542994271718,346.61318678333515,104.59245520890963,110.52094382943403
752.9398683443937,336.1920778833486,104.23056820606956,111.76524788734173
749.8975978480044,320.8351709175894,104.2247776444356,112.32626221253689
748.4576236698534,311.9091320780823,104.23481957526127,111.99597638141925
747.1767555844293,301.36016328386023,105.05401705554263,111.67082398878429
746.9632645556139,292.68600317618177,105.31318436667436,111.51191726017143
747.7045264372973,282.6225298067875,105.06860735204097,112.46165605218266
746.7129535971798,274.51440814885655,104.45270775563418,113.09069729590098
748.2036617464387,265.83285337379345,104.0907088860867,112.86365982759453
750.0448649753118,266.1921980444117,104.61493027410461,111.25591654558508
748.5055852538411,259.2162114892549,105.94431035379526,109.93407926924098
750.3934194121205,258.39681387653434,107.73545741351838,108.6839713536603
751.8446794868586,253.66570753717002,107.27150275667223,106.07461268229135
757.5312956916222,250.4629608597112,108.205607154396,104.82299153144115
756.7243139393745,248.41507330961622,109.53477281162029,103.08750165894438
763.8514528431745,245.89435988824405,110.13108284886903,101.6857093168132
762.1626862168412,244.43665897017115,111.68264914730432,100.71291706879148
769.4946394221352,243.75234540964115,112.83648699178225,98.96985557595993
776.0497812471694,241.24544831616547,112.07464541935049,97.58048156146477
783.5664762403828,240.83867549152725,110.35090203936898,96.7364605441381
791.2594028911842,239.08312686483893,107.94677061581793,95.61534277447396
798.977425877454,239.01710696898925,106.67551288943315,93.77976100130817
808.3556803228824,236.6844616032069,105.08524278336637,92.67114407143495
817.7692031446209,236.74638970507556,103.65529568114914,90.44227473560224
827.5863299309523,238.49362977977637,101.19264626498062,90.00515022851934
837.2467835767906,236.22416045948972,99.85187012259604,88.48685362815638
847.4054095027698,233.0292722568125,97.6496809842607,86.8272726192652
858.9078439683708,235.14040716699452,96.92648548445507,84.7345167778593
869.5780196078236,234.8830157824554,95.60783983299075,83.15494801686248
883.8687750418454,237.0068908623839,94.58812515330179,81.7490786553453
895.5226042142765,240.61854835704537,94.08486820614463,80.31450620828926
911.177940454961,239.24602482894707,92.14999299650417,79.000489829885
926.247908586303,242.52400607635963,91.05124974224312,78.23884934891484
938.9951633938588,244.13903194340236,91.29068215899174,76.08851286675198
952.9934253379331,245.52872218793243,91.59902315426608,73.51114557225287
966.8548286325507,252.01608112394706,91.30149046029449,71.37478657931297
982.5744657195668,251.5767113463625,90.06425028284434,69.62814967154573
997.794079789442,257.5268224758579,90.01075288650208,67.76145955519407
1013.2550187141734,262.14379700568594,89.23663542827458,67.39198383843349
1028.1238454413085,267.4286459770622,88.33103801953672,68.61659169707248
1043.090964522718,273.08765719240887,88.05160027175678,68.19809776979714
1057.619852812033,271.2236090823932,87.84534613880554,67.01231793315736
1071.1353925556975,275.5866195674598,86.49283072313162,67.86906254224775
1085.4228996804588,279.7263361550394,85.94409973776938,68.37541599581179
1093.8665929237395,285.8876244900052,85.81158652696459,67.96394543549934
1103.978280594786,289.27301829109945,84.21825993670302,69.70947424719019
1111.0568940650205,293.1995977507751,84.12457059388987,70.58315248604201
1116.7045780649637,295.25869294800293,84.11387056275359,71.01032504095771
1122.7744818997858,296.541646699975,83.60696980686691,70.78857666329532
1125.5370518959683,300.97477454394584,83.64436128575412,71.33778728394739
1128.3675235801727,304.2564055740006,84.00880138978795,71.10481506453603
1132.9644541918003,306.39106990911984,82.68634576803431,71.14037321222978
1136.6052053818103,308.77569304471143,81.12272268336362,71.12535028775677
1139.3429014424453,310.63909409799857,80.47281960628273,71.124037559158
1137.9804330615052,313.4790005257515,80.54479225302,70.88158403669044
1141.785523656053,317.5509486798808,80.24496958824713,70.82175125840017
1142.1172285770597,318.50427936460517,78.81141319748559,71.0196259454699
1143.8429225802688,321.1594647400269,78.2824082610597,70.76417729850829
1144.0642940295747,322.96166647133197,77.96540678462384,70.53377271628447
1144.4594142545513,324.25288592770085,77.10467168287661,70.19391159476068
1145.0260401363223,324.99430237559676,76.92293595155341,69.46079593453408
1146.111702552242,324.6790248974046,77.1253005327847,68.95396456889692
1144.9875702605823,321.1731451355507,77.48845497625743,67.97869644749363
1144.5946323299625,319.33387356696517,77.89450581170011,67.13001170609414
1146.1015067892056,313.5856433121311,78.44076518064361,66.45942090045466
1144.9224991663384,310.17610239983765,77.91946171223628,65.55878760663337
1145.5743241357995,304.50810543932585,77.57719142056865,65.79024737848707
1144.4648987697856,298.5263895901718,77.19607777233234,65.91127375758127
1146.0746211771343,290.6168234222596,77.64006531733062,64.7980216024389
1145.3610354153277,285.73081325622536,78.1456708910269,64.44786385680956
1144.5890864276673,280.3108700863129,79.49060538813987,63.16013236063599
1146.4484710857405,271.9124414013444,79.48022606947617,63.489008392072066
1147.4990305493773,265.7574322296989,79.18661584924901,63.54783178144454
1150.6757829660928,255.17490893969563,77.65038177158578,65.3344432265634
1153.4010224825859,249.4188677900126,77.32449075129504,66.06747469890311
1149.9658384034533,241.62254680229907,76.66584479899507,65.90868520918121
1149.8586929744927,233.33909894628212,75.14270270022048,66.48585866932302
1152.3919629580541,227.31710256062368,74.3259929790691,66.22588873312036
1154.2429053608025,220.35183406757204,73.82217130871953,66.83644986625733
1154.912542793951,212.7573140510181,73.45913975954991,66.52355870887449
1156.0763273259906,204.08921678344646,72.76213157040961,66.65715276489182
1158.9230215157868,199.1306409718241,71.72714229588944,67.03715019044367
1156.851943340328,198.2007586985689,71.79505271708884,66.23862578126557
1158.7741962345387,189.42851282317037,71.2463786089653,66.17187142305384
1158.5196191259402,186.74789868248914,71.32427089927316,65.72715859952741
1158.1729671914645,177.24551694196742,71.71785534516854,64.95154946094192
1159.7802798160008,170.4796034092335,70.27244627594384,65.88677790122665
1161.3506945051822,167.4633820045214,70.36929184913433,65.36942794407983
1160.1922014370377,161.10680858010176,71.09683048710164,64.81013483625404
1161.6526304511333,154.25681110445913,70.28383397777057,64.74928651056179
1162.9028478230962,149.4193094454308,69.89423979285044,65.00163758405056
1163.3719007260397,145.34661618029196,70.24553671027559,64.9506616189059
1164.1136830129628,140.55953860491695,70.37592989914765,65.16289736657973
1162.689394150224,133.9842447942714,70.10806160640632,64.82462295021215
1164.6197167596063,130.58674366892348,70.06376327141574,64.60077821222998
1166.1119862720889,125.84183005972668,69.86915172905557,64.46761577608258
1164.6723945969638,120.65959432120056,69.05522580539471,64.73065254549323
1166.8948516765374,116.35465332829814,68.51387133100113,64.7534945837883
1167.8293651577242,111.22889971214013,68.05684550159279,65.40420702392902
1168.3071666361138,107.11713939202676,68.01603645340926,65.30732647244434
1169.879999421765,101.24610508841533,67.44729425246837,65.7537169409343
1170.1474202293484,97.34556093124284,67.79322504912493,65.12998054061862
1170.309625147146,92.38672820848952,67.44839379237438,64.36495918040018
1170.240609487031,88.32451655962588,67.77772146654091,64.30031273020265
1170.8098230867565,83.76389826045107,68.06206429043529,63.943256863342285
1171.1974413016214,81.16636932978199,67.92654174410562,64.99138689112334
1170.802760513857,76.3365528837952,68.09097031525533,64.72045108802855
1173.1199198969225,71.68379258557624,67.60698781468815,64.103558812152
1173.9585031897977,67.26817067587996,67.46518466468306,63.66095695893718
1174.125751781381,63.13367603142316,67.6853212777314,62.754459683214534
1175.2560333787362,59.163998724598244,67.13632798830218,62.24656202330478
1176.510059152327,56.49168177040863,66.89398631813486,61.6978181507697
1177.5384766091622,52.58907503817312,66.69890534504668,62.03601301096216
1178.3115026968965,49.116079852772245,66.41997341169709,61.67306392482422
1176.4731001902578,46.09539250504953,65.69910434126454,61.35154742306505
1179.6274109434598,42.50794887018727,65.97392933754587,61.08730724756863
1179.7435371281879,41.42994045493988,66.3091427502556,60.44080809448187
1181.789542668516,37.58616365687139,65.83802204855081,60.46188257990108
1182.909829671218,34.11748873710896,65.6445249836838,60.70395139067838
1182.938100643729,29.629876419319615,65.42288155519718,60.65959899988988
1183.4806463837651,25.03535462126869,64.95188188868957,61.29403138993704
1184.2118764273241,22.065458975104526,64.75204785347424,61.75107131278905
1186.279889321096,18.864306914937885,63.836692527584844,62.17001514259499
1185.3712026295457,16.907359067986086,64.86134171854353,62.26106633118853
1187.4135970423667,12.243294437273448,63.781623102404204,62.02955947658597
1187.6083400686136,9.23784053987254,63.82285317706797,61.95907355266831
1188.6362655636563,6.453916095155947,64.01833113214275,61.77785942711736
1188.2910645943039,3.5417513631697943,64.84252252077737,60.96414596430134
1189.1038746199015,3.211795203836324,65.69727537531355,60.740515924093
1189.232505229613,2.617958308992044,66.7271070800085,60.38286002380201
1187.4531739784834,2.6440377678109854,67.66932547139753,59.110975378129154
1189.012887270811,1.1220327546167503,67.78605177408642,58.768202996757005
1190.934608018813,-0.1836539558141439,67.66109038825101,58.3114063469706
1192.2712021595532,1.6425147454784366,67.28275579405695,58.05536735289374
1192.1582645444837,-1.2749858178942155,68.08401397211742,56.71464921846961
1192.4742714414892,-2.303835108565451,68.54226342559654,55.96049296048713
1188.7078039437054,-0.6521320364794931,69.10794139830645,55.42749139357046
1192.6023979266965,1.7436907873429632,68.7804147711304,55.558581913833265
1192.0458282449133,3.433913113619024,68.7472832635344,55.36601253212465
1193.078545636713,3.283207283398866,68.35511286420484,55.88781682206917
1194.9144261190816,3.735926448494247,67.74212589391347,56.13471568536748
1195.1780241575495,6.583801495527322,67.62355950261794,55.6757686461109
1196.4511750294205,9.531499155575649,66.9335674112043,57.04955457754013
1194.1999054426246,17.187329659386656,66.80782260728743,57.93919895932241
1197.7228503437843,24.653338683231425,66.25826449671015,59.605462771984435
1196.4415692063915,34.720375933070045,66.25878882670229,58.947781018278874
1194.4079081620346,44.43968429810215,65.47782953190138,59.04397912280939
1193.9746668255318,53.861705502034944,64.80969990689532,59.877814141091264
1195.6670913766616,63.871047878429565,63.70084558231534,60.30804296252077
1194.8915808483866,72.62190783935309,63.17657738944469,60.05127047414542
1197.3163555849549,83.11874140486776,62.59459030568244,59.6844591933358
1196.6340119739261,93.82164329878748,62.606033461501305,58.93830239341139
1195.1015805176235,104.53690885488018,62.5295899738076,58.40322378061562
1198.0284717408113,113.25994584399103,61.83957391155687,57.73347312087538
1195.7544966429446,125.88330690818322,62.02967975456805,57.198254975034956
1195.1321213716835,136.41836559612867,61.98303654022355,56.80657006374368
1196.3246125437993,146.76701207726975,61.7059738889854,57.27876219362457
1198.774745307884,155.36937028486807,61.286338281775485,56.82877600303732
1198.6796827530795,166.7399122738195,61.11428134044069,56.52833533568132
1196.7310464555887,177.85564487962836,61.11332171381909,55.68667496415153
1197.5679459224864,187.12045851278032,61.15250316961885,55.553984114473536
1196.9725677086685,196.93165095783363,60.242838883829634,54.93380984143238
1197.0226894919845,208.33153978009398,59.78289258105839,54.83279890528573
1198.4002479113997,218.45019047216232,59.94802973430879,53.76060906289703
1198.3523629335377,229.7814746839044,59.937106004977906,53.00716310645391
1198.9029950869785,239.89644144294846,59.81072650615977,52.66486005101227
1200.0253594081003,250.33908238926603,60.03192021956807,52.04653448772288
1198.6962331233267,261.89391804224374,60.00171077014864,51.06358742493147
1199.160290776839,271.6043222966607,59.642944692459864,50.879457993245985
1199.8970359413684,280.89275520177716,59.599817780072875,51.147131825347095
1200.6469416218872,291.9202593452714,59.27926929554566,50.46501401077074
1200.0856264071992,302.92365217428517,59.55451300712527,49.619151356893596
1200.4866837570582,312.05429243074224,59.34022384413539,49.90963819322256
1200.9629880755833,323.2535156106779,58.994947973141265,50.142657745216525
1200.5502827094515,332.71966768674605,59.095092368010086,49.73580143853914
1200.9037983901683,342.58175431550404,58.924691219837115,49.515858680290776
1201.7231456232582,353.5124912580527,58.9776941127426,49.096786681179765
1201.294522841766,363.9560974766814,59.1430148057128,48.594231150050234
1202.390558843203,373.37488561236256,57.97921984236659,49.35661139113914
1202.2210380163426,381.8332146306544,58.10200015391972,48.96049168463356
1201.6983512261845,391.91464162864753,58.18070983719804,48.89551328374007
1202.4666485814057,400.87340108665865,57.905583775666244,48.623881742595756
1202.8721413965673,407.5904281439149,57.51908636198177,49.01178712362772
1201.4242299467962,413.69834429035836,57.552292960941244,48.88614953288927
1203.5715676224481,418.25399340030776,56.29001392616577,49.288558473940114
1201.4588144796862,423.4095296247283,56.49767505788073,48.71507395387107
1201.5638176656219,429.02624954616186,56.638032089568455,47.74271008451467
1200.969582155198,430.842420358151,56.27141196776172,47.565974682689045
1201.1821315159814,432.22889967998174,55.25956244081695,47.90951021779962
1199.2693875655425,433.94011209299254,55.547470566837916,48.12584881951233
1197.8100631997092,432.73852915974055,55.07996726946703,48.31820307102608
1198.1421664933598,433.0563968081979,54.22407156342317,48.36503483410511
1196.9211267580838,432.7106402990545,54.61165856037288,48.724559577340855
1196.2387703198524,431.83977165290895,54.60056331706143,48.60814984452361
1195.4821699826066,431.75921132858736,54.51865929718673,48.454755558150175
1194.343855326205,429.876638657525,54.402477550038554,48.241394573599415
1194.059860377753,430.00661926218174,54.400723992485645,47.81166340662434
1191.6990762318803,427.85367290699116,54.51129603789346,47.715075037903965
1190.1863200235916,428.3996315677041,55.21263428874484,47.228286123956416
1188.0563616243132,427.5323689098448,55.79238794223666,46.74601027314053
1186.7338626961698,427.14114193183633,55.863909245560066,46.565619976571185
1185.0376959278206,427.58456628522947,56.25413206257782,46.23268152521702
1184.0457738945474,426.138194226381,55.95987110860085,46.27377588171391
1182.8833349125714,425.81600667962795,56.08561138487008,46.06119860600698
1180.7964401406266,424.47804975019955,56.28180393054496,45.808273735005386
1179.3809811381266,422.94257471679316,55.578597799573856,46.12479660722288
1176.4410628893381,422.8148915428716,55.277638627595216,46.503142059584846
1173.0313263818578,421.31557010673146,55.04184335489726,46.81786955520188
1172.3201142295352,420.0607002899783,55.144549060222516,46.72114861741917
1168.3630767214486,418.62137491213264,54.810437011271574,46.95803854699968
1165.9247720225114,418.27711350102845,54.41510140945104,47.42291365554689
1162.9636075945768,415.8896121314541,54.04554631985523,47.660618192180856
1161.9156319675976,415.2555785726986,53.9944078540411,47.29123890618851
1157.687304394893,413.5647035144578,53.84342464038028,47.436265361247365
1153.1263434140442,414.1845358479584,53.631911543484364,47.08792664486876
1150.2832934365083,412.6482603957309,53.672813630209205,46.2902511661144
1145.9440232388238,411.86673392462234,52.88083782074408,47.01275446052351
1142.9377587087702,409.94095579927085,52.876386232810674,46.478681534133024
1139.9789096473746,408.74090010314853,52.62499551511688,46.95026163727693
1137.5620904283232,408.62791873727525,52.39279037106637,46.629944044564425
1134.8978059205358,408.7005712583281,52.52294696827591,45.97734577812404
1131.678692868789,407.6850386835462,52.07993937960008,45.9005308121788
1130.0092759344266,406.4146179113471,51.629458024631276,45.609042129678826
1127.9658924172572,405.6119105834436,51.78587022536681,45.46575962381131
1125.2688624067175,405.0284955854723,52.30583623704698,45.23712424576101
1124.0701279909472,404.6478982537219,52.23672467765766,45.39402252301994
1122.6928197266689,403.69586675735684,52.1344586340399,45.46392244602501
1121.7344065391321,403.64779235845,52.18603704425459,45.90068323810521
1121.0949529665986,403.7885399179482,52.311652487051006,46.05064218157064
1121.312928107903,403.62161558263284,52.280234756207825,46.02916250094211
1121.5146772171447,403.3948941355977,52.4143978517349,45.871651050739736
1121.763758749831,402.1165934349543,52.27462386593321,46.01141022981274
1122.952692586958,400.8870582381129,51.83214749855625,46.10399025942092
1123.351810159756,399.3896062319011,51.39100529972793,46.373353872293166
1124.137204024191,397.82307051741327,50.98362048585878,46.57361880941697
1123.804350972382,398.0372623217152,51.22571685589534,46.344645371129815
1124.3435341642637,397.92716636012665,51.015732628027294,46.28462480255624
1123.570249132112,397.501946825999,51.06155513087597,46.4376910170555
1124.9671424074086,397.6203922358783,50.95601626094704,46.10508501725754
1124.7361581627429,395.4216640217867,51.101856138713785,45.922562025732546
1124.7248563938433,396.58928927565876,51.49271934486286,45.894499790464565
1124.2606801077388,395.3555872768338,51.61542782212777,45.77788341190915
1124.4078826485659,396.0614968554716,51.812867632975774,45.084126953474524
1124.89087636645,395.2536651220073,52.25414955584259,44.490629854073234
1124.5661448954215,395.33537013483135,52.059419694993466,44.185320347009394
1124.200335141859,395.4651395526178,52.0876794194227,43.95079752124404
1125.736274941549,394.7507592902508,52.16616803369625,43.913660843486234
1125.3441370066926,393.465282586469,51.786083022557165,43.976169464978014
1125.380421590723,393.1969210035859,51.967031422607946,43.793964234042484
1126.566102070616,391.2309570156184,51.91671419260426,43.91822042462282
1126.8702370836158,391.02928479713967,51.58831732911225,43.732845135971466
1126.7803688004751,390.69680156771943,51.06735462562202,43.48914367279198
1127.3082164599973,391.54131708569633,50.70272163777717,43.34691682652017
1127.4354449429634,390.52099399589986,50.73426751641749,43.40955950422112
1128.4020146922687,390.9536818643098,50.393356668853514,43.31755349692018
1128.348539968225,390.20717954443546,50.32926705718255,43.081763204303286
1128.1690781665889,390.3259470344356,49.95800050256462,43.118422017838284
1128.0464712113412,390.4322021808412,49.75956556810245,43.13638575003808
1129.704305420205,390.53859457465325,49.50413074336234,43.02786348576712
1130.0782252512652,391.02345178651467,49.33795421295558,42.85575731838429
1130.5017028487769,391.46010863946276,49.18226734278417,42.80635772314869
1130.2881880456482,389.2259517558041,49.12929418815441,43.12338679579445
1130.784307907408,388.6317807100986,49.44487383108988,42.82771687949208
1130.8290545256752,388.5945913576765,49.56202894431706,42.43576839393712
1130.9265805216605,388.1686950870128,50.00888202169769,42.67338466191859
1130.7348193010616,387.2339699651128,50.483210313818574,42.6456364670741
1130.895422130341,387.1913907586528,50.54491764869079,43.03117698749044
1131.4568302337707,385.88839841041533,50.29697841784482,43.341995906758996
1131.2578815827858,385.9198864771361,50.24054539468799,43.467641964865734
1131.7694770019234,385.83710389467893,50.13727637180803,43.517364765051596
1132.165765677305,389.56876690025274,50.46441602295992,43.53102516213772
1132.2592068758788,385.30400323275256,50.84188464805582,43.26297463916683
1131.8919078128881,385.7826769947934,51.146678359526526,43.283770389869254
1132.6156917632084,386.75493018499344,51.15781981805493,43.27720699118909
1132.6778611749846,386.3023176442783,50.905375354091056,43.40613444373996
1133.1050398800537,384.5592203156853,50.57508159074632,43.795645121891475
1132.6883412704913,385.97980303290876,50.79957885888993,44.08693098329722
1133.2607544923976,385.1130033677223,50.313529353992536,44.66653479975412
1133.5936762962037,384.5826654482646,50.286704639622045,44.80619114413588
1133.4690589957202,385.219196933973,50.21890612854032,44.95918789561945
1133.5221347933057,383.8310874218285,50.3686800397225,44.75475959439284
1133.3898883042543,385.06179869285,50.8886665097133,44.24290437031245
1133.7427906318871,383.41880462955214,50.80281697691875,44.661353329504024
1133.6937956104452,382.3018103402154,51.23851227435701,44.95844522639182
1133.7676581755736,383.04653437814454,51.321246118938745,44.664875179403225
1134.5716520313301,383.8673103272304,51.160323880028585,44.75067733091409
1134.4840056116464,382.4830506605605,51.017745983274146,44.787263070503954
1135.0282193469982,381.722950733214,51.144380892407455,44.78812109875798
1134.7076087144076,383.1723047538655,51.4855929367501,44.72795384992027
1135.74797191502,381.80665954038136,51.42570884929201,44.713005806810955
1135.622292378507,382.7632054078437,51.21128942247589,45.35005779060576
1134.0292397384785,380.46933020409455,51.53621773491203,45.064312619338224
1135.2127265707852,379.5281823946996,50.83483745599485,46.01474415531479
1135.3455366886988,379.0881028621049,50.86673842392423,45.81070808348029
1136.015431344618,380.0656335430002,51.116229955820515,46.08660446819546
1135.840276781248,379.39447947005164,51.06476902726651,46.30096623729207
1136.4564928994807,380.60193669002757,51.623421914817044,46.09631314224982
1136.6181768940294,378.6565482627975,51.820585878100914,46.11833251036659
1135.8090240013148,378.6420826728733,52.290041699387935,46.562838866692495
1136.0946399745128,379.71489254934704,52.20954033665973,47.01298589650561
1136.7073614258238,379.0381703885771,52.5967684516845,46.49304085475664
1136.1793143118389,379.11138985263176,52.86789931028482,46.56218264337647
1136.1849457239393,380.8715800990384,52.54667221668442,46.642531139210604
1136.8290692304502,378.13544997236164,52.571310249668024,45.788322448014604
1137.952244066909,376.9140085850443,52.99184046909943,45.34947180513827
1136.7980203385819,377.2701381767898,53.36283501342309,45.5135146851123
1136.5643685448938,376.828651960182,53.04081968161752,45.69271510990899
1136.1506156119967,376.0842037299539,53.012085990145465,46.05358031655041
1136.4778196329712,377.5869586871547,52.625567984302535,46.187592477801886
1136.0232273609522,377.5074324363917,52.40473357883192,46.35297395976635
1137.9461693858334,377.664363540004,52.20937390689237,45.83304743889164
1137.275322614552,376.81143050948197,52.159776188735805,45.115276825054664
1136.0460030286788,377.495397781181,52.58161807540213,45.515509419756285
1137.0367854955668,375.5458720691774,52.4826656084381,45.19919543391248
1135.8469761933177,377.28177618651443,52.5585198696751,45.53632260306217
1136.918363164184,376.60857586506086,52.2559124966985,45.45861474072038
1137.8829279403224,375.91656530511403,52.41923475525834,45.348607530764795
1137.4233847365156,375.00790202077474,52.742701961212006,45.31101216245446
1137.3482515501196,375.58920256973386,53.079735479995236,46.17960193672862
1137.1999275977623,376.4522135568796,53.090698411708175,46.832753241245754
1137.6525921406617,375.71214407076593,52.9614569676257,47.408847525725164
1137.7381243673128,374.5183200706551,52.98420355842014,47.54388770352867
1137.81341710225,375.3621319237834,53.14787931639181,47.606678845599674
1137.0046808213979,372.089380058733,53.09299992172862,47.359466549394234
1137.009995047812,374.9158489331061,52.73462113296847,47.00234999052853
1139.1229628302513,372.3819897895931,52.43003127884437,47.28669158382889
1138.765381203603,372.7000303686099,52.31031793521312,46.71297995495324
1138.6211530728153,372.3863129488454,52.13531118838507,46.35052201370141
1138.709691157712,372.6213642067149,51.943461348938655,46.082664137359075
1138.334549348486,371.44354665781856,52.15582210819929,45.2875199878678
1137.556702527196,371.12974523413664,52.663191642655605,44.847528187824096
1138.4513978390303,370.75110935463493,52.755206134114346,44.767996093315716
1137.6645142204627,370.2038612874615,53.28640921757839,44.42708864222858
1139.3944884774057,370.6705217828687,52.58268390544396,45.08634308228423
1138.8923817720827,370.26840380452586,52.23397749911903,45.12521027933784
1138.675026234031,369.7843157019364,52.04087559361676,45.52296157015668
1139.9004077235743,369.27263452621963,52.14499347199812,45.416978742986046
1140.4989491278147,368.40419568255993,51.463715669544555,46.57701298977277
1139.890934589703,367.59998901941395,51.451328779733885,46.61694749335666
1139.875403172764,367.7612465345224,51.61536333251941,46.85799020716593
1139.9050942163085,368.07695813286625,51.901546475084714,46.4353078110974
1141.674687761993,368.4146059576651,51.29442606271639,46.76407493329674
1137.404703759128,368.2682298567867,51.4205976435807,46.83117174324125
1135.548285364162,369.7409208366776,51.22101392226702,47.564545066815135
1131.5211930772875,391.4400479276707,49.84769681754917,49.36086333355942
1129.3247403486803,442.81162418944325,47.78996636472947,52.212650995561305
1132.847357554628,452.70760179947547,47.17419295518416,52.895823949324914
1131.232386770416,453.3940828773398,47.51236845228801,52.59208019073676
1162.2862094293396,492.732908428195,48.102099385662,52.06953467984668
1161.302224284111,495.2148942035558,48.62481058188105,51.63636299484773
1159.7511320197423,488.47696729422927,48.937322497474085,52.14168344252919
1159.7465847163553,484.22570728306704,48.86713015640167,52.886102478372926
1159.1883454627189,483.0658047647894,48.827300251122864,53.307710817693064
1160.8447558427447,484.5844687881842,48.969606015042835,53.32648600042614
1159.3811421999415,482.5393500110922,49.124262452184375,53.68510777282603
1161.6866459377197,482.8066783689196,49.10228667294713,54.083274774765414
1158.3274173686134,482.7181661938027,49.0878813386257,54.41896461812995
1135.0916897925788,448.7878464890043,47.121329135958824,56.55924422548064
1132.7835445650844,444.51052311561466,47.47619171161373,56.21564897549477
1136.228631060773,447.6728229358202,46.07396046217998,57.83027834661938
1135.844512099169,447.1326814678904,45.822866095692255,58.09938384994187
1142.0384587204853,452.79987743597906,45.52100476681715,58.345111046760195
1142.3904409500356,454.5915570736523,44.704435495929104,58.92844736620119
1146.1522136086337,464.77600304250825,44.53599224095803,59.168928521140714
1160.6182923457775,474.09408715324406,44.67808403424843,59.094894088731614
1160.7101425963988,486.3354763962267,46.49396630049259,57.24738095310823
1159.726045461228,484.94550635284145,48.101308120701376,56.03825730010209
1159.340729509183,484.704380497727,48.88994844876087,55.42735767938306
1158.2210547926454,484.2703272135403,49.67800310205841,55.098990053229684
1155.994639318525,485.4223593564741,50.59210104477529,54.48376413005599
1155.0500597000505,484.67271183002157,51.60410754076932,53.45067740996608
1129.7811457543762,431.25745698394365,49.85041245238139,55.279638335032026
1132.5540918575,438.5761319391756,48.04874002610209,56.772526003913825
1128.9392692934716,431.1168286647837,47.27860402241438,57.52054501302478
1129.5836787167093,428.54441898383874,46.203433033247514,58.700743307867555
1129.925792277787,422.7296636701361,45.47540367581697,59.472751951630244
1131.3519455717985,428.21616036968356,44.79989686196378,60.28639395140008
1131.4808419588535,431.84965176876034,44.03050573923612,61.06188303892767
1131.7945885806564,423.35236595328354,43.188548129194054,62.075434696126365
1132.8520863667097,427.8097745467112,42.4421486340528,62.931794801141244
1135.8743810766643,433.29916483074356,41.328560400514625,64.04790768858184
1134.9938322871826,434.96944915082287,40.6304635577099,64.7926461697001
1136.628170205853,432.11147488212725,40.3340970713366,65.05371590002346
1134.289512754875,428.6841153197659,39.94048196917276,65.31244102907961
1136.452899896374,430.1438827607705,39.445710802782386,65.24063559157419
1136.8926999126293,432.93751303753993,39.095538119839176,65.34177339924146
1136.2948282500442,432.26149233634413,39.12747739074874,65.33731119579049
1138.4000813122311,432.64674881094993,38.795622646914346,65.40988764830075
1136.5224275924559,428.24986862366154,38.76888257631749,65.39587443278975
1137.604270598279,436.55618423842407,38.941405146595756,65.53255655775678
1135.9046749109473,428.4874834456447,38.94310315883252,65.55299571045423
1135.4677501861327,431.3632154743691,38.759256265993486,65.33118520219983
1134.425291770383,425.3297339331019,38.60743179309535,65.39421628552765
1132.954665611477,422.5030667680719,38.12157773044458,65.73507302693412
1135.5996538293252,414.3063448721783,37.90641084598694,65.98500600023985
1136.5779139091674,425.17179563726734,37.522034360199505,65.84052262191727
1138.3726456521513,425.86660991381774,37.05675286008668,66.10055322561573
1138.9855919563981,428.6906957545815,36.85437619130576,65.89774888036138
1137.4000785850856,426.9287495490527,36.86062374768207,65.72494381789296
1155.6670007534215,452.21009998368186,38.37896446960392,64.90692526064645
1160.8808397249634,456.4069072711788,40.02635023196447,63.62583805610537
1158.1461903483353,450.63422982715184,40.927692537619514,63.38127213727457
1162.0691655871058,452.93141565523956,41.52889324416038,62.92146726500412
1162.1480980983165,443.18384631075696,40.971762932432455,63.32418919066369
1163.619358112445,451.04964019646076,40.95518389462292,63.339087129400106
1160.9557544736435,457.9110724696571,42.339001756485445,61.82018777008027
1162.4645098584026,455.8964705846572,43.836103184843026,60.28883989670843
1160.750610116439,454.940510811421,44.669951205071115,59.64664510144496
1160.2293476062325,452.9398135478718,45.18606659947669,59.308381845035115
1159.9714648612542,452.27878662369415,45.86459111035817,59.01380978835341
1158.3384872407041,452.31726910645864,46.59150459387439,58.43937587446027
1158.2976769478726,452.0752968013125,47.16899207425968,58.11117101966843
1159.00245014229,450.07685203061965,47.450763482132274,58.14620157324583
1158.1240074846125,445.01077654161566,47.61335174605723,58.455253414901364
1156.873660849923,445.756110270335,47.91803919420799,58.715390024120715
1158.6017001066589,448.38053969467006,48.56706989551898,58.17568387396743
1156.5483638594444,443.2310492860326,48.64149723079869,58.46155357674038
1157.8156052435247,445.83344664604255,49.00819282262345,58.608797717041476
1155.762403605758,441.79733092324165,49.23296710798396,58.904395423171856
1157.508897579358,441.57917054175107,49.24218834733777,58.92015472351224
1154.1309249345563,441.3613661260225,49.68228385590467,58.95637896696618
1157.0820656765175,443.64720366747065,49.865063445285536,59.170546302740554
1152.871412933959,443.34489260772887,50.15759714848147,59.12094670868129
1155.0861595105473,441.9681278541831,50.39366471765555,59.62213661425607
1152.1692015599592,438.852599348067,50.74407107827385,60.23798452385771
1153.5301115516893,439.25962773104663,51.302233184810135,60.40456870571716
1154.4587380184457,438.75331169228696,51.42820571611826,60.70533178184791
1152.7381612483684,435.67729253560964,51.589918376451,61.59396238798823
1153.1006982642816,437.9111244568278,52.00475838042176,61.63271486635272
1150.9604193841265,435.1760191502706,52.3614536834566,62.25993222003722
1152.219033941583,438.2038348074235,52.9237009250501,62.10217335369883
1149.2482224034243,434.26758447071427,53.41041849141838,62.81018714204653
1149.6185364906553,434.2596918642654,53.99795882834745,62.65555671506696
1146.4248599154485,431.2017909438375,54.34753074020496,63.38829667008899
1144.93583264573,428.50710119759,53.57780614870632,64.31708675370953
1147.1885890723904,428.8916740689346,54.098317636968495,64.72097925526774
1144.5961352787501,425.6045126564438,54.179124996893265,65.45253102693512
1147.055919218456,428.4143439600362,54.81915747072257,65.56078847513973
1144.8006168424154,421.34035484612144,54.53801512960324,66.55466437752978
1141.2251449037378,422.70753232835256,54.77571523635863,67.31271697341609
1146.3397302098017,424.3796070894286,55.753376556299074,67.60019930246025
1143.6281292426772,419.5835794823234,56.38935324411831,67.98321196753739
1137.407141946085,416.185704614016,56.41447107155578,68.97530941762264
1140.9445101534702,417.97989896623267,56.65025625941589,69.28544452071498
1141.2868193062038,419.6680372824009,57.093644531440376,69.32343280575206
1133.4867243095114,410.01470316644713,56.998568754866845,69.95403750006199
1140.9279836014857,416.1856533997998,57.364399360676465,69.78677578152569
1142.0575771651424,419.15527127251505,58.29314949303739,69.08584322060435
1136.5141933773452,413.1815268087574,58.223236007840576,70.09618596129114
1140.2349909750708,420.00750058461716,59.02349929475026,69.59255002456176
1135.5013457204193,410.6977026689727,58.833072099280436,71.37688927931266
1133.4516970437573,409.39508118641515,58.47143862832437,73.0641085985499
1134.6821743153487,412.5062268960217,58.2158242321604,74.29312161506678
1138.2802620297252,416.14331989655847,59.21722246521131,73.6900438598428
1136.9146235432356,412.3444126493604,58.74476003351212,74.46130644002395
1134.6874756043287,410.9289759281189,58.520303012156205,75.004692614059
1135.2253432458867,412.9756778903403,58.40749518971055,75.50867409611038
1134.3226290005207,411.1041997607906,58.19426170458217,75.86249952444493
1137.514199907079,414.66218165722694,59.504433490098116,74.91745705725592
1135.6848688348423,413.82601069000225,59.869039457432514,74.65984720471036
1134.5704506341876,408.9205799926105,59.23016955991335,75.47884820978439
1138.5204758622629,413.7778775378406,59.789911240908964,75.20900009045457
1135.556765488173,410.43392614807976,59.64557371882525,75.27443582896059
1131.7693252920064,408.95287620416696,59.070703401624556,75.99762551857452
1132.6885142509245,406.6981457729248,59.16212432526499,76.30876885328779
1133.941337326999,410.6252931651985,58.5104552572755,76.71157131300305
1132.3976481747889,405.2839657407984,58.28411262015228,77.34661492523104
1131.0876568236329,403.008455952772,57.79899779019198,78.11327027780365
1134.867678640663,405.34762345244036,57.91966161081328,78.41668481307381
1138.8918475807834,410.481277804921,59.01574530802618,77.1061365146068
1131.9260387249835,403.90091881270496,59.20645821158152,77.1683113319245
1134.847152268313,407.21429390252234,58.74958612064964,77.46099045450538
1136.2896627584105,407.9546074489282,59.69402123138188,76.52501367793202
1130.0597386522518,403.4952954057664,59.91503696994475,76.80792227963654
1130.5565868286283,407.08029914165934,59.7781539883729,77.12733474498447
1127.4877706698785,402.1032695883137,59.178138295618666,78.16607154790368
1132.2297489881846,408.8739009740781,60.01706049659176,77.20716809033983
1135.847101379149,413.0366061031549,61.104385782106895,75.54319105209586
1129.251861121881,408.3532927960084,61.150069925183494,75.72568413672573
1130.6843359026668,410.2482788884162,61.743765945810495,75.56037721222499
1126.5522979613975,404.3124146712368,60.93291259098355,76.40803586051211
1131.064762195754,410.104515785903,60.80732761287106,76.14178101887507
1132.5166282259488,411.3682838120144,60.945019350088614,75.8446140576861
1135.5579750355557,414.9896095976514,61.44162375028437,75.29495994200913
1129.3478744625738,410.0791976567984,61.071428205879194,75.88683618424974
1133.2097767256132,415.76003750057436,61.55744728819914,75.37305307262558
1128.4610352883085,413.1943694553522,61.01631684341167,75.84755551438823
1128.8647077003168,413.60336254547184,60.02147966369054,76.62031132614572
1134.820159313255,419.3315271682938,60.37165145765033,75.64473121075082
1130.5440318001868,419.00884096468786,60.95728985323271,74.89437550669558
1133.730153638502,421.4841696956972,61.1486629292269,74.37382373086469
1128.2310830098033,420.76110920060205,60.96840128592829,74.7200211103677
1124.2791491031146,417.5024272989425,60.14136928851485,75.78155243230256
1129.664610903085,422.3772216295581,60.13144250711634,75.90092129060257
1127.2312740231305,421.2969080635566,59.580172789394986,76.56955928686344
1127.776513838656,420.08351601754754,58.802688323930354,77.33442557320984
1127.968348791144,423.915010068888,58.23534311489905,77.86848088941319
1132.0405397102813,425.9322058734025,58.60837918433915,77.1674878609354
1131.9695955131124,428.5346240421105,58.42653794439227,76.19620254890991
1127.5609681738854,426.9206484718977,58.05032166795115,76.66640746970047
1130.3613860987596,431.26798346117744,58.7937884724693,75.53008567000467
1124.6441662262223,429.3119653376302,58.589506751479426,76.00538962492377
1129.4908607707034,430.51493195347444,58.19313762101334,76.04790910434062
1133.8328901893024,436.687919393926,58.8413074443986,74.76063097026366
1127.8434197638242,434.76260297266066,59.08564822821639,74.52418953300923
1130.9145640907213,438.9805088675595,59.59634610091123,73.94581249281485
1125.3122122013253,436.62995572856494,59.70213859430287,74.29265784932562
1128.3550135409553,440.6946101182944,59.89484049191683,73.94571820667704
1124.2464209774466,437.5194904547401,59.2214139703746,74.9501394910306
1129.7059348306118,445.7806668306548,60.28349588318509,73.70503607544383
1126.2255173513115,442.4543459591493,60.3213591163215,73.55029761902247
1125.5025352834673,442.0603765415753,59.129588362026,74.67037448589159
1131.0206150197946,448.59748677025203,59.8448841963783,73.61184101736869
1131.645798659511,453.0025113902358,60.507956071570234,72.72612868764891
1127.0757838455079,454.1260623902137,61.1936171082678,71.90465427691886
1120.9983096065478,449.32471252290304,60.53297377405425,72.74287342071993
1127.6776522135467,454.88774190905167,60.012210656309,72.68906119993625
1132.9209559335936,461.15112444076533,60.12035266689884,72.36241229404075
1128.4023086515265,461.01597089756973,60.424996474196895,72.00735012965754
1124.8300463103822,460.9527437464273,59.53857442491845,72.73316126206245
1129.3457962252378,467.7519306185516,60.610664606803866,71.7519607126991
1122.8956525566803,464.6592044671717,60.183078713938215,72.04144982347279
1125.6222450182704,469.704060150336,60.714778529679975,71.85325918620921
1125.7037424096725,471.8225958817668,60.95376599470532,71.6627809125871
1126.8426643244982,474.5263842891252,60.973817834991436,71.47382106030318
1129.4209621414302,481.3686231837175,61.12248381306548,70.82721844659467
1125.4419900876815,481.9423923976616,60.58437231753558,70.87316372899546
1126.855827107149,487.02257777592865,60.77850547235655,70.62337742222935
1122.6784329340646,485.8968598720143,60.23019094376966,71.17938366653571
1128.2835349820023,491.77535770777,59.45971367742334,71.06078807284419
1125.6265032098343,490.6701949113121,59.050727104266386,71.77645912951277
1128.3567239345768,495.91062571439795,59.36450707506935,71.54190871108511
1123.7828260135648,495.53767390483256,58.9824872432654,72.16033237466193
1127.439887359445,498.2899004879262,59.21268942638275,72.11063403788137
1122.7559247057604,497.831545797898,58.649424243029635,72.88304069214581
1128.2289249751416,506.22831442371535,58.69894048130566,72.26313129390468
1126.375621987458,506.2353597115855,58.04304817328658,72.22215272949273
1129.6177801291067,514.9185700125425,58.78878388431325,71.1677362169342
1125.4628958663066,511.1296823457127,58.25204819848746,71.61006643264345
1128.7705163773444,519.1473496598138,58.78403160268128,70.95717904717803
1123.7492098234675,517.7058567153707,58.91844921482957,71.03514674949498
1130.659981298883,526.2218648032427,59.30635698573965,70.2310244030967
1126.2948819365474,525.8804457083509,59.68484157619415,69.93267673939897
1122.1244188423764,523.321509584053,58.31250043818119,71.19464178622778
1126.6246267844278,530.3681142352118,58.97124516809224,70.58820311379314
1122.685857143433,529.0244392984271,59.02125025132105,70.88996648719474
1127.2083826564756,536.189763589194,59.59609802131711,70.13011964058529
1123.5298720117482,531.872938588587,59.099376234447526,70.57722331611548
1126.102575671412,537.3908718761237,59.44218245424332,70.03470200166225
1122.2811097001168,532.0283736563631,59.02739421250755,70.66188483492117
1126.0564120481345,536.6268834478568,59.016165775322236,70.29640822068389
1122.1250054411275,532.3743977649993,58.395322106096536,71.15846910589958
1126.529726040023,539.9373650799872,58.7277475922658,70.64202105581867
1123.4191927449406,534.305389000244,58.18557003036146,71.24001862546162
1127.2866821482721,539.6511728814494,58.70821489618342,70.29970780579964
1123.1055458633002,534.7867499562988,58.351875748903225,70.85826366281475
1120.9423786103296,534.7820718080422,58.07961988085174,71.21513065478526
1124.8020266911763,539.8818091003118,59.27803211607003,69.80250413848344
1121.9504561588058,533.8843295442766,58.323871278039995,70.22317106763157
1123.682139053283,540.9479028458572,59.13785066959686,69.09562201390884
1122.3497005966574,538.2626551330504,58.885031583702585,68.53065115000197
1119.8048864156005,534.4687526263081,58.47973158583085,68.877673902592
1122.890505117208,539.4613464062285,59.3539710960681,68.14535404142056
1122.6156373518634,534.7088345516285,58.52559097276551,68.84502077125063
1120.3839097915295,530.4880648217999,58.01351976057826,69.96725338047446
1123.8294000791923,536.6717064756808,58.71624960776862,69.5208904447218
1122.276318574539,535.8403681323472,58.910474903452226,69.4581243642457
1119.158843009667,531.518231599,58.573559520897376,70.4489021192031
1121.126582109178,535.2547839939382,58.95454050080029,70.52740207709893
1124.135969314284,541.4169866225214,59.703314651684394,69.83390864701991
1121.5417983755995,537.1680379613939,59.16039479885907,70.32474114993906
1118.175999869712,538.2494006354847,58.93261929018724,70.72830975660675
1120.136439684764,540.0386131771015,59.495737958728725,70.60810277105986
1121.7939175096851,542.3158408475141,59.64967631370776,70.59471407681062
1117.5297429500379,538.0553009766918,59.12475318568808,71.54399740121877
1119.5582712328187,543.3887951793339,59.70444064249548,71.34033545009711
1124.0395113944473,546.7293588579048,60.417524131494275,70.96354750183002
1118.7590264641162,544.9518507012837,59.944507900542526,71.74759752364457
1122.7705887753982,549.5477143702127,59.95005168160406,71.58653462975626
1120.5594652199607,550.6058374387566,59.263790205595704,71.47293398522217
1124.212928416317,555.4638892297611,59.64972012468128,71.1064550370022
1126.0843092825764,561.4229527122637,59.800125172634324,70.49334554331045
1120.4275775197073,558.3428272204653,59.59783781336259,70.89282811336346
1123.6799200972832,563.9283045698891,60.35635437177275,70.15905774831724
1119.3241675934173,564.5517961330693,60.00288554832799,70.49391203765211
1122.6662026249485,569.3120020256696,60.35068966510558,70.37719345160917
1118.564541450869,569.070177508064,59.664192868062045,71.14785416980737
1120.7410745058964,574.8816938162903,60.16895108356847,70.64580181611139
1125.657697093646,583.1501491936563,59.92667022539139,69.82469325406733
1119.9903908037677,583.5080618212049,60.16927993649566,69.67680614794536
1121.5462461680586,587.7528840810756,59.938234510190256,69.5009109415584
1120.2149072737607,590.6361296865175,59.34311434231937,69.63091602660377
1121.9661443755758,595.2996575585296,59.42474682242016,69.22342548338517
1116.2963976618432,591.4937331681876,58.55845545221682,70.2257624118047
1116.0863542034192,594.2711995280733,58.096163075623444,70.75360480800012
1117.201094869791,596.8003149441338,57.92124598047431,71.57224842274809
1119.5793023971446,604.7796193341679,57.63241744310122,71.41044120975754
1124.2450475313428,610.5556358522377,57.632094395774075,70.4890024271578
1119.071415098072,606.6901984826525,56.991900079576325,71.19601098972319
1117.9936484928355,612.13886838095,57.005196818873024,71.51224274158992
1120.0597935155754,618.657125491307,57.98050984651357,71.04678679419135
1123.0545287336004,624.7180046838926,58.44687618338222,70.09720763112738
1120.8797356455514,621.9397673463087,57.26185399537499,71.15671737480696
1114.8591733065764,619.424638221205,56.86264244590805,72.34976425454636
1119.214707448103,627.9534682010072,56.54694178523068,72.4428401500443
1122.0826437717615,636.8650789748318,57.37858021960872,71.2758857685329
1120.4781522201831,637.7084020240827,56.3457653987237,71.85378677963489
1124.3831528535388,641.7475049800222,56.01021901177317,71.39830492399983
1127.0728968389553,650.410321519948,56.535877639756166,70.01247592129664
1124.445498072347,653.5235486610676,57.15858508126776,68.89414303416856
1125.976731937621,660.8990549126028,57.902873847148754,67.7443258664865
1123.1748875925216,658.6389352977584,57.72708398739022,68.19888220814416
1119.736240055442,660.9999079867802,57.29091871151294,68.61797429424249
1121.8753623153639,665.2955266116005,58.054315903858,67.9760292275242
1120.0404459864014,668.0928383460852,57.64218263847337,67.88670151203378
1124.542883606799,674.9638235590625,57.8604834001808,67.29494432765645
1117.6499309293488,670.2647227207742,58.0348479607086,67.68549181416948
1120.8499080496933,674.2610817239049,58.30234510170273,67.50044964637843
1118.471554980871,671.5517878651673,57.87195416674658,68.57990171703356
1122.7444621128577,677.2006838691207,58.601751780214215,68.0500750258993
1119.7687592900643,675.001371501171,58.82491932002711,68.23447828429025
1121.0119437820583,678.0894765495101,59.19426775661697,66.89166319188433
1115.7167381297966,674.559025989695,58.766403800215514,67.31568105269511
1116.4060655540025,674.9043140628121,58.79773139465947,67.37218725909915
1119.1031304324267,674.5850913527645,58.85275363060888,67.02650646898148
1115.1417834286287,673.2227613019047,57.881404669454675,67.85165725997882
1114.6333230147884,674.0990233210266,58.63653957270084,67.11305162154567
1118.9082087542652,676.56793986065,59.196302357357936,66.40555568524331
1123.176163329204,679.5222611584556,60.23199698250465,65.00784553515822
1118.515796930997,675.366256522825,60.70100610795909,64.73032576894383
1113.7132443462035,671.563836730744,60.715273798908804,65.16283640413126
1118.5008481260265,676.2206342359653,61.14737710657196,64.98064817774616
1117.6666329302566,672.2715168809009,61.128539240971016,65.01890373519575
1100.5102207173063,644.4620141365324,58.39355025134407,68.3617136978096
1103.0409396213536,637.5854263884535,57.39096082429211,69.54114251275406
1099.5422867421694,637.0600526086591,57.011740703754,69.93003681850142
1097.0281888371785,627.4278117763322,54.79561039908162,72.46197644519144
1097.6021050874808,624.2377259220914,53.73944075988348,73.09137853849968
1099.216168556324,624.8978199485074,53.160163071083346,73.63397046060501
1118.1098701326823,663.8429448119684,54.61996374527075,72.42812319950318
1119.88921048389,666.7612734660926,56.14108460230373,70.68148034895766
1114.26285275508,658.8431938797166,56.89321736491617,70.43376195823296
1112.7439366159383,656.6528864634618,56.91100936953355,70.26237579129211
1112.8759001697567,658.2703906885517,57.409319929933986,68.92666875083334
1113.0262809222763,662.1294192378069,58.20326639074568,67.68848578638672
1117.5235505574046,666.8844854986451,59.27071881207834,66.010018303773
1111.3375725402982,658.0596537911742,59.50454370462885,65.56004945553107
1112.1027758593577,661.8792781415387,59.737865446712796,65.24096352793435
1113.915629717445,661.1319541692338,59.900257973153366,65.0498067478508
1108.8400127833552,659.2215424124848,59.7965680208371,65.2557570904963
1108.7154579921555,657.375453682828,60.16111774092104,65.16403214311742
1107.663011788604,657.1457684589416,60.23440132806208,65.14160137905618
1108.5571657585076,656.2809551105835,60.419206925089995,65.24555060938003
1108.419584070136,656.9085879949012,60.790477307906244,64.8853378698049
1109.7098087842019,658.9824441816694,61.11502069860686,64.37345184552684
1105.547615061823,654.6254202051365,61.09225066503174,64.82001322632713
1103.400575902253,653.5367640578523,61.78543143358914,64.59525166072694
1098.1050284013443,647.425939984061,61.17280729630722,66.21554139461341
1097.9361740304314,647.342471388881,61.074284424974,66.89594637366964
1095.2667257894823,637.1456534666872,60.50472934971285,67.35698601139204
1102.7360845732928,649.6994047756298,60.83709942857603,67.01591138728152
1102.0642945438358,647.7200716953507,60.732661890291595,66.48894369774199
1104.5099493570294,650.7859198796974,60.72083691737746,65.03203485041084
1106.6610163526807,652.9626896771981,61.22354587498833,64.10201009839656
1101.9310101157535,648.4928356407972,61.275530699917084,63.99397628124469
1101.0719546027537,650.6775439590317,61.52137171401458,63.21764922531148
1101.190365478036,646.8480540953034,61.730800968384514,62.94897182538786
1097.1911396179244,642.884682059499,60.72540652008944,63.89997212639718
1098.9136538384626,645.4332477274435,60.76287052591255,63.173776230571846
1099.8189484045233,646.5719601634819,61.08332840421278,62.85784485062135
1093.8821418372074,640.5398238909008,61.03272336104905,63.17175118484595
1095.9957244731477,641.7821463658045,61.34558904543702,63.191435439598116
1097.4154392022801,644.5164938637768,61.54587702300867,62.93340042442745
1088.4035660278362,636.0047949621935,61.35943355256102,63.39713445501104
1095.1761915732907,638.7385322193268,61.39727896586348,63.368936159158686
1086.1897718490836,631.1935536196212,60.86174896847652,64.37460190043993
1086.2061503066097,624.5470543755603,60.49193720475361,64.98225569251694
1087.802999405827,626.5025081644673,60.01038409642224,65.91887609550731
1094.9114221590007,637.0881434073277,60.12905551970085,65.45459680546513
1090.562272749813,636.9407341160878,60.07810201874055,65.21449696047767
1092.065254111304,636.9891015575297,60.3197415201083,64.25581793859004
1091.8841484352345,632.9074376445865,60.2990841948697,63.85452670014551
1089.5474418925241,628.9316898310218,60.2053955156115,63.6664025000044
1088.7135615874759,625.3551503108517,60.16226797835409,63.67441384854153
1090.2286961796506,629.1573436834767,60.052679316923175,63.05407546983813
1091.1546504442651,631.9980791497762,60.10530596206416,62.695156264533935
1087.4163419559657,626.5085900268294,58.94745390637557,63.28266169396026
1090.5863953789365,628.4260802806551,58.53508334278222,63.25056886445526
1089.8686774560222,622.0094371340889,58.517127279011525,63.049969201777294
1090.684962787005,629.324733504374,58.579620804096216,62.92369279116305
1084.937362507907,624.8097613205421,58.48534191588082,63.040351903394715
1084.658441727669,625.5434840631607,58.570863038925275,63.02532236130334
1084.8242460274662,624.1098198747179,58.69321870253176,62.91079677624439
1071.1107573927816,600.9804234807445,58.44171582358581,63.167586848126675
1069.3273853050496,581.7451576323093,57.718749954188596,63.70331553596382
1072.540001341113,579.6228737936555,55.878360563946366,64.18185004066403
1069.8376907292627,574.3361201690484,56.14188662620919,64.00860931929726
1067.139405425187,578.400606075894,53.760087330795926,64.72275235851137
1068.307521689974,578.3706238021318,52.21857354359303,65.56395748850176
1068.280287785638,575.2151788496491,51.19321261309884,65.95130441708775
1073.1227217192877,572.4017515524645,50.29653463379956,66.37861791953813
1070.7859997173564,570.2705042479874,50.156600780453836,66.42628880565287
1065.5703305854079,573.0076034664763,50.07461812149969,66.5091320137251
1068.9868013724308,567.5753984771361,50.09555361501949,66.50721566031332
1065.0718095627765,575.3370453666058,49.81980813123978,66.52995955532404
1069.9720961531593,568.4549925451654,49.841384227207755,66.5599867909172
1065.5441081674358,569.8107654893862,49.46236340300049,66.72403814101634
1065.5699457087637,571.9983287218868,47.84211699122769,67.20717707594808
1064.7229034011143,575.2143764510969,46.76347006393935,67.63171671121671
1064.3682694657418,572.0247718196988,45.56667628536147,68.15271779453894
1065.1236926039862,574.6837921284782,45.49827683676144,68.16517921021378
1066.6986115063942,570.0584129208812,45.13186483989852,68.33636971616718
1066.0540362338363,567.4247001454476,45.39474141917826,68.27845833389853
1065.0207634966903,567.2785213336881,45.31287967263002,68.25685901128278
1059.7337415981465,565.2714705635348,45.23497644823347,67.96294043669076
1063.5148076200348,566.9889025915718,45.39129256653531,67.95480009925994
1077.061666791545,600.0877773628388,46.493304432865784,66.6281519361206
1078.997245019294,603.0995029334696,47.55746167899712,65.70797370974546
1077.0215879766713,604.6688056216124,48.38854747368465,64.8760568805942
1075.1721379913515,603.5888435226012,48.92269639146805,64.33833636807567
1071.2816954715356,595.0778615091374,49.2269288088767,64.70204386424159
1070.4624154467026,589.1501570153562,49.19806036504313,64.74098842767077
1075.0005541006665,593.5196252944121,49.27341155137803,64.62200597875089
1077.2207947846416,595.5136604975955,49.28791103364734,64.6014102714044
1071.5519346524065,595.6321325847329,50.32155891805163,63.68401571728112
1065.7046385856997,584.719338258942,50.08909569257887,64.05475512569888
1070.2533308398683,588.2548939947757,50.09114508316724,64.0682126313874
1069.997643691438,595.4009685294235,50.01297252076349,63.79151785438931
1068.119511449042,592.8857844597283,49.677236044252055,64.00400202542637
1069.4854422634858,597.5225040580623,50.11679332062259,62.7880798804552
1066.5887276414808,591.3589209081058,49.936822448665765,63.18909681208189
1070.7867116281877,590.7090118664013,50.53281786178725,62.54178051991887
1069.9329730724871,595.0521649774493,50.87494413071268,61.92303258639702
1066.3279512710192,590.0018194774876,51.06437120227673,61.874808295487725
1067.7866639950735,590.4822877726635,50.656992474672634,62.172052085003656
1066.4973329067548,582.2933776117429,50.54355817952344,62.34096051109274
1063.8531211332502,581.9194240934636,50.450748034363606,62.43541276707297
1064.3209856514525,577.0453620572263,50.392898915580716,62.46758110529449
1068.5470062548497,583.6865805899848,50.34907799992399,62.067542645124064
1068.552709931564,584.6193514980788,50.31048581737926,61.61903092499037
1068.932808489182,581.0238611354309,50.345448757304084,61.57151200886767
1066.7434147727004,582.3324763227815,50.256418883748836,61.569896763637075
1065.3085896729017,581.1402462114141,49.856615319384396,61.36678298124508
1058.1225004776097,564.7278927342303,50.06497535059334,61.141719580388134
1054.310816443501,561.7147499124853,50.29654873726161,60.83400320590308
1048.6037443712326,549.6300525332031,50.31847047731823,60.8105173339745
1051.3009721651545,547.8644697968056,50.31993135141915,60.8087223918831
1056.7455291666192,563.6385124418051,50.625712139138855,60.530292329545055
1060.5655656900988,572.663049677914,50.354144093248294,60.776896949734486
1064.0606251005536,577.2795704664156,50.384029067962196,60.77922028667166
1067.1202043011544,575.9616233462838,50.29762175013452,60.770914678760406
1067.7569446418888,572.4196767866098,49.09508653274029,62.09534115000662
1064.5071533369717,569.6269594981194,49.17465333065453,61.95474442358159
1063.136439142323,573.3476226395396,49.08666449125322,61.92741912874775
1066.3762119646417,574.5654616348381,48.944008113583756,61.720160680463245
1062.2087224199252,569.0045615323357,48.917890820875634,61.74880788559017
1063.6503044847518,570.3902780732587,48.61287457940558,62.101573478899795
1062.4867553775387,565.2635057282065,48.34889880396401,62.368106259519344
1064.0223009937056,564.4027299351462,48.32842860434489,62.3984093095301
1062.3367664024536,565.2371006559748,48.311613885252754,62.41832312509797
1050.5517938887608,535.8047199992238,47.7119155105386,62.985000179566605
1052.362969976871,535.6305239154515,48.07492800984012,62.60416122795552
1049.2647404678353,536.7777471474615,47.00450556199969,63.64695593672596
1049.7314254945964,531.8613628288535,47.00785236305005,63.64470736965723
1048.2694511697246,528.6954229288194,46.57349961165515,64.01821409996217
1045.6574656705266,529.6145098112661,46.23534969559207,64.36272952497978
1050.2813819788296,531.6910093603558,46.09535570966223,64.46208981705928
1050.3173736703195,538.1401997673986,46.27690864045472,64.29640648985097
1051.2536304827233,531.6136093848274,46.195226819922446,64.3678787283821
1052.4798240294024,528.7823935975837,46.19989672577076,64.36544004072361
1051.5922888274793,531.9014098909537,46.24667382994235,64.22502269598795
1061.4304621649087,551.9608598581101,46.36503922173368,64.11382082075707
1062.7788918573258,535.5121421924978,46.37714633050609,64.08574193079042
1060.6018934465233,545.9083909312443,46.54158321558748,63.96704396806776
1059.2681380588967,544.3289946371125,46.47857564977641,63.81640571870021
1055.5190294689908,528.6860142612505,46.49988033111428,63.77504637154724
1050.3522028077712,523.0963445924885,45.65584505492062,64.20887656142705
1051.9659249950864,526.9034643108427,45.695087119804064,64.11527606743753
1053.5400505127957,519.8215285185339,45.54485363390019,64.30988266792411
1048.45123607198,522.4609351000427,45.511650873380724,64.33384631841355
1049.3711895778208,518.7003487585529,45.32338034298418,64.49839773598184
1052.0568459321098,508.0470090376408,45.65853907758277,64.09601078681472
1052.8680649148014,516.2221016175496,45.62781144125547,64.17610821977064
1052.2697309527566,518.5930462048182,45.380177998538635,64.7283069320437
1056.1688028366998,519.4545435075479,45.237156987610405,65.45222890678448
1052.9819332416537,523.5651137602138,45.15943390887342,65.5598199383181
1055.7197396349432,525.7714040472032,45.238353173380794,65.49136129732265
1053.2787772506588,510.7048213174192,45.46099048925177,66.01271035064056
1051.4499651873232,512.1968115925627,45.23774832678399,66.87655008233597
1051.8509286177684,509.33419778159487,45.026422314091754,67.31532731822426
1050.294135056987,507.6129103592326,44.96802976989813,67.55641152230854
1051.7977202342004,506.7660472020581,44.85120069736257,68.68064406605828
1051.2427796243815,501.5159810497213,45.1968602487566,68.68586994525575
1051.445016674385,497.8500433008067,45.20194217997667,69.20350689480604
1053.194305219606,502.594238364315,44.420644523739064,71.55988243093645
1050.072516029808,501.63072456663775,44.21310157307399,74.7039474656373
1050.3805532749147,495.6075806357151,44.55768181842526,75.836801298857
1049.0975125711936,493.1756576784432,44.2704040034554,77.04440722698122
1048.6294216322883,487.550822307273,44.802518513951064,77.84946355892126
1049.7068595022722,489.5337582590357,45.12662689149096,79.0695848499759
1049.9850815182872,490.9215783039441,44.17501985983115,82.311468525723
1047.6460745081426,483.426347929136,45.18028221500495,82.95211772138424
1046.551758604939,485.62510845654367,46.05753184691993,86.11955666946807
1047.174123627886,479.4718246886288,46.623448811829405,88.49245797604976
1047.531969941372,478.35597120919533,47.387635325711514,89.58254954413911
1048.2411116792682,474.83898392626827,46.921551368599594,92.9554666377642
1049.3194888824225,473.3374307854957,46.791622151881235,93.75214057678
1048.4464594778244,472.7896212718565,47.12658820289897,93.31188595255387
1048.713060019994,471.293955517157,47.01805701015577,93.58090310419544
1047.3858298733246,469.35499536797516,46.20021868136299,94.70344777885603
1046.2489236787087,468.0148791335385,46.506317237739694,95.19026055282879
1045.9269621935728,464.58734785225283,45.85532596240586,96.19296382050882
1046.9443793054468,462.0208388584298,45.90953201804635,96.57120580717833
1044.08052755546,459.2225029715941,46.49803149275118,95.69458952161503
1043.0266472547617,455.92187267666856,47.24079947558732,94.63048775337286
1042.5018488279557,454.03661750511037,47.52285474184659,93.78518627169065
1042.3806749014384,451.0214765787061,47.915408818011215,92.55926399623387
1041.5034592364366,451.31648799108734,48.296764066738994,92.89067777930906
1041.6458665464245,447.3470032127601,47.59321829375178,93.4980199670365
1041.3407207948756,444.6607635728848,48.35181244134093,92.38211023158944
1041.163849917634,445.9173548499638,48.024964877548285,92.18976636723553
1040.1713817085833,438.4828085652277,48.386969576823645,91.331848209779
1038.8770231504386,434.65722313452034,48.45653214446783,91.06842299041362
1040.3901013149602,438.68225090009196,46.749405385050515,91.97157638261021
1039.0848264603053,440.11303292481716,46.30006410887165,91.17266182160891
1039.0103402113225,438.03395442978047,46.45658454091127,90.0467454588686
1039.9312583780752,434.9402376131102,45.85176738865719,89.29640634135465
1036.8366084988468,428.5358623526155,46.173472428180865,89.88000866135528
1038.945088105218,429.36799491764145,45.093868781463044,90.45715927036284
1035.3528539876095,422.20451425694057,44.823442473986205,90.74888995516793
1037.6107729560204,416.56352163100735,44.189558730279906,92.57442092999571
1037.2443568125511,414.3024380189378,44.717514400621155,91.56904365569125
1036.1111908142043,408.3321477503357,44.61627194396095,92.40681905526117
1037.2672841894678,402.91169631272504,44.61939591006262,92.35171916101228
1036.271819884102,397.23209340113283,45.484711308209334,91.6266182672777
1033.4148604467043,385.1383393254257,45.9694012096156,91.27506391869207
1033.1182812407958,380.58660753123013,46.063889997103956,90.3620976059601
1031.5360368511467,367.83178824867616,46.419142726750195,90.18827021342639
1032.0776733964801,354.8391518781233,46.38575335934235,91.14258287152438
1032.1706968288672,345.2778734996661,46.15829416340417,92.1847715864466
1031.8664772962961,339.88346513218016,46.03746545253382,92.72784743091552
1031.7809696504771,326.1508091984673,45.934477953720766,92.89311428491352
1030.8704105454647,315.138213998063,46.291538241382554,92.89751077092714
1032.74988665502,305.99015729905284,46.3435687264346,93.18175473840554
1031.1528448370755,294.748791091336,47.6110358128315,91.5736515825502
1031.227570826412,286.33956828425625,47.65505846964055,91.39908190740297
1031.3296466700183,276.56439702893454,48.1588937333021,90.76691785676718
1027.1131362550273,273.1601849692913,48.98746767531431,89.27034453190075
1028.1422463122392,254.5065998768863,47.832313242348086,90.34225089224789
1028.4450289061633,241.42775194195588,47.388920312399875,90.04808061220635
1028.8901958473161,233.69456329715996,47.46615393354656,88.87550183185195
1029.0322440224736,227.95505036099505,46.985720449585635,88.64139103120813
1027.915915002358,223.99981722312322,47.08765811284855,88.66335327863148
1028.607867188437,214.271675717996,47.00237348785251,88.15056966901281
1029.64248383967,213.54503211723087,46.28328528693351,86.41361505688344
1030.4344615861958,204.66841281798622,46.246248305272886,84.84619973996749
1028.8967682949342,209.06772728960664,46.435463785272304,84.16124305319633
1027.59620430881,201.73014867174638,46.751678932889575,84.06099059043055
1029.5442443432219,198.0342455466072,46.220597681509894,83.73554506306
1026.0287357026466,191.90202432484594,46.832299624525746,80.91159810991502
1026.6525420841376,191.76843287900573,46.74900232365608,80.88852581265348
1025.9450152853967,188.32753495843838,46.08048591762828,80.7551906570841
1025.0902005839177,191.31364450994053,45.74476357688817,81.0389172366054
1025.2019594713952,187.64727071620112,45.61731566686215,80.42542869050881
1025.436752411354,183.4261621440996,45.53884560139139,79.80222568395499
1024.7070479256363,180.37870153794015,44.602164542156785,79.5370270766328
1024.829710236015,175.29117919744584,44.51103241376555,78.07634959728205
1025.298279648346,180.26142107778077,44.158024889553154,77.67975106763029
1025.0850357198121,175.68731845550013,43.98162916927361,76.77785693932776
1022.6440560066004,177.16817363520346,44.24014833004158,76.7601096307634
1021.8565327233955,170.74784426237628,44.14499967455058,75.73440199000417
1020.1923406648697,170.05220783151944,44.88795936838433,74.87087167102328
1021.949333115594,173.85848851429466,43.905300999299655,75.8008975857463
1021.8958614461839,169.91665304054166,44.199573660219656,74.92574418480255
1021.8540724401548,168.3228392101501,43.45361720124255,74.8262252772873
1021.0478483855344,162.00210760668483,43.00626897717042,74.71654598238686
1020.7112912804522,163.93778122933395,43.044990031760214,74.27450095266474
1021.2274327958053,159.00979534103772,42.29128414996836,74.67176491980898
1021.92646086037,157.77841959650019,41.06693803923541,74.64110844417762
1022.8359462812863,157.5085422453147,40.305142833694056,74.70530522323165
1020.6335934518884,156.45912405372746,40.319085209714046,73.69355949314016
1019.8692578251112,154.4949167973946,40.76100369093735,72.79747535239399
1019.3272212113106,155.51519218083973,40.720152258809314,71.58325566450993
1018.0423091506043,154.27761305679113,41.041100762240994,71.27557842905611
1017.8569875195228,151.91607459727675,42.12774845565171,69.57949259784075
1017.051681790613,147.43008071362988,43.25606776798083,68.01586635146262
1021.3210905538049,153.16623823755023,43.71859682973162,66.43123231100715
1024.687966804436,162.3733309351141,45.17804634720751,62.921753870835445
1035.7546915713788,166.3983588972045,46.19461359798956,60.699915453063355
1048.917448187872,163.1987056629554,48.08438471253746,57.593178487418456
1063.6365421110022,160.9112512513813,48.52861073041257,56.63982088066558
1079.9679104239262,158.5223724845702,48.502356343334405,55.91963978132262
