621.5,294.5,17,37
621.7908756395635,293.84598054549656,16.996913738954582,37.359896708298514
621.6348764785052,294.9329530260394,16.34699358782757,37.36654976776641
621.1294019203742,292.79408362763877,15.820537570842106,38.29491307819372
621.1836839763423,294.0241983681562,15.798212916036373,38.0990704894776
620.749595972746,294.2917657227641,15.837616020740334,37.485989005600224
619.8520331020244,295.51991192601264,15.930385781310305,37.69504632101177
619.5404749152804,294.1536908215975,15.684248042554904,37.88980313555504
619.3027411220979,295.1811083963061,15.522265827951582,37.720970049888926
618.847790990666,293.8652359255294,15.341518631785108,38.13827822195683
618.7391143455445,295.1682863668635,15.050036665928479,38.73890055248446
618.7458589024822,293.86099146710524,14.903811956946225,38.228724955882825
618.4998182386079,295.2833389944046,14.994516560451553,37.560726201790764
617.6059204247699,295.382306399446,15.086064968088078,37.27271157006167
616.84624914521,295.95396343307567,14.9362468035217,37.06536357726908
616.4476396747702,298.41116376739427,14.840451373006099,36.80555160797273
616.2837707489747,300.06727616065103,15.048929360505376,36.85314003480758
615.2599883134783,299.40683032306487,15.102011237418495,35.91223165924443
615.4279195169902,300.63407976410934,14.994751701693595,35.94622836545811
615.3174801143974,298.78753117931,15.163307068651955,35.94065300202142
614.4914479378008,301.03738387395026,15.210770515473033,35.41491778753044
614.3601753750652,302.6951475629535,15.148872062224093,35.528465650612844
614.7546146594168,303.51667814721736,15.234449183904918,36.16600789089857
614.2677364790123,304.43561600233676,15.299472296003252,36.01883128115407
614.1835159752318,304.25499657580434,15.526684533844783,35.97087185006979
614.1145379091226,304.95776089642135,15.494883895928933,36.35268468432253
613.4920138873882,305.49096575774837,15.549872396741849,36.09410416288996
613.4919757097235,307.3475113688784,15.684582621004004,36.265235209688186
613.1420198992688,306.40966418331675,15.698358473023156,36.70272398102653
613.0132821416191,304.93995157351776,15.920109523518407,36.89786218661699
612.1715256307976,304.9920925580782,15.913827647128265,36.93809763921848
611.734338529285,309.14815526471716,15.8070828730839,37.11313576964175
611.230743090641,304.90835973486725,15.834892904348209,36.79630863933916
610.610167189166,306.716322835736,15.990491061210555,36.494594998255366
610.7716116596648,308.7391925166964,15.953017590813051,37.00020527622712
610.4231755790545,309.03627095137244,15.719323202732507,38.49940596989384
610.1752779376171,308.0268408749214,15.657320457615068,38.69331399724662
609.2495569304215,309.67316530983373,15.713792317244083,38.91315563836252
609.5957961604153,309.3218725334288,15.86959512156155,39.092947361731234
609.182095846957,309.0488100191373,15.735101176696888,39.586618403013844
608.9156994224805,311.13848575417484,15.4528593381307,40.27618344447448
608.1490209278593,311.191084104078,15.540619394008482,40.531997445132376
608.5442218146425,311.10031676074016,15.560213092873362,41.081672918694245
608.7413666813035,307.6859231961996,15.802225711502953,41.32251983171092
608.4117231175422,309.98716289430587,15.731416677659709,41.23614656419103
608.128487252162,309.4078354922474,15.717714796779306,42.00434284408081
608.0558867368543,310.0414093664824,15.773028677762774,42.0234609456779
608.0040834344321,311.33736425781416,15.981299094231298,41.558109228428826
608.1005693753684,312.70978529510364,15.782382160338441,41.74919335280927
608.0110467546202,310.81438053258415,15.70405058198568,41.75367122425321
608.3257496365696,312.5168476633852,15.52333407022504,41.818318328236515
607.8809672254233,311.44140135752434,15.369208091850954,41.33537943895108
607.6661295584148,316.1698752468666,15.265651452219842,41.4008592191656
607.7504964671939,314.36059566333176,15.161399556155628,41.50685992599963
608.1163395506336,319.90136153720056,14.969047448037887,42.030089301919226
607.6376601923074,319.3363297312137,14.887205501123516,42.16627568181818
607.5865184850666,321.3377920257531,14.789743111533804,42.19684079687144
607.4538924688939,319.675664662904,14.765350932348634,42.267316826509486
607.7153732269686,314.734895447521,14.852647518616063,42.33047394776617
607.9057855405255,316.283350361578,14.733743164806265,42.3730356505665
607.768297116262,321.43138883732036,14.690917226506047,42.427357716415884
607.4933945289225,321.82346444985143,14.691916210694387,42.42523665654912
606.5676521943383,320.3095159677001,14.692452188494755,42.42648080789397
606.2065738170713,321.0604593920533,14.671632098717925,42.47540858778875
606.4225888124245,325.35319500245697,14.742134590158823,42.26360985233294
605.7612054109942,324.83545220671743,14.736515324675278,42.27575998696389
605.9193455887927,325.94377017653096,14.709301671205925,42.31389527994183
605.9166738581027,325.55233815323425,14.698346154927503,42.338770217972716
605.8498032298916,326.27931806529983,14.693504108851972,42.3321736512497
605.3996174238713,327.1798730092895,14.640371158514657,42.29032060302253
604.7562660168851,328.05151859140835,14.635821240210202,42.30001706199964
604.3796794225178,328.48748520994553,14.692016753983669,42.311384606175274
604.1108777469759,327.94913607067303,14.749625539818833,42.328163289001836
604.4452117948326,329.9887562548416,14.746495993528637,42.23161373182197
603.8862390883016,327.2518724192555,14.873919916016844,42.49683571817965
603.8245761568979,329.5738927450868,14.92048572518963,42.45832389799903
603.7983692835156,331.7437290499033,14.924570401743752,42.51394547781914
593.7151712708799,337.9720964802836,15.75852700440771,41.535275154106884
590.9907986059279,340.970789852632,17.39837936899484,39.909141423021
589.6404812831724,342.9481042747196,17.9830259983773,39.405331832767295
587.3837269992362,342.0670237437434,19.13862917837156,38.41547706563338
588.7324404002977,343.022551405534,20.359610531689555,37.39405807980932
586.7525398704372,342.8452741714999,20.702139452815132,37.137886548999006
587.6814160911222,345.42740515449697,21.75929303637803,36.508436079739425
587.4763561799391,345.6364704804205,22.7040201499658,35.64716945110103
587.5998785900305,347.52105664973993,23.304886449244208,35.145952415654236
587.296002486122,346.89716894876966,24.08757469829702,34.585753479063364
584.3699349721484,346.23033332119377,24.578857961565376,34.219050607780794
586.9413614529823,346.07723741441225,24.624143484852286,34.17869726152712
590.7619942571026,346.0190093264498,24.636533405633898,34.17397976507388
591.6483319337322,343.34796292601374,24.43715304959015,34.36082058611819
592.4031702980523,341.32921100808335,24.32756534644726,34.55618756208514
592.1641924991485,341.0295827648453,24.21457033600138,34.75070934764306
582.5575177011411,348.4027231853329,24.622448511728006,34.47062838154575
577.2433493270695,349.2023235594251,24.723608402876632,34.47740802963208
576.0515676269845,348.9758487074324,24.713980942298374,34.50158802593768
575.5972281904744,350.8680279314832,24.703750802047193,34.52889558964644
576.4009106600546,350.83346805396434,24.806102778971113,34.48142927790173
573.0858805604717,349.4008387590404,24.53832676979346,34.826860263455735
572.5886561832383,351.83164376515816,24.530191662909242,34.843788859771294
574.6659000894923,351.26125255697156,24.55956415237247,34.82428234620525
573.0254935410976,350.8812827050415,24.59423152391183,34.830060036534576
572.0183735124103,352.4079319875592,24.60114235574608,34.83692711519122
575.2088264169906,354.05492149930353,24.61733461100817,34.847356403546385
574.1699000106406,353.647553244984,24.625799034120742,34.84715329407484
572.6923660687615,354.5898453909111,24.63859759262255,34.84077108294735
571.3458938532877,352.25842783910963,24.700951107890138,34.840865955989884
570.9716778972776,353.18327105228883,24.70172649572912,34.84097320219313
569.4485205504448,354.0815057706393,24.712897337160875,34.839655595211795
568.3509682959622,355.3918579345112,24.713375037959636,34.83986858771936
565.5044126421463,356.61964059351646,24.714599443735832,34.8399791100867
563.3109121933375,356.6431502519673,24.717049769911952,34.84087783349038
561.604357971207,358.00245917692297,24.717605619034163,34.84115422681942
561.4749010088324,358.24399070723655,24.717961091654136,34.84162070410847
559.6984094378295,358.2735051063446,24.72072207522798,34.84394833862825
557.6452675919573,357.7507159910714,24.721218489750562,34.844194852637195
556.6298673806795,358.4503556726426,24.71891854571393,34.8500190537571
555.5995704635884,359.5919120175171,24.7191436035747,34.85026303057312
555.5072117014221,359.345531593961,24.714593656474463,34.8633628302266
554.3746932126196,359.1487687919377,24.714226648102382,34.86429317293793
551.9102473144569,358.5895049293894,24.714340749725586,34.864379673936206
550.8041986169515,358.87546214572,24.71445899396445,34.86445674451375
551.3299813738926,359.8960456461282,24.71437162758893,34.86472069386221
550.7814448402257,358.9234831565638,24.715046341346,34.86509441032617
550.0665657295895,359.7997836831086,24.715278471996445,34.86515446620714
550.4237507344058,359.56658995725354,24.715491799670943,34.8650137704583
552.7691376780153,361.0977149515265,24.715570077673778,34.864981971151884
554.4254103395767,362.0887679493957,24.71567662718595,34.86491757277989
555.1809837649732,363.56214377375096,24.71573890668011,34.86488938522037
557.4998418138201,364.9002781015747,24.715758175807757,34.86487786305685
557.9422823037643,366.54125380860876,24.71578378590414,34.86487620751832
558.1847082733306,368.4763816409213,24.715828029785648,34.86485026396264
558.565561213777,371.00112547852916,24.715892099282723,34.86485637841975
559.1859792449239,372.5657909055672,24.715905531922875,34.86485449048441
559.7112766104108,374.2851913038452,24.71593910543066,34.86485641304464
559.5832054549709,376.0964625661374,24.716409825743764,34.864648845583
559.8673099003059,379.32570867312756,24.716467744060218,34.86468515027943
559.2367871639261,379.90268042772584,24.717379592743196,34.86444664196026
559.7353825712111,380.522588735634,24.717609565984414,34.864222578329034
562.165862617076,381.60625143975176,24.717702941051577,34.86404933646012
563.0309150490486,383.97955192917453,24.71776165132503,34.86409047034648
562.9426825036456,385.685094566481,24.718079325896884,34.863964201089374
562.6964194449204,386.71196500411327,24.718282640803796,34.863903745746704
563.1386295454965,388.6391619160518,24.718419448394904,34.86387169440679
561.8560973503561,388.37105464770696,24.718696212409235,34.86376661763979
561.5520264464944,389.33660425246006,24.71817601089338,34.8645699359428
561.3226737435112,390.4196822205821,24.718436016860082,34.86438647093584
560.1963917089564,391.56641123187325,24.718526016374334,34.86436282983859
558.8395668127205,392.73190450391843,24.71866982549358,34.86431581707454
557.6348959712441,392.6411313197611,24.718999190789027,34.86399634423887
558.6573665978949,392.7835181046418,24.719072795733222,34.863911962481005
560.0348637965967,393.69262110306715,24.71910759983704,34.86387830125504
559.6067847440893,394.10710672963774,24.719374536734446,34.86350262678429
560.4428630251123,396.1519465336181,24.71885312559792,34.864124532495445
561.4603280360036,396.63413740551135,24.71901164293881,34.864035553372716
562.6023503091438,397.4117250693185,24.7193174918609,34.863791747174076
563.1640485664628,396.91700577923433,24.71938127003913,34.86373725530951
563.2150125538178,396.825229348814,24.719420399108344,34.8636659528802
563.1973349774323,398.6039156745536,24.719727093154212,34.86357336503011
563.2708684320579,398.3467518775521,24.719822055097975,34.86345708467401
562.9845052768603,400.8371297679011,24.71993989457635,34.86343374492445
562.3896271410898,402.8306695474444,24.720012967188584,34.863390175599214
561.3871589675833,403.60922218649523,24.72007842263034,34.86332570808257
560.4256882328377,405.3442602931923,24.720210648919423,34.863269788877915
559.4818077262723,406.77364528911306,24.72024058676324,34.86322319905972
557.9282024498461,408.11780871125893,24.72039785973894,34.86310064325063
557.8705763655504,410.84214770906107,24.720584997576886,34.863121645143885
556.9342410903743,412.7991056625194,24.71905281965766,34.86555896393521
556.7306679572772,414.1269707156717,24.719280828376863,34.86524272367373
555.6448325697133,415.5481075679231,24.719340056034582,34.865154754873444
555.491625678584,417.18725787262565,24.71946401643009,34.86510054820878
555.637688346509,418.08309832447287,24.71965881283554,34.86486549584035
555.3519126233564,419.81411418239304,24.719251896084725,34.86524613733039
555.0721185936425,421.281787312353,24.719417879764105,34.86508912454173
555.4685690156743,422.34963359271234,24.71884849283822,34.86559556132065
555.2954319925745,424.22304218380117,24.718940967554406,34.86558500069457
555.2861640171124,426.5600541949884,24.719490600382116,34.86541771354948
555.325023084757,428.3387492238516,24.719574780447235,34.86540785525554
554.8054612089861,430.1863369396494,24.719969341162557,34.86532700907863
555.0253071880526,431.71802622128075,24.72023157447587,34.86525048591598
553.9041211135035,433.3753270490131,24.7203609104638,34.86522617153107
554.044262763095,434.349872145179,24.72048602349874,34.865176272892725
552.8604191305409,435.1154589845346,24.720549005770206,34.8651501934018
553.6217856094768,436.0689928671023,24.720763240090502,34.865092029859554
553.2293333024421,437.7929373971759,24.720827687591093,34.865074893158976
552.3282199374776,438.9378771754817,24.721010621934607,34.86497690698195
553.2606781689457,440.80041128704033,24.721087015977727,34.864942682354055
552.8443352152317,442.44872235665,24.721401748116417,34.86480262931622
552.0313712928431,444.75906001771,24.721564269254763,34.86478999640535
551.1739989015433,446.6821788864446,24.722883773190585,34.86467452379811
551.0944160976178,447.61384141969216,24.72344383528248,34.8645492873583
551.4073572175284,449.01781067739273,24.72373622419587,34.864408680740084
550.5532594845303,450.97061981042424,24.723951772665977,34.864343755588926
550.686477490267,452.6425099074522,24.724180146988083,34.86417098722269
550.3669803300324,452.98419790491903,24.724733083618496,34.863771595797076
548.7197948390952,454.7577115191237,24.72542506654576,34.86335782220645
547.9039723067677,456.7846192638004,24.725878639120005,34.86307254907008
547.7433099624963,458.30319153875615,24.72651576543572,34.86286857380458
546.3331113211437,459.865127771105,24.726936241500187,34.862631639578666
545.8425985634906,461.1244264737692,24.72709735117459,34.86246494408922
544.6759586275775,461.93094113809406,24.72720585535546,34.86238212575441
543.5781074040455,462.48752993258586,24.727267500036103,34.86234321246045
543.3728586506269,464.07565491091236,24.72698246106831,34.86259452991631
545.5578433754735,464.79189276020213,24.727425837913145,34.86228886479176
546.047270496076,464.8151338837515,24.727639041509583,34.86210883568311
545.5762878655223,465.4193961133094,24.727759064408033,34.86194492935514
544.3495604509731,466.0897452666796,24.72781018218763,34.86190039973729
544.3838198742964,467.57270639717035,24.727933385568836,34.86181537897483
543.304648970941,469.13109727408494,24.728234907169096,34.861663940926285
542.9252812504152,471.1067820305301,24.728410227161156,34.86153878228406
542.0901289840665,472.14892832967195,24.728465774568097,34.861447043070164
540.3858421600128,473.3573690721753,24.728567361518316,34.86136200391003
540.8491851033393,475.066267123597,24.72861294211219,34.86131816699674
539.3601752156353,475.58394869484334,24.72921739426274,34.860926738523894
538.0155642459523,476.63939856176154,24.729345505427606,34.860855881182815
536.3596825455012,478.15435434464564,24.72938138252616,34.860836760025244
536.112949511341,478.75924137089726,24.729647506350457,34.860591630556655
535.0730905110927,480.2369943414516,24.729809280116523,34.860469467066466
535.1204358385127,482.34191261564973,24.73020827692093,34.86027151425114
534.7292763660749,483.6409882109402,24.730536872503553,34.86005623866357
533.0550420845151,485.23985629312324,24.730699494995147,34.85997980520864
532.0838376869227,486.6513814352309,24.73079748009083,34.859940442471576
530.7773546252602,488.3133973076942,24.73093987866923,34.85984468311027
530.3369805919486,488.4296792982012,24.7313858737208,34.85938635955455
529.2306511028876,489.5993269148638,24.731564783636166,34.85925490644174
528.8435926997403,490.5690297053215,24.73205711016025,34.85894434582054
526.6808460534551,491.37853454307844,24.732219191640585,34.85884021458762
525.3341492793191,492.50970689217115,24.73254256664886,34.85857880840968
524.8134395587433,493.5252364804511,24.732391225139125,34.85873720692297
523.0673181992203,495.1588309667413,24.732495319993873,34.8586473764172
520.8858955589546,496.3645061323068,24.732616773163155,34.85855383544728
519.3669274489173,496.8019559706871,24.732696891248015,34.85842932996656
516.6962726991526,498.4894502375282,24.732743573394526,34.858382383732476
516.2106504228992,499.0376113330226,24.732859125714317,34.85823264471679
515.7544493270653,499.2487348283785,24.733181863913828,34.8579079800929
514.1804999999638,500.4825287053533,24.733259568562588,34.85786072869158
512.6259060247592,502.49040670057474,24.733348607686306,34.8578117542398
511.8397535031917,504.3497133340695,24.73347123390539,34.85777110382743
509.2986829955729,506.1362727290823,24.733581475980156,34.85771234950746
507.9311835251896,507.5741873848548,24.73393338114798,34.857565153517236
506.7319891906711,509.0812344674671,24.734309888930216,34.85748070241929
504.44283391189316,510.8463840528203,24.734528348249942,34.8573641317341
504.352111867072,513.235823855626,24.73510697129754,34.85716055914291
503.2246979709991,515.006019934221,24.73523577166787,34.85710954079269
502.4396014955924,516.6493234676611,24.735413530449375,34.85702986916073
502.85621632932896,518.4968757900966,24.73566594963471,34.85691895864933
501.97693174058753,519.4944817576327,24.735791652347956,34.856854251818355
501.67591145550136,520.8047663816286,24.73601252847806,34.856740984127356
500.5700979271679,522.1528428518186,24.73618710101417,34.856594818649796
498.2797635727486,523.6404221848375,24.736336133644247,34.8565035297024
496.6144467152576,525.764340353246,24.736489749901935,34.85644846958815
494.7162695694209,528.2720080090804,24.736583207835142,34.85640103404858
494.4299793832492,530.1810592361014,24.73729551815918,34.85593483145607
493.136847736808,531.4566854716036,24.73759317764916,34.85583864287665
491.7761994659447,533.1532401454339,24.73770260466016,34.85579474779173
490.9712247990559,533.8252875873711,24.737927297591586,34.855617591387805
489.520538675144,535.1803940173146,24.73802200330116,34.85554400609792
489.21907147931796,536.3098112040624,24.738366251272616,34.855284356799764
488.4127851976742,537.6159701553789,24.73849965898151,34.85516337646899
487.2224117245047,538.6930123907183,24.73884427873664,34.85496570083411
486.0875307657076,539.4715010355405,24.73945427029022,34.85464679837375
485.32475433829603,540.293454062389,24.7399575578908,34.85419779976893
484.88322796419266,540.7643289845275,24.740349499918477,34.853736009481
484.79882175388315,540.8279871603518,24.74101398407418,34.85306747294089
483.8953233994439,541.7450825630993,24.741349683164135,34.85280477566111
482.6276571428831,541.868747241335,24.74152833047151,34.852630832221415
480.77453805876536,542.9444286216219,24.74175591864413,34.852494592185764
479.55697270010324,544.5539526004007,24.74194057578764,34.852378786422626
477.8000556123458,545.6925866712688,24.742353454229214,34.852196902621124
