1078.5,883.5,247,197
1055.334697382032,873.3362336021135,249.3804328116198,194.85715392004067
1040.9033094832446,857.3493298472399,250.41037818011722,194.07283612461197
1026.3637233962804,845.9042834567236,248.73856425480227,190.155506267705
1019.5502218974492,832.6541838581016,245.77742295009676,186.05342007981716
1007.9751091411451,819.1950777456624,240.61988440936008,180.9777815966879
1003.4652802828246,805.9365342862916,233.02873470717796,176.1039364322997
996.3190878590343,792.4492267376603,227.6098654348855,171.6833813177703
987.9876000176458,784.3207800982694,223.2141005018177,166.92467629943283
987.4327712415745,772.7787518120226,216.49323837775174,162.15376384726812
986.929802607457,764.1797124594149,208.82594738213206,157.27161565429031
978.4630059841624,755.9026572034886,203.99576766424357,152.64053024329124
965.8085115289313,749.9451323641774,202.1747574139393,147.65596368045854
957.6804502345257,739.7386283526955,199.10219042755512,142.90093619622033
954.1827528081149,734.079707036331,194.65522535606038,139.74497435507237
949.7837519158962,726.4115996645805,190.01049337584917,136.6035680200821
948.0458141114314,718.825826112088,185.87223038156853,132.66751014459848
945.7011354597457,708.7884328181001,181.19063793976147,129.84396413674895
939.484793882334,703.2849276322535,178.91936449058116,126.80558056465568
940.4820649970889,695.4036901579173,174.77972357485302,123.88923394960736
935.9873893033117,685.5819028764893,171.67026476648442,122.6792146861693
934.3847069169256,678.005472455242,167.65356647468158,118.9234260840838
934.2732373110597,670.3733513019889,162.6997478739133,116.51058251412519
931.1513988947358,664.637521294474,159.06785536299412,113.16254038071753
925.8781330712419,659.1933379996742,156.64374873483553,110.49205477457738
924.547410246843,652.6877170725944,153.3558235225798,108.76495338990637
914.6455830812887,647.9983167472706,154.2198320864765,105.90036586458973
916.3339685408351,628.7814298903645,149.68466241993943,108.29972337967129
912.5842163639244,621.2756480456727,146.68908391853648,108.99560275051257
906.161158607796,616.9705501455006,144.5480158599314,108.94445306898402
904.035833972323,612.8397707445127,144.2707119829893,108.76719198570605
893.3573775067237,610.2805952108465,144.4076313228793,107.34206885565071
891.9652841478145,602.8491094698179,144.1766629637171,106.72683274951225
883.2248445059424,603.8164249484792,143.62691595046408,106.07758048672385
885.777242157513,599.0686981442626,141.41542404164062,104.97572593628257
876.5115570360696,597.0737126719698,141.12170387620225,103.37227160697283
878.7629724374498,595.0044325665281,138.99057502923708,101.91971825050415
881.0681730186498,584.652858468834,137.12635940799018,101.07476502072139
871.0063811764456,590.5045058825958,134.77280838780854,98.80775521211855
857.3004685318763,590.9188586128868,137.93851703876373,96.15701896883702
863.2633511530072,588.0347377316384,135.75884650017608,95.55771369611645
851.2746956869512,586.5253150524572,137.66880513736626,92.51816223822505
854.1445456004207,581.2794941820434,134.59624221800473,92.50847551073
847.8021567207037,577.038097586216,132.94147472749984,92.58614785277535
850.7028784782951,573.911650041645,131.04230295990612,91.98946551500708
846.2997615542595,572.0236959598504,128.39917309948117,91.97585222283136
845.6381186333781,569.1141814214214,126.06715164830574,91.10904975290605
839.5779892059022,565.8771436619365,124.41986384951002,90.99335829265824
839.1045609757371,566.945582058729,122.02573334275345,89.57823593079806
836.9349697009168,565.3496183420004,119.17378477743442,88.06521970733367
833.3914560880161,564.0373228517052,116.89329548559667,86.52891820135183
832.0768553835848,561.1193330350881,114.72622986183583,84.51939259700679
828.2469749048078,551.459827314332,112.00644656127216,83.21246180829445
825.4190507468952,555.472556479804,109.91907502464977,80.28125844790091
823.3662437860136,553.678127316397,108.65161298434646,78.09512049404466
821.1799599571254,553.2974167126579,106.59201835727163,75.90292317506413
819.4867702402142,551.2986926207562,104.95929044932771,73.93050174522008
813.5504605992945,550.2249843518885,104.38920457674816,72.33294104716157
808.2890224975456,549.4071039696652,104.03581906912542,71.23678848343737
803.9652211537142,546.591178718622,103.75949921803092,70.75978278435164
802.0542576340041,545.51562642212,102.50113832410155,70.30123199710664
798.9549182202167,541.6145256933668,100.95048233951205,69.84033855257464
794.8703949046429,540.174233400345,100.47994156831572,69.43641467189755
792.1232359172619,536.2404987121462,99.42450969185099,69.08139755232352
791.1415933410844,534.5798295620997,98.06936108260919,68.32000460546821
788.7091726987118,534.2526104718082,96.94365995555034,67.61984986670149
786.0135706238376,533.3306241155009,95.55381390006804,67.0791508912364
786.1198384894893,531.9928906152343,94.35776850899737,66.39795919464129
781.2161339008123,529.9630184037259,93.13253722919804,66.44559672221138
778.5055155705174,529.2284717633119,91.89744235063382,66.01734100306228
775.5227969524686,524.9191377103239,90.77053101113947,65.91903961898693
769.560887258575,526.1172224368366,91.23475948706138,65.06173227514566
765.9248660321832,524.4664581928231,90.76606688582889,64.78727771568737
765.4167919536834,524.7712654457744,90.70693068098932,64.28799654816471
762.0329451682352,524.1060260734555,89.88067588762773,63.52944836485459
760.4818627736073,522.2557255977603,89.48974408684151,63.4285396974859
755.0012065921926,522.5171531342434,90.00962540413866,63.059517030325274
751.8460524996539,518.600444677703,90.78508728336897,63.38712177528468
748.7525744759492,517.4019999515771,91.42864256631285,63.851979596066705
742.9991627795804,517.0417602684321,92.1165792021536,63.795174101745715
735.8079889995682,513.4126582375377,93.82611811502217,64.76577621574997
733.5597030103786,511.26783787096235,95.2799147008691,65.9902411771875
729.0517680513127,508.4452722510759,96.75106873765331,67.12038161038082
727.5417099089758,507.0672855443069,98.08459184739255,66.79790648990699
724.6809570325191,506.6122200991231,98.24256763204423,67.15053755432015
724.3727424013964,505.7104041024787,98.22305258743924,67.00796107058864
725.0186899580582,505.20146900068056,96.93928548198966,67.34976308742502
725.155066549606,503.0465549755548,94.91090287861365,68.16972488096273
722.1799436674366,506.33039972081366,93.88241367285947,68.08005844266049
723.2795704559671,503.73077482263807,91.81255361376941,68.00851527789105
719.7382676195831,502.5681665556317,91.33886150745438,66.9192182239521
717.0931845951457,501.69520404626354,91.19997520342393,66.31575655064141
717.4120429681033,500.65148743946077,89.39916989740428,66.0833819963789
718.0642042103352,499.9887977118698,87.58583077990666,65.36011237891381
719.45325809439,505.09755297116,85.35195919496373,65.9373587496766
716.2754605081113,495.03985351623095,84.61470225188987,65.3670028835337
713.4150990417443,501.65152797757844,84.36205653990974,64.39799985469854
711.5485495772166,499.1279784180938,83.5488331232313,63.281227208531185
708.5410426330066,495.21428643791086,83.4487523499387,62.323716225659716
705.6474332767586,487.74351610926027,83.44229420925461,62.46017646914259
703.0460606008969,493.405656638784,83.29659319180706,61.879882493530104
689.1108883926893,491.3443690978117,87.34886433551708,60.24239440408803
696.6971191147204,490.440857871841,86.94147476035138,60.458837227085084
691.2681344309004,489.43227164080696,87.33844082446348,60.80708881455748
678.7826863333356,486.61790025066875,91.28829324212738,59.51607136763049
674.696518103311,486.0089632385688,94.90302252825703,58.529098294433524
672.1547302950977,485.04422082526844,96.98178447357138,58.02211380455178
666.2337185480852,483.4102157606492,99.32740141242064,57.66953873061949
666.991197122647,482.32782891347256,100.05620818694211,57.691141829803705
659.9849652546026,480.5501303564828,102.04476426159296,57.940818852917154
660.4947733084095,480.67975306142466,102.84929001398724,58.1935993357679
656.0714942444407,479.4362930556989,104.38874832274163,58.33080482962599
652.5388953445186,477.71180877932846,105.13320780700371,58.5805746595275
648.9838998117247,476.755807296262,105.97582578756946,59.49043579235517
648.0312925423921,474.25256663223485,106.81049703705003,60.26842581410444
645.0928588940421,471.9781015057674,107.68096565592407,60.69485755477125
643.8637090635458,468.7068272121287,107.90841771979454,60.90608824043741
643.4463053407204,464.5563396477211,108.07167262657349,61.20690982768771
641.994222153789,471.97624957295255,108.23587999889519,61.40971349712224
639.5525409993248,466.8965865935585,108.53819763390389,61.7505713620383
636.0141256097245,461.4443951913714,109.08578399019198,62.153283329009994
630.8749242587714,457.2018433915961,109.39457075581872,62.388725482942945
638.1207415441033,462.6863815286363,109.21414109543309,62.848248566467646
632.7675957376861,460.02543519124396,109.62194409132431,63.01481439799052
639.0952623283586,469.3525872375236,109.46126175073871,63.29441495325844
644.8248836581345,480.38034105001185,109.08812062316929,63.859058848057295
636.6514825256145,477.94706379576513,109.06745882265758,63.896114111860804
633.2979063045598,474.56381836465624,108.66871240765012,64.96022527055685
628.391651709265,470.6354123652491,108.4838527856786,65.54224745919042
624.8741283705804,466.26045196695173,108.44706537567606,65.76297914598292
625.0018077823925,462.5526586921239,108.40885572030501,65.84562034880636
623.1882639917413,458.2857060202216,108.39166715948672,65.89079621568229
621.2393988441213,453.1590282676543,108.37275908039827,65.93116572838517
620.4310159409653,460.7844723276356,108.28516773949357,66.12052800515113
616.6842445309845,456.19836912753715,108.26976938590165,66.1623699873182
614.3391753058104,466.2319336780653,108.2114556496653,66.3657067370921
614.2450664802377,464.4388348916456,108.06421764475908,66.76078416222633
619.6058553023809,461.6091568314929,107.15233715165685,68.6768469971619
616.641465778167,458.1436523512593,107.09497928678503,68.86743609297457
610.3592633058526,454.69307442295644,107.04139469131385,69.16232974254898
608.4953583152767,449.8603007755913,106.8936803900101,69.53927802299695
607.0858780897448,447.4567937235539,106.85573108918165,69.68147527068756
610.7847277506894,457.39502734120174,106.67856704561294,70.02435885021129
605.5894188077359,456.18678026408156,106.65925374865856,70.172118549343
603.5866678701174,456.35738776768625,106.62975196178628,70.37612934121728
601.0866857452887,456.01973169577974,106.61024695027412,70.4788405242988
599.0777832754987,456.4997019051442,106.60319246144822,70.53456694803049
599.8632669364041,455.62484806772915,106.5726634340483,70.7332498282821
599.7634628731719,454.3623640848293,106.55035856553205,70.85342024006565
597.7025951245848,453.36818464457804,106.54661436452496,70.9270504790582
595.4202821144816,452.642428556545,106.54681968465832,71.0214053055378
594.1583860951657,450.69858767785956,106.44373322330505,71.65025627715725
592.2757092602067,449.0112497698621,106.41122746291006,72.63166899157447
590.8317758517633,448.3191233323285,106.41366012910123,72.80567232345163
594.9233543652075,447.83146630797694,106.23489286509111,73.636223111075
592.9391768327625,446.20071823471744,106.23403945105342,73.83548342537956
590.4745396514902,445.6319826852323,106.22319454708804,73.88597298939207
590.643490212775,443.7593352599686,106.15003553071774,74.3148875775445
589.3511832388806,442.6833225267789,106.14545494229732,74.82803076452781
588.1951356482869,442.57849600379484,106.13782699421245,75.49988826682535
588.0910589862988,438.2676430748223,106.11554953634723,75.67359893891843
585.9688643284308,436.51244071096676,106.10263370681972,75.72861726640662
582.7510154667098,434.6327876946663,106.10992805272882,75.86500087850581
578.7007957998208,431.82656329941113,106.11698931949006,75.93748642362436
587.4693004196577,440.23193711852866,106.01060981004098,76.34994435179551
584.3591134572697,438.30176455382696,105.9845590598291,76.51943016341946
583.2837097477733,435.83181603088565,105.90860132302964,76.93406628400906
581.1370086828051,433.0049471986896,105.90059420842854,77.04083834934119
579.9707325196485,430.7587959958372,105.89692817765562,77.07632694279005
577.7725658432407,427.55549759547927,105.88500976808112,77.22359394766852
573.787840040209,425.48509307601944,105.88336771951207,77.285722948136
571.920907236621,422.72232874047575,105.85558204914572,77.39854667461285
568.8827337821717,419.88870023448646,105.84326204215091,77.47363773963089
566.7702899017108,416.36476674271944,105.8352115134302,77.54283555660007
562.9687415341158,409.79103944865216,105.83630610476057,77.55438487892647
558.7463790954155,402.87342040728277,105.8380864554887,77.5693972460281
554.5574810067451,392.6471213942836,105.83870444069078,77.57786914287598
553.8341398699572,384.7402498966805,105.87393322877769,77.67200955324334
556.0114685778783,379.4748134695064,105.88027587397063,77.69766485540652
560.1706736322161,377.2767518486586,105.90669055624964,77.75651354571056
556.8639863937992,373.76227361522774,105.9917480584436,77.8623299635915
562.001510019595,370.7222002554098,106.00481344723296,77.88036959704571
559.6251693770079,369.8192755701825,106.00930671360828,77.90334915167382
560.9230003312732,369.4250616317232,106.0146849299709,77.9116573114714
560.2544477423975,369.97300896212954,106.01551965617664,77.91850341527667
559.7483329719701,367.88052767084855,106.01700939371722,77.92359586920703
558.4025273660071,367.74556185829863,106.01768737810394,77.93060273372676
558.4817789499915,367.5162158054061,106.01767439110448,77.94716159165954
555.6545697090575,369.2053553857296,106.01982207905783,77.95524855993403
557.7875706884322,366.85282374707543,106.01954573294863,77.96061815743282
558.2686398024924,364.54774955620815,106.01617772033966,77.96794852692982
559.6574259430978,363.5699834553697,106.01569050497052,77.96908221576639
556.2312269537791,364.058429209818,106.01205563524975,77.98006128086735
559.5099360980033,364.8083674428483,106.00215560012778,77.99903561818196
556.5843771226167,360.1482926275478,105.98568884554821,78.01981639044556
556.2864048619494,360.0907944971927,105.93451563292724,78.06067400234777
555.6172519075051,360.66013372860607,105.90905630210048,78.08345939621816
555.6724770943969,360.7272685736474,105.88384426583364,78.09885190277167
555.7947216704048,360.31031608488695,105.86996524603515,78.10784975625012
554.9907758346069,360.84746439347015,105.8505908682459,78.12842036854535
554.0804198154227,359.4065407711402,105.82231473122215,78.15054523733545
553.6935659691292,365.316280924779,105.71524965435819,78.17744039545092
552.1053822952264,364.1285202411205,105.6249868294342,78.19937389693852
543.7409595689745,371.9456789356626,105.47941974531686,78.2869164398001
547.6234067586952,366.95733331839375,105.45279803280657,78.29229133675236
550.5460619155583,365.3042199504449,105.43785623790963,78.29265659956647
549.794437375499,363.58172188661456,105.41590673919373,78.29425544367308
550.3993079841783,361.7953029004279,105.38857921907797,78.29467925627172
548.8714426553299,361.7885246687545,105.36260669073958,78.29705270827289
547.707956583731,359.95609142618633,105.27916628396487,78.29753220572312
547.9341915912624,360.40070342216245,105.23634760795618,78.29577595573714
547.9754945571767,361.32464702858715,105.20972559577784,78.29518033167098
546.9523888767266,359.52091233302673,105.1747151377543,78.29552634785288
545.7986959625943,356.90213181351135,105.05914545301842,78.29151309946906
544.9271732542187,357.45405895729715,104.97591158719962,78.29687955507673
545.7381146526257,358.0995361775686,104.94891652384517,78.29628222741839
546.1983746364588,361.2058795365001,104.93348539809402,78.29783558371314
543.5122897270809,360.92026200300296,104.88927576509799,78.29855710424057
542.3257134698397,359.68556669519677,104.85510110444014,78.29867367581608
542.3509541617706,359.4415011495829,104.7555272974076,78.29045966425684
542.5570570982429,359.3461081295231,104.74129347179174,78.2887479294178
541.4982349146723,360.10422944698195,104.70213828410836,78.2869514338357
543.9922070859245,363.1885176900579,104.69511759425279,78.2904812137056
537.4462280219574,381.30620754670696,104.42996569868848,79.10834704484103
536.4675485887188,376.3703756787438,104.38604688000014,79.23082140393628
537.8704753587258,372.01043010032697,104.36612254301963,79.26410329258142
541.2552118836638,369.01015638323815,104.35567125217673,79.27669944807252
541.9082314059998,367.2344672492809,104.34657169973039,79.28411881362807
542.5052429550929,367.45053140318015,104.26845543614671,79.34325338877751
542.7560489568825,366.5365024630756,104.24578040280123,79.35927046317
543.4072629048634,364.29513281122115,104.2001042825812,79.38944981891129
542.5011605893957,365.3170285766423,104.1935345709797,79.39211629397417
466.36484484212843,244.44339984353473,100.1360116465688,85.46665952679085
445.0151086522121,243.3250552567518,98.96947145315924,87.70776739663356
448.5737022100053,252.22774290674542,98.51850929408539,88.77257031930259
465.06612820114157,252.28531288712838,98.1105043882288,89.75447530329987
466.4777594146723,250.61697792484836,97.96977284114175,90.04141158909648
467.81986742672876,246.61210158148535,97.62345530984196,90.84828913849337
468.77374045696496,244.73616387818237,97.08473269163788,91.80122388653
470.1610606722556,242.97597504919173,96.68968444130871,92.74047318567031
470.0875470759179,241.89310014646168,96.32536702233942,94.13191776671184
469.90877435256357,242.02163683796095,95.90795379890875,95.28494365167282
471.63551388867995,240.94392006108134,95.74050954913993,96.09511014801326
470.6253410542502,250.60230829495242,95.71526410204787,96.37528039657971
468.8227841373768,239.9959393895438,95.47742759170899,96.84143808349556
467.3598530506508,239.918802905634,95.21967121962874,97.6222659576834
466.8828377504883,238.150324593922,95.05984085517866,98.94275210114223
465.4995612083857,249.29317225040776,95.08587465418177,99.1313648020867
455.99585707498255,249.17550309803104,95.15816329208187,99.4613740060525
443.57772642700377,249.32670278595262,95.11801887209704,99.89417628702775
431.0462697810476,250.62582812475569,95.27058327179748,99.89470719511495
409.2961185471663,236.91448567744084,95.37609890484322,100.55631230153668
409.08899000485457,249.15281274114864,95.4368770511256,100.73928418120111
400.09402836184245,248.25764830203397,97.00686511070938,101.41821090546163
386.51947628657723,235.81736131730526,97.4705406418551,103.37771096134489
361.95498227685334,234.34951232586923,98.43189560466227,104.79686329087369
337.4193872654714,234.99627703720125,99.72058822142029,105.04142862719706
312.3285759829189,236.51512592728056,99.74953134316594,105.0470655695574
286.23788540889177,234.7974881075948,100.04126405372014,106.800046840185
259.3979894924823,233.11994257846686,101.80850782135361,108.41895902347142
216.9998018555958,243.56069821948748,102.26002683291955,108.17602234164991
202.91739937503465,238.95871672539255,102.38338129355354,108.3699088070126
166.04469059370487,237.1016551028765,102.60552157349828,108.96903371143806
162.3525824021423,234.40264979792397,102.60571905861313,108.9690974867789
157.7382264413784,231.1789040876838,102.60608034079767,108.96917307855435
154.13728207733783,227.07912066963115,102.60761735379093,108.96952593303128
152.9099710583779,225.6764414214055,102.61009238472231,108.96823379090223
144.12963115435664,225.01202782429874,102.61019480018666,108.96823729946968
140.2754714156151,224.92152186806294,102.61028092119393,108.96824696758804
141.65438076332865,226.08321363056248,102.614217692228,108.96819718282332
