621.5,294.5,17,37
621.4111087908052,293.9373874308567,16.76784312929658,36.930850264052424
620.6866988504806,295.4122141870811,16.55040968162237,36.39064775944661
620.8484272061671,294.69578130245105,16.701992064935943,36.5541136473438
620.6757527021209,294.7380768591022,16.428015971652684,36.367477713255965
620.2235192695089,293.93377490193006,16.476102493439665,36.97534133791212
620.019611770326,295.2328541802391,16.60244272268986,37.20430999954051
619.9567578993344,294.1468997551595,16.2306552306605,37.45200246004371
619.6564872489114,294.6821591892743,16.13258104011627,37.87637678505908
618.8703731446309,293.9172368903917,16.161545932522742,38.41196363469727
618.134140316488,294.3958492472902,16.181170664545533,38.74473697540461
617.8799788871233,293.1102609300766,16.011424110566637,38.6942908090048
617.600849691478,293.8890181818147,16.236158036296594,38.166026450487024
616.8546961159875,294.62452238016334,16.00953041287869,37.67899251057693
616.6212596471261,295.76072454272304,16.072794581423054,36.88731895747597
615.7619841830169,296.63966089366585,15.854803356282975,36.89973722639266
614.9444435232791,298.47177907382,15.952977360504377,37.073232227473454
614.6438104455904,297.27060155796397,15.986029755028966,36.3362034663083
615.2674335448773,301.56304111437527,15.794284540646984,35.780874905853906
615.0016977021548,297.4279772795678,16.01962647250221,36.49479873330574
614.6186085420935,302.1976096760823,16.18568585751681,36.24832816787684
614.3689326449343,302.7423228267834,16.050005117236005,36.59628587583601
614.347946863476,302.0433482762725,16.24743840872541,37.37740373381952
614.3169241714103,299.35939722834064,16.339376278445492,37.30965357367137
613.9865415430586,301.4554840552688,16.17204264198325,37.31106960716235
613.1605872223205,300.0636431560694,16.131917158131497,37.32946686729217
613.3883495729389,300.88192547783376,15.904014325147548,37.48583115786075
613.652870927376,304.6680877735522,15.671655225758915,37.83717208995293
613.062856063641,306.20310240038685,15.928537155644333,38.06657582921882
612.7331214331051,305.5595094638184,16.28916261569453,38.955894380387534
612.3547706298917,301.10495305442896,16.609368560385708,39.16922549140287
611.7889645108751,305.59790207976334,16.396693522151143,39.3888309044792
611.4587443358566,306.97755870224285,16.46340765444129,39.45143543181326
610.9924603995792,306.70191942630447,16.77073472423134,39.51120704952409
611.2124379838972,304.99464782883285,16.851559642112502,39.37310074648142
610.3570924080499,306.2257114613258,16.930306137434997,40.068259410221856
610.2209791113207,309.30253660621213,16.842959515647088,39.72342793758777
608.6413096796125,309.6356619240002,16.633407616734484,39.66519480622687
608.4393810133647,311.95246808375185,17.01673572934952,38.69946397552358
608.5035884673064,311.3290543002156,16.79138722562989,38.904153562134944
608.1747576725178,312.2641654169281,16.48322737021886,39.19466812795012
607.8991824075995,311.5160997880482,16.572118905476223,39.05668595473297
607.880499122611,307.4530912739547,16.070367006691665,39.90868994047001
607.8179848240886,310.1844555613811,15.901116684039557,40.080753693498096
608.2541504187423,308.1538329497946,15.8798915423627,39.78244653324823
607.75944207455,309.85825186198696,16.117492077221073,39.929726481919644
608.010649775822,310.2889346768076,16.05736647412873,40.27578179744577
605.1219916337712,314.29936451928575,16.13441830434232,39.80834933188044
605.8781675480373,312.6343656798316,16.16330335325166,39.90509758490071
607.1992065377846,313.25682089047905,16.12653772116922,40.1265838530208
607.5743382909883,310.460417879102,15.853408353107456,40.220845182781645
608.1225837599372,311.0147677618543,15.929590163775122,40.70440995032004
607.6222414373018,317.47936156674643,16.022881472750097,40.42223409743271
604.6273710158445,317.01420802908035,16.495806653280617,40.23162897851279
605.4999722098923,320.6327511019358,16.503668063135578,40.193553204963806
605.7904916934947,320.549030154085,16.3779320198487,40.42205422170789
606.1462488267143,320.0794701575378,16.291839515875857,40.61278514953666
603.1521230253097,319.69524730761236,16.191404175630776,40.95648245847447
606.8966928254266,319.3531558725636,15.77478864613683,41.49942964918401
607.1702197638554,318.36070885978063,15.470685387546414,41.90485625894025
607.6088419109676,318.4674059350892,15.301420176383045,42.19017890972815
604.2364117921461,319.462288021965,15.640327006738575,41.64495380610594
604.721119236472,315.3608391638245,15.64275321496476,41.58496642869801
604.9666519079133,319.8501430111396,15.609855603844261,42.24592038720492
605.7331471127608,321.13695444717166,15.517585990734181,42.41783622668868
605.7004676564201,325.6547141676111,15.544617067915343,41.98728485679373
605.7076947240998,324.60231961034526,15.266448082606882,42.490828925663386
602.701017670277,328.81222668958463,15.192306386419684,42.17448843051481
605.5854770871762,326.14830737950984,14.99280359876385,42.845786656834996
604.8709303257696,327.1308586011234,14.92741484275323,42.7090450095826
604.8724134227961,328.46376144765543,14.74820076883744,43.25485750156195
604.7549447259411,330.79240499150694,14.645753759795525,43.256039137156016
604.2538751619866,327.0595345864599,15.366944546811713,42.67314827915931
604.1399899843996,331.2466821936894,15.122493557276448,42.56885924450978
603.5577531795836,327.04123865143606,15.291684993751403,42.687985884375436
603.718856469654,329.85028545707695,15.273788914232346,42.5547426797403
604.0156270825712,331.3649299325692,14.861576864228061,42.96306673916233
604.0163869963903,332.3504618340474,14.749084341537133,42.73845514853961
603.6364587837346,329.68358731982886,14.594381164111244,43.066843096807034
603.2939756547313,330.9381876576411,14.517596068377053,43.28426094954863
603.045510450129,330.4615453561372,14.404841056591835,43.54840147763956
599.4294629275056,335.8351561280325,14.87986556045657,42.42162423163947
599.2969002974727,332.71679254694857,15.127655971880177,42.2475452147608
602.4266763759188,334.61229291337776,14.887762857346484,42.699142061858474
598.9900278245084,336.8101048321789,14.936802109520178,42.24833457519297
602.4595622661882,339.1858076714705,14.602761378626381,43.024382795993375
602.0427480848501,338.99937651458083,14.469515857101367,43.09452188084134
598.3802142440367,335.0936058720662,14.423518398957793,42.74346169492336
598.4294354753051,339.70494615757667,14.319505984346398,42.671114528443354
598.3459363093924,340.7165583941167,14.425594724556738,42.91395732182752
598.2789336926785,338.2325892076115,14.46775227747548,42.758820209608366
597.6745000608136,344.024229076447,14.824111651934583,42.26331188764789
597.1314471427225,339.4153493792604,14.745526278323483,43.12393074094434
596.3645246621139,344.1062142373889,14.751900174019475,43.12176817098873
595.7648644420162,342.30924356520904,14.674690586825403,43.478197880521755
595.1629527158306,339.5850304733945,14.545835601963807,44.37904668301678
594.876340684572,341.3246310583013,14.64959244179013,44.47026673207529
593.9718947870525,340.45335353339465,14.667371813886179,44.867931545034
591.1495339252074,344.40693509867504,14.634037774331764,45.14334840867485
579.4060946111621,343.4056180769949,15.043998754106902,44.79580874025836
590.2617194266046,342.13097850658403,14.913088554984531,45.79299187182575
574.4253893480634,342.5102158976044,15.826501885895203,45.62097875303118
573.6688966509158,348.0904479288661,16.55866929465555,45.59854951106432
585.7421365995448,347.5887530515366,16.417915257993403,45.83463389157787
586.1264345070035,343.7304518306118,16.375564071505398,46.047918500480655
585.4387671193037,344.0336922711843,16.248460897724353,46.79550005734692
569.3597535746256,346.92244229655836,17.311591670552126,46.440029025000825
576.862667216925,352.1460221722416,17.40918941189318,46.316283122511365
580.9957116725934,344.93651107807955,17.484613180610335,46.31047773515189
577.947916609387,331.897232298906,18.18119312559601,45.93325907889932
579.0539719446286,334.28305296920985,18.209586719944333,46.0840115371197
578.6790010899365,328.24938112691535,18.324698848544898,46.09214158340307
575.6199278970629,330.27385626476786,18.463673004525067,46.213734501515205
572.705212227222,331.9031922487349,18.716997795897733,46.044573212826144
573.8806779556332,334.2369591762613,18.752127053796904,46.57144777452146
560.5832454703083,346.8566628665062,19.34987212088231,46.76979597874834
559.3528586949628,348.2965334578014,19.57911810466348,46.70396551889058
562.1779949916285,353.65964552235886,20.028029547587106,47.0405513339284
562.1963497732578,342.5788644645296,20.15711948288641,47.80859881640823
562.9099849077147,340.1477151885081,20.080060595884888,48.547954920788904
562.7277347425509,339.2513576928932,19.70385704542553,49.357851725735564
562.6881041882214,346.1395434121109,19.393781448876723,50.243672631965644
562.7759945417569,340.2322210599312,19.0833526273629,50.91265121388853
559.021209327529,342.5046954263036,18.537319074800394,51.93458556830197
549.1492567765756,348.893674430742,20.820538446727017,49.9869641301649
567.5921849512457,338.8641875240073,19.992573943089873,51.05909864920063
576.7280697235168,338.4324221035453,20.168291275989162,51.50484229587262
581.1519598354336,334.8583358511567,20.319333264374837,52.22076477776165
584.7700400885908,332.65876551617174,20.44208904071405,52.22171399570522
589.328732539214,333.9729279486333,20.557885139223558,52.412391282271386
590.0919484982763,331.35276532420284,20.82722517754272,52.52950514731273
595.1635017670391,337.9137328544041,21.07758654315443,52.72105904717638
599.2021487351863,335.10009761007,21.579769917040633,53.07018088472152
603.2470174831367,332.7496117645629,21.37750934222132,54.49478991818866
604.9809849196265,340.22671788594045,21.58543821207021,54.9225938573794
610.0981746620262,333.7285932585177,22.119879489905056,55.27354224705154
615.37820923525,334.8604245603024,22.279371920300655,55.38477473930733
617.5252643157303,333.9247364103589,23.008086523591935,54.85222633559631
622.9232355466461,333.72022718971795,23.395992442802598,54.39345181289657
628.973201343664,344.4242898755072,23.508349705273414,54.733165415317096
630.0466612035083,329.8838813695419,23.50329643112599,54.454529225953785
639.4859186429491,334.7132966183458,23.62023443310381,54.46956213929576
641.9901651653366,338.747879824955,23.43777355004134,54.65228114020083
651.1059842125189,338.90424713467644,23.61931103856252,54.9186542225364
657.0115666374529,335.6441769701536,23.46508378787661,55.86495345661139
662.0598510369882,341.88649838662724,23.90439984598377,55.59359225513382
667.7563867707019,343.3258046277905,24.32168737971628,55.34745109582059
674.2106020691557,341.5298830411164,24.109487671175206,56.09886138685972
679.1858308249479,336.9627190901094,24.029860695479613,56.23300522973084
684.5349283631189,337.07435902396827,24.054764374020333,55.95874613146004
689.6194098301162,341.7759062131989,23.39961636617319,57.409010975410965
694.0405421395138,346.18601443466923,23.702061334474994,58.68771344726525
697.4059965636995,339.8434567840076,23.822106065052562,59.100514676933145
697.7525275802051,342.2914079367624,24.138416385595267,59.73675405690943
697.956542743406,339.2351220292385,23.99262074699871,59.57302401114799
698.500574996825,341.22524844962953,23.72266688497802,59.70551311753987
698.378520925708,344.5737362121076,23.68140512436282,61.067774119073114
698.0498924984793,342.4517209105796,23.828948448279824,61.12217135268325
696.785976688023,345.7377630474283,24.306751745065185,62.020899399695054
694.6953062740772,347.03405018247474,24.5396429612928,62.43522210225838
692.9591437821343,347.61565678627056,24.92242197998386,62.31068634866149
692.0904767401362,349.32843754748694,25.196246027511666,61.97587695101521
687.5395757563944,350.53129619729754,25.391470884704773,62.25002715742121
687.137255993015,348.1927367413723,25.465429170904997,61.44551860497721
686.0293020844219,349.50958003645155,25.575385440468438,60.718653027315646
681.3856784155586,360.0739037147119,25.81844332507005,61.03242281557034
681.2663274769162,357.75549580173737,25.96780634094892,61.64729221131312
679.8451291612357,356.0828319108368,26.120387689488343,61.198698999309414
675.4425695591925,358.67355427816005,25.99335605281544,62.197576434920386
675.3286082535647,355.53046270417883,26.172604736287198,61.632322491055405
675.0843157112173,356.8248538038027,26.382274952150333,61.24051886083852
670.994429983055,358.7844007276939,26.34316766244198,61.13600235413584
670.5341478249967,361.12978040552565,26.18087210478701,60.87812292324642
665.5327443272671,357.34468228473975,26.235591407985602,60.13979407936907
665.6557804614808,358.71898538769824,26.368252536088143,59.15722033080375
666.2188936064574,367.3054086352506,26.295545375888278,59.10680272974196
666.7007055979971,364.8871034274144,26.057238155733167,58.836690313688365
666.9843825603833,366.9782964888446,26.005971345771552,58.59704653854522
666.7134445694404,369.27742563030245,25.87123995728067,58.525985616621924
666.5198092315678,371.42137426714515,25.742754920039857,58.61982271412179
645.7753619454375,391.1540319008826,25.345411394156102,58.92804794347305
666.1511104350557,372.4733516991025,25.596649552859056,58.13249458970907
661.3702681505181,373.15669789093204,26.142087326280063,57.53817731286153
661.0407862721772,374.70798677015347,26.197699489944284,57.48830937230502
641.6766649287198,399.5425969308957,25.44186853794311,58.73463546805696
641.2848476090462,404.7071071511805,24.40479979002984,60.0823499518037
642.3533262891699,402.01275478447656,23.728139895106878,60.50951970825241
638.9768110340996,403.86514667578126,23.393772353031963,60.60024764820764
639.7786908025654,409.997116514562,22.677531043200624,61.48267790472829
640.0918615236694,408.08112788713936,22.6359389420036,60.37555584774492
640.3817663295631,410.2240252626371,22.33758261185728,60.1621416395045
640.0680294819814,412.02858337262256,22.037266440096445,59.951816494286376
640.3283857165122,408.81864454993456,21.32206394062679,58.952117017927826
640.6937663068093,415.5547576208765,21.26313734808364,58.16424088977685
641.5905704643947,411.8653661756957,20.770649075713585,57.48658151939616
642.7941778102287,419.1780720699194,20.30416543262967,56.309140121268626
642.1189887024004,422.7092815465834,20.136936555428758,54.92092217959845
641.6088781904484,425.59683906264524,19.57522169676441,53.72552621409458
641.9736804097053,429.5508895353688,19.078452610671448,52.73346187448232
641.3357406885273,434.5337896679326,18.7459472053865,52.36005453080258
641.4220673362771,439.2984822868193,18.610439207861194,52.244788059813814
641.4981069274949,438.59421907186663,18.11932195140905,51.42202200352831
641.9099545400683,439.8341301373243,17.68931004058583,51.6979610191585
645.9568604190599,450.591829538242,17.341814238718136,52.432602271644306
645.2476305459753,458.9816332842864,17.43917708776214,52.96059480091783
645.245466906591,458.4602910464742,18.095181200160262,54.017351995572355
649.7326380906766,462.8656306938898,17.920195292560557,54.36113837609511
649.635226550675,463.3310411349224,17.830141549138148,54.0795554844093
649.0295514927326,468.48084452800225,17.768848218100956,54.7842726576001
644.1110403463505,472.8840978446424,18.386689450074172,53.55033968612406
648.499913563363,473.640770593924,19.600135833737173,51.27373632642338
647.4106782550137,475.1664298588189,19.489108359691464,50.60635777809426
646.5982863563228,480.1257167399485,20.326113243098707,50.05516225069836
641.5598107067652,484.69662425734424,20.579486661354366,49.48325058962505
641.0092944301026,489.71123238628513,20.725828877498607,49.158259871904384
640.839094788867,493.1369022105142,21.079083334921073,49.167763405056355
640.0518724225484,497.2309354569974,21.152181956260534,50.10287730149439
640.035513648421,499.8804707583081,22.014529700610066,50.50052729900102
634.7303960705597,503.11486181759136,22.79865973853472,50.345679029769244
632.833358023049,507.3408318850295,23.74551135960283,50.18559375329138
623.015295425338,510.8949769219165,23.327595646211446,50.73267010026325
613.0705740572085,512.5530067498972,23.103650320946794,51.48605891537113
606.9552768922023,516.7219365191874,22.841739577411893,51.86445075008189
601.86310833709,522.1590527501952,22.11693037873762,53.45463288462386
603.0983258815038,526.6111820782457,22.30271119605312,53.3105709143138
589.2062074268154,531.1432637918095,21.821096130942855,54.10034940460567
580.3361653110298,538.703816207247,21.55361391048757,54.988304479736556
575.2890134056206,535.4653280286901,20.91529652837378,55.778393572598695
568.9374556180542,542.5628505062665,21.061633195730714,55.5410111998432
568.6307328988837,547.554720684543,21.088228646564897,55.58452113320723
615.5096759272769,570.4814611554758,23.012845336360407,53.59315032928121
606.0303650088646,578.1455757507548,23.663079416837498,52.895700405080554
600.7428077666383,586.1758632573691,26.07876244377052,49.96525997437144
591.2467388667393,594.9242545476452,25.912306112098893,49.68416991396095
587.1492828158123,603.6327534109483,25.83526177016622,49.14685282089945
596.4156491602245,655.8210169977825,25.06854318046296,50.703682886000706
586.4487859655554,662.7900876956675,23.947103325294176,52.88818209997197
579.7399539862947,674.5469166996044,23.45282384814653,53.77090928496939
570.2069349115571,684.7179163067201,23.066082227724443,55.63855629571352
563.721788313617,691.1677334263327,23.232391735249998,56.559621748260824
553.7155214659504,699.680628588536,23.08515827970461,57.217552966212395
547.6105641401733,710.5546967876013,23.24365462681519,57.617169329922675
495.91573556921867,734.8090707402814,22.95951416130265,58.6860619580097
527.5507093770022,732.5601435839086,22.800970964680737,58.11067169906949
520.4735220748594,747.3245361294886,22.959500727963214,58.4176867788081
510.61992953953387,758.7489997380072,22.357084968536064,59.71307146667791
500.57502553479367,776.7178697730011,22.301484347645342,59.191293615928515
494.2838114254582,784.8546744190792,22.09633493722683,59.3750188422051
483.70972600021884,798.2865895454219,21.980704212998578,59.71882065433895
473.38881453298427,849.3874319563149,21.486018205817366,59.235618803744345
463.5195797555168,856.5401242786778,20.719522932261004,60.50330754616455
447.66968139375933,841.6292168066664,20.99660351502896,60.77292217280446
435.82497222964537,849.3726842812703,21.12503437072269,62.19610914132144
424.4894142257185,864.9579593242697,21.58315866409885,61.24055539321296
413.8854272153506,881.666362393208,21.63359140981021,62.397720050014115
413.28130450042426,888.095626364664,21.640509396540107,62.39971628465345
412.40326848598215,890.5155466707017,21.646379842515724,62.40772694897578
413.8300842026578,890.9004099567519,21.647556024444476,62.40694773977524
413.4579789795156,894.6787199501584,21.64813469058139,62.406533025636676
413.86156336378144,896.6321363280667,21.64873319404519,62.4058496571796
414.0256494866487,898.0335114014581,21.650634394346124,62.403312847341525
414.3099925516878,900.4666846804963,21.65138159575743,62.40183397649045
415.00557331518826,902.7545460687176,21.655458468262157,62.403184297276944
415.0451003414639,904.8845530209292,21.65761988674008,62.39813045297343
416.1452189749707,907.5219421440389,21.657906473028515,62.397685206936984
415.8295819524578,912.2250818119638,21.6532632121081,62.42735138195149
416.17870374705865,909.1722540400217,21.660395473106966,62.396488924279375
415.01675695559726,910.5893495130296,21.660186654296314,62.390365280967394
413.3248080643336,912.0447784411156,21.66048348658258,62.38809941049806
