364.5,859.5,259,218
366.4443123367481,861.9555086514854,257.8217251247063,211.95966755916598
379.8181368346915,854.2076011483941,254.80033917508422,206.9324398865155
392.37603394741166,841.0990396693217,253.06641140472198,202.76500702801016
402.3642350575537,833.9820212858873,252.28304431017034,198.06398520112876
411.60852225444717,818.4579579213337,250.7071076269546,191.926248435363
418.3475563230068,810.3756784554903,252.97306185922014,187.69836657115127
429.87659302671375,805.4834201325034,248.41522305568816,183.48133063533805
426.991712334331,796.7310823187298,252.6758413263636,181.78852701483825
442.6258743532017,786.4960242522052,246.53688893168862,176.1850767111199
453.4574457741278,782.5157656550665,243.62841718663827,173.25511386389346
464.82876630967894,771.5506047796737,238.52611882793832,169.07676251897595
468.4442254823978,762.3043444556355,235.54936899293747,166.40013376824862
484.88776540262074,758.3986134685501,233.6127343276625,164.4801103755981
492.57833131631355,752.7032881190132,229.49597532589956,163.47153774703528
498.8779602950549,744.8121241109053,227.01133566980843,161.49637179047278
511.1032896802162,739.3198793656541,225.9322818189194,159.4255577073667
513.6829569379023,733.427974608474,222.28269504715368,156.38936848057708
522.839554439028,728.8598661113479,218.9364399710497,152.448092760901
526.5957079867591,723.6227366954671,216.82719426551085,152.35323023188383
533.8943877515478,718.5544180947674,211.79111212545962,150.68215869304885
536.9051078678526,713.1043050435387,209.52231929275248,149.5109002297712
560.4810682400677,706.3148011823616,207.97379210300974,145.57953769760888
563.7154014664891,699.4580459034019,204.24464476942964,141.98292671927356
570.2517614923611,682.5420670703686,200.09212601926026,138.97533436702957
579.7794192621018,684.9797620076524,195.5666099411437,134.4555689595964
580.9653449634127,685.673875737235,192.35153311900052,129.63974898448566
592.0394936937865,674.7763281249323,187.49316600188075,127.11820144786057
589.7955290145848,676.7518346807968,182.07575898027943,123.8732213275409
602.1218651692383,665.4800153272768,177.39798596296473,120.92441504251568
605.5809290993736,666.8548098562696,173.56292981137315,119.84738512664265
623.9834025878853,660.2517364668415,169.82426319934007,119.26394869932207
628.6994655556667,657.7907409681244,170.16577789640655,115.37413778635596
628.7117992315503,654.7772824421614,167.8162130169447,112.34623191652904
619.6774133321131,653.5625163760899,166.81083663771852,110.06848818120982
629.6343537922975,643.7194913108921,167.8756410963782,109.13576389754297
634.7950051370262,641.2262735082736,169.25523943841466,108.23394676764195
637.0961729007204,641.0616365141207,166.24081730500066,106.71565307845013
643.0169184229574,638.8691838628475,164.8867387132246,104.83111010066172
651.4317228129358,631.0891867930769,162.35737044993016,104.46212532022012
659.0924235404602,630.2525983999872,158.2686025855796,102.62233976509117
665.5042546409577,630.4356316883928,154.74110298987029,100.61570111720425
668.7875528149463,629.0925362277356,153.74386403706544,97.48271059625796
679.1247722603864,625.3645833146697,149.07032732208836,96.24774136898394
684.6275668272243,623.6923151943419,144.79122677865297,94.00327595406115
688.358523781226,624.6726000670411,141.88060719743177,90.65813608689753
698.5187011771903,616.890186902989,141.52532312999057,89.24901679732592
699.9972425511728,617.9081861356259,137.37310669595993,88.32844785265914
702.2784932698787,615.8189413013491,134.49697968443618,86.86008931946085
698.570244310553,617.3688044177748,133.19844788659591,85.58356700792775
710.9076973122945,601.4594168257734,131.61293359148675,87.71010433792654
717.1416236411127,603.7989752385328,131.55071867493933,86.54671670132687
709.5236576463635,593.3413882073238,129.00186062537534,87.3915477461667
721.6021484376425,589.618921020201,131.39262379379366,87.89552075948087
715.4491067100182,590.8727587868931,129.9951588176458,85.9173635919567
708.9804397932836,590.5929905293335,127.95750371373717,84.90278971832001
718.6167431338563,591.9410433350067,128.3679109486074,83.34862708487879
728.5162857679861,582.589007618024,128.28944678935648,83.31445160111969
728.9813009957473,578.5407892736577,125.69592484633101,87.3580728525356
725.0674386847896,569.4938824905971,123.96299387437446,88.74661946614191
733.6206724270842,568.2483698501526,123.58969403810073,89.14619763208668
745.2847386294598,560.633120034193,122.52690053105482,94.25490637808046
747.9107327931504,559.1778867981841,121.74478896987836,96.02006650129768
746.2104106052961,563.603940712968,120.9479416997738,96.26490634171273
764.370131299809,559.2758756014185,121.66180643257408,95.94510253618606
766.7471744083286,564.5300729083107,121.68871176979513,95.99615711826362
767.2068641967999,554.1318734267943,123.10000493378908,97.16388443517823
761.6966935421001,561.6559562472609,122.90644758443604,97.88463110961375
759.0312838797383,557.9549736830755,122.6326316705121,99.17337173160631
780.1284899582255,548.5049336992838,125.17900701964136,97.69273537533725
786.4203261055578,550.1615087474455,128.26404638726913,96.32434202530585
787.8728607007615,537.2512528510836,130.15094172780672,96.48832915982655
779.7396840146899,542.4412753419656,136.81399214432233,94.27910155324571
774.527613258704,529.778512112863,138.77033923795918,94.8331112115241
783.4123632468892,531.5907445963722,139.97826579051952,94.37849730918761
773.7500405916612,535.8055566645038,141.65922289907132,94.29708541505093
780.897326463187,524.0193468829298,139.7751440530532,97.07627873613367
783.6027521559074,523.2017628347216,137.308214233622,98.29400236500531
780.8588034224791,526.876515712115,138.1182299827967,97.18439815288224
775.914922222385,528.2170329402826,137.9852328004653,94.98375150343949
769.3023808872679,532.7560219352458,138.2557551908534,93.99905239840065
807.7543932492587,521.5319370092225,141.80174267390314,92.1225457367754
797.7409235643862,525.9694649137566,143.8596154237751,90.76754331439545
772.7321067636256,529.746867371117,143.25389315981772,89.9795688440107
787.7325310737044,533.2863813315245,143.77124255296567,89.68069848926623
773.2227526637404,523.0046417666974,143.28940891574055,89.90083197683045
774.625117525602,528.4736641342892,143.21379849285955,89.63452109784812
775.5190402116517,520.6468047273253,140.73852720933368,90.90333695767443
789.5343758486033,512.6924491694351,137.9517161801814,93.23836147372312
786.9891790832321,522.4887024723848,136.64943669532926,94.29169074428854
789.0066578312759,518.5686591802048,134.91565002519997,95.75777534882077
790.3738173597061,510.52783382342943,133.31677751680155,97.18128015783051
792.3929264568512,519.8435916376067,132.895967359697,97.45636166692728
773.6147798140406,537.8588312656154,132.58489385454664,97.825716090109
765.2063333267208,552.6919483020513,132.43146135921543,98.03390409060151
759.4765099412298,558.1296893530699,132.34572944520005,98.16223573215561
761.7172303244896,557.3955433948154,132.0527366309509,98.63344565365422
753.0107354403293,551.8245905105446,129.55869438633204,102.34631480491673
768.7786074799815,551.7573667840929,129.387528554098,102.8583114590702
771.3823750315757,560.089390189167,129.36201554563607,102.94532513476183
775.0283738840401,563.0290266981513,129.24495461210026,103.13920179788461
775.6865667821357,562.8688599803502,129.1815919634919,103.24100493620745
776.4723031019935,565.9267973250849,129.17772267346214,103.25181681976663
775.9713209755378,568.3220905878154,129.1771377549258,103.25328733165917
776.6429794938962,568.9951092788579,129.17700840799012,103.25360824882961
783.6060085176039,572.387419987243,129.17495777634616,103.25604756966924
783.4635463977363,575.7208128134553,129.17473512401068,103.25653782285376
782.5228791935203,577.1784273636923,129.17468909363794,103.25663078773302
783.9339621454066,577.7099739276244,129.174589735352,103.25758142016842
781.1701436558045,578.8978017556195,129.17462261146756,103.25792306909457
777.6869095129355,574.3686339507137,129.1745953832897,103.2579996685913
785.0158524517709,572.4725842301376,129.1752368798863,103.25946543130718
791.3386271491188,576.4653734702374,129.17536123702158,103.2599847637603
795.5247402735774,584.4995480193943,129.17588527039197,103.26226287797097
796.3435314413464,582.059732656828,129.17704764672996,103.26535914112841
804.2683972268278,588.9086617141926,129.17791155001038,103.26830669046164
815.5588398514774,589.8384147147076,129.17848534612136,103.26825281784203
817.0094468720872,588.8712141022922,129.17850330906734,103.26840285344088
822.0799726956584,586.733560256184,129.1785353792711,103.26885397827458
819.288308194791,585.8781171988584,129.17852230565802,103.26897640006987
813.1993772102074,586.7732656708124,129.17849540458593,103.2690345424885
813.7999693784777,591.0309565342865,129.17842977570214,103.26938176604088
809.099456517129,592.3189944289683,129.178403023424,103.26971293239626
803.9508318853359,590.5335545550284,129.17837388277437,103.26983767539319
803.1684789689916,592.6501845145731,129.178365641328,103.26992135753052
802.2717840877862,593.0443832844572,129.17834021494977,103.2699890792217
799.4773984641841,591.7915260610889,129.17830626348422,103.27006969493416
797.0998218970986,596.3549539528879,129.17828619132587,103.27012316731762
801.4121248755267,601.3965601483918,129.17820816568317,103.27032294671986
807.7870096292227,605.1510180009003,129.17780446487095,103.27088294971087
805.5162847250662,606.5852769201043,129.17770745158955,103.27111544508865
802.1988452683837,612.1371018794785,129.1774583437143,103.27186711478033
807.006766455261,616.3546599929365,129.1571150086561,103.29889478587458
809.6698478503836,618.4016235476306,129.06892352425805,103.40776985773019
807.1378540048232,626.2497170174198,129.05222130830475,103.42825867651358
807.2243885063737,624.4240037211204,129.04818182416585,103.43382674288272
807.8392636200775,626.9713483904097,129.04663453579155,103.43614420209454
804.3929213472517,626.3286796321898,129.04666227831225,103.4363654036462
801.6287590294878,626.4317573723264,129.0466651708285,103.43638989983657
798.0282850975949,625.9263611613314,129.04666813410154,103.43646898297449
797.7696714696477,625.053628744871,129.04666195865659,103.43652230065925
799.472856791482,625.1684204226772,129.04661808577066,103.43669939815206
802.2308885393559,628.5617404758669,129.04658108691007,103.43686253731705
800.8376884028168,628.1975470263369,129.04655338528732,103.43692633437978
794.6924452839258,623.7015038123803,129.04649511318144,103.43705414412875
790.5495936180378,620.1390125672121,129.04641372358319,103.43738424875343
789.9151462347562,623.5887995874779,129.04636720692022,103.43750465097112
788.059476721088,624.3843210496618,129.04636366109082,103.43756134646864
786.2808172300223,619.1847347464391,129.0463610947602,103.4375907339199
784.6677535864411,615.8671757074997,129.04642465359007,103.43774625305251
780.4929780276948,614.6231903178248,129.04630249990353,103.43819323822807
787.9615225226813,615.2608249520614,129.04633108652965,103.4385867495627
784.3729433211143,612.9207630897497,129.04633733283367,103.43862290781053
780.0455482973277,613.7996362781349,129.04637083438635,103.43886617604419
780.34760044144,616.5516697867888,129.0464432462771,103.43897959010258
778.7374966803853,622.0443586798743,129.04648503886364,103.43942066684636
777.4181948123821,621.112098300718,129.0464195224746,103.43964570410498
771.7577464131481,619.9256476031996,129.04635532240732,103.43995155051189
769.0103203416573,618.6402176760281,129.0462886421466,103.44008906331759
761.7671806019239,614.9922994932623,129.046261931123,103.44018148658844
763.6553605517948,615.8764082830883,129.0460834908078,103.44055960243206
757.6627865458667,613.4017201958991,129.04605636991286,103.4406450243995
757.6195007311849,623.0534871443876,129.04282713481837,103.44475883250063
758.0724368548883,626.2737699191932,129.0408848362181,103.44724795894524
764.1379068870963,631.5102732358315,129.04080510047652,103.44751555662579
761.2064559317026,631.4073039760455,129.0403909521512,103.44821595743012
758.4432105294208,632.1402958296167,129.040306668214,103.4483420029427
758.5727689093601,630.1156658766989,129.04003797943358,103.44882957372576
757.6029985569272,635.5660026478776,129.04002554270556,103.44886422991581
756.5405650187455,637.9999932143604,129.04000777524269,103.44892413546344
750.35328615537,636.2087550951032,129.03998511869287,103.44896571974188
754.4743229248218,635.8918008906625,129.03992455738955,103.44910711984193
759.3628897426687,631.168882975829,129.03991532660285,103.44915361235086
757.7905902280397,629.442956289262,129.03989775200952,103.44920592385431
756.7870065952295,628.8403775642115,129.03988981049167,103.44922516747346
753.8484428019635,626.3201958322492,129.03987449083468,103.44925249934872
746.7280275792942,627.8479384430884,129.03986211695957,103.44934026427283
742.6283708527624,629.5748010255628,129.03985000849985,103.4493831142319
745.4215695411622,634.2407390732851,129.0398421733263,103.44944862340166
747.3205750824129,633.5181362085827,129.0397963789869,103.44972928299747
749.0355417425183,636.4571144324702,129.03978444740227,103.44976212736708
746.80021190106,637.1884534791117,129.03977438391996,103.44979775249872
746.6547070967551,636.8207250282185,129.0397699768551,103.44980909526018
743.1161369447374,634.8161089583065,129.03970128507146,103.45002472125978
740.1039082991263,632.7361623793605,129.03968872384618,103.45017790799079
737.4291094508668,633.1465176453312,129.03968467475968,103.45021570521199
734.3133521023772,631.5780477321659,129.03967347375928,103.45033759941356
732.198022129818,633.6116135549437,129.03964103225033,103.45051914813294
734.3625669037439,636.1366429459501,129.03944419222336,103.45192540060505
733.4619919915598,637.1993600161934,129.03943034319062,103.45211138684274
728.9900830743924,634.5136989117112,129.03941578006453,103.45217867484763
733.8924648953248,638.9322264104248,129.0393730168006,103.45253937261077
733.8232337595247,638.0636628124859,129.03937317704714,103.45278638526891
732.401782726391,640.8952875672321,129.03936090043416,103.45286600022693
740.7219437940412,644.8157519823905,129.03933951586635,103.45300639140686
738.3368694407432,645.356913131598,129.0393399451796,103.45303780412007
737.5346360215252,645.9188034224967,129.0393123311389,103.45323392978122
736.6350910599983,647.8659323596917,129.03927729806176,103.45342457414418
736.6071996599586,650.1491767754696,129.0386949509082,103.4541592914776
738.6777630202979,652.4475976946228,129.03868961771127,103.45420027330064
739.4204360029117,648.7103793351782,129.03860926508582,103.45431324264749
742.1758277149052,649.0146853659211,129.0385823337137,103.45439811872271
744.0785974853266,648.2919626167158,129.0385707183623,103.45449380462583
741.6506811550976,647.7324640429636,129.03856651053422,103.45458993780214
743.8242652640266,646.3977946469518,129.0385166703615,103.45465940647685
747.1875833540229,643.7746006319901,129.03846397120398,103.45474006335321
744.1358783295256,644.0357972919747,129.0384542394675,103.45478681925819
745.9419959258886,640.0089078035576,129.03838878932564,103.45487488575316
745.2546841378992,639.583853108992,129.03838775535715,103.4549028310977
746.552323254037,641.5239507612183,129.03832698943603,103.45498730607929
748.9099920230514,644.8708756114946,129.03830097865938,103.45507490716248
745.4018676119307,644.9811186538601,129.03829919054922,103.4550823178958
743.7374554894727,643.4078631868157,129.0382977232611,103.45515060023614
744.2226024369902,642.6233296499202,129.03418826550106,103.46051270652822
746.4824365033176,639.6556878074649,129.0330133083529,103.46182880110668
749.1599113278547,631.5177649684657,129.0291679187697,103.46692061863159
750.8832199938536,621.6710825654143,129.02727586181163,103.46954102470993
752.7244559210857,624.8887274877276,129.02726693802674,103.46962687054359
758.7447971321903,628.6874617157658,129.02722630048538,103.46985138092819
753.6687671028255,631.323245241713,129.02721536006948,103.4699522863398
754.0957509388702,627.5706190571958,129.02674674288897,103.47053832694415
756.8514063554788,628.4094097261684,129.02663919870358,103.47120134133951
755.3866154170753,629.5054285251695,129.02658602759809,103.47158446439157
750.8727925402482,628.508033277333,129.02657045770513,103.47164854061559
753.3361918198434,628.0285678095045,129.02598850083984,103.47239565125676
755.265626976612,627.7280082913142,129.0259708121959,103.47262423000717
758.7429925035044,626.945439996175,129.02597742168027,103.47267993916664
761.6562663447651,628.9607155135354,129.0259683019334,103.4727361279565
762.4455498826331,630.9508371153429,129.02596443954582,103.47276760161814
763.4327412694133,629.3753202722229,129.02594999980198,103.47282987519942
760.6997810968235,630.3953982026385,129.0259465588184,103.47285255173715
764.0429918024389,623.5051081213808,129.02519504657434,103.47383066347123
652.5601653959566,551.573482578729,126.45636299625765,108.78027327709518
654.914327047725,552.4700244866422,126.49877735980444,109.02075069097454
650.0992053754811,554.0788394443591,126.83611108209993,109.30814091714238
640.2667823793572,552.9674081202978,128.56546741980677,109.81320211358184
648.1267790293097,551.6747064615121,128.70521628451365,109.87775524957377
656.9908894733485,551.6479917097206,128.71109192353555,109.88427121502843
656.5973706436341,551.4558337852122,128.7158747678626,109.89300943543284
654.1088388640608,549.991814104372,128.7225232116529,109.91054779384784
655.672391644805,550.8423785368492,128.76266995233428,110.00847986963595
625.7582127733655,544.4264386018581,130.03476853993985,110.67169194634418
625.1477997539249,545.8333047731322,130.46275296552844,110.89595541907316
636.2634149278617,552.4236429799668,130.73900133164392,111.34975948178347
644.5687090435547,552.3458595795857,131.08865060330984,111.94664360241535
648.2355116542183,556.9182884018311,131.10691830297253,112.05032969724363
648.7658931497045,559.2082971690129,131.4414148115499,112.94579462671662
657.9074990066263,560.3118322337483,131.48296734941542,113.02402808992764
646.9991811051059,562.2189680789647,131.63065974730497,113.3825745833938
653.5558919369226,551.3104312154542,130.93656391222353,114.58518259691381
632.2426803209962,552.2695822646938,131.10258370169362,114.94871200134915
629.0884561572481,550.2026630818497,131.1319411478423,115.00930865637444
648.9320434495045,551.406077671147,131.6696086348626,116.19341327752332
645.797333006889,548.3702018398466,131.77027875715427,116.25285586572247
634.9764660782843,548.1531420078786,131.9325375930013,116.54254116700841
635.651566780661,551.2293691271872,131.95528125851447,116.61034134962557
634.7589974214271,548.8339502541619,131.98260652330796,116.65790440695528
641.90536148439,549.6613475862932,131.99519436875684,116.6766917005097
652.6958469805304,541.0901254706391,132.00790089722793,116.69543674358562
652.3274444207175,540.9045892675607,132.05690584786265,116.76807194180518
680.5123764909617,532.8833078253253,132.66855568442492,117.29676554069249
690.0614734017497,536.4938825112538,132.77712799138916,117.40516691193861
687.1546733614781,540.0182374812614,132.7804758822961,117.43660900668276
654.2081967975286,557.6953864444902,133.44184636859367,118.00372450185618
637.508566819793,549.8191473383582,133.65834799276578,118.42543889728644
643.8828479050452,546.7420482328326,133.86043126903874,118.6493249516604
646.3125007911295,544.7688404589976,134.07115141773798,118.87452644331542
650.2678039803202,547.1138523774898,134.07793538588388,118.90514326566328
648.880241785217,541.9735649091962,134.18934536721574,118.99133076633758
652.5147082443515,539.414970489765,134.93760815054586,119.80206494669176
656.6800328097662,539.0151595702915,135.0699049578267,119.92028428119444
659.1585204282776,535.7386311074308,135.12542428486043,119.97102187097839
654.865732781002,532.600527015127,135.12781056879155,119.9728736903821
649.383647721279,534.3814633345647,135.16629575934337,120.06252368792022
656.9227511063459,535.1735461463411,135.34817600245415,120.17860249109471
654.8347547243201,535.2943921383542,135.35068062639974,120.1832886159277
660.6443922251481,538.2816369278803,135.3520606845582,120.18460145844533
668.9716446479578,536.9122860347488,135.37014609467616,120.2098389846068
676.4029182044092,535.7501446781092,135.37750636092372,120.21501368854771
673.6010716082114,529.31408942845,135.38914232523078,120.23235829583746
686.2592803308656,531.3486911925104,136.35312420243213,121.97309462901428
690.9131252347903,531.3266253965425,136.35595075200473,121.97587719736944
697.5453006802247,533.5957567832565,136.361963668814,121.98787258357878
678.1366256536717,510.72537114399904,137.29595190551393,122.31409308084385
697.691523320159,519.5096596477783,137.45033198757815,122.52772546964756
705.5210565054758,521.7142550089599,137.5292750697644,122.60483378521772
704.4431145850599,522.5348516822562,137.53127116187804,122.61034594685731
702.0445508878154,520.8030470630562,137.53358015503036,122.61630786164886
701.5922751806372,520.0899729760422,137.53993469333784,122.62380600458698
710.9052281196956,521.0757941136844,137.54326503653434,122.62703667604188
720.8050662420687,520.5357833943358,137.54429184049414,122.62849513980923
729.0330105353318,520.5476674699552,137.55672600787443,122.652425810443
732.9975554793875,520.2909857813218,137.55883090202,122.65739017800523
735.7381131062175,523.9432432152219,137.5613553654621,122.66434009673459
741.1634687072855,525.3848043214201,137.56048623485938,122.67151911190754
742.1618069927885,529.7494551991166,137.5625462838028,122.68244887049171
744.5984235656462,529.3046082139416,137.55492659862813,122.70404774091574
745.0948896308281,526.5606428792673,137.5516364326998,122.70967145301944
736.3441332269304,510.51598775147534,137.76061727333214,122.86348060997061
743.0129884457617,507.7469936117851,137.7712230282965,122.88822950565353
749.8308344511923,507.0487050050315,137.77428490842638,122.88999806914403
756.3707085961859,500.5547869377078,137.77502386972108,122.89045131499746
766.2469927317663,493.0966213320478,137.7777904526861,122.8902795737418
767.1949771145512,497.2205156931739,137.80280309428198,122.89648770054954
777.8248794310629,501.64679424352255,137.81676974726926,122.90674073473997
774.881724421123,498.01534999233104,137.81893832198918,122.90946306891013
777.7825979902486,494.35058923446115,137.82186008708868,122.9114756582583
786.3636782164623,491.1796516738823,137.82344170009108,122.9139042347688
793.8974509324034,488.9909864276097,137.82367771657297,122.91403126280595
795.7228555769394,485.69754177147524,137.82897442267935,122.91039017956702
793.7788297705596,491.56651196195486,137.84128503049504,122.92080757143489
800.6964190821002,491.0665417237745,137.87171366907162,122.9200758266119
796.6553550390141,493.91028696041417,137.87382085070277,122.92380754418951
800.463191949195,494.14221702719,137.87439897583653,122.92450777035423
