1750.5,667.5,152,74
1734.7261028939258,666.6430800567908,154.84308802013186,72.47428405069455
1718.3741039509891,668.7213067370508,157.22136607263127,71.36312521341371
1700.7068884188327,670.9664998312351,159.5000834833795,70.04769272415714
1686.3753241882716,672.7280999280692,159.92901814262163,69.54388168301547
1670.3512656924383,674.9864819972676,162.32714695985004,68.68915944716099
1650.9181993323277,676.2836279610551,164.50637858754163,68.31773310109841
1636.523198328287,676.9900960051019,165.25807531303036,68.80367546816684
1618.99081314039,679.2166574624396,167.91480278110987,68.47245692666041
1604.7095448886262,680.074175481068,168.91260196469102,69.17890655186399
1589.3784214641564,681.3454507028142,166.5774504371655,68.86191915768784
1573.907438686119,684.3101123366217,166.05426897480834,70.11260906985196
1561.264736956921,685.8904170979098,167.36400638706104,70.8482409737437
1545.1186171541108,685.9834706407446,167.86655978967863,71.39041002161129
1534.1839939504175,688.0949888252509,167.20826408280737,71.58766269221073
1514.6081956967703,687.3191581227621,168.006859949233,72.7205990238505
1494.837911956874,690.7115342625106,168.87352301008013,72.79491609173537
1471.565850129131,691.8864339538073,170.2515318584376,73.66296667900559
1452.3986485574178,694.8267372150889,170.53888071109213,73.46841867771334
1413.4114101400448,693.3474046440244,173.2334503192754,73.53227385852333
1386.4923568016377,690.9208262673429,176.65324492333602,73.3666026966947
1348.870347722554,692.206853594905,176.75204518599526,72.7817831108453
1319.4189923015163,691.3002297371759,174.8489927834421,72.98770419952605
1287.0914573670607,693.0755734822098,173.73539352393544,73.30979440988217
1240.4214947242904,691.2937030902236,175.2245345077183,72.50487617438445
1199.6860001189293,691.2477839757204,174.7724737916826,72.04743817067143
1164.4242979476558,690.7497961925803,172.8897502045418,72.20734337819844
1128.992915463624,690.6895019269215,171.37334952319122,71.87735202784793
1094.5857828926667,691.5681278449744,168.16236899860218,72.6880332743228
1045.1588847331304,693.1780378759788,168.94016891874867,73.74422181827083
1010.3754501341832,693.2909633307655,167.94470596332292,74.68940417190397
976.6384927869025,697.87698092237,167.66723210807982,74.52972956150995
943.964343801432,699.7944408777299,168.0914883309737,74.8643524402493
910.1188224773368,705.1304444575997,167.63525314713303,75.87279095159136
879.8634130481068,704.8753636315305,168.91915855344456,75.6966923207365
851.6757070329221,706.9900999973886,170.6714931912358,76.32918429162648
826.3942980699264,711.0904112380771,172.2169084683014,76.93343432306683
802.8706797943387,714.3570120016169,172.34999859613708,77.31094503811366
784.3639639904442,716.2937729176319,173.3118097205276,78.42293593954315
761.8503836695768,718.9304610224988,172.20793932588558,79.54046701740714
742.5664221408371,721.241942089169,173.1142451043122,80.82105360156528
722.8634979158926,725.6827687703143,174.00306474560728,81.4119029477099
697.8012307366557,731.1817653304811,173.80174766365155,82.82092753520097
676.522837758805,732.5107059623748,177.59141325802455,83.41586724004156
661.5071013989705,736.4084869732546,179.14455155081396,84.18493381935605
640.048399260416,739.2905198305089,181.88968028471012,83.27785796538222
616.3304672013483,742.4948250865878,184.27513699317745,83.07275535346251
596.0162437343349,746.3121527509293,184.2149204445381,83.64303414495768
574.292071016721,750.8933342223686,186.25676029504908,83.19858482970352
556.911397388342,755.6412695150407,186.48886026787156,82.90995530270908
541.4108895347897,760.9467272004634,184.85149401696845,83.6076689678131
527.1251464818386,764.9414437105738,184.8310421040718,83.3397024888827
513.2827674993575,767.5214210891336,185.59024197882388,83.43104186781059
503.64730130256527,771.1677068174849,186.20929029342904,84.37702250461379
499.0500764708634,773.733232802339,185.5888195314177,85.08922367058682
496.1300351070236,776.4638243247875,185.87416659854432,86.45804436409307
499.73010297025684,779.7725268423818,185.4095793683242,87.30827352995416
498.431467708698,778.3126060183657,187.4783021276174,88.18819890105458
504.47161993270015,777.1818292950123,188.39561349382214,88.45440329819317
512.289854331374,781.454295690905,189.064690503359,88.46469111035064
514.8899959891859,777.6634483264678,188.59906256798448,88.83147771620892
521.8995025786927,775.5492890990406,187.77825724419532,88.49464972483523
525.0914011171888,780.3257717397066,188.03041931561026,88.22940417006575
535.8182205599151,777.2762759052068,190.216873279889,87.37088965925574
543.8740000993099,776.4400901838486,190.39658350346758,86.09395127607495
549.4117355661767,776.4035612840861,191.35761159317138,85.13246222348813
557.4107224160584,775.2834600234384,192.65089575168435,83.60124808066013
566.5523625617436,773.2176236396293,190.9967944611685,81.69477816715636
571.2219676681807,773.194807969427,189.69197565149273,80.65506280880005
579.2116447391647,772.9666783028308,189.30232888409725,80.63975859414256
585.3724772305951,771.292841724475,188.40212119188598,79.39394258077985
599.5557751912202,770.2828068536481,186.53522009485457,78.56084002018741
607.879995883731,764.7687149143409,186.009222862665,78.08101971026434
613.9716856028314,764.4634427558861,183.48271998849006,77.10710865627081
624.7210424100498,761.5410096235387,180.08620783584522,75.15203481171278
635.2770646429422,758.8742230866521,176.52680047028016,73.43923213399067
644.0960479000928,756.3286315830046,173.83656592771965,72.16668852537975
654.8228050648299,754.2022155886984,170.3135115744417,70.76686825035084
666.4277544695982,752.2404706775184,167.6917589746219,69.58393850941744
676.3943795956856,748.280622048187,164.9245090886582,68.55865896143975
687.5174805473295,744.9383417404647,162.41917480011654,67.50948306183902
696.3818131284357,743.3365830568681,159.75141127974968,66.62891639506614
709.9225725415324,740.2264362964432,157.01340212762855,66.07063687972203
714.3563603195753,737.4577726479724,155.58819221790517,65.31397356463367
731.6655211036614,734.6295726834073,153.183882795729,64.51684938106239
743.1248957120615,731.0289650642965,150.80496664777633,64.05932076094672
750.2686496199217,727.0496488859999,148.75648394802278,63.913312156846565
767.0009109026779,723.5264204699,145.98904771673892,63.971140124757994
778.8940240993114,719.2125552122438,144.5837779732522,63.79056871441121
788.3857765100598,715.610293442609,144.46032907521723,63.91682372569623
803.7902527871461,712.5532044565667,142.00489405339334,63.55773366570682
812.5315374839776,708.9605861599584,139.88913831939846,63.92835596296395
829.8933812006252,706.0003930961221,139.61555846056612,63.45247563021785
840.9893685802439,700.8914984519167,139.95086260147508,64.05191584331115
850.8414505316188,697.2255361886604,139.51222451659646,63.49036483729218
864.8943359341058,693.55942651542,138.45301209174932,63.45263245876694
872.7604525180077,689.347760401464,136.84839771361845,62.57560400705233
888.10329234782,686.232438374349,133.8162748777243,61.79246937475891
901.3111448496887,685.2858699556236,130.94089885347898,60.546097964834296
915.269814905003,678.1423233825532,128.62354195818244,60.15414352644142
933.5511166561816,676.7203790186182,126.21040592408687,59.57120744619047
947.8621355542023,674.0629851674468,124.6265589697204,58.77518391501296
962.5340473555307,666.1946358924147,123.78671218896316,58.90021006364888
977.548804032685,663.4105664377659,121.33552029156351,58.50444602265978
991.1086895717843,660.5279297829971,120.06911034312574,58.19900247428704
1007.2087004728991,652.2067656677938,118.25905932031525,57.06906622410296
1028.1211394801276,654.0220836336706,116.60469064423701,56.26278255675353
1042.7740906248396,651.0118654865718,114.87727765840171,56.445427884917265
1060.3780115766292,644.7458130903846,114.4241583500376,56.023211769698946
1075.460911856482,643.5759415076211,112.97370889506834,55.84833129325814
1095.9049926988612,640.6516086375258,114.05218005332748,56.45192991385028
1113.204401195396,638.9850721843295,112.88801348140018,56.23039471362972
1130.9405828897136,636.610220451745,113.97784110228685,56.65655463021481
1152.5215153050142,633.4007148907295,112.95697511201767,58.06110280440027
1171.2485249633603,630.0815376018049,113.47629106143876,59.132870410966575
1188.4150993877079,626.7577240447047,112.85099743735275,58.678719971608665
1206.7718922346467,624.5256784415932,113.5785814822446,58.36031663284864
1224.0477349481312,621.8282036852662,114.92279678159397,57.628980115687
1243.3789534055006,619.0331760708402,113.72034750723623,57.83537550490887
1267.3475790545933,618.1923964561613,112.16285695123834,57.93857238857106
1283.372253984015,615.7210105550176,113.03638917247295,57.512665621064805
1304.4687612396094,614.9078522782789,112.80875628359874,57.74650501981035
1327.3738052920664,611.3865872232552,111.01993893063745,58.704378891301914
1340.4948335691183,607.7505562685868,109.03449133954643,58.83797921082558
1356.8520814866415,605.3618133560893,109.4721599637287,59.115996709252016
1360.6279293277692,603.568418078478,109.8078134101967,57.969879969247486
1368.8952759585359,601.770157266902,108.27822612095316,57.17558728804777
1372.4315013042078,598.775940756349,107.10138719260976,56.97114063233498
1373.0301399863727,597.7716414842604,105.04965966205455,56.56886480975181
1369.832926621043,592.556209533102,103.46025307972559,55.80573132895087
1370.7295477896157,593.2354984649069,101.82349434808432,55.28805746276251
1365.0483860081786,589.2884978746772,100.4289381044398,53.935532878756376
1357.904937577155,582.5796387517602,98.41235291082344,53.71103062745927
1355.0893214866535,583.5555496103851,97.19216087460181,53.33196615431948
1345.7241477450436,580.633048090375,95.97023212796313,52.718885564731316
1337.0947397504642,574.2291081009326,94.50325809331859,52.11057730356495
1330.5788481473946,569.8130884857087,93.6198334366035,52.33876616932767
1324.8488490222705,568.8254687872908,92.63015326583108,52.38617534689481
1317.6839801822312,566.6883286496073,90.5694356999384,52.34647838074556
1310.681125923564,564.1505465630155,89.21810571934773,51.62363786032585
1305.0420808568585,558.7525050090173,87.84230619669191,50.61826547058038
1298.7697247519673,558.1471458315312,87.43603345164036,50.05734888921987
1293.081703551553,553.9747612799115,86.01595997722504,49.625838542996554
1286.158355605575,552.2975862625354,84.6528990179846,49.266158073521964
1281.1569961456153,546.376419415026,82.92343734250602,48.82941996067942
1274.3327552598723,542.7917369123113,82.3909222191554,48.09290785276644
1270.0413414126713,543.1927724134636,81.04626349388008,47.81295553809167
1265.4922032774314,541.8892157439941,79.32621949000671,48.42716933994424
1259.927316222939,536.8255846474932,79.14515966802239,48.190385436144155
1256.0723403881734,536.5591039777188,78.76118490780469,47.8624012529078
1250.5650326603582,531.7902563515529,77.64266361416766,47.40777644450971
1248.588948000226,531.2615396924207,76.23692802339065,47.06563655587254
1245.911431824705,528.4752526780851,75.04621977003231,46.2352898615822
1240.9677996529751,527.4304871869161,74.13664726046454,45.358305064424925
1234.9706557126347,525.1597338754352,73.67086167007642,44.16581386557902
1230.925378779816,523.7865395183705,73.26849847486186,43.33311174604425
1226.5729791987906,520.8935909448627,72.1810698918562,42.238376969384596
1222.1539845615753,518.0080333042796,71.19552420077173,41.62743601428351
1217.4405606598802,516.7155468324823,69.90001425422278,40.657314477363535
1215.1086623854526,513.5426470840532,68.76043460526307,40.04636930335398
1211.8427964547814,511.35756269343307,68.03595518578267,39.59507354602003
1208.1683139295533,509.0470479637683,66.79283058322359,39.03011124128086
1203.0714920205505,508.57195319813866,65.6780523126064,38.37098525797569
1202.748078943125,505.22133119848417,65.94567178024523,37.38763081139236
1196.5419115656312,504.2542535206186,65.96578985279908,37.24047780225536
1193.7089419788483,502.00738229196173,65.24343337588246,37.48411440171995
1190.0707155601676,499.8953472164714,64.79665966600274,37.53970749428989
1189.2916562231303,496.317153217831,64.89051585457307,37.17318966500211
1183.7115160108622,496.78357292150395,63.74447513500543,36.4554327242586
1182.113249292004,493.29071470539577,62.67651796832093,36.3100556544303
1178.3421031494333,491.5256424544085,61.44906442674126,36.1028060619376
1176.0489979127858,489.32863029097456,60.50277749403045,35.88841001679626
1174.1921967739745,486.2571418739382,58.75412429374752,36.57930612424536
1169.2963523681867,485.81524005943413,58.28444149277463,36.130477211597
1165.4741921132509,483.1101015464899,57.72075132912319,35.755796351743385
1160.2153227156052,481.6542164146257,55.98619081563744,35.90666158808224
1152.260363584398,478.74825839513574,55.22362754118695,35.050510648607585
1140.3305576508703,476.03372190408345,53.70383724759788,34.65920532718432
1126.8452511304438,473.9379656908294,52.716926942503335,33.73914405755591
1106.313179878189,472.8204639283226,51.94426601073397,33.22549417070425
1087.3738378558328,469.8091932896008,51.09251182302431,32.85054780776708
1065.9584930185038,467.5683045304638,50.297945912965574,32.60669504268527
1035.7433494979714,467.95501473616486,50.910865400319295,31.507353393814427
1014.0448032861734,465.7939233146058,50.96540563885685,31.03117684285902
984.7159367028202,463.46129001951465,51.44104423158875,30.08315264629822
957.1621788230325,461.31875154419583,50.417113152785134,29.989554612957633
930.767967773227,461.0518357985207,49.77669461518892,29.367907865248448
899.3596262047315,459.02078376544864,49.33796469676018,28.981837931606094
873.9874575273025,458.71658680226585,48.57324596030959,28.760369203762593
845.0449249298442,457.94339931138677,48.18703277387843,28.484124151302964
842.6427781916038,457.26565582002553,48.18686143331214,28.484377941581517
841.590576165378,457.4027341710044,48.18681168365504,28.48444048434234
841.2606667058645,457.7386821617455,48.18691417535564,28.484418906813726
888.388364885274,410.5175888068172,50.91574022864626,26.167496119600102
861.9031429407631,410.751867234975,53.40857257591975,24.161033689439513
831.365760835204,411.42495910638155,55.32885299187204,22.693578112848947
803.6117976577898,412.4542975549655,56.86636232399553,21.81606226170928
773.885832143112,412.88349518835065,58.20667912605602,21.015553137222543
747.3254638022204,413.5057566206229,58.53373370945076,20.721215154365215
725.4698208893203,414.23026094998096,58.908696750826934,20.569299410230478
705.1821389646494,414.81420209229947,59.2803443220925,20.419551123510562
687.7033342084312,415.4886896617065,59.386818580622815,20.366739782075125
677.8117033624096,415.404129395576,59.68030366133778,20.236855431761974
666.2148408827992,416.0035262267191,59.75238555415236,20.0929422693156
660.5584079894895,416.69752464401495,59.876302709485074,19.993584741746016
656.3438514834996,416.61972519191227,59.87510261111327,20.10016974817475
654.6847979447875,416.82491595913945,59.80356005894462,20.048918596258233
652.9625044543873,416.3284497211389,59.707856445644275,20.230634896703094
653.1685829748711,417.0430745785637,60.11289899249849,19.95980848641136
655.5449969089367,417.0607998424559,59.875784339241505,19.957667395961536
656.0440742220366,417.08251642350564,59.368503556473314,20.094229159718566
657.0110493601768,417.05442153897076,58.72483743699213,20.233620098755978
660.3133754060109,416.9062413168284,58.005078285845215,20.250392499350884
662.4858782763599,416.9611548020606,57.903182725048296,19.95747663022781
665.9671697867716,417.07304614998804,57.88938787027121,19.565389267496077
668.336045632848,417.03840638969183,57.86822705946584,19.385851269735127
670.8345320168462,416.79400140018697,57.71687063210678,19.42262239438422
671.8071752012903,416.8451105273504,57.868185987843205,19.28678284004543
672.2097969669198,416.86969334351625,57.72774447141176,19.44258425945829
671.8343401960547,416.7990515981582,57.57215189198366,19.541770304596934
669.0158367899888,416.6757529881764,57.064386174513075,19.999887108620285
665.9265167887797,417.0883338618151,56.97702638292501,19.91737199592165
662.7669333942523,417.67716454192373,57.016310264112455,19.878432936233878
658.4118381426246,417.74108094947564,57.204762714999816,19.88422640334509
651.7326147436847,418.21569159634197,57.20937822168067,19.851699333493226
647.4917407456778,417.61532564071797,56.58834778294108,20.426264305005777
637.3447473512985,417.04769594701594,55.82108769975161,20.850864307682365
630.6781736082864,420.47038108704794,55.34287864128105,20.8992570929565
621.9339859920755,419.7280251822755,54.855343686935356,21.160751892003397
614.4964783631215,418.66300927851347,54.89852701277546,21.25601273395128
607.5910529354443,421.7141325515969,54.68861637826162,21.322683843729216
597.9732530253998,420.5742202587553,54.58760349693457,21.34918725860547
589.7351836012773,419.85748278678295,54.79905385335828,21.320297767354287
582.9939738817894,419.3759695589638,55.25803007028825,21.023982148598428
574.4237019635166,422.9901168030068,55.229317696506804,20.977829918202765
566.1042450301267,421.66471861349464,55.15410688372119,20.977100084534882
562.8776009166635,421.0922719831024,55.390179095785456,20.972699088155334
560.1306860556897,420.9186286898505,55.54069083219845,20.87085505012646
559.5711699188884,419.8027041297768,55.481536450756565,20.93119514279267
555.4055172764077,423.2779309680245,55.58472570025631,20.885620082630396
552.6844177410596,423.3610473406228,56.0616285024893,20.68464184539263
552.0358165473817,422.58632620307435,56.2749278155806,20.790212145544544
552.5504483041617,421.58258098041716,56.354183736949715,20.845452825462704
551.7385251437825,421.1393847611924,56.38662049368996,21.003068689777425
552.1288691486172,420.6021762776127,56.258109937061434,21.405272042949797
554.1445605714006,423.76198308251605,56.182217203799354,21.480543973151757
552.9136124410797,422.4936002313757,56.346348924722314,21.769384393907785
554.0617649232854,422.068818192814,56.44099797795036,22.129680823764843
555.036757931044,422.1055236905705,56.460142359275906,22.355159495047495
556.95665943802,423.1906134519501,57.10095305382005,22.03567915861331
559.8223096524272,427.145866966949,57.85803353397174,21.607277383742595
557.7074882836476,422.1171063666035,57.59564040574714,22.134862747641634
559.5033563709958,421.95437552217845,57.699388630846414,22.457178846299893
559.8453913101752,421.79357005108983,57.660964609344965,22.791705054223648
561.1968537438823,421.92098688306703,57.799433212694765,23.115994589255223
561.45176154165,426.31068543391586,58.18198509934497,23.119232222664984
561.9436322472689,421.0788525245028,58.094361554146346,23.493493935350973
566.0446223813109,420.66660017958384,58.27604446355256,23.75339267387977
566.6339203407682,419.81513092723117,58.407806353704615,24.194370910564476
566.265768720864,423.3482575056873,58.56821571457627,24.264601422933193
566.6326924282407,423.03760272299127,58.60825086770541,24.23152720975311
570.7303651510967,422.6903689728297,58.748874393245906,24.06692274009042
571.4356461640953,422.30174516137936,58.76642964248674,24.199408741038916
574.7106529275399,425.8673722814987,58.531611199215746,24.075823472815586
577.2635056447132,424.63193720813354,58.90946823435165,23.82515483742626
581.6503266165048,424.08494972607093,58.38883894793388,24.136218858520166
586.7761398317689,423.75353007087267,58.164434197093286,24.339827805547692
590.582079997008,423.73079544305835,58.31079075168576,24.517646015853902
593.8222983880423,427.5845339763109,58.6597402039007,24.323525634987167
597.9632023928567,426.57115863061347,58.413496616879215,24.20761976166957
601.4689338025163,425.34536935980674,58.36854695445086,24.377841968596684
604.0073106965069,424.78090015621746,57.96456462032722,24.41719471388717
607.5217267370841,428.63151091350375,58.12079256343421,24.249939263767754
608.0636696345867,427.72769332451696,57.82062207614139,24.30002646715485
