850.5,292.5,23,31
849.9067338585054,291.50609549945784,22.484617972533954,31.19089090692619
849.3944883724542,291.79303889711696,22.22149996350361,30.942840352853203
849.4079809577746,291.652745181092,21.80295900673008,31.10814335690275
849.9304241738406,291.93498501598265,21.336599607927138,31.23593789995852
849.4137059580603,292.2503864283756,20.980393920080235,31.324050358852666
849.7050803832664,292.8327575326346,20.57527544946407,31.24049432568102
849.4819282940895,291.4640335742021,20.227135186022437,31.59528662197102
849.2092409061725,291.8777392155577,19.884373217357187,31.98697605298964
848.46894778143,291.95784786465583,19.56841920652738,31.998483506385124
848.6163157794186,292.5809581634466,19.409742971597385,31.815697748052255
848.8952804578853,292.4354120120535,19.223016262349987,31.700821205947832
847.9614321705362,290.5264198849344,19.21808069116655,31.96931596204763
846.8236364088351,291.3753673792664,19.2610638962399,31.86961318834944
847.7114825815315,291.9936836037296,19.451066693593052,31.743600999661723
847.6632878618565,290.99311493270545,19.415055620247912,31.98011720313734
846.9397308699807,292.3639004907926,19.221089343722568,31.884528829272522
845.9735644884394,292.4547317179698,19.403311122956694,32.02939417905435
845.4525977108551,292.3222389573685,19.764433868989762,31.83305733306577
845.4893864291787,292.2368663437083,19.70149256082786,32.015925307874454
845.2035199938101,291.3647530908378,19.97297940147258,32.332427213777265
844.0925896328706,291.2967706635983,20.025503089126214,32.35353911827931
843.860242534538,291.6030544107469,19.845870300909148,32.72420751961582
844.475378801867,292.73146569969606,20.21503965219933,32.713845379492085
843.2725380451229,292.6871917675017,19.925441090614246,32.91347377863698
843.8487925685832,292.3189090302391,19.761061480663322,33.04395395271656
843.5012276082692,292.5578045642323,19.938120643902362,33.24122643520256
843.5882370883033,292.5100304320824,19.719527605661533,33.41112438600577
843.1653238726336,292.89112569817564,19.512514042570604,33.45302673788295
841.7981601898438,291.2288366231809,19.507733084099208,33.507845471292256
841.3769555114708,290.9875098448766,19.630619785835076,33.169040569000295
840.4960075823249,292.6464669918485,19.761741146141087,32.74964173793195
840.3767577647296,291.76706657169404,19.952459228212085,32.93650632850786
840.1090422264607,292.8613402379413,20.16715523762081,32.786344864085905
838.8991437590917,293.23497652177366,20.298981629451177,32.687655410568354
838.9813529096685,292.44995077188656,20.25602808740882,32.7483487426942
838.6468850336299,292.35236873407007,20.299112327530715,33.0836939127353
838.8591249705464,292.5369165749236,20.197438871639847,33.544356875132124
838.1492307000407,292.53866985162637,20.8341762794955,33.37584365435108
838.0577502099296,293.26601053877,20.791587293620793,33.50665667913462
837.3196337260993,291.9839407436374,20.846194527905975,33.643128413183334
836.35633219179,292.76966541558613,21.142488372395718,33.43461163211397
835.332906146972,292.97124502118623,21.132462372126867,33.46470478531075
835.600855528008,292.35811125488874,21.06089511773774,33.47163330480609
834.6803848122922,292.00457103387316,21.186870967275446,33.226151891521155
834.7225485397321,293.25396623647464,21.0102254245793,32.989026115300675
834.7720504292095,292.652886183842,20.922355645188453,32.90283563844319
834.2565351218745,293.02094795826343,20.934700799767704,32.956668361248695
833.289727345709,293.31826325446616,21.042825400560492,32.78053962278613
833.3669098263326,292.37210845222376,20.847907327730383,33.011874009451695
832.5491062083034,293.1730768254364,20.937720553626363,32.87352240134741
832.6442271839222,293.2564580185581,20.91712003753507,32.76744264340778
832.3057986765118,293.12056691291355,20.936875421191463,32.77078821419583
832.1493198854039,292.68153084135014,20.935158715372825,33.040493450679705
831.394257241519,293.4005390047731,20.941738718871527,32.98101883182629
831.1136852727357,293.6273906240768,20.82559424339032,32.869968927359764
830.9000515653609,293.95686469784977,20.700592914624785,32.87538714429282
830.1137931961983,292.8586120089976,20.560806848956695,32.78250171961368
829.9317387720758,293.0193264929403,20.566242571696268,32.926970371452626
830.656686908081,297.0760533232402,19.698069810904883,32.3895569787971
830.125207191882,295.9769193800755,19.19637334330133,31.96470098092549
830.0847173919589,296.0057181456378,18.502605631078826,31.25244906614159
829.9218900123333,295.2781438383837,18.452441839743088,31.01149601515295
829.3912063580275,295.7747844170137,18.857747320218287,30.97034475834844
829.3802091255827,295.1299063196361,18.908692208110192,31.533376864911563
828.622608563043,295.0625805886564,19.01941335272085,31.702553590925614
827.619857448956,294.44577373593086,19.23824549212673,32.12180745264568
828.1534995682006,295.0563712352592,19.094850354189155,31.9064168735066
826.8181858808184,294.70081196453816,19.058398795237785,32.092826309456996
827.1330013436713,295.01618009076566,19.155841479361047,32.01872281418888
825.8039435592068,295.9897794929654,19.276826930873526,31.754818544472663
826.0046409626356,296.1274234185694,19.516044726249927,31.715646893950137
824.5536390789975,295.56114695344877,19.57047569002861,31.98036138186584
824.2205949304652,295.5207801520105,19.691929704504346,32.1322250742041
823.5082740898811,295.99547619412704,19.6602084229498,31.961783144752406
823.2216725684528,296.2407180898985,19.584292029065352,32.167183402148176
822.3530879946545,295.98155097822064,19.92678914049118,32.00118304937409
823.0166101456508,297.02624259107154,19.757143420003377,31.81655625048352
822.6955499262442,296.8621174458431,19.690021872541823,31.863653845522933
822.2278538537038,297.1519359279591,19.64454812187466,31.836875174347483
820.9931057954369,296.4051631411458,19.783727933247697,31.626464143970114
821.268568748809,297.851590694872,19.487117730610862,31.452813700748067
820.2118140679236,297.2975190001087,19.677691964169675,31.58925338210277
820.2644371475252,297.7685780040761,19.705449367655234,31.21189760885582
819.1475664348774,296.99755306448037,19.871216940793374,30.86484896299996
818.5215069948945,297.584889992948,19.890974861706084,30.699665476815223
818.0978017222012,298.091559950529,19.698665944697858,30.630957674632967
817.6473970793362,297.8873862399895,19.60903927251924,30.548985098639832
817.1249175758151,297.8276911705966,19.706432068337993,30.543404577811945
816.427828529661,297.8489533955031,19.388211393174654,30.73927157208604
815.9901346853264,298.13131412241574,19.29789768061037,30.759380044751524
815.7683051511727,298.1042833636201,19.189225360920943,30.738740729975913
814.6128785345561,298.277348504852,19.22626963800792,30.340345123813606
814.4035971735527,298.47796390221464,19.49286459611392,30.059245762098428
814.0080911802781,298.2122371187686,19.59770099787014,30.097637071223787
813.6184473430428,298.2409224787306,19.50409778269619,30.12149482359208
812.8058836756452,298.2513492133543,19.514210326002782,29.97081854882093
812.3408979418126,298.44487429385725,19.581488901116526,29.90968977429531
811.80807228342,298.8348920799669,19.6274488698258,29.864932808490803
810.8102929816163,298.99491092395783,19.747508344137934,29.457937017627017
810.7249141079776,298.6242391841727,19.806211698719835,29.479447719220282
810.2300158114372,299.27371649389414,19.875524881442363,29.68285511264063
810.3429827532841,299.23154716643444,19.572254783265606,30.143306347859436
808.9215724645992,298.9388027109818,19.42360287795414,30.47577243900721
808.6469432769035,298.5575164508408,19.733197101080957,30.627820960551865
807.8025232163848,298.1320450898801,19.717585184307126,31.001794559586635
808.0325306694326,298.15033459074243,19.91530091719235,30.910625027168365
808.0186027957551,298.7871150181221,20.034569655832595,30.89612074055475
806.0201669775512,298.4367097364569,20.138968786671093,31.2211252702739
805.9228773925565,298.73020621357233,20.151489532902833,31.308184316088894
805.7998851162133,299.3332545338185,20.172081892986974,31.060665844942374
804.7698012702012,298.8896063534374,20.304918733456393,31.12482361107718
805.6248426147104,299.2495507782738,20.557110357411062,31.11718266951982
804.6320978195754,299.4143244262714,20.727038653125394,31.53321109955686
803.4280024970915,299.38759298759084,20.758697458722395,31.82841982140134
802.8714894173654,298.9084911773269,20.81467756238081,31.80174502109946
802.4248824141234,299.234587924856,20.86439393493084,31.7403585467055
802.2540567207109,298.5613589638517,20.578757099442946,32.00171188402012
802.4485342433742,300.06015355588727,20.54435354823804,31.982726778241826
801.7394862839934,299.45172584418725,20.560599720295436,32.02657328287967
800.5841637161608,299.5228847416756,20.69556564911251,32.13895307896922
800.7403268420156,299.09403279222806,20.396506717983534,32.42571612569923
800.2685923505526,299.55032946016746,20.659250424439563,32.48045652385589
799.9493586686406,299.3224226418787,20.591350534006263,32.507204038855164
799.6343747419018,299.79857709675673,20.5018078918213,32.49091687430405
799.2730885056603,300.27801154992335,20.393281688576206,32.686252694189946
799.3347969044524,299.469614081072,20.775100443779845,32.5187934385867
798.8410585794804,299.6901938895431,21.10584858763565,32.648531043209786
798.9052126051077,299.5177215838701,21.47826687858226,33.18637139482631
797.2916522250509,299.85895279603847,21.671464966424047,33.37325308574687
796.9228082259918,299.984266269705,21.670819977710508,33.310336840833095
797.0822809773426,299.5690385659567,21.905005697733948,33.414888856491615
795.9620037104679,299.974032722499,21.947500911033586,33.783184592441195
795.9685952021638,299.9377266257001,22.034924778921653,34.270689340322036
796.1205560669632,299.33753635831334,22.05309239358585,34.30862683329413
795.614768512319,299.8747081193374,22.194432119363675,34.39047132241542
795.2280102980412,299.8697628950579,22.412441186030218,34.61231779514449
794.6234503214115,299.58213425257907,22.930035620395483,34.531673528855414
794.7370655104122,300.4599128301904,23.048867395971882,34.704769852255296
793.7800002809865,300.61031781231685,23.11617404329221,35.092578249952275
793.8003306980456,300.43270957189037,23.359030182431127,35.58610124423392
792.7110267442954,299.7251331263242,23.52948107508481,35.74676960110263
793.6036545827677,299.5973366299238,23.440207377510177,36.224003836407555
792.2610067933675,300.27463673891964,23.380296600262035,36.49771143778225
792.5777538541864,299.7413626784698,23.587579398942875,36.29696324444255
792.7022576557321,299.98059868207184,23.825740405947418,36.037867726758456
791.7206384306337,299.5955210871204,23.87061647707022,36.65508291159733
791.6578760143399,299.97473045370907,24.047864417353406,36.84393278365219
790.9671511873852,300.4298429059627,24.009395772541502,37.06028811748729
790.5423054881613,299.50751553100315,24.19714373532027,36.9362925263724
790.3705346037493,299.3748603350905,24.26897928065645,36.635931712677134
789.9594756187602,299.0427095532959,24.599200174266414,36.51151904620574
789.476936519965,300.66921702403505,24.556286461875896,36.46649212848531
788.984934719282,300.56366472933803,24.723828559736134,36.39876881222449
789.3145678302936,299.92253387856016,24.577755289392115,36.355285408036856
789.2357531826904,300.48291454064076,24.479883135490578,36.3794314391841
789.1784360955644,300.0361195204863,24.689617205935093,36.24912848079765
788.735858009843,300.14900309047005,24.921587711770332,36.53543801672211
787.9969891385176,300.2207252505378,24.766414249129518,36.7450124870701
787.5814925211502,300.87007684636075,24.604253136921372,36.759506550558726
787.1699768822947,300.5631275917019,24.456388230187983,37.04223470956324
787.227753486313,300.4261494816793,24.7385651342271,37.25045175244102
786.6820468411879,300.71110957536007,24.65432484762651,37.72095030916665
785.4492715658496,300.4054144826175,24.943551746035535,37.566927925605775
786.4667996844045,300.57456514042417,25.221763216750475,37.483583302449745
786.5834065795765,300.5832922320098,25.340490147679866,37.49696552078572
786.5542399399685,301.56456304015677,25.065545515948124,37.89489157683974
785.3455586146215,301.01479594648043,24.687710679764713,38.20491903077493
785.347960649498,300.85634354407193,24.862320837616565,37.83165479920356
785.0567130171501,300.830075980232,24.705045391844212,37.861822931891496
785.2839289710465,301.2170905211603,24.76834544863936,37.33303444895193
784.2308265562675,302.03170186012176,24.916390712271745,36.9924702707467
783.1354754798674,300.80685888563437,25.1001288967951,37.07174387002053
783.7158348418482,301.96201383164714,25.203347646130535,36.790475029859664
783.6430780925004,302.29667132530955,25.176459060952265,36.59546141053292
783.0768503392865,301.7725085320098,25.011528517156048,36.74306920223732
781.7421439238648,301.4699277748843,25.159143929404983,37.10222012986889
781.5605061676075,301.1935775505299,25.0494933616926,37.37002918181674
781.2968666743816,301.5679444941959,24.98161847994598,37.705912074765834
781.4018723732745,302.06962051163305,24.5069166829904,37.945627542867015
780.9034941778192,300.75466874053734,24.116140720499786,38.26307400040258
781.4168457658388,302.0213951045953,23.543195277567055,38.23778090973792
780.9238686056098,301.3236092043203,23.485658949755503,38.17586190847674
780.3402838690132,301.4654118701838,23.76898929254704,38.41275526973904
779.1798207974058,302.2943218700106,24.11394016072222,38.2977811153079
779.3852967052171,302.15723789093823,24.11140783496005,38.396685713309914
778.8763908416299,301.9426653516794,23.935016900620248,37.993516479369504
778.5996109817844,302.25400344394336,23.994303613395125,37.624983324293034
778.6341630301919,302.542040998602,23.885817040220587,37.29383773725169
777.7120435305097,303.0842614337372,23.779720060123307,37.51459720534487
778.171124338647,302.54256433270194,23.61384994441711,37.27845162203023
777.649941813635,303.10972347304175,23.58255283261397,37.11984725002302
776.8632705845367,303.2487143332555,23.60717958017071,37.0607485522614
776.5602382385955,302.5277613283218,24.07345483976577,36.75768030656703
776.2749421072912,302.9094660241623,24.4116075843998,36.49130531558747
776.0381047065115,303.327304976541,24.48096476854262,36.61852888387562
775.5075739212515,303.52443010736283,24.588268397339828,36.685622327885966
775.6722537280453,304.6129283683791,24.527366434890443,36.72073966312277
775.5473337861378,303.89452228837155,24.35313041719717,36.66909891176091
774.1876589420574,304.03708173459245,24.72209110160428,36.49383925490382
773.7699826700297,303.6173089983397,24.778115001384187,36.58755514519495
773.6778778658985,304.94764380360573,24.481051375755833,36.624938417811144
773.7227965216366,304.45432174839834,24.70918690315824,36.71015406715106
772.6922244804185,303.7972340441489,25.152204712439307,36.47849505353837
772.7425361915493,304.42642393389804,25.34209853094028,36.363790601341236
772.8806609393636,303.54643446023164,25.19264483385195,36.58829679801021
772.016472863635,303.9780721509067,25.158186674777355,36.83557098579005
771.0638609866788,304.0949870190679,25.33122470729245,37.201067681218845
770.9524493214728,303.2606699374399,25.291975563940085,38.10387490393842
770.4209041699953,303.647142115367,25.35311584133653,38.42356927908697
770.0407185078986,302.73621456013984,25.80764977272291,37.88120686978114
769.5454157348769,303.59274234303564,25.576502436762752,38.09819166348667
769.6315333339342,304.75047274079236,25.728909896881742,37.66267888795461
769.4541461627069,303.3352545055978,25.81789782995812,37.70816796301904
769.1511540725555,304.0155872215391,25.423057678023774,37.45084494503871
768.8554796999285,304.14928145961056,25.58698533029053,37.862258243874436
768.6540505803001,304.26148861160243,25.486648999006125,38.037640604605514
769.0863384388286,305.18591388266543,25.188981224244174,37.97946868281791
768.5865518759679,304.6236430578282,25.168690506047927,38.38913427677491
768.2339609958008,304.26350679393306,25.212061927884857,38.27391049814583
768.5188891406599,304.9848100337833,25.178602141615023,38.3564772057013
768.0309008706151,305.6506411103982,25.06159758162232,38.3000259098627
768.1944630408617,305.59165138298994,25.320495022096708,38.61514920248886
768.9411818713829,305.2356952368589,25.679364919114146,38.74530812160495
767.1138781832339,304.98980730170337,25.911182960161337,38.523178657443324
767.2976648574329,305.61273627895986,26.090777389778406,38.54092343654233
767.8850464724521,305.67102804274055,26.057749594271982,39.17759402456254
767.7868303288408,306.0720624456275,25.990967174120208,39.40879522019994
766.3138432023734,306.0652383177806,25.99841122037467,39.5599155093945
767.0993471773725,306.5910799713248,26.02361982978657,39.93203839279679
766.6952817609504,306.2776519382287,26.206123323744556,40.223226312378706
766.8979455571674,307.101061523103,26.325338361029182,40.84856290434891
766.4890508778884,305.7379377604464,26.18360857171434,41.03666035756428
766.3399058924731,306.651283270844,26.224387999675425,41.140563423416175
767.5458394761775,306.0584886268895,26.038515419210984,41.42032793086095
765.9141038927397,305.357156189385,25.59538568162203,41.806775693328724
765.9378751433243,307.0820038127274,25.038971446310537,42.414098249836115
766.005630446319,305.5905030886015,25.15754748377869,42.26171251585225
765.0633709787015,305.2292087864982,25.17188962686882,42.69986173512159
766.1196861320466,305.93664768459814,25.03547217933238,42.89780015348305
766.4393993416973,307.02461325789073,25.023216859216916,42.882769599701874
766.1424596714443,306.95371077582246,25.301283284159375,42.77640390489243
766.0471805855614,306.8762479493568,25.22785355709867,42.58117334001015
766.8304065564524,307.4000064048985,25.248180375272863,42.595655511492126
766.1238568621421,308.3541366939848,24.8548607489626,43.153793172455224
766.1695078394589,309.18589935961353,24.92945547826048,43.26533576665103
765.3850382944764,307.3456282514234,24.713805396815815,43.839214517531346
765.8370705797006,308.34582563425187,24.51778922963061,43.73745680822514
765.7275010241078,309.2498142413788,24.091845032596233,44.19066428635411
764.7198466977793,309.17127900659483,24.702537925403604,43.81628615324566
765.2029781681593,307.94686598535685,24.96478548364406,43.42955807279681
764.9784655326639,308.1871802456732,24.69088777384961,43.80863863619808
764.9274251723533,308.47609615133143,24.446263951834013,44.15284216137605
765.1794691912912,309.1753396958567,24.107046608237948,43.9503532641591
765.6065244908484,309.0021762741157,24.40043855066561,43.76572574667914
765.1837760889397,309.10375503107633,24.831191483986267,43.294545218689215
764.8957090166293,309.73217899346366,24.732830289213247,43.39806649938947
765.8455187988877,310.8750546753388,24.897984761104084,43.20102091376114
764.5312774507165,310.37280306605146,24.732803955706878,43.00058178671655
764.8687797592466,310.7462163545725,24.26453292305053,43.077466306915014
764.6348668242468,311.0358574733761,23.94151137235788,43.47071574560016
764.5385302656924,311.24612543249066,23.6687342324038,43.447736847558375
764.858483698254,310.2916754120189,23.831847188924534,43.14780462455539
765.2634006270897,311.38827337164486,24.060053253967233,42.89567127492171
764.4792719279277,311.9081560048651,24.121362419640516,42.89484119296004
764.4064193134188,311.91622712558825,24.333742223867734,42.55263087800252
764.2380214167478,310.9442248185335,24.36934990590479,42.747449810768984
763.8524867571559,310.7590683235297,25.029447811535622,42.74924713047706
763.0849831526806,310.45966674767885,25.430244553147798,42.52778200882521
763.3789806716699,310.0163323710215,25.84410000097098,42.375219580995086
763.8862010881152,313.2034223048355,25.992311899022003,42.386226862415
763.7537038588686,312.81856108835797,25.416104694498003,43.21578497892444
762.7946422591662,312.05861471520177,25.728192065312516,43.15313304082674
762.5936567510178,311.7390760331015,25.962864749752516,42.96001017585934
762.7788641656055,312.8964527665481,25.454759063524314,43.166485022412246
762.8860556685489,313.3527409083477,25.498053433907693,42.66314391823737
762.9654505238929,314.7457591313414,25.7096480587376,42.813704342672246
762.9811345406989,313.8449414495489,26.035385131240922,42.495764682606165
763.5571579519412,313.461965434176,25.69293156904439,42.65517615262951
763.3036157943212,313.7085593330021,25.548641186599347,42.51831103092078
762.5146299322023,315.0062016323074,25.098750838846215,42.348019470487664
763.2439087309153,315.44144073506686,25.026843207660033,42.17556959100331
762.2360912822821,315.3890202496039,25.0159154141915,42.11018743015336
762.8972890413098,315.01748897401495,25.125153606997436,41.910243704246895
762.7415633134276,316.1725212493514,25.078595307150465,42.204880434167855
762.8776681444671,315.88704367021563,25.224562981525985,42.19960733144542
763.1670891607534,315.91711410319505,25.347040583867553,42.44515547253049
762.4565529584853,315.10433867495163,25.227806301048783,42.4222435566479
761.3068133005132,315.1963816353429,25.758257787822615,41.99826577895659
761.3110550210349,315.0903048468376,25.623798529337385,42.15512601200587
761.0170477971125,314.89452385154976,25.23573583780465,42.3995523276282
761.2063078026613,315.594314622588,25.61010265846738,42.00172197001521
761.0664721219687,316.2068243363299,25.982329036131972,41.85067822479003
760.4637455283786,316.1269943506993,26.388050432292616,41.571902194511935
760.5170969563156,316.9166494804674,26.353265475371504,41.78183301049147
761.732428622507,316.4636486801662,26.513543810545556,41.535135736620255
761.7486726046409,316.88657116395666,25.96426283365879,41.509203977524024
761.6930257300903,316.42847572648066,25.983365803014365,41.1877144172954
761.5477424375359,317.6522533006669,25.721046855743865,41.34785151059154
762.0851731629626,318.3161220605387,26.036546713941984,41.12563090140104
761.4020535498547,318.7408080911249,25.44081477640805,41.555036081935384
760.6459810540676,318.4547736068774,25.57539796034979,41.44078599725742
761.1816471995252,318.17039826575444,25.729526914017953,41.068277891394416
761.3520459986526,318.8698144324831,25.573663559322945,41.13478164230301
761.9905392338294,319.06061745733166,25.87958667301472,40.9249553443835
761.4791996003618,319.2131312045691,26.18354264283093,40.68234841554367
760.713827953695,319.26321917609744,26.20160731296472,40.767918903837604
761.6028397633054,319.4627822610811,25.907421775104112,40.9502839061841
761.0653998752574,319.4630953138062,25.75899894843194,41.13821043366165
760.986425498322,319.0950737954025,26.258010218276972,41.2688571401125
760.6469027826361,320.0705816510036,26.504831614385605,41.39977230468856
761.2001707630309,318.9512127439074,26.053108704819884,42.06853390828678
761.48118119465,319.58809663431265,26.40520446259893,41.95587283314181
760.9292744413963,319.68769406929516,26.30695977303865,42.15426657382595
759.3044844226063,320.42255611922764,28.61620268913203,40.25741079132662
759.2476311626859,320.640068027935,29.883523729999197,39.38961880784664
757.9178436657987,320.95337846233497,31.152351295833306,38.6638969171609
758.3798319675766,321.350531689036,31.956696959809918,37.97633144509917
759.0772929579161,322.2542277457598,33.1700580220386,37.10422704565613
757.6211827862105,322.10980499015,33.57787787373537,37.04361061396452
757.3964198380074,321.8996873417852,33.73871984904283,37.2427961399813
757.6048268795398,321.7901755553481,33.94009969040509,37.40609656725134
758.5785605508308,322.8189024610117,34.52381535220239,37.73788635867689
756.6295000387678,323.2713546302689,35.535341603989515,37.259642528079866
759.55346076075,322.7705179869573,36.51484897777411,36.75761722728545
757.3757891383088,322.148115494771,37.02762406355302,36.78762924481539
755.9815595476952,322.41892224590805,37.187465958098386,37.38237090420822
754.5908378444816,322.3412459398952,37.57332239705718,37.31622602523184
756.0389415187099,322.58866345462485,38.209857548905916,37.42562753895106
758.1596219708885,323.3820683464793,38.098908269457176,37.80114440109336
757.6795578052562,322.3163517114612,37.542274820936406,37.92706400306916
760.755234444041,323.50674060315635,37.721646259553495,38.44702279003717
757.5440537834961,323.25381272011214,38.10290946281484,38.68782427059931
757.0610192451348,323.0215713292612,38.22034268720049,38.371931750463276
757.5080315708527,322.1928819922539,38.37666226450922,38.19581909909947
756.6225230447681,322.7347690930511,38.68743311134858,38.16305824799181
756.8732051847838,323.2429352825226,39.068692146174456,38.169667219985726
756.2325985845011,322.4942540907615,38.948431228507175,38.81621573784622
756.5090034685961,322.46786488285346,39.04531208836899,39.536054707689864
758.0633247369844,322.00550746042,39.84727784321841,38.915891546575374
757.0641405500951,322.7411241702962,40.291772320398124,38.63342985152395
756.586292707613,323.2426525406638,40.15833212012366,38.70721744539101
756.915001476731,322.9576593052945,39.52795098426209,39.56170588594399
756.286883067548,323.82877551832075,39.635541805580615,39.78121156948011
758.462067525696,324.4214292666271,39.72806639438108,39.96490510378932
756.5593804466299,323.20322333794235,40.30894943312865,39.79901011835486
758.6060690523059,322.92713360992553,40.21234379579721,40.32268059083611
756.9407877931956,323.1137887287419,40.7482195197367,40.327118037920506
758.6689791727982,323.2676060949871,41.107488654147105,41.013758398508735
759.6341506002964,323.4876542082027,41.35873134945912,40.91994703841061
758.8973714245278,323.7886863698304,41.42460275221989,40.89563578217176
762.3154267812897,323.21380139611813,42.07001650616438,40.27327118713105
759.296070789149,325.46965252745673,43.3273812156655,39.86007728245553
760.3464737241902,325.3866793014221,42.65346035439506,40.34236638636888
760.0767216802324,324.8957030944266,42.249104328690066,40.484217260271215
759.5528183708698,324.2510919389302,42.009806936833144,40.81381057203081
760.3071343958896,325.6282926055806,41.41937162455982,41.68039498511361
760.6126533707252,325.3110581297206,41.47205338857661,41.352208154134
762.866756791583,325.9864884339493,41.842938286515384,41.11665690331968
761.5987249018392,324.8642727421765,41.69611618076434,41.95796657704168
764.0574598369174,325.40880536537526,42.11286910418714,41.58099903505479
761.9325247408675,325.7424271920982,42.328653068869954,41.730940962339346
759.755046148204,326.36311059424406,42.69503717985626,41.785277211522
762.0614867582151,326.5072491161115,43.375923412073945,42.24417162936939
761.1027683086039,325.6779925709714,43.10915740182669,42.658128769484726
762.8069881678188,325.6610562227172,42.89964270170761,43.37784338398478
762.7726054079833,327.03835981886994,43.52717756666204,43.19127227108605
764.3877077509419,327.5013492117998,43.67034352817511,43.00252992540816
763.4591529062877,324.5521215940826,42.914323124862584,44.77634135819959
764.1326682077072,325.2000893420263,43.15221137864444,44.91771107433313
764.0475331662752,326.03095765976695,42.88109044049516,44.98401620692579
764.712871687756,326.8846820143909,44.04248836396434,44.557478585667795
764.9573520159793,327.19577867661394,43.57327279476887,45.14167051608155
766.921005104825,328.51963537331187,43.867524711102035,45.14268477809655
764.0044595427099,328.3127921526852,43.640145254277414,45.371119998289196
765.661800133434,328.7390129488899,44.08900744021519,45.05349562466023
764.5768600737694,329.09091463575635,43.97690466083226,45.26226463480792
766.4298910323879,328.9301320381132,44.72465343542879,45.44732428590862
765.6313756450259,329.57797120947686,44.782659857125424,45.00308035279964
765.9459710979228,331.2972522111096,45.43408165846982,44.358160393601544
765.3401384607113,330.8333483528052,45.11449037638182,44.9493232520884
768.6940531642795,330.5225689133917,44.72008460282088,45.83640237575232
769.1005086781687,331.33912311974956,44.380797595857366,45.95440821226603
767.2945271459776,332.22312000855555,44.76003170210961,45.53834338401013
769.1299005742333,333.1734809474481,44.947744318254465,45.87039910174493
767.2627713423168,333.26987008044324,45.10635471270579,46.07489154503099
771.031486977813,334.4525932201296,45.66570707971384,45.675046471484094
767.945757957392,333.2693195755152,45.42403626771163,45.66726061747853
769.6053404728439,333.2911165865636,45.614006006247656,45.5094630007568
771.0561291885011,333.9129764828607,46.3481926969422,45.04649598621584
770.1159719614392,335.3773151703102,46.30720673984178,45.40830184762973
772.0868193606424,335.7139808800367,46.41168503713862,45.15568999213777
770.4022292301361,336.13686134199924,46.22418771827153,45.153904910211764
771.7254749912612,337.4429905389872,47.03036390918646,44.29374138108105
766.4476495572865,339.9936675671285,49.77433016867654,41.40215061329641
769.27824444777,338.6719132163708,48.969902796919506,41.882419835746916
768.6264904918007,338.70722693115465,48.65804329629104,42.07033643398453
772.7274911599432,338.2283475152436,48.173829702620985,42.52754290956337
771.3740468238178,340.36605979099215,47.31937017502716,42.773141154697164
774.1056925405005,340.5474459779671,46.70509350072557,42.71899710144138
774.4752120699754,341.3830096695104,46.126880588378214,43.00612822799068
772.9292029951313,342.30824067149706,45.59823628727628,43.56790029193415
774.8566703352739,341.96503833548553,45.535671211101814,43.46759130419387
774.9600741771221,341.965280275663,45.01584517561194,43.53644403934173
776.697991560238,343.6176314361967,45.707014040971984,42.57377415083051
774.7936405320581,343.8965978506794,45.39667656180927,42.656824545780175
775.7503165934871,345.21473822955596,45.55568519296426,42.845466349672584
778.2852287555085,345.14864228841725,45.25773863457717,43.17447644958514
777.8381181056088,345.7433774773421,44.73129705443253,43.43853697936645
778.4612559370427,347.25517858231905,44.83699945514842,43.38480748250155
780.1361220095895,347.1029482248452,45.639038378627745,43.39657637062889
778.5674652801385,347.9840206964067,46.15091982306422,43.80260354855383
777.5911467236507,348.218009451594,46.37165612484458,44.0071957899187
779.9442078763934,348.6804349495768,46.71076563851202,44.00361981359875
779.287027141941,348.83233118836597,47.01224332502978,43.52388940031054
779.5413468088627,350.2999238171747,46.51325406047542,43.35004786026814
778.2987081761567,349.3618634532841,46.473383887838274,43.85744304979552
781.3474700172919,349.49620523306083,46.94899605838141,44.274045714130466
781.5027253605564,349.7389151983682,46.87806008734766,44.423500723434216
781.0050762562415,350.31002704216,46.9933737979534,44.67605719484723
780.9099859512684,351.1193904688242,47.51365625554829,44.794154377163366
780.7272034736135,351.82249335740573,47.35561783113158,45.16965970153233
782.4518298710782,352.7473575301609,47.06441295070721,45.45820054204187
783.072720490686,354.2756446705723,47.154568905362076,45.692125471576645
784.7440049281075,352.3036786426743,47.16805052185211,46.63348880560146
782.0253047575899,350.73337115724,47.69136690521523,46.80599035407629
781.8436326243965,353.42206339973137,48.34349925181758,46.77920658854548
783.9358670503203,353.7874004668845,49.01574083392988,46.64135733054768
783.9515045821178,353.2216466046988,49.040617879391704,47.38600164444616
785.5046262124148,355.6241096147914,49.08761482265507,46.88274474504952
785.0358760524521,355.69003719722,49.23163254093799,46.77005683580252
784.0415649203175,357.11003507537527,49.003395226120794,46.26646134995404
786.1084160277641,359.05204185106226,48.89382335561848,46.25913794788732
785.5996851986363,358.32002568942715,49.01285174580387,46.37675093674595
786.5006928885016,357.9240692749591,48.84348769511362,46.292443062556984
786.5949485981788,360.2786243479478,48.94865482767167,45.77614822038212
788.2337439384961,360.4627668291401,48.928269633334665,45.32143640386389
789.6255099156452,360.9270048766268,48.904303509267,45.157322048049025
791.0110250684689,360.4277650224256,48.56295474315516,45.21154455668723
791.2859733992725,360.91669136293666,47.55527086583827,45.67314666959523
792.8436578184807,363.35799273774415,47.83327360945336,45.376803761899126
794.147007696019,363.2797783508101,47.54862228005096,45.58328649361707
793.3837141091749,363.5779156657651,47.13011188808834,46.032071425436506
793.6230320275309,363.9355689958136,46.88374462322989,46.407018237667636
795.0054330434331,364.97086638459473,47.57890567469289,46.199280325034586
794.5238672144359,365.0299862437917,48.0125041848754,46.5693159855831
794.7085637243673,366.2219829692514,49.21004789635091,45.95136393271205
795.1323995471438,368.2091326841195,48.77184457379022,45.572775495789045
796.3140485334618,367.3156912789971,48.71381822667312,45.655936901958185
797.9223385847058,369.1277574714998,48.49876781778869,45.73700471226528
798.8704748187089,368.0664237848234,47.95522347821569,45.934855357979856
799.8982941439021,367.87776894637113,47.7406559566743,45.9095073472204
801.9663060227557,370.4711284185016,47.82876569048335,46.29109675638346
798.5665121999698,369.30343556327654,47.76974413653116,46.86843595899822
800.9943150259355,370.87726741290066,48.116637397411026,47.060443871535924
802.3694269802537,372.23304726777974,46.97014500179806,47.73009067422885
805.9276459718011,371.73718365187005,47.276252928584846,47.63865071072811
804.5582854225592,371.91924305674144,47.32947292843603,48.024707317454975
804.8343760975379,371.37440648950934,46.89309868705957,48.4711343376652
807.1122368832619,373.0433876589126,47.18740896833379,48.39928122699278
807.1623878701566,375.58398778340916,47.20767739341138,47.9248991771574
805.7325073459883,374.9810544671019,46.652987796301204,47.12719334578269
807.4844408031043,376.3849023230633,46.87075860789922,46.821838904306674
809.7913404442625,377.3665738917051,47.30673444917918,46.69982367267788
808.4899205057989,379.0965061892059,48.158979471751444,46.375253991921944
808.8962938057923,379.11832037432765,48.390349964851,46.09290490663254
809.2873814841644,378.60183896129246,48.29793165719049,45.616174825369555
812.0387487651502,379.1418459440034,48.36058386737447,46.17549923408548
812.5512155387855,379.48975142476854,48.123924489072195,46.26357160576143
812.9742316422992,381.3669517432566,48.292127182519295,46.41136093880175
814.8937727986631,381.4604079148779,48.222518660914034,46.77267304471681
815.9310095382909,381.5297797274752,47.71693670692693,47.14921628237238
817.7338743271598,381.55015486152354,48.15013230008744,46.64464922250295
817.564421514828,384.8330479552695,48.10311924789781,47.40926874713875
815.344977755647,383.69294329941204,49.45814040845654,47.045479674377965
818.5188633101336,382.97284296048025,49.93456039292834,47.498337338954904
818.7929267211316,384.7235943628491,49.75580114061718,48.03105379920133
820.0790059341939,384.6557274155222,49.99907502459689,48.54469255602055
821.424372532081,385.7524394450145,49.18280657911279,48.9999417930108
822.3887894940744,386.8347166084504,48.76100147325626,48.98796152848642
823.457467571971,387.2883129300829,48.377090227512625,49.28513604601849
823.7092333260282,387.69162273492276,48.13902424717112,49.94701299738917
824.2700209101552,389.26070725421147,48.45311671292748,50.0330225114393
823.7462329201704,389.7342397039978,48.5912764345619,49.380935485430456
823.1320205164456,389.99298927186123,48.32742004350997,48.89423184379807
826.8227034136079,389.79096845565186,48.83998468436617,48.41599181518319
826.9547136698458,389.4415029017512,48.580457266871036,48.23677037371763
826.1018907731255,392.1669619775841,49.12791018731041,47.35931661566754
827.9303230457446,390.85478363278645,49.49585786359933,46.92589351629197
828.7588471214883,392.9229959047818,49.237465007484026,47.017218319987954
829.7583728041258,393.5111231535066,49.59477240876482,46.75595663183404
830.6708359242081,394.5977962140066,49.56499954804049,47.0671960344394
831.3988817859112,394.0655401645796,48.87844372379661,47.11018239266996
832.8638455345089,394.7944011486,48.62825427133991,47.50407013150781
832.4060154233432,395.9072324456052,49.30943321858957,47.60715886310467
835.4527957584144,396.9791512445615,49.52284934364388,47.67262512108816
835.9493562781305,398.6174885913032,49.76660801059429,47.64592324788674
837.4889336557134,397.271886214207,49.27619908787179,48.19525559607328
835.2540516458224,398.68841386796396,49.180948745318545,48.774139432693744
836.6461285675331,399.4890717090087,49.12847648720921,48.91027256213536
837.1345100865437,401.1117564576135,48.99646188659238,49.144430061538344
840.1258984704998,400.73106617113945,48.81517637920882,49.47077087580416
840.6302663212813,402.42533250074297,48.556207385066195,49.71753932972578
842.1905975681456,402.0029411443571,48.404859466532926,49.419339678796604
843.561765309097,402.6202469226655,48.73345971079578,48.649943834965605
843.6408524059858,404.7903777160496,49.14935734156895,47.55083691891274
844.6178383609075,407.0930450216384,49.211308693367876,46.93029835494591
845.1277926355872,407.39940538427396,49.67104944935224,46.5063870245111
844.8096799046793,406.02000755789504,50.00616342163353,46.2540680799484
844.9910020943136,407.81427127592633,49.62359426014862,47.04641575451204
846.4664869986531,409.1466304461336,50.56304393465439,47.16094875114887
845.5842552199244,408.85748738172396,51.10976016144601,47.37711446022752
848.9528598057092,409.8811037677058,50.3077683704003,48.464573641922954
849.0977067193337,410.15940126023264,49.757375896844316,49.006211045365625
851.6762466348933,411.406286673522,49.68007616750103,49.146939053396906
848.7167621688842,413.8448297247549,50.718295397065624,48.76514656817957
853.1100606927323,413.1591913933133,51.38831475104199,48.2611448773717
851.2700085138505,413.7863417280621,51.6950808863018,48.16784469806265
852.694573316406,416.3030356799471,51.131204805971024,48.70979801896321
854.949071490929,418.2137644378302,50.8799861478125,48.35668376110098
854.8239206176152,414.68827422856265,50.286409446430866,48.552203059030575
855.5095615541173,416.0416295301259,50.82037967246366,49.15775832885948
853.9415892040435,418.6629558366379,51.377023015342,48.286322966659455
855.4264899136639,420.4999671753809,52.572596828797664,47.54238880922345
856.0094743201709,420.7626209010798,52.073643389490556,48.2093442457804
855.0679133479387,421.3065066154877,52.84738318139751,48.243635738488635
856.2118227654312,423.6692169409678,52.40846442613983,48.36871757852582
856.9840297712825,425.97900405176665,52.16115727650529,48.08277105773365
859.6621074145058,424.60899527626884,52.22476746247081,48.06158651179018
860.3939421894631,424.6766863545632,52.01878524280207,48.58160278364159
860.2729692305967,426.34197423799,52.008268654240666,48.59386244311858
859.4492670336622,427.3482260399487,51.75863446912251,48.82007448785228
861.0246030425247,427.7344231681987,52.316084943234145,48.40207681300206
861.2320116498595,428.83047590171486,51.48907219505062,49.36734906584894
859.1231233536467,430.32473678110983,51.39360444467213,49.690015528036675
862.3065637118779,431.9436869991316,51.65158926013116,49.09747484655549
860.8644323331209,434.4178898246895,51.414735379461504,48.90200603549717
860.7640675286484,434.41003568417807,52.061474058087654,47.970088143023794
862.3528047275928,434.92166664510046,52.83118827599784,47.67378872795011
863.9653184904166,437.5778049881312,52.53692423339781,47.52829442103898
863.079206891646,438.9089348339794,52.49410123972345,47.31047270999437
864.3985048651607,439.26355458694604,52.30005914477542,47.2847284275833
865.2837848561641,442.5135372591192,52.21134601983964,47.23709081150858
865.8525289036223,444.23235393450756,52.3851005053368,47.39598074564385
867.6639616450077,443.7143914996692,52.14873371221745,47.61300878523871
866.3775317091626,444.0926200964326,53.076107348289376,47.373471144991726
869.3476812962213,445.93502745830904,52.43595141605415,47.43653807216353
868.1275033421783,447.4698320122319,52.26473410484079,47.540827899635815
869.4978410405156,449.5874040516949,51.970972904180506,47.67135402487243
870.9060813125944,450.6393060076409,52.12991903391215,47.29213159300666
873.4207898205568,450.2289696332537,51.60244894410419,47.389317739474656
873.9503899526275,451.37325651405314,51.80578139099211,47.30764648184312
873.7661815920932,452.8254525157697,51.899348607828216,47.20424696727107
874.0760788946264,452.9535123924627,51.164282434463196,47.091845396925656
872.7404718432474,455.5275994414803,51.46111737920139,46.61058814611954
875.1733809909574,455.7378013776566,50.81115182120812,47.39423517231886
872.6046534588253,456.07476473711796,50.72507563928714,47.66695365364862
875.1331563335016,458.2790082640135,50.71077590266022,47.97062861767983
873.8360324932727,460.82073057693685,51.35531118745014,47.702726212902505
871.8964291293902,462.26637404655486,51.03938661333508,47.91806244642641
874.0753252476518,463.21892851011705,51.605269437084154,47.64228677697726
874.584108900598,464.2873186887176,51.27793184510843,47.416188025115204
875.0417877404238,466.41648543026935,51.190078979127904,47.14856646942562
877.6961506006897,467.4944217760942,51.021921991811524,47.77655660698431
877.6378929585591,470.0040341969923,50.94812833268209,47.9661072855129
878.2885536066754,472.3149711579016,50.59887244467929,47.92022070271403
878.9854486942543,472.82741203570976,50.25277921757289,48.38354569129171
880.601804853968,472.6376797925552,50.750425021924585,47.948788676250416
881.2244287031538,474.1971705027836,50.76236159059725,47.94615814499954
882.8518242556805,477.2961735901306,50.987613181542905,47.59019918481368
884.350924801786,479.86456312011126,50.432641049368975,47.33907838901247
885.3118434061224,479.57224263415065,49.7335849028224,47.387052192793206
887.1260610175528,483.9251342108707,49.55549710351506,47.24927364750754
887.7369437678061,484.00925439919786,49.426274847370365,46.96402931590616
890.393089290042,485.4021561836814,50.66652935038399,46.86705779154046
891.5823778037256,489.1060181799929,51.38335957056002,46.66227521661161
892.8729804022115,490.44127116558855,50.66548068469982,46.961224964414484
895.4817770163488,490.74525038566804,51.28525642157408,46.97430168288961
896.3090365716031,492.22787692941586,50.39436674755848,47.62797416683567
898.4442831734942,496.2040578377997,50.9481943369281,47.582160850128986
899.1406257268948,499.23780269038593,51.74351420067754,46.82758313226127
900.1986870095317,499.3505716004808,51.79568344257835,47.313383951330856
901.3647091546914,501.1439722162834,50.99268866798322,47.62270565215974
904.0412746576782,502.7748990730315,50.80154639720856,47.44846432918166
907.7181400733394,505.80999477724424,51.337909369291765,46.9417251645612
907.4028915811684,507.31758596260727,51.47944185559078,46.81998160990566
909.2591926490254,509.9529773602169,50.86704704867325,47.33402509337297
910.8092692201723,512.3184708740555,50.53876070478032,47.12769340779778
911.4030390811163,513.2544983063375,50.96843995414479,47.29195660696983
916.898093374261,513.4053572418288,50.296220581417444,48.122451136423486
916.6365462108555,514.89644507852,50.1128222457984,48.333808883603886
917.5210779094529,516.0859028277345,49.804467705186525,48.73492029786406
923.0545410486621,518.9966930759133,49.81752418433613,48.95097560472922
923.2520455858566,522.8820471054996,49.63012242393776,49.23719713387431
926.3404113914305,525.3916694180919,49.87425968638637,48.58189656233981
926.9618392110407,528.7303780221777,50.44864857689013,48.21314606025331
928.4207670225574,527.9365111055087,50.32398486364664,48.58537846594098
931.1704085334293,530.4480726966655,50.170087393355445,48.4898036921357
934.9593464256106,533.3261648540483,50.41155183802722,48.3741699907733
936.2950188838856,535.1747475202195,50.397727215666634,48.65848597213631
937.2791401187046,537.781741453744,50.19983579831296,49.28967575553914
940.7461177214934,542.9554843850807,50.854597099693386,49.8064896670355
940.8686619013172,545.4844107220694,50.10302268181076,50.44957521785067
942.5214191405166,547.0354145059964,49.88189741315921,50.6596485101345
946.2165654526179,549.7027006651202,49.906948550400514,50.79232606218707
947.4141320693052,550.6611151928191,50.13290739809602,51.18030037821871
949.5682250003346,557.7981835995622,50.69011279046241,50.413126340916826
952.49282958833,559.0293526387065,50.96646675915541,50.56097626998269
956.1426514411752,561.688446095765,51.12172188769332,50.34616765176427
957.6212445402246,562.597345156305,50.70896117711308,51.01206384564111
963.146897238541,565.394904576565,50.898900096581315,50.746441388788035
964.3260027073484,571.5886494865349,50.539283562233415,50.91667079949991
966.94855874277,572.7263519176167,50.54846159530235,50.536409565456694
970.5368580598982,574.0000380110976,50.64542586921865,50.735742910569165
974.6225511394696,575.5294899377357,50.610623038323055,50.731998864498095
976.4163393542112,579.8238111727264,51.05490934458784,50.4650631663672
977.9691593950366,582.6288662780784,50.789599148420045,50.551251078069264
982.5981490962836,585.7117847753175,50.594748217300584,50.737675150027734
984.5842876962477,587.2391303963448,51.29032914115159,51.17745212010085
985.5066840834777,590.4207037465294,51.19683515190137,51.60130702953403
987.9014129141957,591.6412465266302,51.46116281456202,52.20532978766111
992.4660834172162,594.3356533859629,52.43590773076221,52.06236281734776
994.2716670638451,597.1876579478784,52.580238369938456,52.20017059567755
996.5210894980873,602.4516894060174,52.7774307939344,52.309215528520625
1000.139467396062,604.556208500269,53.24426014584292,52.714559130178436
1002.2990034495579,606.4125182919014,53.134752247835515,52.361272823662475
1006.3200815964893,612.601743587634,53.09249057296057,52.18876343245341
1008.422190300353,614.6093595454711,53.05227224589122,52.05789278386912
1011.7661261100365,616.3283850549223,53.441833258970505,51.418398331205154
1016.4244105256405,619.7037237994566,53.55576159725716,51.40575747467427
1016.4252931816278,622.453730231873,53.67043135114787,51.49208694458888
1017.5820364032352,624.8106748103232,53.356618632107605,51.96664049475031
1022.0665210382901,629.2499881618519,52.40348798504472,52.13347830737888
1023.8281529972555,631.694157132302,51.919082003973074,51.6812656449514
1028.4039066690648,636.3421334922606,51.5669988318023,51.84960068290794
1030.5924589337114,639.0007861686443,50.52921734633219,52.60235796746973
1034.656443878463,643.610056381574,50.81417413071825,52.5675505280604
1034.7241241481277,646.4670518436192,50.22775562086504,52.81036006478554
1040.789618677788,649.5643753992001,50.41771993068505,52.54103167158028
1042.3014010998627,652.3465763795763,50.040335477847215,52.7293014294252
1044.4627452042012,655.5464713173534,49.780728533666235,53.48103991233062
1049.5502985851356,658.2591994813625,50.326409773811314,52.53523789644606
1050.6607977745382,661.9996435413152,50.168641432695594,51.86384188774668
1052.4352319154202,665.291975453764,49.67041158820261,51.490653435163495
1055.539393343449,668.8563056228935,50.59712472381352,51.03003527982704
1059.8484653875655,673.8388306863505,50.63383827107851,50.67257582826684
1060.2476011158692,678.1911700743093,50.235369290638886,50.110798472942705
1064.3317311714684,681.543654128643,49.79888398641684,50.723491649675765
1064.9161760751854,684.8779959526088,49.61072870609386,50.86656413577721
1068.4482985135346,691.0765928386576,49.956872299091444,51.242530344453705
1072.1950293646403,691.1723374743043,49.51842949870546,52.030176824884364
1073.9234837449612,694.2514167601306,49.283790511546435,52.37667456808163
1074.729669910695,697.5575339518496,49.517696132273024,52.467560416272036
1076.7873270677842,703.4638082055268,49.339514653482894,52.86846138706721
1082.1615173426721,705.8433775416318,49.88949874298963,52.35647075181406
1082.186980541148,709.4086488547605,50.03584053403739,52.20310479181632
1083.6486476785497,712.0992287275859,50.214802373201906,53.3318894850998
1085.0846408606108,715.7155758635793,50.18431366876318,52.94761821726338
1085.655346276122,721.5182698605661,50.50516248797115,53.204860113731684
1089.9247267293529,722.8416166063763,50.35612154458288,52.69243562121088
1090.0970210080634,726.873555361979,50.20419069628373,52.489779900319164
1089.6726666265508,733.0909825469677,50.19566456407932,51.78411826410664
1095.2380304327758,735.7627361296435,50.0744050302426,51.59543726300051
1096.7487401152755,737.650115160696,49.91127681438266,51.50911070228412
1096.0549311494601,741.6951598276285,50.10101471633536,50.92758441010609
1098.5229304479528,742.2839319382616,50.218266432154934,50.05397580604827
1098.7855186351696,745.7789195723703,49.507841682782285,49.49144499583876
1102.7494447240076,751.9137883111791,49.419223380381226,48.807862455965356
1101.5200903331229,756.7784040889319,49.656925768718104,48.31561515338937
1104.659628813163,758.022398369313,49.47279328571894,47.99654567908347
1105.1779384734944,761.0225352321775,49.09063421638764,47.72580276466442
1105.6917889422377,767.4485079170058,49.011782182080175,47.462005512073006
1110.3001530007512,768.7315150075023,49.03501092082722,46.947191482523685
1110.1671092119468,773.3858774787994,48.76577696475568,46.751995745251655
1110.2103509546316,776.4593220338886,48.321132357779256,46.67219523904675
1110.7702168599994,781.6647344942471,48.714812188164714,46.10370601931838
1114.2868369968285,783.3685968339751,48.446034862352185,45.7273979944494
1115.0576748073104,787.7286140487465,47.7578407725315,46.24567533248451
1118.1154348728246,790.8252170061153,47.418957241997354,45.95994059770926
1118.3336049975383,793.6706233000122,47.581497283555095,45.79301755154138
1122.7922649853929,797.2334362605499,47.3735584113613,45.77337154989958
1121.7642322780744,800.9760172757802,47.15029953286193,45.72140844827192
1124.4757294094657,804.9249181244753,46.899820662383036,45.46274354211103
1125.5071018367212,807.7431523119217,46.60749635917196,46.04585247968765
1127.1852329814362,813.5590329205339,46.34258653251042,46.294688377026226
1128.9380722616086,815.4046081563597,46.418176997968004,46.273715603510134
1129.279779637456,818.7780835335827,46.46765481915306,46.363792398807725
1133.4066730400061,822.3807419694222,46.173527113631785,46.72187484200905
1134.0371693314971,826.4034199882004,46.28289454747238,46.76335848035593
1135.2998085092536,827.726520755983,46.36913052186969,46.95646425298784
1139.3811653197004,832.3185140222346,46.29080563388631,46.77269706557746
1139.3144144136643,835.2179365811054,46.215687896088,46.64269426350968
1141.1282707077235,839.2319893316056,46.55368308690032,46.77277472137148
1145.3281209862973,841.0564847517843,46.74702394973575,46.45669823343109
1146.126435198688,845.251586952975,46.58355451867545,46.688487849604314
1148.7087699847143,846.9985718559722,47.29216356448153,46.88617463311821
1150.5357232139902,854.0387942661706,47.10829170523408,47.135207122901875
1152.5684671954507,853.1316132198116,47.30850408258412,46.65851448997292
1154.2240670931883,858.4814488613018,47.90052112594571,46.08019158803499
1155.96666213043,860.8081633896087,47.29124800931719,46.2574166757083
1159.7816083479786,863.0344513077348,46.750237543672206,46.52419356162403
1163.9085103278892,866.7679714626158,47.0478061119269,46.250108268951905
1164.5464301306047,869.0445250753069,46.59054796840241,46.97534567476497
1169.8366490910412,871.3043839105875,47.38961901969762,46.29615506185129
1169.1858562587317,874.7403938976574,47.254824417173005,46.669057248813694
1173.8825231661988,878.1033726396785,47.03946053479524,46.95845773596307
1173.9014074395575,880.5668230280276,47.64186590012608,46.47940575610939
1176.0966699517428,883.3478072697177,47.475797662864956,46.53623171395223
1180.5800161158568,886.8416951193695,47.90095485245895,46.5416648998413
1181.2416796440666,889.0582296743327,47.94311751733787,46.78804057980166
1184.9021288716149,893.5458478460001,47.8286714319312,47.04443265443542
1186.7985835176446,895.3653026992371,47.73704154165081,47.93867648189713
1188.236808799888,897.9640758265618,47.45870069930138,47.27952420155183
1194.2245146657992,902.2190971665843,48.18632813679069,47.2160719450907
1195.54539118081,905.0963677610455,48.05689800944849,47.37643201272981
1197.8557361846597,908.4304662390472,47.81089185871298,47.253047736017216
1198.5644469585084,911.72273387324,47.811272883266305,47.36070931363986
1204.6877239008627,914.5761037205609,47.34830168593537,48.08965763779682
1203.1260732927371,917.303849900107,47.83834217525778,47.65294598701759
1205.3383844143546,918.4976388157761,48.75281123298718,48.01821344300249
1209.8494126369771,920.6541267148455,48.29733556014208,49.169485825253005
1210.8684398542737,923.0373422451108,48.43495151090954,49.34680180833201
1212.2572303144157,925.899163864856,48.26089146083466,50.03202306698019
1213.6325256668792,929.0379988790341,48.44347560446382,50.21941518004223
1215.1659783342277,932.0118775285773,48.93670038909074,49.499730524235815
1217.2360173186216,935.1844123165923,48.99745574092036,49.512047060419135
1217.2776754752213,937.3511107358989,49.11706196564427,49.32637961862586
1221.503485771221,939.4958176813544,49.17917428380073,49.20567357531012
1220.5934145679903,941.9761185038897,49.01440274506432,49.54729370529469
1225.07655682092,945.2304932380199,49.59903491095806,49.662441789524394
1225.4805598411938,946.9184329632894,49.217524690694184,50.046124354518746
1226.4534266580501,949.9077416907643,49.68247397362272,49.557273020479656
1227.572128865846,951.5226164021817,49.93893218696778,49.202102550434134
1229.5394540006712,953.0332145746418,50.31547109196926,48.9914886048823
1229.4066357985105,955.5090790329893,49.98455911782299,49.623788885880046
1231.0571402651187,959.1815671542444,49.8665075954192,49.8906223738997
1232.5761044047388,960.5764788349798,50.015449414293045,49.431162286049485
