292.5,914.5,64,161
291.9150280208447,907.1846266685345,64.24741615333988,163.78350335391005
297.00625014769594,900.2961561293706,64.04493138755248,164.2218957719595
299.4607954401534,898.4165392027958,64.66212120577475,164.27629611757135
300.5553885552723,891.0121697180388,65.88337398997166,163.97450709483684
302.4353742419345,886.0992182852751,66.60318281379091,163.08624808750025
301.240353176299,881.748294790475,67.29224082469298,164.41706760746538
300.67309816747627,873.1292812773956,68.25093093872619,166.5241046052429
302.6462130324682,866.7182857884007,68.4926122423727,167.11817600468038
304.9079279371882,855.2152005567434,68.36369365577211,167.3612563343281
309.28412324770295,849.6748071472431,68.65888470741109,166.88799270777213
310.4766662379233,844.3768971844142,68.09706725972327,163.67753345099584
310.8288201862687,839.9493885128193,67.78763423380968,161.55256078869252
314.8063035926543,836.4878377453085,67.31871278160375,158.3729220359332
317.2695628720074,832.8931479217982,66.65242714831253,156.4146318907786
317.14902378831215,827.7154329090101,66.8828564541756,156.27648777389865
323.83654806822943,817.4065194557048,64.35900418340346,158.14458743136387
322.2904531470507,812.9994503373972,64.16027472186687,158.60327408411672
330.02277613947456,805.562891737406,62.765623663471786,159.53489443503912
334.982273407995,793.7736491370117,61.88640783584253,160.28986279012446
337.404608998543,794.6359813639369,61.120909265983194,158.54551963928407
340.5147509186885,785.1309012524683,60.416896063204334,156.38064629288536
346.1689897841324,785.0315699522189,59.65573965189667,153.45540466517366
349.83055066700706,780.3755733582765,59.11523593195422,150.82738396756054
353.6461392840781,777.7958457561858,58.786947091214216,147.19288813719598
354.56898279442225,777.2836774952152,58.74557742568188,145.70836526315628
353.5825029179789,772.5911193760979,59.76523205333204,144.90042158012622
356.202869700793,766.5510054532656,60.26575663208259,145.77077241163073
357.44998334097863,760.7612644089005,60.05794039869307,148.5834259633737
358.8490990337203,752.5442230729363,60.19972122977773,149.5253917072013
360.3436142915264,746.9832930928226,59.21764776830371,151.67989021723372
362.2456654389717,743.1703623011869,58.598951443032874,149.60035800930638
362.6788025246502,740.1421218057583,58.21092163593747,146.84003029960203
366.28907464099234,738.7136610714253,58.03216693496097,143.41073312507928
367.38577364733754,737.0528327949456,57.53756304878118,140.44005559829628
369.8919232328427,734.117979662915,56.72936925496809,138.6839674516521
372.88002663523724,730.3580646043856,56.251058644637055,138.71733592930644
375.6419317526781,725.1767717144829,55.3795439992024,139.49716471295702
376.99076270257365,720.9167572520045,54.24157257487516,139.71481879813132
378.5460204117775,715.045757337314,53.81885827913287,140.97887043873052
384.21355450359835,706.9307682886456,54.168497737092714,142.17354923491996
383.06905454033125,706.0131897472552,53.71702057851339,141.47238396243026
386.33860408611145,699.2868054749218,53.299974633315294,140.53684779670874
388.33158960648655,701.1479653539378,52.75394213779219,139.1486425902211
390.28436511374224,697.5496664387764,52.06958109901925,135.18498880311213
393.8086498807013,700.3739143966874,52.575778220069374,131.35510021761243
393.7620517351327,696.9433679133466,52.28430499869632,130.27636955682217
393.60315131829736,694.5864617911843,53.17277417209631,130.13524043304372
393.57201787306485,691.6244802136566,54.42615191194177,129.7645187011668
393.0956608680197,682.4704495959243,55.54133846813277,131.45144994700752
393.253251762042,680.8618205784737,56.48756536672604,131.97523464282756
395.97568464195547,678.2523069552002,56.443954260829784,131.1394055890208
396.6904025512763,673.9550465960326,56.255407156978436,129.25536204496586
398.9256023057244,672.2809380709871,56.47743432960083,129.47198682134461
400.24832154356795,670.5578876860006,55.892947563660925,127.61329995551432
402.8137319760497,670.8905135373382,54.793396725858095,124.92662705876262
405.84557494833876,671.3547376311056,53.73009129733226,122.74648824508334
408.8469418208264,669.726830500906,52.33587138444936,121.10261235426815
406.5071788900624,663.7853068638194,52.11950128803055,121.00687506728403
411.7331665553218,659.7518791713068,50.670856188224555,122.56840990329805
416.1785985268202,656.4988717902021,49.58592142918775,123.03601161771698
417.1171919081462,653.6207621886842,48.45458117646926,124.16023657331604
420.25523741481095,650.3886398690755,47.82938289766736,122.79425812903733
420.35384624723235,647.0773384899401,47.6916599517338,121.92587120224965
422.79342125732916,647.3479897627673,46.9535974635836,119.81806799283801
424.1629748339611,647.4789348157108,47.274646417268634,117.74509695433389
425.9182229565703,646.0557793666311,47.68071034508495,115.85212572129808
426.6150257379103,645.42133233286,47.71545630389689,115.76181573496169
427.85927623969656,644.1181203163948,48.13122904872215,114.7825938538142
427.15250073401523,640.9290450463686,49.18287475350716,115.46892043451578
427.5418742690488,635.2691406974375,50.19159516314583,114.90908187743426
429.0790333328915,635.0812274127678,50.738828549132265,114.6135546297875
431.16139328691906,633.4622866196992,50.949885408807816,113.97972472338647
433.24799831424474,630.1529674080276,50.28568662277219,113.55979989523425
434.8761050150947,627.2556175180332,50.229066288241526,112.15496430535006
436.3480652757527,626.6214630997464,49.63409829874007,111.54728239351803
437.0816172387311,624.8263153674461,48.59537545817912,108.63789018645721
440.79349674913647,625.5395670600068,46.56013143294327,109.00255799445873
443.09735498877365,621.1822641065237,44.81336852308124,110.35261760244441
444.8829630463941,620.3340690473483,43.477825358584965,111.71270207270665
447.4433868625108,615.3820080117212,42.97051265371965,110.84640311582365
449.83996338320424,613.289835065238,42.50051072393556,110.63397996200656
452.5737234043493,611.901124223934,42.14021705341059,110.35361827936495
453.7632579265884,610.1003387967354,41.321536812414486,109.8184908877599
456.0896710977511,609.1718202328066,40.84268355358521,108.89814373445917
457.7045996499649,606.5324952606408,40.808808666946184,107.99797736027882
457.8355627594729,607.7292188083117,41.50928544733132,105.84815182288793
459.3498038805758,603.8526794654022,41.81930704271101,104.71113575162687
460.7724460536004,606.8371025512591,41.94297320668677,104.68502906660727
460.7626701733794,605.9050829920374,42.08181461864194,104.59342751141354
462.01058274343416,600.0601630378021,43.10808205932773,104.5267862492297
461.95626826860774,599.6011370583385,43.18333437485955,105.03584943433395
462.5885294390244,595.284920597933,43.25631129492862,105.29331001170031
463.5224504020474,593.9469235471281,43.29674223131701,105.92667701713395
464.42392016124904,591.5163675618186,43.2680842146838,105.09288322984881
464.2060235278277,589.9301241115597,43.22468054563437,104.28808999044351
465.56302291414744,590.0643001550128,43.465807581710656,102.41495341485934
468.51692367763394,592.446539207416,43.14348149953137,101.14689164039046
470.00378102388186,587.5866438300669,42.120373987630984,99.57080303107493
471.27125959084856,587.9529230388232,41.09546762731818,99.01408144489366
474.3547780029823,585.1682686817601,40.415301091899536,98.17233983934823
474.7858817133174,584.8344501729531,40.08722042980483,99.86187071587177
475.32200345463735,579.9234282291494,39.991179435110446,100.67019027639182
476.3507265365573,579.0454358270563,39.83798138967106,102.25363571230636
479.0123091019138,576.2742765439164,39.532904122880225,100.75703864443096
480.0889598960236,573.9770407919438,39.09182475317414,100.31814108404505
480.3744882733172,577.1643834889553,39.3278901099075,98.62179660188718
480.5480431238412,579.0995302132255,39.72008387851733,99.26422040035588
482.4976957225733,572.5988093626047,39.60759456278214,98.08641233810891
482.85731459050925,573.7019789540326,39.82720383227764,97.14490434059392
482.4981603279051,574.0639013950621,39.812509277594685,95.867059557717
483.37283715166336,570.1293802511359,40.41157219692694,96.09164498216609
483.32864116853807,566.6181040128259,40.232970670335796,95.99214717344675
484.4055154215798,564.974294563297,40.4269659138709,98.01262794899237
483.77575624080174,562.8568632375101,40.51519912299173,97.80949087522436
484.12821173446525,561.8794907984857,40.70222533191937,97.06926800653851
484.965209109138,561.2979490280475,40.980161105492634,95.92796588533605
486.5057690206956,563.7255501651593,40.78271852656382,94.69267218235554
488.3242839769639,560.236519155486,39.81844266332833,92.34767893436837
489.4416109498417,562.3795909960526,38.73345633823169,92.09191025704999
490.3942279759491,561.53093632218,37.81778974464651,90.92735527641067
492.26469921681445,556.0943956004778,36.96284932666697,92.01405595199276
493.2057276977608,554.680549692175,36.08251625031049,92.40908647366135
493.824291380802,552.7061392138303,35.66329562155566,94.89398457211252
494.5267988596254,549.742204377894,35.02469965738197,94.86604560445858
494.1611718385009,548.6789373660181,34.75886073736594,94.46892731307067
495.3183801291603,549.4381222569943,35.18419168030857,93.36923393726326
497.14444068006895,548.5840878553042,35.251532019531304,91.4398227201205
497.02317625365157,546.0922067224159,35.19848924713338,90.01815180794914
497.2769829456232,551.3135030467633,35.28587589180033,90.01062633607302
497.51813218496176,546.8254417202372,35.48132412628467,88.71384459306809
497.41202921790654,546.1037277691296,35.44826269899265,88.83557716752473
497.4114412888268,543.5331272703448,36.26604907226974,89.66881574749158
497.28917989373537,539.8569060584983,36.391030478172844,89.81888943491745
499.63579502530155,539.7056708501702,36.71354299381863,91.18239274284728
500.0102188744006,536.8675664088015,36.77678390436226,90.47011476340214
500.6525252756917,537.4789574968269,37.08114712736143,90.66654492865989
500.4096795164566,540.6494039117641,36.88279166211274,89.54102227700801
502.48369215400743,537.4128621366092,36.763556860949066,88.28232911299293
504.62923583705884,537.1616095485142,36.000016139057024,86.83661093675079
506.8703696303391,536.2119106270668,35.91058178537614,85.68164767468036
508.874948045655,538.4486242667886,35.68794472059825,85.22163573184564
511.57814730821457,533.1909073721838,35.19931801173281,85.20585003863343
513.4183291257301,533.4907224309284,34.37174449396552,86.97318497660982
516.288709619285,531.945007661249,34.153795396504265,88.19474671430244
517.4055727917288,527.6900207673457,33.94687635981352,87.28999901315642
520.1926602395531,528.867055342487,33.78225546883412,86.86055335225356
521.8752405466345,530.7344829228946,33.88569274361794,86.37624178579884
523.1952625639474,531.7929921584607,34.1179498106766,84.3511632482647
523.9940846677673,532.7517993312401,34.25910589028352,83.14660224838589
526.3022485960014,529.7585876694515,34.32136833151438,81.72916214194007
527.5050155327706,527.9414596468459,34.52517727146771,81.53325137043973
527.9981626566374,525.3989244696235,33.8919856779527,81.63772708987496
530.0967038083845,525.5912886284608,33.36977839543949,82.75034123950824
529.3646913835521,521.9250651985393,33.48788721231321,82.8714400425581
530.5604970673058,521.0797453799182,33.76291612648289,83.13442469818717
530.7716124398524,521.6357792220007,33.58644001076326,83.39140036424183
529.6306494804385,521.2743827568429,33.6861812333937,83.04580292514224
531.3190366626858,517.7869905989004,33.48936258980052,81.57962158856141
530.926225808517,520.0281692050528,33.671170530704984,81.98079928455118
532.8187034535358,516.8136342148177,33.769781620214395,82.37957103198909
532.7384127965472,513.4322238046344,33.163396531661014,82.93891637704442
534.2404515079827,511.9376186091144,32.67950982457981,83.1616680183134
535.2132705900685,510.13510044773597,32.32784672754676,82.24986579050262
537.5604488713017,507.26565483805865,32.0198326905626,83.02447974240124
538.9106399325265,508.51207640685107,31.595977496061174,83.65627730801776
540.2103370537831,505.9377021647377,31.638011247322208,80.91384670746659
540.3827912544549,507.70554935415856,32.02864728910912,79.94722076047917
540.3952446260339,509.18758253968264,32.379171308718824,79.61796960549543
540.8965032416646,506.63631609473464,33.01528756706622,77.23774731121779
540.7891292805637,508.2665489328896,33.084448641009146,78.26480490456129
541.2427461379641,504.79998686008395,33.233688538993555,78.58667817279215
542.1876412033408,503.3115693351799,33.09656726581464,78.54412931528216
543.3274148897111,501.2914906660001,32.942725373649616,78.17603965962326
544.8925392175973,498.415635242445,33.02606686298829,78.83565131697513
545.791357007041,498.2567458640815,33.05872780051934,78.69504919573052
545.3153225576767,496.4678668470764,32.23889068099087,79.06909977315192
544.886982374908,496.06873444635534,32.27805340832173,78.78884964100791
546.5580682106602,496.4777170857264,31.98729098135479,78.74530331234669
547.1155533357262,493.0583031738211,31.6582411127689,77.1249789144775
547.5380934810853,498.30317779941146,31.523961588995547,77.15075357381929
548.6388294973523,494.1890595443559,31.339244183689395,76.36131659149876
548.5508613166243,492.25116047015365,31.112158524090134,75.95748884726416
550.6398957693877,491.16672810119655,30.437592464327185,76.72531672661961
551.2511992160747,488.42182351671875,30.63316985134877,76.47828087909583
551.7382261650827,490.34848117966885,30.464133543855716,76.99364698401226
552.5000042031893,487.8883813061117,30.404417475424484,76.34148144716046
553.8960824045823,487.1511469498754,30.670015589239995,74.99079871615169
554.2235216593183,489.0497732275681,30.363871965222273,73.7536800947872
555.2035119852014,490.20794765625294,30.015820610903155,73.79621867142329
556.0270555566983,490.0469251410108,30.086689176413167,74.48660586308625
557.2553780357172,488.4415672890576,29.453212376906535,74.35602990096163
558.1140794095712,485.8266753996427,29.217851345773997,74.00220314512353
558.4398367987247,486.09404433064776,29.345073576038583,74.33824199600778
559.2917810614201,484.93347592158545,28.853538280170696,74.88121156636018
560.252352340156,479.4865164062826,28.39228441936938,75.59814390262999
560.3744701580889,479.4273268517206,28.596591438017768,75.54163855833819
559.9972401837193,481.25602180587487,28.515586551590175,76.12261573071811
559.877824352833,480.25833552936894,28.94093513905525,76.24420970211068
559.7520807618579,479.3847264585729,28.956559946699805,75.99579400314175
559.9150047907527,479.46164532642626,29.07586011850903,74.68846918113898
560.9439507249257,479.85106894163727,29.107879234202535,74.68360608491419
564.8753322095948,480.23075267819377,28.647668392702457,73.73554073725516
563.4667290867521,477.4797569293785,28.290626181432874,73.37331399986994
564.6730593154583,476.94168706031735,28.541826998739634,73.75590976740726
566.4678952152295,474.5735022293367,28.394517984536606,73.13330258839567
567.3158931668404,474.9372981906852,28.534781088768824,72.90735652875479
569.6226484460017,473.8114975996265,28.230167072041688,72.83429502547806
571.0960241932851,476.1907864366056,28.187407991949406,73.12877454527589
572.1943507714973,475.2539601289999,27.902354233184212,72.382212698207
572.84829328359,475.8726742142612,28.344555278105915,71.24715108689178
572.8277724162658,477.24181698486603,28.50755964201292,71.35897011607095
573.3629660415426,476.96097824957764,28.22611365561195,72.06826745993305
574.3536200015498,473.1415305753482,27.998474401483552,72.22623200318556
579.7360892780056,473.7603174464941,26.89100464434822,74.12127335031026
578.0679474603442,468.57401137617444,26.637094531196848,73.46192309623532
578.3202833084329,466.486506939078,26.305617958692032,71.70408304006928
578.801544834888,468.6229544097002,25.88957657473082,72.0155262869963
578.2762890360533,470.22534007219826,25.974393208468165,72.24444288733886
578.0456495850518,468.7747916721958,26.38093801081476,70.32881061858771
582.1009137733477,466.91809320452137,25.967412521948933,68.41961987311996
581.261707398401,468.38993740446915,25.798245792624787,68.04278523489737
580.7730596679137,469.3682542961314,25.801127918276055,68.05327650974698
580.5932361927171,468.38878506874397,26.12054738098598,69.28047711242529
581.4158874741019,466.8542878950404,26.35426789332009,69.75153959795504
582.9285092759455,464.1530251293182,26.259086822057775,69.4801807376147
583.8150146224255,464.8834537789004,25.955145252366016,69.68474313621185
584.6783763111355,464.1045896922669,25.351134367888864,68.55098733502199
586.1034609722235,466.3010522587727,25.094436572812462,69.1001102748254
586.7520918836505,464.87491463919184,25.157768188107045,68.76831397315465
587.8911348032336,467.84628761909255,24.964437769625533,69.21905260579092
588.9366271707377,466.58455005920376,24.882495536066834,68.29970836865017
589.824866250719,467.0416893146728,24.46432592980002,67.43129081506646
590.2370667819964,468.7399373245924,23.695846041830983,67.84306739540116
590.2382178661754,467.5556343518389,23.39702200119095,66.98022635947817
590.9625644013698,469.97188153130475,23.19703217215027,68.40440867443556
591.5192146541832,468.4417183779724,23.170439735371275,68.16549677614424
591.9046928293633,468.64746417022366,23.256877782269786,68.39692073853571
592.2637254243297,469.91037798466715,23.352860286543304,67.863594845336
592.8437996039926,469.7698319999032,23.206598617357226,67.38835531147271
593.6282199217334,472.44737073801326,23.231658662417576,66.64545043885975
593.7880763554217,472.70811144539914,23.17667076490494,66.07451933812695
593.97530867367,471.84141995114305,23.05007338481123,66.25093840604586
594.3106884390743,470.9669740855421,23.199404565119497,66.72318507289381
594.9795614049713,469.4771552811697,23.151841581438074,66.74601864454448
595.0952247628992,465.68344709858854,22.885857029621814,67.52162403940045
594.9909278691155,465.25335232828144,23.001037181100806,67.39801269195314
595.3803487908899,463.937410765291,22.933431635636186,67.63158134192076
595.4753185902791,463.8367927219477,22.937513947286874,68.02321367790168
595.8955292933593,462.8866784552135,22.729750545887065,66.88262590430224
595.8928013250664,464.2461642072286,22.713271263527663,65.77688248292881
596.2586209839847,464.97077791780373,22.937343608460694,64.90181980997042
597.2467630986127,465.4217829622771,22.943724083527194,64.99985513976303
599.2714864493312,463.05125604669314,23.011712837412606,64.00140034208574
606.065960719136,459.91545812009105,22.550942894299546,62.54504323813657
615.8501224566847,459.0044787396178,22.103835239514552,61.84287403887796
622.6038378393014,456.4268218132786,21.96471730997483,61.81618487031621
638.4148922306098,452.3474506419244,21.783377722914487,61.42359664661825
653.4249496138849,455.64840536999975,21.356124131901407,61.45790335410286
665.2373728558455,456.64072485852796,21.551408949860225,62.35679761641113
680.3829883428075,456.14768033656105,21.21380460862658,61.46536156917364
690.9084406248874,455.29012194202886,21.750401570345712,61.59314908978255
698.4319990169245,454.02903442673806,22.215669200944344,61.58113418086525
708.9571646208457,454.3190735390483,21.871640635924294,62.64162147080922
715.5553930419925,451.9565120352885,21.533297082509897,62.72657104311767
721.5227439233204,449.23238360641074,21.427049337493486,62.54226621721847
723.3753922472481,447.9958437133954,21.502004192628746,61.521403027251196
729.2333876766555,447.8105207571369,20.992612569348566,60.255033358637164
733.2406776959119,446.44872214467875,20.407943667462852,59.13219026830684
733.9109416289447,445.5517335871215,19.916487423292246,58.298114910353156
734.1282196544245,448.38704195191025,19.779917909550715,57.39282706490046
735.2637698362448,448.75743863265245,19.851598135967336,57.33441914805714
738.5975375599653,448.3008704429621,19.48585483330186,55.81015923951974
738.5340513953621,448.0481195335746,19.096144478086735,55.646384284365126
738.7627781438646,448.3283103957728,18.64072039374048,56.62272533924275
739.3391928555772,447.26525387414097,18.404820513333714,57.390804725432474
739.4784116809678,446.46378463230786,18.531693225129864,58.133396236156244
739.8230878331628,446.32062362425955,18.385492299371524,58.50718385888276
739.7819206321352,446.2937752011325,18.062802023911633,58.915731980819274
739.8806039056799,447.4046053883687,17.884195362625196,60.200497702309455
739.5394340775705,445.5976085625915,18.117112540168105,59.89605649554162
739.8383959256195,448.0777614013433,18.35596337209683,59.96967301347263
740.2846567963056,448.2382016397513,18.552042266253117,59.40435113171797
740.770566155,452.5306335296641,18.858054268812072,60.106696862695586
741.1085105119272,452.2850245580056,19.076408497290828,60.13685311973515
741.3787716045757,452.7763898162648,19.02329208897136,60.03788937357963
742.8558931339994,449.942774608264,19.050861507235815,59.00680941436763
743.7717088178254,455.25337503495166,19.005868161052994,59.24257839436636
744.9287344283516,454.25750699490914,18.932472123792735,58.55335834919191
745.8984352555796,454.0479303028494,19.010590897040675,57.44466933085325
746.4071663129704,457.7919153636377,19.025979524599155,57.68236907011652
746.9842977437949,460.69308543005604,19.389171525544647,56.7133600453731
747.9014842082594,460.5928149535661,19.426132672543503,55.414150503395994
748.3222217244869,460.8669263687877,19.53129151545832,54.67910127994462
748.6285985855172,463.8970968822486,19.173745928048795,55.33366932971337
749.61222684264,461.9360768428419,19.16426774842109,55.0853955733828
749.8122118098096,464.4234213553869,18.75472554561825,56.07251570661803
749.7910154626827,464.037851818898,18.323031269781033,56.37395736376709
750.6276542476508,463.3383689907485,18.20621753746866,56.77977385872722
751.0237630403701,466.8801141229265,18.317449010562516,57.379254118205466
751.057517552137,465.7320943858966,18.420053222740698,56.36631598835298
751.5589281022772,467.8591147923549,18.44230851177315,54.909642986639334
752.0995280712052,470.92303234074444,17.999736937526436,54.62214755050477
752.07442302587,470.7327435400312,18.16859026733742,53.959498909865786
752.7783001905974,471.7485726168118,18.218700699235153,54.239845322497175
753.6408115872853,471.38256592868163,18.41430192357479,53.90277643862574
754.8479426737013,470.97012126695313,18.46783679168218,54.69572158031271
755.6946342326105,468.52459996860784,18.242525492215506,54.25461276403935
756.5032652763349,467.2799866310101,18.059379410664178,52.86340444930571
757.0378747784808,470.0748023930906,17.742858529827295,52.88295003772409
757.5010465483373,469.6614478201851,17.684901377939404,52.084938014063205
758.1631477797823,470.0725024951442,17.58119938425716,51.340305471083795
758.5409833942988,471.3905262609018,17.40445024813871,51.14084813427063
759.046818616914,472.5657330678938,17.301299249758216,51.29808108095564
759.9211016608016,469.99711365945143,17.22608444982493,51.89192151756085
759.9008896156035,468.9920617587332,16.941919406958238,51.888296938794085
760.0239040323487,468.8725793738378,16.75627947008234,51.725037585106826
759.9626142188492,468.86014606539356,16.875982826984465,50.92660091973454
760.3086523507648,467.2746450573681,16.648094811072497,50.85027846908012
760.5061307944626,467.4267504843608,16.391700439054837,50.93566178256557
760.2629800659063,467.4024303088902,16.133369354034194,51.654739111846965
760.572502818441,465.1833959894057,16.25689579892361,51.00149963390307
760.6666642170671,466.8669591384611,15.96323746805226,50.81347599501788
760.629927383593,468.16697421255867,15.86380816349456,51.241207783010424
760.9538709587783,464.06949667300853,15.726264266736347,50.870728406239074
761.2605228163392,461.8785870868947,15.742554698819905,50.37264044727174
761.6337842836896,462.98971725668383,15.610278192131894,50.192772123150526
762.0724785925742,463.19051927210876,15.457992893054037,50.31937360625484
762.4333179614991,463.32426838744664,15.438194848639718,50.77850969917607
763.0670550504406,465.89887643881383,15.494451377925452,50.89775720804448
763.3581843413544,464.08029240500076,15.500690017567717,50.50297241769939
763.4696129582313,462.3896283545266,15.671681322212747,50.091391611711
764.0780040428665,462.45233296080124,15.800415119357744,49.397905430968784
765.0061542675355,462.06156408410715,15.830180629950057,49.67866558216124
765.3902954365634,461.3860457234544,15.6945114143576,50.01291846996295
766.2533774236931,460.873529916528,15.506697187755865,50.21068321188655
766.3103642586107,462.12715894007704,15.203038217928311,50.26209210929237
766.2510449221662,460.3081725252436,15.155577208366841,49.5543427404729
765.8339123081638,459.91681164447516,15.359920821247876,47.73175096250469
766.4119215665971,461.18508312630615,15.0681686999502,47.346432135195336
767.0420864995641,461.462764420507,14.901293552605928,48.26175300226072
767.0013509356708,462.0573975270948,14.921649497456484,48.83585718379197
767.2080215925586,461.5680671940194,15.008382689486723,48.60652636911538
767.1872634945056,459.3192411073384,14.895971768006621,48.53368007598563
767.3201267032231,460.03952568372597,15.054971866580056,48.49764478627821
767.4270573638988,458.82553192878845,15.011067855189802,49.38501280362248
767.7477457989962,455.59654465436245,15.162639171392659,49.19011002169445
767.9989280329597,454.4890515082663,15.147729684077404,48.55418469660764
768.0335937835034,455.98171786287423,15.015183232726395,47.888952294856416
767.9621711312624,454.64978982638627,15.071777054840997,47.12061723433317
768.4320959339775,453.4854598089924,15.198192436402653,46.45839821028303
768.8542740574553,456.67323476448945,15.477901230989195,45.33041023089904
769.1072809400354,457.2349908165955,15.297663625592365,45.09721675881276
769.933587043214,458.61300153289926,15.264391123748632,45.08148882901282
770.4673505405822,458.73544527283394,14.915032626097872,45.87763926628064
770.352984781107,456.33347437203963,14.594730801256187,45.98463015539374
770.465939939193,455.62380869853547,14.476092759876323,45.89780028948087
770.4818093126162,457.8471935098387,14.41624166672355,46.30848019842962
770.51344323173,457.40163750636066,14.605101386488872,46.421779188017396
770.0515423966716,454.2072719931136,14.788964618667126,46.310449179355224
772.8235365572164,455.955580368896,14.878771558960635,46.071725036433065
772.372947314178,457.1286666039881,14.68943586199288,45.410428054530065
772.2671843458071,457.3697912615347,14.869775624133265,45.22774077642789
775.4913428126073,461.3320399685426,14.918124645122798,45.43545981596449
775.3139921161471,460.6309325293402,14.84592729036062,44.91144807846343
775.4113946419257,461.4113970482507,14.46961530702172,44.55828831535402
775.0098066087838,462.63953190346575,14.437081563048338,44.68618846957853
775.1692834677684,460.18878995454077,14.355001829416137,44.90687002215257
775.802666101896,456.6395521377313,14.38026594195938,44.89026339182503
775.5453464369951,460.03889248851686,14.324142220251169,45.77312270261352
774.7510489859097,458.2109214972177,14.409389248734312,46.40075224052488
774.8940675159046,456.65855166074294,14.445953924336429,46.830450476325396
775.0115763681105,456.1173916430839,14.354535923832612,47.12658018066125
774.6553031843492,456.8765142899449,14.366449063529966,46.960648167044894
774.5235545267449,456.294160994036,14.434881118805123,47.04439937270076
774.4045060669807,452.4015485069133,14.623145016275405,47.00769107744556
774.2107554100508,450.348648626429,14.565472768562266,47.632896203404364
773.9301638858797,451.7799468872036,14.441840529314423,47.69993782920924
774.2404636217216,450.97014507311525,14.599335528131592,47.016502621860454
774.1091750222859,452.4567755841666,14.708175718431342,46.29245005007516
774.1890399084931,451.5020754130471,14.970445847550126,45.94818470666047
774.0486725478589,452.240120417583,14.884243527535784,46.23948244535325
774.0140851535955,452.23233356171687,14.843757005151437,46.49083667931276
774.606990037129,452.8454697408786,14.864092047807327,46.43992941135951
774.5140619343186,450.35725514410296,14.882413857375717,46.43187107134143
775.3382310576026,451.66691325551506,14.979956929853984,46.559807074393106
775.8660921777712,449.59014158373486,15.21747213725534,45.625657203536974
775.9403181129461,449.76232854300605,15.362791116610296,45.342792197587805
775.4661146194637,447.7722697647439,15.128641116766245,45.18557445366654
775.123488477201,447.52458856838405,15.114392661717115,44.8472462626803
775.0106518265378,447.95766018576137,15.127351097239872,44.58163567887326
775.3626071681035,449.59289131023326,15.39683200661108,43.61651658102198
775.6752669097995,448.10504239213896,15.276621356532022,43.1448276755724
775.4491102401522,449.9819019804778,15.495891919241949,42.9929287293787
775.1007582745483,448.8769940287325,15.14937366150016,43.740680247455174
775.6893716201054,447.71146202711384,15.16033325826604,43.633212613500746
775.9465014662106,445.67603761310403,14.839134947633912,44.347277336219506
775.845757515896,445.32915724444865,14.609497714033624,44.652696169843644
775.8922989201818,443.65699177990746,14.36350371924365,44.80032128074976
775.9177556923371,446.5492705725643,14.389310069938457,45.27377122183378
775.8364947399318,445.8904599821612,14.370626299743023,45.661257510176355
776.0119399796768,444.3281637382552,14.561490423639077,45.36234397648866
776.5382991723811,445.51873975010335,14.842057489165748,45.5812075930512
776.2643489863121,446.101456504206,14.975189284681548,44.887197680989665
775.8649768478832,444.9613229520974,15.059785934185893,44.04160623990347
776.2174579016682,445.61976655243495,14.644114999835363,44.530975333478835
776.2067652878385,447.8792045944967,14.520072538538727,44.70994375466546
776.7275637585481,444.58701562125304,14.570514347768139,44.431555912120736
776.9793451582449,441.4503226685456,14.341766243494176,44.57998950125142
777.5362872522799,441.66474235150804,14.332624105595098,44.29270736687208
777.4795271472466,442.7090927661237,14.522745209993714,42.958711489880685
777.6059056027585,443.5326955065625,14.454550594645152,43.1597028731312
777.5938349573754,443.5080675587492,14.64344421976751,42.96812295308969
777.4827077188023,445.5276778734611,14.675773011388918,42.6568300084499
777.8404443628747,444.5994470624733,14.552050762272376,43.359603199639274
778.0935936963444,442.7008994154552,14.491706149926909,42.95240238161505
777.9131086865303,441.34461825457845,14.246078746001574,43.13228228454521
778.025173715711,441.84889294870663,14.02339320946598,43.83912453218366
777.8997641770221,439.769286226929,14.077205971850805,42.96410392880281
777.9573610822722,443.50836143377904,14.107847486472481,42.65643710427513
778.1467901310182,443.95490704024786,13.942593973316878,42.688332730631984
778.5181348935962,441.66584098753253,13.82423788941838,42.52341950601502
779.2785529822514,442.0486132567251,13.72073650710613,42.654075922543896
779.2653273959046,444.0629814502726,13.699488291683005,41.987109450076034
779.0040417952828,443.40543842146843,13.56619316802513,42.05162521044311
778.6518895838744,444.36560116709524,13.654012889208348,41.59333012995613
779.2966223689779,442.26841635478695,13.616386003083642,41.20865445885738
779.0834135119156,441.92161551304315,13.545590740990649,41.29954792186312
779.5105673740452,441.06877070533426,13.73374035887948,40.831293302432925
780.041909876719,442.37666345133596,13.857572830567165,40.7100125005998
780.2475618575291,441.08213501686697,13.954489183926665,40.47287985156284
779.9015585486659,441.80468580223044,13.92406539365222,40.03752018318736
779.7396869475879,442.7983408115035,13.638328274400923,40.33254449233893
779.4085493789315,442.3548243611984,13.942769758025207,40.64972814024836
779.1540133883054,442.32742347207335,13.831619826416526,40.73631193093129
779.2737027936316,442.02239076695264,13.678263355525328,40.797183720490864
779.3889557729347,442.68794206980124,13.493430327696464,41.05231687643624
779.3515779566151,442.5918992007542,13.446450357718172,41.81222340196012
779.190337869059,441.8137583710148,13.484450944560246,41.58921915369356
779.3032547248181,442.68758344682396,13.342781934444353,41.52695327560427
779.2550440349557,441.2017568488919,13.385673585964861,41.19680669729852
779.3421819033913,440.4741286698739,13.206217803131441,41.525686784086595
779.0623409425345,441.930063153623,13.241525657061626,41.071536665770566
778.8411785670143,442.41053705634465,13.291157365347164,40.42773641329423
778.6034480708257,443.12433483833286,13.45513625604541,39.37375814076831
778.4921358843551,446.3879508118122,13.393476514148935,39.08276753444688
778.1931615957632,444.3473925540982,13.459435397691045,39.01942909382028
778.2701208848888,444.2768415529876,13.28745175615703,39.04808917629734
778.933429214229,442.5175224062356,13.045113800212354,40.22236211144865
779.3004353771156,443.41596099589697,13.039287187730444,40.69028953379524
779.3400189223554,441.2523390894195,12.85443776145688,40.98126129780003
779.2746017418065,442.04568901188816,12.975243615925631,40.10799090385144
779.3163913056588,441.41231731784575,13.211866391802534,39.34979880800381
779.19874956953,441.6683663313329,13.43374903931944,38.37211447636494
779.7667797885206,443.7869904447824,13.36309492381781,37.871479999923665
779.548131445845,442.01565805214335,13.43216651151263,37.6322245905759
779.3526908267517,442.0163103529596,13.11507850140456,38.78453653652796
781.3765962278874,440.7101125680946,13.361635012518017,38.379203300715915
780.5879585730441,443.62733272125405,13.41042788507069,38.505910302746706
779.9492045600663,443.29285779920207,13.389319144096795,39.116902471542595
779.856616261583,440.10089040999986,13.260332831078923,39.627886696053004
779.5431760412032,442.168305986067,13.56818578837516,39.78441210748674
779.3285187736193,439.4667260183253,13.36150654483721,40.66354612591701
778.6621962774024,442.9155265072299,13.101541774125765,41.34376497232651
778.6057883929791,440.89632012187815,13.15880305988644,41.82790151507902
778.2940097117727,443.505885884386,13.211517083332868,42.09874162778916
778.1172639471222,441.5102606773486,13.534139558957108,41.740766997613456
778.1435485719298,441.3843982931764,13.547796188236063,42.153104885560055
778.2954445495241,441.0884884229771,13.600329412386035,42.30096783360415
778.3630483803129,436.5714568807677,13.493404910988275,42.867491130730436
778.5568238027786,438.3238249787345,13.941164704007779,42.20884572840649
778.449469900081,437.497724089108,14.319933206362572,41.108023167983525
778.6334980527388,437.4092439162722,14.342504732267562,40.883032349647934
778.78981613585,437.08789037102486,14.12823074365558,40.598150619685164
778.4737957243584,437.7935789973004,14.087573664912842,40.54031390687561
778.1477449532288,438.04519689928543,14.056294782195963,40.56325175412392
778.2912613735251,437.21704090074195,13.934810549310246,40.339067726125435
778.2739199740485,438.6590809913326,13.7543895580995,40.6079220961832
778.6208956579706,437.35712341798535,13.881423567090195,40.0082740295293
778.5569837698688,438.84224338086455,13.938158626906022,40.52808823432506
778.3039953827347,435.56543919840595,13.792006883546476,40.58438453030309
778.3082330206062,436.0076638961503,13.684697570022845,41.20621603386219
777.8497565263659,434.0790959430991,13.627220474274761,41.444874357033044
777.7108019374779,435.3189707395565,13.743934969929672,41.449448265705215
777.7937243116675,435.1919301549383,13.643319980170713,41.91920276238758
777.3482899936156,437.54064594023123,13.716571497915787,41.86865658685173
777.564484895049,436.3961714103192,13.795662503307199,41.78271174294355
777.1220121436071,436.9156574465168,13.940007539462524,42.048896378312094
776.54374354795,437.69418477629995,14.11530839216131,42.180968687129486
776.2381137237888,433.6333444982202,13.956901070707644,42.660075409823484
776.188093090148,436.0323042674196,14.024212786793179,42.99497933867933
776.5689176413174,433.2898286085083,14.430056193342574,42.38699604804237
776.3645283606264,433.115898319676,14.662176452178967,41.73574491372809
776.4893114724118,434.1362924677131,14.647102023909527,41.78704650908763
776.2468867162113,433.0149949973894,14.78876077689036,41.77404576568345
776.8194858037764,434.9364089680067,14.632734404757725,42.20474258564887
776.6806817710194,432.960571173537,14.682266250712814,42.1917255819674
776.3012660741421,434.6380795707172,14.82416704048659,41.995553020166234
776.2619532578328,433.3092805431763,14.478286217445117,42.34312133014599
775.8725819835905,432.2486991254974,14.302313156379327,42.54357646286714
775.5855131955819,432.67555861247484,14.28428377215715,42.95046902303095
775.9719420662382,432.29558954970844,14.394905506819626,42.132766972744335
775.1767037274642,432.34300465829847,14.22443960605191,42.172662966992945
775.6626974122192,431.9082158503885,14.05999438179403,42.21355959068634
775.4230426792709,430.80832706240864,14.140105762621129,41.94782918248468
775.1257205982067,432.0052349700118,14.061554741472303,42.12339269695972
774.9166838126508,431.3320448401859,14.17009939550988,42.18112470889277
774.8243218049956,432.14430162791876,14.158891812276199,42.098625970692105
775.3430367946202,432.24322910821775,14.19261893084349,42.50680910366103
775.4548151098271,431.67964276686234,13.99147913235511,42.60679443895975
775.3172340173774,429.78528286926337,14.048489718085825,41.96940968856443
775.4582226578049,430.7474145622189,14.136909021503236,41.32583792634103
775.5476413377905,432.6690390055457,14.397582632839768,40.465294394378006
775.9568334504269,431.97329350589894,14.418152677453007,40.20685002894835
775.6284881914124,430.170643907536,14.454945472283985,39.510715185604646
775.3977978149421,432.2392455740544,14.46300223511787,39.04523188049137
775.5176362760303,431.0549173840712,14.461473614781406,38.59848432216443
775.4033279113949,430.5536608885872,14.392322794299245,38.16070173608304
775.4258820592848,431.9069162291493,14.31552553638739,37.80901535953953
775.1809081953103,432.21354119002916,14.093933578610372,38.30317563026949
775.4327269854119,431.1527532081788,14.076363651109542,37.963117673300616
775.0318505717693,430.0456056651881,13.778299083184558,37.967735063054114
774.9952076746922,430.4484520763627,13.570768292513126,38.44966218909203
774.7823894980017,431.693177740453,13.813861532066209,39.44864851349933
774.1056278424235,429.250412320175,13.637220363013592,39.639244032247404
774.3812484720193,427.27332320691437,13.620018124360309,39.794951523218714
774.4035310126073,428.7675813027677,13.51207484324925,40.259369596648796
774.0405289142914,431.0455761568357,13.606557159254415,40.52895667073941
774.0376873776654,427.78274772856406,13.547548726180114,39.97295325659169
773.7154921258123,428.72910356704614,13.605850334088807,40.12195481738999
773.6001549844691,427.9786701570293,13.607160966691536,39.99773795250243
773.2852753301473,427.4803693962969,13.727404572610498,39.02686250997029
772.9736391628027,430.99616763981066,13.733617914913992,39.47835403945285
772.608436752129,430.3985252203569,13.817809920022912,40.33463379551474
772.608021640435,428.42110842511886,13.907873877124608,40.523155025227176
772.2288329687576,427.3604914451178,13.786901690736102,40.6729181524046
771.8092143429723,426.75128018956434,13.989702181881265,39.46580331571792
771.5171494841917,430.43705143684934,14.009322209634597,39.181522497936264
771.2921888953516,428.46113071061313,13.984052926632799,38.94577859655739
771.1591122893988,430.08239761866247,14.204991727667181,38.45018801585602
770.9441792091052,429.24560722058686,14.446555490526453,38.812403207606664
771.4308072642563,429.1931814010577,14.381844576280635,38.83329872426658
770.794573203752,429.07467295046524,14.697042969105508,39.29959985234588
770.6345979677502,428.12727623346217,14.621549554590432,38.68021858656869
770.4628709476087,429.848086896407,14.698558494566091,39.149572716916865
770.3413492161045,428.28296105401756,14.743557210460352,39.2420605676961
770.2431716808236,429.3691052189612,14.851962587819019,40.257480615646905
769.6668869005756,429.3141228806534,15.071228076888598,41.04602575519512
769.3018333002615,427.1676124372871,15.36683899398578,41.108187362295126
769.1900964374202,426.9113207508432,15.22587317260642,40.70606480304263
768.6142113437389,426.3605791068479,15.052865637610337,41.36717988572421
767.6696813995312,427.7987281111648,15.020667672517696,40.778253035690305
767.915501120977,427.0804029231842,15.007676296146908,40.20790797212213
767.693539241336,431.0804951913741,15.254827360841112,40.90888863502205
767.3232088636418,428.45321413551574,15.400065371478604,41.449315099918735
766.8640795650814,430.79856446754394,15.686616121480919,42.355722323130436
766.7941032354618,426.7297150486143,15.221483109772098,43.94758185129731
766.9968476518848,423.29702810953904,14.907692014500846,45.03842865654132
767.1849781280887,424.51364547325556,14.785040540566637,44.869494752319945
766.8920796214849,423.66683248670677,14.512794181143182,44.681597473884096
767.1113912273721,422.9338099215396,14.738349817635168,43.42321037422262
766.9509541124158,424.0860160831217,14.8358416341605,42.3247297145716
766.6629463928167,426.093713072445,14.765078251413497,42.15716150153477
766.4378004102723,425.86178720967234,14.464014449252282,42.013457718466526
766.347899880486,425.94701941435187,14.064151576501374,42.90259175499978
766.3303266128622,427.07778546686075,13.817753456187631,44.07797552446327
765.8226240883014,427.3179266410916,13.734684598792247,44.60450539085281
765.8060024747542,423.9667080622951,13.658058003026877,46.15954312293935
765.7065310921503,423.3237300926652,13.736496493270327,46.77872002090888
765.2992207443765,424.96189214296203,13.969282634145632,46.227177671947814
767.9078961533264,424.67964717174783,14.10621228804767,46.50416833559248
767.362327374994,423.2314679113619,14.232400296467969,46.52624115842726
766.5342432345072,422.63654066299705,14.116243657740814,46.67567464609326
766.045881979596,424.0617284150822,13.87328180515198,47.2281740885172
765.6626996484038,421.88127276915844,13.93008058962176,47.15916852169168
765.380923762284,421.2587762263727,13.943915472002962,47.70185062789693
765.5398278453308,422.9183311149484,13.991645724202504,48.43168055564052
767.6815919110174,422.2291353291613,14.177983391779483,48.23346728407495
767.0931292405696,419.9983123136941,14.064516095422363,48.53984035434653
766.2105525526258,415.7534263572751,14.205151792095512,48.34165450351264
765.876576311878,419.4294947309189,14.21536451509942,47.86557824206488
765.8635012970557,420.65020572362914,14.441689368147571,47.08186919304578
765.7068550765342,421.9253307423707,14.39784523182269,47.057133281386655
766.1435745750633,419.92587896521064,14.399441103481651,46.69839561561401
766.35711730235,421.72237163513324,14.355958536300298,46.96395295650916
765.9983688854933,421.89962422166036,14.485995925014024,46.965225315317134
765.8945869130423,422.509690223176,14.623442597479436,47.04467615129804
765.6468437229275,419.5128110078815,14.66196573660859,46.83426387799907
765.3848643817514,419.85677314422287,14.753945418392533,47.23303372667716
764.8640445436748,418.0566728256825,14.78266447648845,47.03542404767212
764.8603938778521,417.4256419193563,14.545168861489222,46.74950972411696
764.7143645923046,418.810365268586,14.25571164355215,46.624847714607064
764.548476817191,418.83611097408993,14.168933811620844,46.20562792125017
764.2041083362628,419.2633280762356,14.17409961363784,45.24819528891213
766.3801577760464,420.6701764045811,14.301722280243624,44.120990717678
765.8228825724727,420.728215198599,14.179235863164575,44.412961819007606
765.9275570637004,420.2160976664618,14.117282074286063,44.22559228809773
765.7898756485697,417.43741794445907,13.738887511187487,45.43940677208113
765.6692419682815,417.9963199956595,13.632932007135866,46.482765522921184
768.202900843467,416.9596013586821,13.892309698964599,46.00770297425943
767.2255355690894,420.56086878629776,14.077764701645858,46.16278358991435
766.6465183625484,415.6806975331576,14.018916528248898,46.53146445221269
766.4166125276743,416.84749918430674,14.124717019980316,47.28425641358637
765.9108404442162,415.8580383952309,14.248350999652013,47.03774511896587
768.2168174830656,418.1370509422654,14.445821799120033,47.60419121248844
767.6165128228586,416.4111858850444,14.620518238636558,48.33729697352162
766.8917971844389,415.3503841819126,14.653387792720487,47.87669436896669
766.3672516984848,414.2353838454287,14.874123094653497,46.72433410672332
766.2754379011038,418.28302980104155,15.031452842606363,46.873488949953185
768.8944155308665,414.64423425646976,15.058498403240982,45.98092260654063
768.2279047952277,414.0762918486974,14.962302774375162,45.90379687254009
767.580407005691,411.66272013099257,14.67664027525489,45.97468992647997
769.9841158790979,410.929110252189,14.76579607198961,44.81531776323446
768.8695772003679,413.8603720388599,14.660861159475804,44.456580753765955
768.4891057093101,412.6612842346229,14.610176276753734,44.72837687234134
768.5117628648513,412.89719151063275,14.506636427089688,44.563278047173924
768.019308557205,412.52066089868566,14.51391800342657,44.20226349115331
767.299769338757,410.4315821723231,14.541660495193247,43.40118529476959
767.39653267705,411.86798023574556,14.540084422926917,42.51774163260048
767.2503406891677,412.99226845421197,14.922413118959671,41.124679304802385
767.0956636152937,415.4469691730163,14.83292359085581,41.17751474844976
767.6139878328288,413.33013114082394,14.7767444422275,40.71101266647223
770.285529260777,413.3362589906069,14.488343364285132,40.485531304198034
770.0473193146381,411.113989950859,14.275080415261879,40.581988748623104
770.0787760737711,412.39885264277405,14.277210294243886,40.51362282753096
770.353359418628,412.68818943088934,14.040557790435528,40.525712998992525
770.7455428111167,414.8647898869205,14.132304718245615,39.99201253324971
770.9491699701927,414.3985039129826,14.204866449431162,40.03001413047858
771.3551198883455,413.3620421321813,14.053817614864922,39.57238435116938
771.3154823735924,414.2940371858343,14.184308296747545,39.54412169709512
770.9730169466301,414.14063046564064,14.407733469395982,38.80217937252121
771.2053169551767,414.2360856015494,14.214451202518237,38.73539788941327
773.7735862625523,411.5416993213657,13.774732846861376,39.23036208491256
773.5561153240654,413.31913674072405,13.515044160575904,39.13922640291894
773.428811133753,411.8317619633608,13.355922903339376,38.80110473991773
772.8690956758898,414.7873822767157,13.327007633381807,38.4293161891662
772.742004573468,413.81079135533525,13.347608786994801,37.88341117508507
775.3252342810423,410.941667101094,13.187222846730203,37.097815441471596
775.616498402458,412.4321891620986,13.089808701494043,36.768696168018906
776.0896226944046,411.28812908152725,13.301656192658909,36.04444717327788
775.9390729957262,414.19857909391527,13.196542872721025,36.203940081393625
775.752882806942,415.0333837233864,13.210840419383382,36.403391815645925
778.0724502350803,414.0948037008411,13.627545578518163,37.11308378975268
777.8802418789802,412.9574882509972,13.981751935421634,37.422195380396616
777.3313808127277,414.01618642258575,14.522616005182604,37.43521304631373
776.4520956771938,412.41313572859275,14.729815417104284,37.19939439226174
776.2997799950906,411.03865149630417,14.686114495429575,37.21543124291682
776.2771981349399,411.96293361933635,14.858194505060517,37.50995343026311
776.5456620577312,412.31555347903736,15.044604786614073,37.25620876224498
776.4258882870766,412.9513850461233,14.92752897634939,37.239543239119016
776.7506466464548,412.880207587632,14.720300745742552,36.944037607605274
776.3010091644744,413.9098091174595,14.715723604562747,37.08944227309384
776.7348422390438,413.00753279086183,14.966571397188705,37.365326522663594
778.9684983738229,414.8212464643039,14.951652182592836,37.55328213323799
778.3585937014169,409.7044577307434,14.346925680694431,37.64001950483894
778.6914098453555,412.69303287107186,14.086750293414088,37.51742292367541
781.1434337182918,413.0647648815014,14.115762239924134,37.34732018039661
780.941008015286,413.51998331348886,13.748085057164026,36.97440283098243
780.7501714597186,412.82348707987,13.708174903232706,36.817454354502104
780.3993381778779,415.0824121486336,13.350421954165254,36.64837149755364
780.0873159450684,411.99314729145044,13.067619240848165,36.16078306693083
782.161977177712,411.6935773240827,12.989017448168564,35.81427325858622
781.9917619658454,413.5325679348624,12.848539239623232,36.02527051831958
784.0197512586238,413.1125187385688,12.828537540815708,36.47529665458017
783.0730872086335,411.98241319947,12.699022041476807,36.9520338834811
782.760907008599,413.9512644861422,12.549740557218842,37.13578507219121
782.3666067727058,413.14898450588794,12.489441485719999,37.36972645092783
781.7334919692771,412.8973681053677,12.520098873682496,37.44584881838978
782.0081767605714,412.3655788970433,12.665362357748084,37.629414424808395
782.234084685749,413.0441914469818,12.747045390640107,38.32283706052703
782.2942484650591,411.6807784645773,12.999874498775615,37.60059376378509
782.0804786928011,409.25787896988976,13.090204520567527,37.03161213640002
781.9181428669347,408.00931690873284,12.988397458549573,36.736176873414166
782.0586800550711,411.41324208800694,12.645077899583617,36.728300002719955
781.95677220219,411.39730576827975,12.62293260561857,36.296148545446904
783.6017135911013,413.03134141866974,12.531401449423772,36.13156259050738
782.4293526940203,412.9243827348912,12.692604595438198,35.31751238585235
781.6678825293984,411.1983833813259,12.658853516524639,34.86863743194152
781.6818284050419,411.07218504797123,12.382768784352269,34.501641703631414
781.4414589487494,412.3346301661162,12.150778600524433,33.91170754110254
781.1491247823417,414.3405658455745,11.958138528894327,34.24482738930877
783.4409581719107,411.0191543470762,11.836483087036576,34.163016215773055
783.4077681237159,410.6914331549893,11.524850556063026,34.09194223394194
783.1759998931632,410.0431300168704,11.590828775085901,33.49208797703765
782.9457894072639,411.26460531026146,11.512016300763209,33.95309618771029
782.6979033835673,413.1020174247619,11.615356939989354,33.31491212594578
782.143416393454,410.96270955782654,11.567112821575623,33.70933610833637
781.8716635623097,412.6275682908931,11.564368736588,33.68453383194629
781.9250855843999,408.79104787495413,11.472382254666465,33.94085331983008
781.6658810451552,408.9557563338905,11.233206165271074,34.564336930865146
783.4202666417854,409.8015749814093,11.266443133555383,34.91333474477525
783.0716864392838,409.4311350023767,11.118774634883586,35.879214488263784
783.2324211399132,408.5495804452119,11.190844394114817,36.38253365889831
783.0146135282612,410.254931511589,11.393080611033032,36.29134961543852
782.6281592081732,410.39250798935296,11.484669001174518,37.24037330518961
782.2677765222747,410.8453180839829,11.776212236235544,36.85001983241002
781.5817294863942,410.78566968108663,11.707348284925345,37.51098457643493
783.5241704494057,411.02599926194824,12.081223950149829,36.84720027642889
782.0740286808551,412.10428355188947,12.569084830238065,35.842250415647456
781.7537974843412,410.386614814137,12.41867685478512,35.94401669555002
781.1036112360977,409.7308185154269,12.86480863576866,35.04668619154499
780.5136372280292,408.573665470479,13.253193379429462,33.93280395746617
780.2409748649472,407.24700347221346,13.376608862724865,33.543644624224314
779.9669904671791,409.69478107306026,13.04326266535639,33.41706801826434
776.7501091303444,410.7611492683654,13.027489969152823,32.76661760406397
779.5889156935812,406.9486262986138,13.174903354825245,32.635527126178246
779.3738213452909,411.065115679986,13.538174527664033,32.109750321136474
776.0243874726326,409.7378430861703,13.736494863923054,31.550078561212356
778.6035171293677,412.26395754954956,13.851974411537041,31.341060808465073
775.4398468159155,412.62014478400147,13.95698494505754,31.07941639513184
774.9828144901918,412.6120408785368,13.925808383660101,31.011632149512643
776.8782789589021,411.26793488704146,13.99612483999248,30.21423722370505
776.5717952934028,410.85826139778703,13.964092666901617,30.184419895096443
776.196995178346,412.60009639835937,14.062300615959952,29.910391350555734
775.7288667698627,413.41037438566195,13.951268538273006,29.82061974446561
775.1774427959785,412.2949932463654,13.82234430166961,29.873127657137715
774.5042971830713,407.08135789823353,13.793554942004254,29.157502654854007
774.0996361666159,411.51234481762845,13.623319639538229,28.65002291091285
773.7150882928024,413.6423967984908,13.28033970071054,28.848807956756605
771.0691176106445,410.94259408977,13.281203928032973,28.790454199088256
770.9215120794278,412.33062157372285,13.433054137271355,28.241098583446984
771.2285296016149,414.23115201012774,13.270600362399577,27.891611082524356
773.3321735494322,409.6976526998186,13.000070746565282,28.11462319191217
772.6752590529163,410.8287269177494,13.060935004566169,28.29770428638503
771.6270576707456,412.24955706564043,13.072151049013288,28.474909099092997
768.212310843835,412.4187504217314,13.183840270918987,28.387598131540003
768.8915645942208,413.21133765519005,13.21940804461504,28.278982826762523
768.6766529505721,413.84750756655023,13.27570329841726,28.030303902250857
768.8892975451382,414.24402058101816,13.348203581626699,28.22708208159363
767.7080597015952,411.92400343878535,13.481599783773175,28.353600893647123
767.6406747001138,413.36833721014017,13.128117087360877,28.464964583771394
767.2275454760813,412.0091904590047,12.475255042490543,29.38268533308979
766.9410338174898,411.05987815654777,12.509466199181622,29.386111235191333
768.6913397951029,409.8196493488681,12.723076436719882,28.816257285151543
767.5278833061891,412.409676362737,12.923896265362222,28.587765662046323
767.5691180500091,412.60030161436583,12.882510292412395,28.665145213977773
768.090098265525,410.402447425076,13.163755332419676,28.358286492032583
768.1067338964457,411.0660804287405,13.639557089605784,27.569848440426348
767.9556544770921,409.1576168242474,13.762673410174072,27.14549700103613
767.4646221165003,409.17456422159853,13.673658281160838,26.750490774019905
766.8693697896854,411.841051755875,13.540374649535437,27.07608933293887
766.6235685247632,415.5883395313748,13.400612833829125,27.768475909624804
766.3629408462,413.46876158908054,13.00186322708078,28.269326940774008
766.7079191245114,413.4375618536827,13.094574962980515,28.333219460889524
766.8591456693272,413.54841391215115,13.236765907257674,28.42440342979477
763.5253334378071,413.5941494893596,13.372331654477449,28.417825338088573
763.2020767242637,413.9960315735568,13.337952375646958,28.764119558404182
759.8742778996561,412.7292511775783,13.242988310689675,29.004124136982387
761.7101029762081,412.2426254414927,13.468787889412642,28.75691173719774
761.1204177592965,412.94560961482966,13.424878966279328,29.133896652852798
757.8705429802137,411.3122277738928,13.297234325073587,29.275206862589158
757.4626616799713,414.0389403277494,13.28588818475178,28.850733399773368
757.2762155349355,410.9280069444528,13.012456317108494,29.059389392898485
754.4400573687474,413.0423239432241,13.077409902292358,29.178619546356927
756.864743038768,414.15082801310234,13.278924239588918,28.94655622700456
756.5213609199452,413.8690976910851,13.183189581112305,28.97745360190073
756.0309189921496,414.46023027399417,13.245580881085191,29.197688588670385
756.0329426267326,413.7658144771706,13.306239333953274,29.350329744047066
755.6414102084144,412.78291418059666,13.382162771206099,30.109138545469744
754.7338336813935,412.7766966111736,13.489459050917652,29.947363866071893
751.5214539946224,412.1814454570863,13.883295057913317,29.453356896902786
756.8453619300774,414.03882436887005,13.882277320853461,29.8382728213516
755.8073321572372,410.69364760082425,13.879004514849308,30.18754283083182
755.7334961840143,408.6185785472731,13.851088673070928,29.879005076575453
754.8839100848437,409.8885486035426,13.80781075334728,29.49809897778474
754.8667847260339,409.9907503126436,14.164151798706516,29.005039771876266
754.4175131475839,413.05157168803953,14.525546003122383,28.71858254888592
756.6788859834405,409.8416761681191,14.311445579822143,28.893018459484946
753.2052857439139,411.24796899015826,14.491966771918614,28.37546627030151
753.20660096673,412.90843992195374,14.291778251096845,29.047385439196507
752.8895889488683,413.95582816344154,14.222566183762519,29.499608410719226
752.3705001949727,412.30013126125766,14.081294371714135,29.81368418568328
752.2045530711479,411.823370269326,13.893916470754714,30.076216317595016
751.5595850160332,411.1768688539897,13.828511027295875,29.93113716851613
753.3406338383043,411.3218882188225,13.871865443453217,29.99220779453853
752.7928376576724,409.35118512603117,13.704664025343817,30.450107062167667
751.9634241111103,407.9572224913393,13.735779345549476,29.699945201958585
751.0500533139077,410.937029102705,13.554471928723983,29.975432725381893
750.5110053485288,409.53860552900716,13.142004466842861,31.06811310279627
750.0268068871824,410.06837827008724,13.015682218011513,31.46207254064194
749.633136287529,408.7554991892592,12.788544495427947,31.816253344052107
748.9587820998366,410.9417257474743,12.765800539269804,31.61632754085428
750.5034218653055,412.0007185063889,13.374297802765463,30.337782189975336
749.6851866496781,411.53873424056087,13.279211699253255,30.72016158073933
749.4721634419869,409.4663570639082,12.973518414795084,31.172516193825622
749.2236673145602,409.5485037084612,12.712610073983639,31.583105173625164
749.3623311911232,410.9701466400033,12.662318349958078,31.906151555414123
749.4277008279015,412.9978373259134,12.713168068877852,32.3606030426332
749.128554505377,412.03809471548425,12.717672984186814,32.22498972986114
749.2918187025691,411.3078894085883,12.60875791432543,32.43799910616519
749.0378679132634,410.7897492430992,12.678527504888388,32.327832017023134
750.9840760665913,410.8331717662438,12.949999652669607,32.72310077912744
750.583845864768,409.51671621751746,13.095671442996842,32.84766508054445
750.3676428923562,405.6151940177063,13.540142625208523,31.74630007159739
750.2310744557028,407.4501230136954,13.512267757354008,31.493331031874398
750.1990277994229,411.7235349046723,13.386269906994007,32.55980375870972
746.8617602879673,413.31349459937564,13.729303922825068,32.151165850092234
749.3800715997075,412.88948274819256,13.961575018063973,31.896680173071502
749.0934697925396,411.2823735886467,13.834518231627658,31.801258799856672
748.4712994366906,412.3978770710068,14.059224696499568,31.40315462425232
745.3530156557105,411.49638444637003,14.033908045965891,31.453755926153498
747.7648938470899,410.22483828625855,13.986217489623295,31.465445896904434
744.7938484561641,410.14260086454925,14.100434564656977,31.353821714119764
743.7640481842182,409.5814018148567,15.358584856016055,30.082642714658498
743.4612958167024,411.68415578883315,15.265559572717804,30.049580540783975
743.206906386194,410.5293247368246,14.815233359329067,31.091819372668215
