758.5,282.5,44,145
750.1316942893297,295.27239417997237,60.62590472409782,121.37081618140652
747.5646834717536,300.5083531296121,66.18015681972236,115.7339720434062
744.6514012569302,305.1732558560654,68.3511894276212,111.66477880776675
746.5681962592084,307.9591951861821,67.78206122658405,111.04148132097352
746.6160773205422,308.1146169085267,66.26807670937754,114.37186651652544
745.7240273879904,309.70875984640713,66.39354902036501,116.38527007995248
746.0368668889157,309.9347092123878,64.43187243815888,117.39664447448871
744.8639954332447,311.69283002316837,65.5895876146929,117.38041861332155
744.1165240351675,314.56268416818466,64.40595170152253,119.25767255568232
743.9099853377359,313.6571140170101,63.56999433503014,122.8778041449658
744.2870891760016,314.03757345807776,62.51064979331228,127.33216681607858
743.5636172284052,314.63774170277304,62.91654907550011,130.3474806792703
741.2748443160743,314.230931090387,63.3535330755648,133.36917823675543
742.2996719323594,314.65233366208037,62.62208047454519,137.63765286094034
743.1972392949556,313.9114446077133,62.86148247916283,140.18319529923764
743.4228862717198,314.4950285551883,62.949867254754565,142.38231277802103
743.2716847271267,316.3286938290102,63.03312191420364,144.33866869396707
742.7950249879334,319.0943713251922,62.48523964859575,144.75513645281822
742.7985628304046,321.54987374026945,63.02706363723223,145.23019803958607
742.4912586030921,319.7506862784918,62.38839607025882,147.74353352228593
741.538321240807,322.5072741322224,63.08701082088736,147.46472496263272
741.2150672837953,323.53044207498414,62.490650111481145,146.1397862992403
741.4457759043372,327.80940143715816,60.84104840766167,145.7513762270098
742.2944323288301,326.97979879714245,59.23173896338646,151.51657708767604
741.8518513807462,327.2276172364793,60.04389589781576,150.4574934794693
741.644169583128,333.4327623554268,60.7535842814718,147.80423752127595
741.4808289787502,336.7126098179449,61.73146962772962,144.77515107000954
743.9213227047426,340.5975200130593,62.26797856319986,144.59591028682857
743.9365867214169,341.3860386841457,62.144922776790494,144.90820165647415
743.0044273310855,343.0876452651129,64.5544089609458,143.86547322472728
743.0114965612541,343.69887528909936,65.44911728547068,142.45184974488436
740.7686180581405,346.8158662367951,67.45327375973035,141.33462451165462
741.7798539633941,346.37009012245977,69.76412448375828,140.9543743585001
743.7274645971207,345.63317850194574,67.63593776908519,142.23934900958005
742.4338155513798,347.56304877092776,67.77877459011853,141.92685755864048
743.0959518109948,347.9934329589777,67.55038558180334,143.9599265580762
744.8934254243088,349.95704820540095,66.74686642897728,141.70289299197503
743.0690511571003,347.93906278173847,67.32020651634484,140.7046770782005
741.9020414225249,349.12001125948075,68.32216244771035,139.66072832236037
742.3026078851423,350.75051526691794,67.75591600381364,137.4015817669714
742.0204393909264,350.10555392773085,68.24342025553597,139.32196800921707
741.663438252338,350.32522579489773,66.87265540650388,138.67606189454006
740.4473825153393,352.10400709359783,66.24492743159047,134.5144254983271
740.3284332705289,352.9607601945926,66.62486565423171,133.07773417677157
741.4349670508069,355.65070175607894,63.40388438995911,130.93372700943056
739.0693503948289,355.51503732735017,66.24614734841083,125.2091833989457
741.2376738471149,359.15519201212004,62.80066357389145,125.19252786870776
739.4161471264896,358.3602467632597,63.68231221871109,125.05576704880079
740.3140926530968,358.7186456124001,65.64436220919289,124.31700852699701
738.8669670102772,357.95078828424494,68.70500039586697,123.94411988446925
738.5714780306128,359.61856215760014,68.21086748443254,123.01104223857872
736.8828898623598,356.06903824969106,68.22152227295386,125.04014921859394
736.3149628128416,356.4778590177406,70.39021576304393,125.90063447921672
735.1644421117297,355.00428034596655,68.85860958562891,128.80415629999763
734.0575320420307,353.2503793383246,66.56597455773513,128.44693881480785
735.5747060485793,355.35816805074626,66.27206404761522,129.2905799102178
735.4112951819553,354.5784372741224,65.15710715743175,131.54334836116232
733.6968364071517,352.5695975725967,67.09134597816676,132.12652045517515
731.8057812132901,354.29896543836946,67.08711657646626,131.03756974125662
732.9579064553138,355.26276620673156,68.24609490231909,131.25504272877177
731.4745131678108,351.1784812500854,66.01317781366816,135.28317181173958
731.1392831082788,353.669602261237,66.34526082303336,134.24517292029054
730.1733505491468,352.09180487350585,66.84021462144187,136.79197070209239
727.9608061400602,355.7438995457281,70.1729482500233,130.07581954019818
728.474294335932,354.1334971391255,67.29789480157777,133.06288718302835
726.7567401181476,352.6182624648061,67.64126578421354,131.55905740805062
728.2267224078834,357.6589631880222,69.0802263957527,128.91347729526098
725.4412969802332,354.1706765199824,67.74854537164023,135.1534362201826
725.2148727169334,358.37675672179324,70.49943610096327,132.13432127714415
727.5055632861203,357.7953129399141,68.93916062597165,134.74286724276382
726.854250677904,361.0828557946228,69.50158551321928,131.5490324556967
726.8288272862504,362.66521655016976,68.01264183251574,134.72382596965667
726.3653761877982,364.96869389942856,69.09539446399363,133.97561186339615
723.5242897451678,365.73756259271306,71.0595386339927,135.13642034879507
722.7712978786828,367.851118514664,70.25679821255926,134.97952210364093
723.4251124503413,370.11464912109943,70.1600691446421,135.10737716305033
722.88339837487,371.7957799590556,68.45710155886934,138.9019391220191
721.0790623801817,374.08910803226,67.21141203521152,140.60124563364602
721.275190282552,377.8309932183519,69.18793831674051,138.37356705841069
721.0405767574672,379.3803604065931,67.704445873413,140.47774465271098
720.9241186674932,382.24797585497197,63.38803912283109,144.40294078742443
716.8755161536104,383.1331171352351,69.39597470388574,141.25336632740544
715.8496844411203,387.3980259696323,74.57728645779625,138.82219322768026
713.6807352210361,388.43661777858114,75.88365228979796,140.98436967802834
715.882464256817,391.45585955734487,77.09951640198152,143.05090128334547
714.3911471415088,375.3107178001642,72.24897970686376,150.0578672541696
715.6442766960649,394.93774525387346,77.05079547047934,143.6244219042288
712.6088766580178,389.24034833462673,77.41219136818714,142.53003744011593
710.5802274006359,395.32283476653913,78.92099975825232,142.4612280496294
709.6294999565791,390.3877215509567,78.71273413940798,146.29246129638392
708.6610245146624,395.42597243372364,78.18375406618843,144.6230434765597
712.1007388097146,397.3720738663704,74.98562665765807,148.61307340081308
708.6374260624372,380.9428221386097,72.38122755305378,153.4055743096713
710.9693898378624,398.0569265882017,77.66997646324532,145.57166146699757
708.7800870875274,400.53585935271667,76.11550620937757,146.86814841092652
707.7942267846586,403.87156310544253,76.38230287333568,146.68559843231807
708.0921769518666,403.7324117499647,74.93508286607862,148.77156203920313
707.7977896431939,406.6379327863465,73.35863756226578,149.5311697392961
710.0330163256684,399.5212479599539,68.86335094679579,154.5895038574588
710.4601354598747,402.3346274106785,69.59799138590422,155.40487830481894
709.0581003539207,401.85346508987936,71.48081611554106,154.43186677117285
707.9476050354997,397.87498547339055,71.8481333985173,157.1235279950281
706.2798048431586,400.24222050836926,73.59715637475773,154.15886861656054
704.2208916063473,395.45223955100016,75.01788218448448,153.17403277243298
705.8692727990277,391.4858093267321,74.47947603509179,155.1106035883476
703.201402183421,393.5260447695617,74.33504421642417,150.68704174232823
705.9886783265804,397.31033985418935,73.02856383052315,150.94982113805267
697.935114048128,394.57914775818756,75.93160666799938,146.6540777320666
700.1642253866396,396.00440581697444,77.07896946147432,144.1797202050303
701.8962983288048,391.44260324376773,74.68061655771814,144.92803127953803
704.3079135214784,391.2402604119983,72.25733725874298,145.44462302238927
704.2418520322734,385.6417226298446,69.85018426995575,149.91587616461157
702.8799639486617,386.9487466360642,70.927846688083,147.74745124077387
701.0925245544247,389.3152916232013,72.68551453564794,143.19967047133687
704.8900802581405,392.9009183271992,69.92817736114276,142.59353643510303
703.8591644953209,390.2876234836654,67.6282612693431,147.55519838224845
703.3393727013259,389.30621364310025,68.91894506321998,148.92708757657516
704.7005127606974,391.58425232645163,69.94909957191884,147.55149678392928
703.9811145467658,388.5262875324549,68.64315891828251,150.09513704191363
702.3905483755769,388.784450770446,69.33000483385662,150.17625371777234
702.0375707866315,390.3418980543329,68.91710238518341,148.63680504490537
704.3018440021428,392.00924516322743,70.49459944095798,147.62556001723007
700.7479593845117,387.0856136483856,71.44567315709295,149.9488073260881
704.3649527685319,390.500336159942,70.88418518220888,149.0774509450308
702.1682417906402,389.726344121855,71.47012824955763,150.11452504673693
703.4679858547593,390.268438247573,72.33471767527965,148.3340484232754
702.0195744189539,390.2078246053456,70.9401701336943,148.41516024332304
702.8974693384333,392.87276559367064,74.56266960563451,146.87665396873936
699.3777313906684,389.6177742311165,75.59788492438051,148.89401609368338
700.7844957752045,388.5639090525187,73.85671558522216,147.731147982882
702.622797454783,391.12653619198727,71.99356413888647,146.08412921243357
697.0280816408682,388.95283894576795,76.13506629592933,142.48381117309154
699.8995854056383,392.5920630423678,77.33275152900097,139.8443433385786
702.9914395143585,395.03516845863953,75.18462588500515,139.6773778656182
702.0704713373514,394.61103583998926,73.49887618275237,140.29066704545096
700.5719376548504,391.83305771766345,74.27539805262244,141.73533372686
705.0354889302881,396.3685087250481,74.77713428583043,141.6120075108024
704.946614212728,394.5709444279455,74.080353640958,143.84239564379135
707.1574837611898,395.5078515076095,72.9830947930066,144.66738348616545
704.9285210556515,395.5006957201873,72.04631240860479,146.32850317790096
704.6679419092594,393.8828522160759,73.71287218787477,144.37037622318775
708.0389712800124,390.9132847144874,69.19893947682336,149.12604907432922
710.0271938666438,393.9745816765,67.72506853073753,147.9923699937756
707.2280882349839,391.64903655288634,69.27957501223112,143.6109432472044
706.4713282018442,391.12972615362196,70.02747115230177,141.20389512231526
704.3155419072118,391.4012036215826,71.6153241260921,137.77150997296553
705.5238175225533,395.62235456564633,72.00476262614346,136.77816643944237
704.2042561800268,392.763791473148,72.42865836759765,135.67569269713823
705.7484317003642,389.1671970108729,70.49496685099217,140.4801166553566
706.3357047595409,390.86863059448433,68.81336337696483,142.3517933552901
704.7269737788182,390.4163315800208,70.18649187057625,141.37762131429784
704.2124118213444,391.51517241737594,69.13565071743312,142.48708925012147
700.8931173911791,390.8685151986601,73.6741317434376,135.03549815349527
702.0264869993151,393.06265455658763,71.30885087331535,137.53872967410638
701.2380217447409,391.2730039135799,73.03517719665811,132.83053271885933
703.2483393469158,391.75853304315217,71.42963336255086,137.69855664922142
698.7887270598859,391.9291936097785,69.28956357152269,140.92695642228404
696.0426131378209,390.7904459845327,69.99773254429765,138.1961604575525
695.5243780713462,391.9764665073301,69.51889114747996,138.65637605429376
697.2766970857089,394.9732891766263,70.82571352309107,136.5679961478251
689.97852355239,392.8264803824545,74.14145516880397,133.52617513561876
693.6166000036044,398.0561239019307,73.64104857264795,135.61918019417467
689.5389464224334,394.08822345592694,74.76138096440593,134.79145258295048
686.5130370817726,393.5372696061163,76.48558069629516,132.6876063322718
691.3742850539159,396.1264185647907,74.89212430155351,134.04741797466602
688.8997980949875,393.8972209395855,76.21066521465394,132.27992928503267
691.1924028390243,398.28053308526546,76.06690257094033,134.69301153115384
692.2492415630962,395.08451976287694,76.17318224931566,134.62047949112525
699.5094311751391,400.22711006262034,75.20279362467,132.1165563610106
699.4501668594673,395.5531072333385,76.08761874061537,133.66837716388466
711.7998691645447,395.6050697121212,73.79642708982922,135.83745422721256
718.7427638093185,395.7594781448653,68.51313108671425,142.72821698476733
725.565160396067,396.70873996458045,68.5754260444264,142.72753366215466
731.523059635722,389.6900711811418,69.3400250695182,140.5745765162032
729.1311898713728,389.9557493003135,70.66400969870175,136.05382633087345
736.8232010263036,394.0188706521401,67.93088327474476,138.8053497337686
735.5253992838226,385.5070680301052,69.32395637224886,140.81264340367656
739.975418701019,390.79450874962015,67.7258267706837,138.66355475000654
736.6846438077426,387.95887086372215,69.2772583585228,138.40267156269277
739.8438027049665,391.1583926215399,68.20846175850016,137.78321291326347
735.1955940168361,390.56611109443907,70.47027751072896,135.2045561862727
739.5558335187735,397.0348893778246,71.79564392495178,134.23452270850294
735.3399770788749,394.01711630971135,71.81933068273082,137.28196787690734
737.1354662488404,397.9999865554864,72.5958999708538,135.47617651611412
730.5643010476829,395.7389676140068,75.42850118535551,133.51826048961536
739.6785269899993,399.68749154401576,72.71308741718718,140.23394183005996
737.1342512844791,395.78765121613924,71.2829882767434,141.300019698469
745.4684515206939,399.86622112850705,70.00625639426323,142.76360251013017
741.1364861974201,396.38071529133737,72.86302224247184,141.38169229212312
749.9466289616985,392.5244219135297,74.90663270239408,138.54013614434598
761.8656232603645,397.86885930621804,70.81689031156942,140.00321677752908
769.9697324800155,396.48452723073063,72.0204266848739,135.56900607720544
779.4927331263202,397.08622953167543,66.88209793274696,138.88666352201042
788.2432059307334,398.7666425204312,68.27409321955466,137.46946910900678
794.7722569397358,392.50343622459275,71.85299495159734,133.0624941720883
809.3371683836305,392.1692911385605,68.91076708292204,134.260620061955
819.574364192152,392.67544545994514,67.55017561904711,138.31158513500623
827.671905143317,389.2885741547282,67.8890485278283,137.53657899932554
841.0114823284,381.55126222959336,66.61487521394378,140.04326638894474
849.1322812211265,388.98623394538197,68.3119395820014,137.9495029124961
858.1168423584104,390.8288256719985,66.48390767084263,137.060537522777
862.6134906837772,387.7313794668887,70.75267681444276,133.88045501635867
872.613453641387,391.2543586629498,68.61693928386997,140.86597623640944
872.8356428945286,389.2782010417433,66.19084471564497,145.67332639466045
878.2443460698689,392.0707240993524,69.09629183795562,144.87574419041428
877.8132645687543,388.2744222254064,69.72588176231935,147.20943529474857
879.520113448046,388.3210729711022,67.98333607748042,147.10113128719559
880.4430786454741,389.37769273208,68.10186416850439,143.76810497422073
877.588733757121,386.9931199612464,66.81599760584515,140.27462513442592
876.6392792117904,388.78960024951857,65.83738772674558,139.71059000873095
873.2563790900672,385.7714128959325,68.94746839876677,135.82726531632812
876.5058140369202,386.81120603387177,63.82957425661165,138.5986981619103
875.3059755156836,384.39219969502403,64.23851252148918,137.35744202283232
876.7552903479742,385.2551288254507,60.649776568163674,140.29819952166366
877.2834388022918,387.0751642787688,60.21732012959757,137.49055485285896
873.7498481005275,386.2078474810882,62.47670900958191,133.409544390771
875.6072024035032,390.92812899433477,63.30549712662928,130.29354972699832
880.9892709388128,389.7180248846521,63.81247533088024,128.05348075880366
884.9632290700492,390.96857247799,62.96967943147605,124.72361262613313
895.484107056969,392.35283084765024,62.58625480500133,121.99772598586202
902.7665470500338,388.6759889150179,60.89293208527479,122.23021795484895
919.2071057766691,391.0287646845949,55.63572296044268,120.80368064280401
936.4524548467846,392.59243875937466,54.124300986080556,116.59400602842933
947.6388052648646,396.59120838443357,52.75503818455863,115.41458062571064
960.7206941511788,391.66369316471804,58.29346287969284,110.65135525635053
972.871940151073,397.2543402257084,63.13548357718945,107.94920479111536
1002.4493005414444,397.32190301913556,57.01962127962703,113.32884575537028
1019.6184289488896,392.75043888406736,59.5142661967513,112.30104208768807
1045.8731225362349,394.4144728213842,59.694994487020026,112.84781316011666
1056.6098628369004,390.6592272520299,56.723556343784026,113.82055520196181
1070.3085373875217,388.2637363985986,55.52121347487205,114.91898434182659
1082.6324403161884,390.8555526998737,58.2367198974934,112.93830236470033
1094.3427795892687,389.22988862414815,56.092439714168776,112.69201591968763
1106.851458023425,391.3292242106053,55.696964752741366,113.85151706185648
1112.5766747855628,390.7903612076749,54.646531892894075,116.6264964601728
1116.0520876163991,393.57155378705914,55.18996760026968,117.63546408693638
1118.4102280525753,391.4310793152243,55.69385376127454,118.86716463009644
1123.1093638017537,392.4155849357233,54.980583240373164,118.15523086553432
1126.3477765721766,396.0872391411789,55.20535273206086,116.81630764296455
1125.7794450049644,397.95054591016174,56.153677797785136,115.64201070012538
1127.929259377066,399.2536750723759,55.9863300623881,116.3215976690668
1128.3792937273897,399.4095667974233,56.256879366108365,114.88540374726693
1128.3440949069952,401.30506830393415,56.00623027678934,114.11310098391829
1130.2719193778446,400.89694946683846,56.00487290852945,114.42385465958574
1126.5817872692996,402.8828952679325,55.605615241544754,114.38014162027665
1131.708610370186,402.41924509104723,55.63643876652857,115.03878381915311
1125.3313080818054,405.3204414969003,58.89748992707383,112.65293072433066
1130.909872589137,408.9823135779197,57.98853476097016,116.24111692796478
1134.8692600403665,410.5236946948747,58.33737723578774,115.8758803443715
1134.0142806708045,413.6678135411179,59.78460511708656,115.15604840633915
1134.646952355223,418.412078888514,64.70681257534991,113.69630071520663
1129.909323827447,412.3657453558752,62.397136938649695,116.38338929618041
1133.2472957605853,414.0788041999008,62.526615591550794,116.44860772006345
1132.9452073180535,416.29090559209953,62.489690123150964,116.48039366726886
1129.3181596560864,412.6588110206658,62.66282347109151,115.59046534883208
1132.4906020015355,414.510842664777,60.72362526703277,118.68547516739028
1134.5537383634473,414.18889877995883,58.188496199962934,120.16168308309963
1130.2070574018323,411.23570176704186,57.23868837335254,121.73681244859702
1133.7514497432587,414.9433769710855,55.32658287939499,123.38891031178449
1127.9449235216184,412.20799066935643,57.289001479657585,121.54132251717174
1129.6794457332462,410.87804925760713,55.92707512489862,122.06863358731329
1128.216223410748,405.19593705359904,58.283025381796456,120.3111876272715
1131.3521272295159,408.62082903977125,56.275865124410956,123.1641842247929
1130.2294404595266,408.59211747347126,58.232512524324285,121.61427480294886
1131.0358072059719,409.79261524020774,57.632209572027634,122.97876898217743
1126.087164831288,406.8992800921967,58.86998188423544,123.30248405132727
1125.621367325011,409.4315998918561,58.29556109190526,124.17262407222007
1126.563336256516,406.95411623151796,59.75181624925889,122.19753250735698
1129.4594283220704,411.29816526607567,57.30411526527148,126.49148189192289
1128.4982717691746,411.78601169611215,56.66484961925215,124.82302057113125
1129.1677386006575,410.6646322781819,55.86301909970497,125.03183275430223
1129.610336919869,409.97622605580136,56.770651667037384,124.28421749657034
1128.895055562283,407.1622398460486,57.82256248989812,122.13394944845557
1131.0547233903387,410.4956849286991,55.82668468981235,123.52427663282549
1129.7185071890387,413.23340860936844,59.68125647097717,120.02872174893318
1127.6272496918364,412.28972744957014,60.94082640068445,119.62504514891555
1127.2887476289216,411.5505809398407,58.37129791526685,122.14515954941089
1126.2404507221338,410.6507553356287,55.78184199645677,124.0738251445876
1129.5932382374012,406.17208032513537,53.77686505387106,124.95175285468497
1128.7028532724567,408.91910916007265,55.64033746631379,123.83983247794433
1126.887994047173,411.2463938001118,54.594056459522456,123.75573382619304
1128.2313102916225,404.088651635546,53.62414061616771,123.43471831306343
1125.9909144694493,408.1706967947486,54.24842218444914,121.16149949689002
1125.7212541883891,411.6047111143411,54.642707830153775,119.2631484889823
1123.4062793744918,413.98916294558734,54.94349430363505,116.87209358623754
1126.5673970898547,412.13913451543146,52.35139143159407,117.5059907222172
1126.1262564397048,413.4887777026852,52.97200687597255,115.13405080206047
1126.20310596372,414.3514915722549,53.21357840789503,113.4008321822306
1126.3774782797889,415.3292009791465,54.474337441952656,111.1175399340325
1122.8336369455917,416.58689080858863,55.682509507255816,108.85299221225922
1121.4937982080658,418.0115507695866,57.62431375161772,107.83263611639389
1117.42427682403,419.9354757809031,59.772654019517645,106.23307256108107
1120.0332614538024,417.89216406948594,59.907497119329534,105.80831923022143
1120.6079956624806,417.84374430900186,61.80916830009488,105.18216834546274
1116.3772520229538,419.98257596389294,62.961437780100844,103.45123428966782
1119.31503547299,415.8127441424278,64.47110589380978,103.82932091205615
1109.3734211105234,426.1606762130749,69.46086723892861,99.58471367846795
1117.3899306799376,428.5932139814575,75.00733779513513,97.54166084812427
1105.9643073933016,430.9236167556811,72.99632849115099,98.95240300194322
1111.9003361932273,435.72396530175746,80.11818751740158,96.07537960992519
1104.04377516548,425.84047687855195,76.76991238607022,100.7586603603591
1107.148194646384,424.3373005829153,74.84190777690367,103.09216235585876
1100.536270713178,428.8294293099617,72.7874570544021,104.54185010000091
1107.3160632743059,423.7995720206069,73.34896865482051,104.2522224906727
1104.3159778620347,431.4922895804633,73.07770217497159,103.2672810440686
1107.4394438547724,425.8340371312541,73.29041435226745,103.01397366820319
1104.5858777585374,431.30899657265564,73.30183298812645,99.51568289240981
1108.1469810042195,431.1640173290958,74.12386034634268,99.21959774776487
1102.402837380563,434.62763791038344,74.97429748228882,98.16015647742
1111.2847984020361,424.6344943822994,74.11130186283091,101.0242940719936
1103.3643815742676,432.11230364458703,72.5796909483607,105.26817723780962
1107.2066786972991,423.6001308951808,73.01477376263725,106.69702441737806
1109.3679613150166,425.83912113375357,75.62616305700722,107.3209233221315
1118.7845998335115,408.3774194542113,78.30705823705432,108.60549125806429
1110.8073429316275,419.6224921108357,79.02784454396948,108.24487394308574
1111.8866141802803,417.8007427185989,81.04328981186342,109.22313010192578
1115.1046303054877,421.6204324880885,86.19189699754668,109.06141863297185
1101.879380691746,425.75843385100285,83.1338620026228,112.45381425691801
1102.8800447154933,431.260804690728,83.68198330226248,114.64759299032572
1099.0744037504937,433.002953966051,82.55122932088493,116.05512930023977
1114.5203866701588,405.62740998932645,80.27756937462456,118.54066818585088
1111.8394827581262,412.65899513128585,81.61650830926361,116.099300766017
1114.2693662448628,409.9398542114028,82.15627008763148,117.69806338468132
1105.2697525088,421.6392676513458,81.2931445728554,118.41476100799342
1113.6224641026167,416.45284025954476,84.21390597582038,117.1101218470399
1119.7424247774152,410.5860824761852,87.658577077715,116.222236962018
1114.332370917861,408.19603067241223,84.4415527319781,114.73126371595552
1112.6606215796087,412.9683010958143,83.4208616703738,113.21415789358358
1111.1046020892366,419.15249180592144,79.3086204397993,115.82619821110897
1114.6395994154777,416.4132665367458,80.50090211879592,116.02798400908061
1118.3845445987788,418.5091037855285,82.62269100284843,116.50368463507604
1112.198776478193,427.0800713209489,81.2597234370916,116.7510189515817
1106.3964317127038,433.4409294280795,79.3306805614929,118.72050201294861
1124.1711937794498,404.14388061467764,82.03918541552935,118.06804124172784
1114.2198280279351,417.6222400249144,81.55842613607714,117.52632942694872
1122.6558489737806,417.6407310692363,84.88102621158455,117.83594307489615
1109.2885806184452,442.1838736544213,79.3434602678433,123.35144627787355
1124.1943921486547,410.0784798893565,78.57688036935151,127.0458639937423
1133.328255989246,420.9188206675302,85.71190199980364,124.34440451844236
1121.6669238805089,421.9053812824138,83.95036016886449,127.45300242788545
1132.7626495024676,427.0766034212508,92.6315775428531,123.52587878028976
1112.5399289001132,443.2170813229531,91.0045843045579,126.9245865154934
1105.3424651787848,452.97440680414303,87.20962895115156,131.60684814860736
1123.9332726810705,419.02089251975013,84.87955764682027,134.88647094017253
1116.721330253535,427.57041078072297,83.66405406369111,134.34948617936107
1121.0774065134815,432.2102620760958,85.70928515714779,133.2772117726541
1121.1924456957875,436.8060884968004,88.0142411078788,133.2152578736672
1129.7143666102004,418.6769103694332,91.4023842765096,132.92306399643238
1136.5887443575502,428.93987593597365,95.07925407961318,131.9904220973242
1150.4117177223188,404.51364695334365,99.60163163046343,133.90054042895534
1150.9421568018297,415.56526778754824,107.02254310296786,132.88272202958467
1128.998954084774,431.7034482756598,109.53791888277092,134.6375480457493
1139.919354129341,433.0040405748756,117.01142668068297,136.47438347060228
1147.1799135959523,437.08584373270116,126.44042401907589,137.44207482458924
1122.917605039507,432.0067782071404,124.10206369711398,144.33433986311724
1143.9008132739882,409.46415566844615,124.17255128383323,151.38020208181365
1121.310966332126,422.2828074130568,117.46543461105921,157.9965967074153
1124.3418544131166,418.76410039789533,112.67412026412825,162.5109766358754
1125.4992177342633,406.98639347776947,109.50763555480714,165.09996460423608
1199.8966527691944,436.49121289181784,111.41509124926921,168.92810761640806
1205.9388663430605,412.44652839304626,112.6778538153587,173.5683747305995
1143.4819190472683,379.5999306972718,115.25279445413747,178.6152317197613
1142.7919887524483,397.8175314274368,122.38822781730616,177.17583735739083
1142.5688347620016,412.984865845274,129.28613157858106,175.45496620828635
1115.2429736573183,418.82932277669283,124.08526377347424,183.93764798719027
1154.5484624992666,400.1609162243729,130.38439966502057,184.5028055728128
1119.7632416351978,394.07680271828985,127.37053302122891,188.2803216596174
1124.5989376971822,384.7104244970039,128.5423012168682,190.69531602220118
1131.00215277371,402.9964602588386,134.26536350863947,193.9512643159306
1109.8413003035978,389.11946898693645,128.60129586991798,202.18404037376757
1119.78038232384,387.34403953234096,133.93035600964333,200.7780186104046
1141.76493905316,401.4433113898359,145.65595111400992,199.7379465355612
1142.0322576032352,414.04490305379574,148.91472371290317,202.38151597707895
1108.379351564139,409.01066948796375,158.4081402157066,199.82941017853787
1110.6969384576712,412.6200394031469,161.19903351105015,200.98147596835372
1073.835798573543,392.58042265789686,159.7210399164989,203.50994234825038
1077.0092078574535,393.6510534587287,159.77335264651717,206.11845282455508
1078.7157034191655,401.784283940503,161.74346740567373,206.80474292338778
1074.844589013494,397.99434143563934,163.38039882371447,206.40861660023305
1079.5385009455076,403.61089979346605,167.72576786796625,207.8895235155806
1076.98000984608,389.7445037238757,165.71490867251032,211.84623042847176
1104.0777227936135,421.1316285711581,166.32467292076677,215.45082201253786
1112.2194119171727,424.1243501728561,167.62650878269454,216.76254425990058
1068.7814074368296,371.2803185649582,166.62479377838508,220.28149782542062
1072.0507656886662,395.9731204590686,168.32335899372515,220.0382210571284
1076.1065395732776,400.42902759992296,169.46299258045212,224.98598170401664
1092.1192374181103,411.3002601819102,172.46031057425034,228.04193924984992
1064.542556158552,397.13467806979725,170.57919601089796,230.040787871311
1068.4067184010394,394.3643133173918,170.41464347049526,231.679569055461
1078.3927297519074,398.1315393481533,167.22335687376307,236.3007964430667
1080.50252839439,402.1559674745061,170.2447876694909,234.43332064667572
1084.2150049298527,402.45168523352754,168.2443836320457,235.24447905469953
1087.5115247623366,393.4252774654866,166.4788066395895,233.37913618677163
1065.5913634732387,374.2820389624448,163.10456693268247,235.07876351969037
1075.3887000763375,398.6132976130757,167.40898411830835,234.00625355787565
1082.2170490227438,401.8090313662428,167.73688656842148,232.86900828243085
1090.9029912925514,402.8204998135295,168.2433382720552,233.27293701039048
1098.3769654432144,390.50939367735384,164.33790847347916,235.7667414855693
1110.8883636099056,401.8320251687494,160.51100919653976,238.02328829855907
1086.8755167581696,390.0465454937655,158.5327144513034,237.23107783622655
1097.576284048715,388.26349758706556,154.2130729777586,242.99474726517167
1105.2535205769398,402.7263117024477,150.8229252672031,244.98172668571874
1084.4998010915144,403.3264002106951,150.62253691567201,238.3162647074888
1096.0157837069046,405.8737041221387,143.48059828027812,243.61845228711886
1073.0741249508803,404.656090778397,145.2688717705071,237.0573953880937
1058.4338522015746,391.73078823886266,141.70868082208852,234.58491794056684
1048.766819202305,387.2840939981097,136.5676409729879,232.68860453601093
1035.7058324939694,376.5473929072365,135.01049958091377,232.18010681779768
1038.8035641991992,368.06186030385993,130.33270547974902,237.4007575497605
1026.8331749047486,389.3990730712213,123.47166194148589,235.60274686693495
1027.6930609623435,412.4853821256174,120.88875450434135,225.70152075516293
1027.0612697888832,420.0531741359006,111.82989020296984,217.84200679634435
1019.243436073502,415.4825098447589,106.25094291322299,210.61171796550107
1023.494727921077,423.0698110471286,100.77316616958356,197.10462663016295
1025.9538921133205,422.5864443789198,90.76722250133699,189.68164192788493
1023.3328673223522,421.2818863309818,85.99139431367729,183.03052421448797
1023.6369309433835,423.9249317819839,82.1527249370761,177.94674419578013
1026.0835135057525,422.8603873869698,78.62119937685388,179.20741533212532
1024.6706373675165,418.16258422428945,77.63310108646344,175.71992409003073
1029.4738310812288,422.4991629960382,77.32617792466583,170.57571483334885
1030.0573880556483,423.10882923724165,78.08753371224597,168.79664841989143
1024.5637269593888,430.92502857028717,82.10392854809783,168.04006146783644
1027.609604944601,432.7017193854444,81.68699717589732,161.7247668535041
1029.0445075574391,426.6101591731689,79.72511536721,164.46572317531167
1026.3511650951737,427.2391432598289,79.22235605372538,159.79414555909204
1020.8478971806481,425.6520781451138,83.90163007034491,150.55757013687307
1029.1444835405698,432.0148249866843,79.62586140100218,153.73709977036788
1027.0029588862399,422.49932860406784,81.22148958117667,144.60167974573994
1031.122345259335,434.5060036084413,81.67616785482,146.60535832687944
1034.7796913753764,435.71028916503235,81.4819706944973,149.91258379279958
1026.3943690286778,436.20030388137104,82.6223180265241,148.5825581552803
1033.8184107298819,434.3274768123778,80.49362402041211,151.71733450884503
1033.218530383916,426.98834927640814,81.90776268991723,145.75875153524373
1039.3531814235394,430.2425645935974,79.7539827478078,143.1227979708576
1038.848767606031,431.4309035239297,77.64631558492745,146.96185415967233
1039.9184273740573,430.870802491696,76.33240120623427,149.10882210512366
1038.1791344835633,429.8057713399208,75.56360025236691,150.20500433857012
1042.2115039440503,426.3874811481809,76.7175089817258,145.34926486882176
1042.3769733440186,429.0467144512658,75.31614267761204,142.57081862797952
1041.4745926294308,434.7876322262008,75.53764979926606,141.12931734327967
1042.2094537391697,426.1298539117299,74.00894306605636,140.98024071484127
1040.9022681642946,430.2795092463253,74.46832995587181,140.70789230986034
1043.9479452759074,420.3283441755006,77.58703041875899,133.7418520682414
1040.28673449632,431.6679328442363,74.75259605757836,139.66236010146773
1046.3356147965333,431.68806153054317,72.52344105439155,143.12575141925845
1047.880627755609,431.4848286835227,69.82335030419985,147.34301513097648
1048.396473375808,433.6698157685878,69.9971865816076,148.3429389570735
1038.1750724092149,424.76829240360604,75.14551744155207,146.00168986140295
1044.0883275827348,431.75260065364375,76.1759651934305,149.47001026939944
1041.2945448399512,432.7846665278975,76.56586400514786,150.96671237934058
1045.0315111015748,420.23810292645663,77.10804753710853,143.70712297340356
1045.782391462605,424.37360730064427,73.30146551848418,143.84262866755677
1048.0393309290007,432.75720643925,74.15064832169602,140.28336767719532
1041.602140351951,426.31631372630363,77.55274644772061,130.42866879616295
1045.909676040389,433.54857737748557,75.2385356967773,133.97436547027718
1043.641430814075,431.96867566441824,74.17065262011222,132.87053472814677
1048.708645014192,433.8970180591078,71.60319771056494,131.29554313758476
1050.4971508920787,435.6979490674961,69.64335102499201,130.49073987639252
1044.9089667132457,438.0309501072878,73.6821918491342,126.01080368542756
1050.0124910098816,433.4239619900792,69.58676820516486,123.39025656478071
1049.618031205736,436.0427340391873,68.3545060101303,119.84277670364219
1046.2192652682563,437.85982895570834,69.44119072058675,119.8172496692891
1037.8565742694318,432.717940362792,76.0335229547013,109.41633007577693
1050.6275513550897,435.8266177740312,70.69865256098832,113.30162118105503
1049.7595546850096,437.03434747540405,66.74877403359605,120.01830846241654
1045.192713717501,429.4143665763541,69.65660735385929,115.27793888708857
1051.3008101033752,435.57440398351304,67.94599258736912,118.00575230401284
1047.9371570896417,424.36121363754575,68.32629182237764,116.64687050432084
1049.1726449384842,431.2433917014004,68.29137904087715,114.95194408793012
1036.862393213663,433.6704266007879,74.34200678696753,110.27088992768307
1045.9334517799791,435.8173774239513,75.32985553078248,110.75723769781571
1045.6964917569849,444.38179103297836,75.32630225457197,113.92445138542732
1042.4868738914993,436.9620752780601,75.36661230194122,115.06719571821915
1050.1677375270226,437.7857183021647,70.7320293758269,116.77715561869053
1047.697219071892,432.631120449706,69.03040955600183,119.15516128101356
1044.7874753505716,430.7593509086445,71.02011033848149,113.72225421774453
1055.7143877665858,433.4277163096941,64.29682787444821,115.03277746282487
1047.6359986154841,436.15772684196196,66.97811607465265,112.00104636038202
1052.1534390014394,436.0390658509849,66.21551643629014,111.80132562594574
1050.7005436681723,433.7544732345216,64.07976532725291,114.65725572376908
1052.2309377196882,435.5070675821862,63.74191762919485,115.43028398482413
1048.127533021497,437.13623222411746,65.76448900976646,116.09242654837007
1042.3661006914767,433.17855708865136,69.44232564994171,115.31275282842459
1048.7560294630587,437.3270350698648,70.2707306238704,120.29410631014107
1044.4043239370037,435.7051441513707,71.71559230750611,121.6762285449212
1042.8193497335546,441.23954402769766,74.43435235724333,125.93519496137293
1039.8822221660143,432.2936853766833,73.83935166772035,130.77121332528327
1042.7575204498523,434.0772662628191,72.62593716022047,132.65935481245242
1041.3924117918075,431.24412491585485,74.90932005553583,130.2356244662717
1042.5132693894711,431.0361806908612,72.72180934379566,131.66938675352168
1042.207364158996,430.12693667133163,72.15862918635004,132.46523624868027
1041.7670607876212,431.31832103421317,71.79870373760954,131.45237541209835
1041.275540668523,431.9396726356832,72.17379478525183,130.439865111755
1042.5339620983134,429.04290442871786,71.86510439291976,128.6052461222161
1040.209119785036,430.2196059839253,69.64090889413465,131.1121650620665
1041.6927017701034,429.88414871007376,72.58906362028716,127.7694210875446
1043.309781107689,428.5100933189793,69.03564126523457,128.5628914353712
1044.301804164977,429.1190456314457,65.66414466099145,127.5520290825115
1044.136384134713,426.44759922334464,67.06362596933485,122.06172814432414
1044.9522865418237,429.00986935099985,64.4738138810009,121.79044656567417
1045.3592849100985,423.6025995852651,63.522387497812446,118.2874535919043
1046.9304134334811,423.60492002326635,61.96610895568887,115.52544551454746
1047.923839433702,423.2861310941067,59.754010450610025,110.0016863816112
1047.7252533750418,425.51760751724316,59.06008525737967,103.20777136939562
1047.1077966786077,423.93042828187146,57.45383451892609,100.64603367351658
1050.6266011823277,423.6806431507681,55.38959218204732,98.87024148774387
1053.3111847741075,426.5367801006484,53.28372415345703,94.547199136466
1049.234533314752,428.1313192284839,51.66607869814966,91.45618139408765
1053.509164751103,423.1982156962288,49.94195514789445,93.47950859591401
1052.3623651935693,427.47506011077184,48.2352884372444,90.23055856211099
1053.2460969896483,425.7223685377721,48.65555355289064,88.75495910334593
1051.9139922473762,424.3050311037335,45.711428807950654,88.41330946772348
1054.1443608947218,426.1989605219169,44.02367844932946,89.2412780159234
1055.7422949215577,425.36510525753874,43.787038704420624,87.73198668654958
1053.5895190983863,422.5339522047288,42.496022458196805,89.6391282753133
1055.3380138593757,423.9397687166287,42.14787545075696,89.65200430022271
1056.4170869112265,421.50635373059214,44.31900333096156,82.94800439435893
1053.9369830193739,426.2721167218225,43.71662281876394,81.53731681834029
1055.2920961010755,422.11839261446573,43.55803305708385,82.29174871651831
1055.5426786368662,421.8476491292912,40.457261042706435,84.4689342772096
1055.969356133739,425.37066989755493,41.40287855269496,84.91813747745155
1055.6837278771993,424.8410880308271,42.162380973440044,84.94240563989524
1056.0894719949256,425.1008957774243,43.172624378726276,84.74854210482029
1054.2575359467005,419.7778948386496,40.319582305526104,89.00782467154089
1055.5765102988576,420.2307581848276,39.69962279009691,84.52301689329144
1054.0189032777832,416.33180436507735,38.986029951262964,86.7019163434043
1050.157719763637,421.334162912038,39.74821807636354,84.5926880430378
1048.005403428891,420.38310488421314,39.91361771214089,83.00159363051662
1051.1171413932193,423.67820791921133,41.99487257668976,80.44954420287783
1047.0931121358967,424.55030955517475,41.63356923072961,80.36175570391086
1049.527362580699,421.98531425700196,39.04122061633808,82.46929570028
1048.561871389896,412.95966715062156,36.4599243316776,84.97759727047563
1050.3164475408962,415.56348520827237,35.975261423707934,86.36870024293304
1051.5794195475867,409.01668114364645,36.79705938516457,86.86112256919961
1050.1219308017783,412.62868723155316,36.06755455878413,85.37307624036987
1050.338886790185,413.90765098062235,35.42723913067431,84.57903319318645
1052.1007515352794,413.0626429868899,33.17132799226734,84.42307153805025
1049.2251668102597,413.94708321411446,31.068117436831322,84.4847658139121
1050.5542267999363,414.95171129428974,30.799256594754034,84.83489864057765
1051.9078959605247,414.69090888953946,31.118225276872145,83.45551137553488
1049.8350739070893,417.90939341120463,29.813134094986573,80.9957602329278
1051.4918217337918,418.25128553473496,29.48743181179723,81.06541863116391
1051.4371634418344,412.08855529585946,29.438660011105767,84.14226622803929
1050.0017893248587,414.5424257874371,29.357198452611467,82.866473734387
1050.4686811193203,414.177420098675,30.0027684767353,84.05367865412123
1051.2330754101556,415.29132373129596,32.812999896275144,83.49700925161724
1048.603043187338,414.28391488646866,33.12495784760616,85.15883767313602
1051.8340337608104,399.1202666668849,34.44914659005872,89.16060783630327
1049.554938363132,407.06418079094647,34.6205769473807,91.7537453633694
1049.6284865572534,411.3546758181121,37.42240593229205,87.80856791771023
1046.4076436981932,412.4132685320066,37.134699919496136,89.95803307046592
1049.105686964935,404.7251907173599,39.20160717972463,91.44040721247033
1048.1178107154044,406.80141260870954,37.09722517245914,91.22279809133326
1045.1727985601988,411.206127135134,37.264102884632585,88.7257699462527
1047.0840799038792,406.83687094494616,38.73662304802114,85.56984040932245
1047.2484672031683,411.66522289679347,36.38209660486697,84.33156706809552
1048.91711908719,411.5784519516511,33.71311589560915,85.18465086947128
1047.9632781384328,411.2614292215494,31.47327041779902,86.9025541237134
1048.8734599030236,415.31962146114194,31.934241650881468,82.80680827168135
1050.2239446692995,415.6300724569797,29.736830371328285,82.52393440840491
1050.127828559161,412.616097414054,29.887406138532917,82.66630290603194
1047.8611728513376,416.39071245851505,32.46371214208824,77.95980898048543
1046.4670853098091,418.4749233816608,32.55363306571748,76.66239486871785
1048.9352166070103,417.7981476567907,32.17482815838422,75.67336031084491
1048.0166221398906,416.9456321299295,31.865522702451898,75.71040910270753
1050.2521818800365,414.99540495041606,31.538988416943933,77.63583273198518
1048.4818782935881,416.5182629455782,30.00112399319767,79.29982073621184
1048.6030417043544,415.41693442765313,33.616086997549345,75.88044034847415
1046.9747442782761,416.99615265919647,34.530012206615645,75.55715844648678
1048.39918525272,418.046248856987,35.41527492486016,76.04970027089088
1047.8118995682887,413.0931683920939,35.9715985246555,77.97979868214087
1046.0904209768642,414.558877392755,33.496660292489345,80.34543234480947
1047.1069087643625,417.67896892177305,34.747626652301534,78.89289292218487
1047.114001421344,417.8646717070667,33.730457933540734,78.32533736210345
1046.430677058036,419.01958734894066,33.19293842209419,79.24715572551993
1048.293128302997,410.45728802036933,34.53868346046299,81.42407572260618
1045.5447161281936,417.1352775264235,34.68839609576686,80.99547784214383
1046.672248842963,418.5484743767767,36.55243649890342,79.30383370036063
1043.8542950823448,416.9524304112538,38.3747965764113,77.07414974166686
1044.2864642445602,425.8131425884946,40.96777130903287,73.95300397425999
1041.6485522469673,424.8520420302592,42.01298077589485,69.8743767873869
1038.9785286598897,425.9983948224279,40.68289269263494,68.11110696068378
1042.6429306403795,431.54150271050116,39.95244665308236,65.52315724603346
1041.4857013546255,435.9736385559445,38.09590603374882,62.90707733215723
1043.464425875404,437.2141718050033,35.749499021156254,61.52370216284749
1043.079192192793,443.0494172498252,37.124873592467516,60.23200902216822
1040.0575251218029,435.95227252164744,36.36107631097945,61.25435913142792
1041.7578208804002,440.1216671435698,36.745561158667215,58.87224528210015
1042.582039737528,444.49291660290896,36.98150526963164,57.07584076337935
1041.2289198353787,446.56322974190005,37.2916104602557,55.830199937600604
1041.9534383979137,448.0807533842832,36.1708832255706,54.38436946203075
1039.3032347482103,450.42245835234127,36.58189678385391,53.11749973815792
1045.5873957860317,454.108329261753,39.444464970928564,51.04982035299602
1039.2737589152287,452.4192759830906,37.19630641228652,51.13131541893277
1041.1601521976957,456.3759900991524,38.94602980123645,49.158782531403745
1041.321465253602,458.99915974684444,39.80705743037524,49.55830001183109
1044.3143821053734,457.2470302457385,42.806278239518925,49.92736103776326
1048.340397479235,461.3627016974,46.57576573733648,49.954474952192356
1038.653736273839,452.7786244770452,44.827002829862465,52.65459122209356
1037.9099543843113,454.0620788071933,44.259820636716114,52.94778096194347
1036.5531988953335,455.2688336205131,41.52602910649663,55.53054133897626
1037.2596798137763,459.4778250335863,40.45348505932631,55.42852241980006
1037.2220026072966,460.7382364948426,38.307612681704114,55.843450287572665
1037.271238132223,456.27076395812935,38.15995092376303,55.05498888779301
1037.3335729000842,456.2365621707825,36.040823827189826,55.19551656460804
1038.5169731703104,458.83663044987065,38.99300243464559,52.90315339732064
1038.5423741728926,457.1895831209538,41.897102745697325,51.04411030386879
1031.494972755097,457.6456324042182,41.278521393953156,49.99460471235608
1035.7500622675789,460.43407962825717,44.205418361595505,48.13610748108768
1031.703275507866,461.89303361533894,41.85808777132431,48.32325591797512
1033.82030593354,461.04495947411624,42.233926134536816,47.444981441663856
1037.7611856516655,461.7359194121177,44.396734705144766,46.88308213005176
1032.3684225191198,461.5553658360465,41.562306465579596,48.068256189233225
1030.1807639934539,462.12649474713635,39.41683773765017,47.94748467307955
1031.8945142471691,461.7064559775491,39.89893349259574,48.54701441600767
1032.0274437698984,461.74936515902607,39.544018588134904,49.500051939070204
1032.586987365935,464.1249851438073,39.871331193124234,49.398256886969705
1032.5361343519971,464.7043902301915,40.45152688233528,49.34756946704879
1032.5538736584147,469.31005004627923,41.29051793115201,49.814804974110764
1032.1270926766756,466.624486960854,41.848677906633114,50.00153140201428
1034.3378460999775,472.1155648628273,44.67173454397181,48.06957654050936
1031.4388799655335,471.76387343454525,43.948350184532536,49.61140547949761
1031.1458093724448,471.78530862632556,43.51784237606937,49.118555627400355
1030.7336858605777,470.42845392246477,42.009257657801754,49.57571176135218
1030.1407906760458,471.14592721816604,42.30900482492936,49.919887960122956
1030.2877546968398,471.62607427429896,41.1295420417835,51.072650776454566
1030.0758569219952,472.86977702243456,42.26295132134169,50.11657290419882
1031.5536884795401,469.4012254682295,40.287019858807525,51.27089144578777
1034.7624414667541,470.33853020297175,40.79264780655227,50.940847412488
1032.7390238360053,468.8158931620207,38.58776505769683,51.97752948365651
1031.4838376679143,472.8073642830541,39.337175661030514,50.90283701332399
1031.3910605244478,477.8788605412068,40.091619620415166,50.48385643862777
1031.4672006523979,480.6283799708967,40.53331164898743,49.83843457515405
1033.8728765384474,475.4456751852574,38.64479287428527,52.11242105275787
1029.074785337503,480.0368974637098,40.67948478683839,49.82055917799693
1032.6126873997491,472.19479796888163,39.90663226120722,52.25816507863143
1029.720286341564,482.2150001557066,40.468055942250416,51.48499815770636
1030.593925423785,478.79989653755547,39.59582949551127,52.69014547539274
1029.436821061679,479.4386840807259,40.53759888177481,53.165618599083274
1031.254970948212,479.7598261535958,41.38953910674745,53.86091973295362
1028.5235130906249,480.62506753781093,41.79779299840271,54.038457449914816
1030.2314685928138,483.1590538902981,41.48792018222635,54.89607839856646
1026.812609250264,486.7471094398885,41.59244009854115,55.10615939771308
1029.7119791019993,480.3506559839392,42.245711603739096,55.32140228106259
1034.4564460407496,486.87785415738455,46.07494799338548,54.451735370233656
1028.1762789409775,487.53787110749545,46.141878773437675,54.35142674778379
1023.2800796649708,488.3588576804217,45.48134168761503,54.400414501770854
1024.5142159315594,487.20672333346374,46.19315863583811,54.47094544387136
1025.8799878797886,490.79937500077,45.538746683187654,54.938094988079754
1025.1077697505987,491.2327745701191,43.67850175064923,55.55866140275684
1025.0716375755112,488.4519997104344,43.60750756321123,56.44117311148425
1026.585786087276,496.4754333181132,45.519740506633354,53.44580865826885
1023.1560351661526,497.180829560181,44.15904577199478,52.949399383270006
1027.519585980037,494.6596173107982,42.2589890780541,53.37194029976024
1026.5312193793843,496.7568379956117,41.09691149606284,55.84984730281464
1026.3263088541987,501.00689923829367,41.30982270195557,56.45093342674377
1026.8185609822353,497.8178678730538,42.319654518175454,56.622546088429445
1031.2629488727391,503.11431134955274,46.0267060683979,55.586821295109054
1023.8612301749903,504.6183590298696,45.21377793896835,56.2682743022148
1025.1540863708408,506.44803502802006,45.29113641510692,57.26466078408475
1021.1567033206871,509.2585665394546,44.84233378347906,57.392839343640375
1020.845858370646,513.5503920973754,46.86134454814591,57.05718780977399
1021.4378887653371,513.1454973772397,45.876164334230126,58.61039753007158
1019.919843005128,512.0818672916906,45.862823288745076,58.49908733670085
1019.9566005239049,516.4018487025849,47.16793128109617,57.96801558677936
1016.8922280921525,519.1580884827576,46.521449183501005,58.66855105739397
1019.6868851794068,516.4499586101014,45.24187546037952,58.53328730568796
1018.3015009187087,521.8935493644346,46.90586806918304,57.93486604244337
1015.7081136758726,513.7229647616376,45.642367878908004,61.383929524319356
1017.3240332508219,521.5248336100715,45.12965361909247,61.82869535925779
1022.5750675265651,528.211418485061,47.12587788299196,60.60736365453325
1016.5228424572829,528.0186649095749,47.66696162459634,60.03449407190101
1016.0166618054196,529.1897533475625,46.15726084884033,60.53142830243537
1015.1789754508756,526.8322135011066,45.19294907297095,61.623367257021656
1013.7572949612415,530.1522824731838,46.49341793300168,60.81880063681723
1012.3937591981454,534.6569158019405,46.63531790297851,60.752916662070746
1014.6960703428683,534.3684276547291,45.14469411134591,62.95927304962623
1014.6062742915511,537.1537166419149,44.60572196116602,63.51069112663724
1010.5075162011443,538.5958811929664,46.234335933225125,62.685688583840786
1011.5077169114019,540.254434021876,45.91504940208994,64.49292364024001
1010.5741967105698,540.6651490357641,45.074745690366484,65.43015662189876
1011.4330208820707,546.5161443242515,47.13996294749453,63.425181396805634
1006.9911329736785,546.6809018602056,48.31684440608078,63.31386918337172
1008.3536715456373,549.6159225368062,46.568325364756575,65.97338225249595
1004.8715527092306,552.703678824723,48.63621823703542,65.90346497572057
1006.3438227835433,553.2753350937923,47.81973797292844,67.69329417688155
1005.082115432657,555.7601106148586,48.39312235538908,68.69268585392119
1003.6203963398387,558.2830165909887,49.512424883344615,68.94021229387144
1004.4254694476003,564.3165892906646,52.082963432770086,67.3385868385479
1001.6425595699037,565.5533041969602,51.31478795242829,67.29726021741446
1003.270384530201,566.9495832567553,49.957799286054026,70.3752691089582
1000.1515230355408,567.6798364944106,50.25095959851976,71.3810383831308
999.6387814246294,570.6534597071292,49.89109364657108,71.87250075781533
997.4663367252048,575.0171565502234,52.40517331759935,70.42569252037768
995.1311560801075,579.3019174312448,53.66261304413587,70.22633069346975
995.9635148911937,575.7034393261504,52.03632792360703,73.55298435721546
992.9048707453499,580.6675451005966,52.669358710859996,74.40581968527326
992.2178499316504,585.1797445673775,53.295413214534825,74.60871099652931
991.6079209304353,586.905077271926,54.10718411658997,74.00622494073671
991.01081786015,587.1442829025722,52.73000983126084,76.9353019084497
989.9462625697605,590.3694961040977,53.722236991657546,76.23010740322651
989.6937308077352,594.4711406283485,54.23520237906416,76.44552268268428
987.2223399392476,596.3303568708509,55.1000820649041,75.67277271359973
986.5617358865686,600.45527733242,54.92900985276023,76.9303543365825
985.1164251327302,600.5212751705982,56.211254246035736,78.16928140592954
990.8426904648614,601.0275742188711,54.65173166726289,81.00054075022484
994.906246416665,610.3268382127038,56.46414184455156,82.53197604172985
999.8517122321201,599.0226156654776,54.74495827093437,86.29474294578078
1006.3471273358323,607.403282808044,55.37031317267474,86.0479115570073
1015.0042902509782,595.4169837135672,52.43079151117921,94.06365622241952
1022.853979248351,597.2114215568694,50.723954325999124,96.18013895430053
1029.3023832069368,600.1236607630753,49.79699704741764,98.4374785374251
1034.1146296436082,606.2058926789888,50.861420443933085,100.54874968807877
1040.7117791763374,606.163874242871,50.34253937786734,103.80734927311319
1042.7181839672937,605.5805032399957,48.6097328423684,109.13254002269782
1043.6377068324189,603.2635729777091,49.16819355585399,109.97544130953492
1046.5487350706114,598.3931749302767,49.09683604927114,113.23111374126248
1044.8696033688711,594.0802574775213,51.704988163346215,111.98587888618964
1045.7133201428908,596.2841496598737,52.53735022932264,115.05185536394501
1046.7042096362104,590.6717860029185,52.28134867360981,118.18819408300067
1046.0180540427712,587.6781807693636,52.79183038437951,121.34051412869681
1042.7200877640644,584.1873805434531,56.63739904087538,123.21858573982632
1041.2527920096757,586.3235731862766,57.17178384534637,128.16335775780516
1040.316845272557,583.6078856313501,57.112328489208295,132.9923755152233
1039.0380086839093,579.2963286655954,57.20170122936956,135.9306096451454
1035.5835872039208,577.6302765754364,59.830557931700355,135.85477121645286
1033.207072968056,580.4079879619551,61.33098160958105,135.18286181660466
1032.2710385699595,580.2513310216515,62.22567207138817,135.36563827942845
1031.0996147749825,580.2036453456174,61.95973782686313,138.16835653788203
1030.0995163306038,578.7697271642908,60.55479041147417,139.86517846970463
1028.2361175043095,582.5614895329943,61.203688317916715,136.95643565563182
1028.1439422360775,579.3130756459584,62.355924551412286,136.20095045810066
1028.2236523287586,581.4657207336616,61.90881803670426,135.24461911044114
1028.6092810341638,578.418777910797,60.55366042805353,137.49377307202872
1028.7638538421722,576.361651843669,59.36658664028356,135.8244442152853
1029.2607230806464,572.2987339288713,57.63759653441873,136.25176036811553
1027.8703532325253,568.370239211169,57.385062262709305,139.00169508510763
1027.400284714332,566.7682353258792,56.58762377601586,138.96039249776146
1027.977987083105,565.5219613606314,55.5050415871924,139.5214063168276
1028.3987329893946,555.8863222267378,55.284160962935715,141.89608176515048
1027.2695700763572,555.0071653994314,54.793962493777116,142.6110684414134
1026.7265208526655,552.5290501877084,55.23816351307504,141.46788045926917
1024.4443621346418,549.7514361336033,56.236305741326255,135.73781226934344
1025.6934563591212,548.0860646222104,55.54889033035232,137.0965636441307
1024.3669080314949,542.260620646667,57.26686156253554,136.19312797658276
1022.2663036064932,541.6602115818959,56.052523711257784,138.61498429317368
1020.910383298511,540.3804150783326,57.766543821106424,136.3465363250126
1023.2163113570741,540.215253630106,55.73277584463805,138.37382617308666
1022.3126940453496,539.1198252603608,55.85593410570246,140.54109840355935
1022.0866633205917,537.0355370241476,55.43666550323764,140.25373189617284
1019.8507076577644,535.2888555305325,56.76105050667509,138.30268811776645
1019.1478455108665,536.3872840577686,56.02164370742816,137.13436087936628
1020.1663656660803,532.3336829644791,55.97899518759782,134.30674381738973
1020.9184185862118,529.2950397116392,54.94281444863243,133.73640529595707
1021.2631991404053,528.4822284543302,55.53682001358801,131.77311356051865
1021.194002971678,528.9973215790259,54.44831322491608,132.64929563613092
1020.2115494127543,525.9697625889743,55.49382978467011,131.90232710248824
1021.3270554180716,526.2726539668231,54.94652665941533,133.1111851007201
1017.3500694928257,526.3343482570124,59.17736967309159,131.25783440007132
1015.646063839308,524.7016945898107,61.09798121977429,129.2786275599769
1017.5870462688019,525.3017520671043,60.12465253084389,130.64362492919378
1016.2185134774742,528.2132066380475,60.197389020608796,126.95854477195792
1015.6559132809649,528.5851068518612,60.505232847007605,126.23269947183212
1019.3450788962723,528.357399864117,56.771831481538435,130.49264779077166
1019.0176253817526,528.1738263418243,55.547387756159495,130.3073534432849
1020.6929390657577,528.8584876988468,53.668044489209606,129.92372818987698
1021.0871380318874,528.7962358072291,54.18049572110341,127.8799450489955
1022.9997766256481,527.1178538985356,54.27783215870156,129.504667685079
1023.164420677303,527.2710656041232,54.415189019809176,128.02545304931223
1023.533308768704,528.0666408956828,53.863904932376066,126.76199740634888
1023.992046115879,526.6385895204927,53.90492057278568,127.54463734225715
1025.9796385196457,523.7404906097221,52.28057280996454,132.41298847559617
1024.6574154571965,522.9834434297567,52.72135567127029,134.0919315304962
1024.8611953999286,524.3482022103466,52.99710240874438,132.81457198188212
1025.1927984298134,525.0996193108476,53.60135044439343,130.79407006110807
1024.5869959113625,527.4223257151265,54.944217503717546,128.25297659847675
1025.2793651625627,528.8126552994905,54.141062587992124,127.88550760169885
1029.324147880975,528.943935245256,52.15993791429138,128.81049439098112
1027.187094516915,531.3320569184241,53.08616588853313,126.2767155505251
1027.1049450721066,532.5015932778232,53.87498194840331,123.78699078839344
1029.7359289778522,531.8565573121134,51.47208857369081,125.80798941319411
1032.3387260554584,531.5790158698693,49.95469204393244,127.44310073803874
1034.0243323876095,531.144731894466,49.556862250461194,128.35690745449938
1033.348889429756,530.7035781290409,49.52205190435547,127.01317504427719
1034.5312729713298,530.2390671332913,49.472148486308186,125.27343854650665
1033.4120245842062,529.357540160251,51.10566275058254,121.0333818743472
1034.4918492415934,531.4351592675018,50.29509181043002,119.75610934722226
1035.8879671676887,531.7348025952707,49.771189293110986,119.06147960925708
1035.1529043268856,530.4997459026497,50.262248480036035,120.0325458583568
1035.7735227627625,530.0472735001692,51.06695558308723,119.8649426703001
1036.757593745157,529.0283338832359,50.263831519103974,122.28251929752932
1036.7302589100682,531.4717769046061,52.01631245212953,119.30920187598885
1037.3601870507312,533.053774490493,52.20176984709394,115.48732392104445
1037.9969860169556,534.1085174185649,53.40591626511628,113.30797528999408
1035.6854617441297,533.1095869826978,54.86908596291413,111.7295115620191
1039.3710704473935,530.7209176491887,53.00823579636547,115.51060870612613
1038.9751255971278,532.7888611271949,53.3425872838742,116.02825534255294
1043.582904336243,533.8918010123314,51.39775411545822,120.51342534752891
1043.2034631682263,532.9304874778078,50.89037031667662,120.77732901209482
1043.8386844707106,530.7164974981583,52.06642522599125,120.50574943218854
1044.2431080461488,534.2229807737335,53.36347408431861,115.70036238713504
1045.5098472655238,530.5289283133403,53.81499171861485,115.61055205936219
1047.2690288004503,533.2865835414245,52.86238155759345,112.14376291945415
1052.4507922298264,532.776039098313,49.06240808328541,115.55380140550173
1055.2870338558898,531.5652779838249,47.54487278534885,118.87698352509449
1055.3168937348469,532.9035652682106,46.53945388393422,120.55783671395116
1054.4711408400647,531.8693848094703,48.77672710876659,119.78214764391319
1057.2320136922515,532.6680400225805,47.644346614629626,122.29819296029628
1056.421137115719,531.638287540147,48.13780006026731,123.47616450487635
1058.603668767075,530.6033237031594,47.602075489330105,123.477008193498
1058.8882407404917,533.8674327245706,48.27217268232944,121.20017956168397
1058.4836884973504,533.922634266472,48.405389265797325,119.64325309221762
1060.894887248523,534.8456072127392,46.91715363539005,120.39131869023225
1062.6350746462206,535.6613596953155,46.78736523285958,119.38728353093597
1061.9819424217003,536.3853303463695,45.29136212292299,117.66001901382896
1063.6336290815866,536.4163477405699,46.3706043160684,115.83262721405163
1063.8343582206649,535.7536101462722,45.799122462463934,115.64683143814506
1064.6558332763425,536.798048678998,46.0961272472241,114.62295858054839
1064.4015001151342,536.4011660746274,45.34821353898219,115.74200454296569
1067.066393077812,535.0660892328436,44.61321621273081,118.2547443038353
1068.0776436528126,532.1915162521058,45.85997281467994,119.60717605302447
1072.1413346890574,530.9619733639412,45.463107306493555,121.86677713131849
1074.7064356831263,530.1848119510859,47.35021555103855,119.26346214881359
1080.6834336772527,531.5805585426954,47.29798726907566,116.87907525303658
1087.920760593319,533.044638401222,46.59494475283689,116.85773052305058
1096.9485360536457,534.027116922946,45.787238112618006,118.9634554989519
1105.6057323553816,534.7434921504542,47.05087459480166,112.74386699596002
1118.4647539267758,538.6920446788439,44.490959894810054,111.91436781883593
1127.8700036476587,536.5823173821409,45.114185997798295,114.68819428197524
1139.3688515587407,538.3178974594376,45.27581543522001,116.13387192335446
1152.406601029254,539.0152386947799,44.89139763808547,116.78510557285964
1165.9189224959391,536.1624145807159,48.925172873631084,115.9157042803312
1176.8818583616346,534.8054038979313,49.89340063043106,114.97126837272616
1192.875032071789,536.4694519210901,47.94949921923651,114.72855125068403
1208.8149656626222,536.7117561394575,48.744168719145804,115.1293810291114
1219.2850766687623,535.5440054019678,49.915700600412144,117.27706673840768
1233.5805442846824,536.90512340207,48.92585535656701,115.22974874950582
1249.479807288677,536.485281787657,46.91650729285679,119.5936234585794
1264.5831215512453,537.843053388155,45.96548396343787,119.55505276547909
1280.4378861472094,535.8701966089014,45.488769463170584,120.42577877982211
1293.1473769554627,538.5140631452382,46.16331914237514,116.97613321918983
1308.3034942223899,536.5097680641891,47.264539795321674,117.60541019080753
1321.2883222399205,537.1056647193811,49.241042550987295,118.07179593921023
1337.03669779281,537.8011171567493,50.04609121118289,118.99382787277784
1347.6655621616997,537.9581790936656,47.89007293409148,122.99449502209197
1354.2592163830623,539.6501029273893,49.44209598638432,120.8813724052741
1363.7797217008645,538.922705434235,49.44272904583335,122.26828705948247
1370.6964971473135,537.1449093652714,47.50683677372592,126.0747389185018
1374.5685468405193,536.1010823171699,49.61989543091104,125.00658739565809
1378.3520111182493,536.6042686720825,50.45629849741255,125.21618567594962
1380.2222826073933,537.2682752700838,50.606224583571716,122.85254060310595
1380.8907249159586,534.0517068850676,51.156674641762514,124.57038806072813
1384.556508049012,533.0870228666103,50.21957377375614,127.90230905358004
1384.2901672403264,534.2776493233459,50.976544586058395,124.54348838140889
1386.5372973342055,531.2010546918846,50.33015670414265,127.92375084551918
1388.0209231015676,534.1708677860174,49.91355053610872,125.54757192185619
1387.712081050744,534.1170984575621,50.23816321572846,122.95822820159933
1388.1141300988643,534.4660096591764,49.843034371717984,120.54753138207042
1388.4560137114834,533.4530478537407,51.10581749270402,120.06132846643399
1390.7557455776193,536.4093862677363,50.129348100735605,119.36904411775188
1391.4328167934905,536.3130391593608,48.04373466202981,121.68391979581958
1391.5809817256272,534.7982434639724,48.75187511101539,121.61829263542249
1393.7187139569785,531.4825777377656,48.6223927702035,123.45556824834485
1395.3044849283442,532.4297776906054,47.45478944046431,123.18628531830606
1395.7566950150565,531.4877421963262,46.52822420344142,124.67218496476248
1398.0821981463728,533.1085108413043,47.188803242653364,120.9289131172669
1399.6490519963127,530.0623312806358,46.42194659137587,124.02626232514561
1400.844671752872,530.566944004187,46.55590829073621,122.4718518154616
1400.4486510828256,529.985414855101,48.65258152240326,120.72258781266159
1401.481985935692,526.9642254816027,49.67135090847653,123.75171700531445
1404.4626697225635,526.2309736660236,48.964935271060426,124.83912767128918
1404.337827786971,527.7881404064359,50.23134177841395,122.13076795345879
1404.8811439697035,527.7638543326474,49.16207806077327,123.37576537453756
1405.8216207654593,527.3378402431522,51.18702361071601,121.3359704491709
1406.2024587221608,525.9487823542454,52.75111825116106,121.7655645405415
1408.8927335084777,526.4412554297436,51.71836402362561,123.31727082281904
1411.8254570005236,525.5234667696676,51.8513593859973,122.6684320289393
1414.7692024378787,527.1907774091566,50.79937932079034,123.80119158171814
1416.1774563903864,526.0005294759518,49.979407349541404,124.9745395475734
1418.4451293420136,527.0760109520838,49.793688871129426,125.78628579957126
1420.0264507868785,526.7044394547689,50.1185859230695,124.44476414375708
1422.8464813619307,524.1238586100754,51.45624439649262,124.37933208196813
1423.8178585254566,523.9417797195786,50.68129949657208,124.9955560275205
1427.8267278820229,522.8339438399045,49.84276166001046,125.73047007721001
1430.4134501604547,522.1255224351971,49.25553131235637,124.13398825020832
1432.5944867705068,522.6289044021829,49.082504830108306,122.36841516882197
1434.3584591662761,523.70109377922,48.36928594762898,122.14033807620355
1435.8360025023717,526.885685103937,48.4804222672584,119.37971843851122
1439.8434181496673,524.2661741477907,45.40340011695679,121.49962240058574
1442.0950894284165,525.2623716066724,45.15099622912473,120.75073842186708
1443.2922624306236,525.9583478352125,45.7418281638391,120.4398668511931
1444.6191343933406,524.5177068139993,46.04057171833078,120.3940558187189
1446.800165815953,528.8089163476925,46.55212178791628,116.40278818914479
1446.3326915892465,531.6898928121918,45.791626813456936,113.37261302108965
1448.650529179489,533.9313708565479,44.91081652089147,116.18280049677566
1450.44955489353,535.9450946742774,44.08620238402911,117.74882175274024
1450.3201232921622,536.5247528717435,45.275188406262615,117.65191456266416
1451.8321950655045,536.6516662830583,45.87756180067658,120.01993587551661
1453.4904815468035,534.5585148133425,46.29720673870702,119.2397722019389
1453.585682374823,534.380488319494,48.072652147489165,117.98961428272193
1454.107409504848,534.4933485214674,48.1050605931366,118.86562012223692
1456.0655949417662,533.938295265194,47.02966501282619,117.01251015762674
1457.2811759980295,533.5374019208301,47.366036413740574,116.6811072119705
1459.0929352538367,534.712203916493,47.8116427999189,115.5305212749245
1458.7752039502384,536.2293779817736,50.49815806566869,115.20791927945456
1458.8499444397407,530.4271230739628,48.98351072854398,121.65485910822447
1461.7302751410602,530.7022908603602,49.421101600146855,120.88112059353946
1460.8941049539903,527.995259134447,48.00170314855611,121.57899480531658
1463.3389055820965,533.5713624548353,46.24605370661404,120.11538629307377
1463.0904694288106,531.3204382208961,46.96735029719626,119.32701165657502
1460.3221030965458,531.5197846542468,47.73109259000436,117.25857646748295
1461.2747224350883,531.9512456702025,46.61527620254465,116.60076240102669
1461.4900047878232,531.529053884783,45.77804227907214,118.43486593638897
1461.7791256402686,529.4829382142666,45.0219507666247,120.74437219863714
1461.9276084054575,530.7724415281339,46.59108686989674,118.90897334052558
1462.0762412958677,530.1744402154,45.255188847907476,117.33740827024715
1461.0242855788802,528.5868577816758,44.93883259379945,113.51841642845558
1460.847218793564,528.6467910992743,46.31363608917129,110.7985714809877
1458.6781558856846,528.8193566876633,45.43624328684154,111.27911295510481
1462.074477516572,528.9122524199246,44.54219556064149,112.05556272128192
1458.940132419529,527.9054061885108,45.720292787577606,111.16075961207852
1455.1928613264051,526.2409572340459,45.29864022727883,111.80880561342212
1458.4130206238553,526.9417560696285,46.1604515888033,114.39267593979483
1458.5129818691175,524.2932904530446,46.571628409211115,116.8180214504952
1454.9511399255769,524.0996618961852,48.51696371613001,117.04253712482344
1452.7120088654208,520.6077182614217,50.0123380263574,118.24350923236466
1451.229935621955,521.853586365888,54.91275981391659,114.4104372286478
1447.0909904322,521.5503173777877,55.301872336788236,114.47638595227176
1448.5117932904632,523.4485531185004,56.801302562899856,114.66743031876582
1447.1258856608006,519.7171668278143,56.6937501504983,118.2343239834048
1448.887832832588,520.3361145184363,55.703553671739975,122.69914835631457
1446.7263095694493,516.6410098635718,57.827894543172356,124.48239501190403
1442.589942508127,517.9588269596097,59.6945803159049,127.18814464833108
1442.6977689688567,516.4093120797179,63.27116534988801,128.81500245863572
1438.1932355038525,512.658751268418,68.89199940234367,129.6531158184107
1439.412821455655,512.5943984861441,71.60586270097883,129.3178758897878
1434.909053599169,512.9163650174646,72.38086936068575,129.7195145557954
1438.838763097389,504.4408621720464,74.20527804021646,132.81804394224335
1432.4883724708873,504.1283485921219,76.98042575414902,132.7284271862621
1436.4170078482173,504.19923031477686,73.35524884077282,136.15166651725548
1432.780893985934,503.7430828361431,73.05778556355747,137.8313313880697
1434.8001158423372,502.3599247501195,71.45290678962317,137.75546103545412
1435.2545354842314,504.4429197207391,71.39929614227304,136.56995883800565
1434.5548974295234,498.64956673210355,71.54567767142598,136.3729900042107
1431.6385598244863,501.6234089699165,70.61464637562156,136.47728530112576
1433.573491981607,501.163088741025,69.8533133636864,138.54996605161557
1429.4670818245904,495.7206500256167,67.83483495844942,140.22028403066477
1432.2986924960494,496.14883133513126,67.12699070444734,142.94494784730767
1428.6173200199175,498.5708996571669,68.45009008198997,139.43197117191394
1430.0164794946268,498.99873052257715,70.18249215352591,136.78785818982826
1426.6808184645738,499.5868557719974,69.84016050209198,133.57665837054816
1429.98374316623,497.71052925959896,68.08090604466678,135.12851192579637
1430.0104047402042,497.7583593110189,70.27123258124337,131.99713490450853
1422.2719493315153,491.784763170495,68.42798329363882,134.4390165710068
1427.4230662695152,495.1624232845262,67.78926396613569,132.24929999279746
1423.584273380948,489.7279377113067,67.25588682944306,132.3037210995305
1414.7976191069554,498.1501942963087,71.51239024788708,128.36793942389693
1418.599081734091,496.0494207828902,67.63116104446601,130.1672995213079
1414.7456040254124,485.982645563712,65.92196051280393,130.56951329253394
1416.2748511088585,497.38584859857116,67.12481094149231,124.55532731417915
1413.2147554983683,497.2007213759721,66.04768908819764,124.04057693353553
1414.5277485726838,497.7563056097189,60.56495518023513,128.4301569441139
1412.3724578682795,494.30786978046314,58.564164973699796,126.69601248934498
1412.4735662824326,500.456835635355,56.923622583701686,125.61816771875397
1413.7978403928455,494.2726382755169,56.11420996730408,126.71172552758816
1410.8751674874252,495.68801463310194,53.26305875917946,126.84774468634345
1413.1298213191467,496.40267885258027,52.65636322152653,126.55067057290188
1412.1571279142809,490.3234647548713,50.96305645479534,130.66431157959929
1411.563475147663,494.21014706868,52.26518119809057,125.20577929808259
1412.4096330046646,494.85851250239773,51.07086226698494,124.05595690774066
1410.0020574017574,492.3807582842888,50.69814626868485,121.80340091894763
1411.4290281848484,496.3598431890071,49.57884204002703,118.96667654906298
1413.5905127916637,497.4754514387953,47.55067067553988,117.4299177469623
1410.1451954215543,481.4658873194628,45.754876799653246,119.3315819265369
1409.2042438044687,493.11805781470616,48.59955047460052,116.1848790507897
1411.4689749717459,472.8547399934375,47.42787588743061,122.68312435328919
1408.7748887682171,494.26356576353163,48.91165905605848,120.78955404973212
1410.773200086265,498.8688685062626,50.505768511280536,116.7179156470107
1411.0730651153865,468.3644642447893,49.236081119861275,123.35500484758072
1409.4367527295146,463.012234648739,53.000873790354476,123.64272957659628
1408.2970029634546,482.22972488719745,56.04730479353776,122.99389352643816
1408.0060150628105,453.1315638753456,56.62739983453983,129.49425417369554
1399.9422657601176,484.2240976273149,59.311042497581184,125.6446217803618
1402.7940463812322,488.2834243280787,59.9132418220005,126.04185061671575
1405.1155727173348,452.0198523119392,57.046649942488244,136.51462045759405
1397.6830331921008,466.78833710053584,63.27241418258645,131.66297146805096
1389.806013718663,479.1761542086498,65.59147788642618,129.85567480116464
1393.1349027673648,459.42054851267244,66.09876154094556,133.3614499563048
1390.4326422585555,465.8441361897794,68.49774435142271,131.4075501925993
1392.001225266755,451.4887678150126,68.9677664212177,134.65096505339392
1392.2978686881695,461.86366585307724,71.91565909630785,133.68923243887303
1382.4857784608896,469.4106792925111,72.41805709602706,131.83086683457924
1380.0605462830829,479.0697839867739,74.51356655021074,129.7115201681361
1390.6912534356384,442.57030237208807,72.02519096757665,137.86498073340852
1380.7789305898173,467.56742525780805,73.44380195955102,137.15758443902274
1379.488347117886,478.07267944586454,78.33428533720314,134.00683365835192
1385.1326027412874,454.4636640766554,78.72051886239399,137.7383844575891
1383.6863553086437,460.0463633282507,81.46629896804605,137.29536279994713
1380.677162171063,458.628457786941,85.58700584400418,137.46976030007949
1380.565700856575,459.35917772825576,88.89371824883905,137.33233737103075
1375.18128341069,461.555665891374,90.01406476603962,139.1697514312666
1383.286633135102,434.950511535759,91.78432585190271,142.12154976254527
1390.2524595918444,431.70553691893673,96.50730232646353,141.5228046498704
1395.934293694319,414.1679568753362,101.85607623147158,137.08606921908589
1394.613594565366,426.8661126349775,106.72639267208834,135.83310868570447
1395.712737926543,425.3090081542877,112.39308506853348,134.79637644522995
1394.3586203598277,424.2323182771745,116.85617013886834,134.16901863966865
1395.8719308957652,428.84767268990663,122.3299271248668,134.94631142068965
1400.3436749597936,415.4376012727893,126.19368497014011,136.8649390934429
1398.3971817611182,420.0563564672951,130.5885654502249,135.11057373165818
1384.7349146874917,426.2486890444404,130.83315390510464,139.75916320608627
1395.1802714061293,419.706221648692,132.30235311042304,142.40226699018555
1385.4066070457086,426.580620991573,132.00134367411158,145.75365600041886
1400.2977074660628,430.4692985052351,134.4344911157394,148.48653018062038
1385.3224224394785,429.89824074317073,134.66971973178568,152.14045152204926
1376.2982603380306,428.74034828832754,132.2230378238263,156.74250366563476
1397.1652047828945,422.8812250226461,134.4087608368504,158.59511130848526
1404.0803175757458,416.9954175922959,135.66832222036288,160.57788830552863
1398.1339616636228,416.1336316929561,135.28345580290403,162.293672047356
1399.5352256204312,419.0874127325143,134.90077931109855,164.80943983748418
1390.3677383594397,415.27421179088003,137.01763676740242,165.13412358933658
1383.5680128150493,412.0735126450289,139.1260511195864,166.7475846190154
1405.1470448169591,401.2343851206674,139.18456488479217,170.25043668687027
1407.784416138332,401.5206640429671,141.16588152106033,172.15649178484395
1405.2332570842254,404.29051710133086,139.77086167603335,174.41558395770437
1386.7948644716741,410.33226656700424,145.90280646827932,174.00691387633526
1393.985803111337,418.8513379572732,148.19891083795386,175.22865433676319
1405.3653272720762,414.9897757455184,148.92887588360884,175.42820888076616
1383.4780695796376,423.3604899379559,151.78161291020243,177.16352430666865
1376.5995181129074,430.19044242890715,151.6861824066422,180.76799256369773
1403.384767778595,390.44929419076936,149.17904050753845,185.74216385750964
1408.722210904883,405.425450229058,150.13719796802565,187.1950417509323
1418.1136244643571,404.358089643203,146.9042844747741,191.0802317333654
1417.9313010478213,410.38913663387785,146.4768810138831,191.95299393527773
1400.2507696443863,412.95172439101157,151.51261487703295,189.4256025601578
1415.1790217650955,410.3530765682509,148.17362974562982,189.65839530044968
1423.9621087411547,407.8513329177934,140.45619506378856,195.50723195399982
1432.6592825134512,405.46575807457384,137.68662842886954,196.1922399946422
1439.8628348773373,394.3938996340717,131.51975797621273,200.32357894680638
1438.5071364198614,396.44538963409906,131.15725140886622,198.17694195595266
1440.5026079009738,392.3060788840752,128.60152984378547,197.1395306701162
1414.9791357260847,408.2075709101294,139.36389680118987,190.58230453521205
1419.6769477612663,419.665833614854,142.17114511401357,189.28749062224531
1434.7357448378773,390.48397743366996,138.26289484586835,193.81959501949402
1426.3306261843343,397.6995741107522,135.9331654293301,194.52520398666476
1429.077308293967,405.8382560578513,139.32179849505917,192.72129937386114
1440.842368617079,399.0611312784547,137.08922543744407,191.36174324075506
1437.5386680692482,406.08791722663506,136.21228177732704,191.31891443754395
1433.7896831555624,411.3500684329293,138.77064645321013,188.0229844850544
1439.6649965778383,414.2453163352755,136.7185527477435,190.02609386184716
1453.9243100425347,413.4088803666307,129.70700451509276,196.8562386554654
1453.4494554854832,405.1585196617565,129.10017029776847,196.40958486321986
1469.5548483503328,407.13863554113925,117.59554769242975,202.64314511806327
1462.5064686021137,403.33593981370313,119.84042920038229,200.8345717914838
1462.9345038766637,416.6218820828008,121.9998572878148,197.48216243549666
1464.7717470247696,403.40510557535083,125.77862871735378,192.455925665096
1475.1353122618266,416.40186662692906,117.25405746691472,193.89734084163297
1467.9140908018512,418.9122675491299,120.23337777048836,191.0020669882948
1474.389415806668,413.9552843864269,117.37899240170529,191.74071646942198
1468.1549055355754,404.10481556950685,118.95870917048588,187.09547976799206
1477.121836435696,406.1095849994073,113.76328608048922,187.49720478481578
1479.799079941419,411.7410207470792,110.15801751727065,183.51593892857306
1494.7854597947778,419.3110198882625,100.12572170518825,183.77461065118462
1496.0034809313836,423.39300924191986,98.53333675669724,180.19746249952652
1473.4262725149522,405.69468810938054,106.47993360359024,176.87939929615044
1487.5820591299141,403.2873424336921,103.41069819310906,179.58655729577853
1488.5534718128772,406.4279712034637,101.19127685543424,184.13962747939746
1488.1363885100327,412.56939453635596,103.1699583966246,184.80108150455226
1485.0648915406302,396.71262895410143,105.23251223283094,180.68722688604515
1504.0659178717872,404.17867756078886,95.19497312528516,191.24112966827417
1495.8153181717323,387.3044162640299,95.21048941897863,186.64081532643075
1495.3907286929527,391.20599774345243,96.57688104722314,180.0258221889729
1490.7353524638909,394.6277052099855,99.88587290020605,176.80876697376266
1496.1413526718763,392.55958629662655,98.5815845049101,182.6176502204247
1503.1315342242196,393.98218736431954,96.63786139182498,186.41729311232598
1499.2601717605974,382.2423935217655,97.84920064497885,184.62779794993008
1473.2743297582053,390.07081836664247,108.35338561806637,178.92670823764007
1474.3046227976106,396.411860964013,113.5662640842235,180.6200043606101
1470.7228727798076,384.635253000037,118.89374549827454,179.32700902770188
1472.0986366652762,390.7516281107429,118.04383617215572,181.98049101334695
1446.690521298694,399.5087711647829,131.29590559839644,181.16168440121805
1457.9620875423318,399.5402912388371,134.60827520270948,182.00298915935548
1460.8115027639037,395.0688435963832,136.00492334676272,183.83456862428596
1475.0660292623184,393.1246563083037,129.42086000006043,191.9636798273865
1452.6873209467228,393.9076521601197,141.06577065553626,190.96175128544957
1433.0039541444241,396.85992935006055,147.23470272159787,195.0305925132025
1448.5141832644379,381.7787368556146,150.1834733145981,197.89603567205208
1460.7908310136427,383.2398687315556,143.80290623640795,203.8549699724445
1432.224214526106,388.4389649317909,148.1753224682028,209.24345406939108
1419.522782402136,387.8550186385965,149.65075384236405,210.4835910554242
1431.0699042846413,386.0600679853174,152.6838631850421,213.59306414775787
1438.6125672790292,368.33815270429176,153.66600339217376,216.93081893282206
1441.3984526377371,373.6156135267547,158.2905991447842,218.1755547609851
1443.085828463303,364.5641625260192,156.82016489435335,220.68954573211167
1440.1815242261832,367.48459113128604,155.33150997057,220.95122565910816
1442.8214600148399,365.2485525094728,155.3344924914481,220.10211071157957
1449.5114882030332,371.26227501325104,149.7936593099419,224.89395431173347
1434.7686190791203,377.4983602821925,152.37587365408302,223.51229075069904
1428.23241680279,382.46836019870085,150.58271218164373,227.23702670879436
1435.15150302431,349.6327533247018,152.01411537140712,226.62236960023813
1439.6931037979923,373.7820066862041,152.0557276953644,227.9466125104837
1438.358530236614,382.8800193724065,151.31336807580394,227.8690080674911
1447.8405926141304,357.7079633126791,151.92529036282497,227.9681790462442
1437.5736577497064,358.22765322082694,152.45908575189299,222.72300902747867
1437.0208790371273,370.94423895971784,152.22987686137128,222.39430507372833
1442.2816709372175,376.8772005752495,153.5013261571793,224.15847094273914
1449.135537431557,382.6840304471085,149.88365869597385,224.61147692210625
1433.2235360596478,384.8934839851004,151.19146535482707,225.3717341077064
1444.781744604179,386.3980192134796,150.91419512358902,222.73658211444945
1448.0194148077867,383.9386228038126,149.1775901011327,221.2963525481399
1455.2381054588698,367.71467728227714,145.62680578171904,223.79387222731725
1456.0803422892204,384.0381473443406,141.29205144601198,224.75058703367966
1461.6667460623848,386.5254098515937,137.77041078060415,226.07405959674853
1458.974624484237,389.66977619220563,133.42179254213897,225.74651345892596
1474.6462782336228,393.6320973165582,127.57449245939051,225.5897335251588
1474.0760538518139,397.5992437853416,121.97866731022852,223.9000138917781
1460.8175540013242,400.30906575228755,127.64363803693392,217.47313899359386
1454.4522955301202,389.07239033207856,131.77227066954944,216.3735135456742
1466.7547937723668,410.9274982807281,131.0965239229448,210.92356860370265
1470.4072411677612,404.2182504378238,125.05993054314692,214.45854501126794
1478.260255955827,403.753091865837,121.36274947251621,216.59850574085348
1478.6075193911965,402.75522031809686,116.34326297705813,219.4176711598328
1487.9102983877115,421.0969908912668,111.8127077336108,212.2204405940764
1490.3524506584808,407.6915154005672,108.88611628075435,204.7401827397656
1489.4064805374717,414.00743200908596,104.66280948937265,199.0932453042072
1495.3395677545122,430.84941994399213,98.25486665798309,198.31373709450793
1496.8309415109838,437.7078523145867,96.85871281372167,195.2141550953468
1492.9256928472273,419.07907136427536,96.98076863592868,195.54420170787398
1496.6518635289247,429.62885466965423,101.97469726667485,188.73204756225127
1504.077242310713,422.7004497021728,102.06277104279215,193.87384704114191
1502.526177559766,431.2480785413818,97.55975330377595,196.1720674022078
1504.788874500891,446.03414664115826,98.2189027794432,193.11258204941606
1501.608912554302,438.30193099434405,105.15000151154415,186.02867459459839
1496.5265627037716,415.8830865463125,104.48044314560218,190.21523975765874
1503.3242842865761,407.2685921057041,104.31317211065708,195.3605087688757
1501.7409161787812,428.2136848878383,103.06644818308408,193.23440725330147
1499.107052855287,411.0329127937428,101.94521759761186,198.8626494536826
1517.1573270811837,439.12403886675156,98.00791323193118,208.99059451060361
1498.838132610449,416.51813676889856,104.51959245884571,209.67706585977476
1500.7006051733438,429.5019385968119,109.53110628810946,203.96461211391198
1493.6460461381657,415.5632365138365,106.77142038545813,204.6005799855314
1483.4010229189155,414.73045997491334,107.06075590835908,205.36552316711584
1477.7084208059266,426.75425661407,107.04224268097454,203.11261458947172
1450.9017027046068,415.23384392571506,111.43781882557919,198.37417703145326
1438.942906944492,416.12178121677016,112.9840761796649,193.77868656101208
1428.2320818232379,428.4671048200262,110.57351192286315,197.41904182750358
1403.673153863704,441.81411151343934,114.44628118762458,195.81106381776226
1390.130119919175,433.6599914447032,111.70856525800271,197.53478191779328
1370.6634113546536,456.6641469341225,111.90347164538201,188.00561532561147
1345.0716552978756,438.08411813356236,114.09939864546865,190.75749061753635
1338.0596771652097,438.8918185848743,106.22737470805544,200.8003600306572
1317.74779999823,458.6005730825432,108.97967698669791,193.06473041409998
1301.1896963110473,464.92557085854617,106.0382930669576,193.84950562471067
1274.8473023727677,446.98305460308154,107.45198312985873,193.0109526207944
1250.6921009083915,456.6092232226898,109.13114132285273,183.76671205376076
1235.7865390230957,430.53416576160305,104.33833850630849,189.50577794767216
1216.9384300806587,462.27682331518366,101.75528956244196,193.14697781292205
1205.318088911699,443.8032574125251,97.62166488556967,199.17139071110296
1176.3087660005713,450.1282711156881,101.91853433212457,195.85326051388026
1155.265379146988,438.5508362716343,102.6578669314969,194.5270525092484
1131.222691881462,428.45541583767294,99.31707215280997,196.46019847357204
1116.0136122008998,446.31421128010805,98.30937353228103,193.45881191683148
1098.8147388766333,438.32194821652956,93.02500669434443,198.89000123917825
1075.43463392447,444.3256654772194,96.15785692255673,197.22188020253827
1060.9751280893256,449.44737108912693,93.82729640531727,200.26018559497112
1052.4964813640186,470.76783484171006,92.73842396131812,208.7210402842515
1031.5265712588953,454.35999618774395,93.22960700707276,213.48585989939238
1004.8207287143175,442.59569537257937,96.21367701865586,203.63715506304987
1012.9102055839458,503.5781451417,95.31429786574463,211.4710974226279
995.9283745007723,501.09471672262924,96.73736724590091,210.6384630441481
990.2919005805584,517.4518451801096,93.97362369125406,216.67841943316535
983.3236141148856,520.6554464908814,91.21395266436716,212.32378984589738
972.5494293073486,517.4938644881416,90.56960258396495,211.34757366489694
966.4721918035557,523.8259695816967,90.9779009443522,209.53973382532723
964.205651442763,532.8558555310046,91.08104930454627,209.13998530330338
969.1317118791169,552.2706363010393,96.61969627658766,201.76902199160565
963.7419623473946,479.28429331654945,86.27893248473805,220.2076974437403
885.1713022542788,377.5143985205533,105.92144427331718,207.90007396033405
894.5974753381507,375.53083037662503,110.86488995462369,204.47250832366288
897.6206142860602,397.4019024146565,115.31378125907119,201.12877010572177
955.2308242728191,543.0133459265878,108.63403258916341,214.40183032971322
947.8321425686479,526.4162014735301,102.93766092845146,221.88598719534022
953.2200508450051,527.9340400835118,103.69322263088623,224.22391570603875
951.0041410215745,541.3676956164749,97.74738460449967,231.58673273726777
957.5967139874073,474.3029039225821,94.75784103910227,246.5291485922283
961.6826666786254,546.4294988289811,98.17126693673274,243.7854335493326
952.2939344420306,546.3625658639374,96.3646500446012,244.2148147733028
948.4419397451716,560.0596621778781,95.01420516929386,239.9212986830395
956.5207743115825,570.9393844636833,102.3441266347399,230.40186431490434
951.038162738734,490.8230385604978,89.68824597328629,251.00922961017136
957.3728551617435,573.9350141769391,101.08936396438605,237.79266777899608
952.3422014001026,567.7500141157349,101.24872601374689,229.01531717962348
945.3506771848423,588.4645835078143,101.64410273019521,212.4713296824249
944.0924930752577,566.3969536524874,101.89094378040402,214.44364958132013
939.1602331694828,582.7504648379283,96.44991677851426,213.42932503903822
937.224127204943,598.4057392388995,97.79808054595851,208.97486512468836
939.1994965057947,601.2071909939118,97.2228348604134,208.60602409835167
929.1552350090217,593.3478316276166,94.18478233871218,209.59386348054227
926.4294334349354,601.7969521958305,94.38380739097818,210.54193202722774
922.5163069482351,609.7397756193881,91.61161465119264,210.4876715699893
917.4485992799866,608.4220867871117,85.8003040226076,218.03304306689046
913.6658059655522,623.2159809007009,91.34368298810794,213.83106834156612
906.4963386987745,622.499679486705,91.62319005170144,215.66997335938183
902.4811471898923,628.5879165641867,90.29629409079436,219.86001136967235
896.9635488959643,639.1158735642235,87.69133188787745,216.48353814884226
888.8152091895447,649.5553032940651,84.08402352798345,218.800295595327
882.507107647079,633.6407533346695,86.34500942297521,211.38963686738856
879.5682958969649,647.5267634828679,88.7585225877225,204.31730782711088
873.870936108237,652.003290083478,88.60278079286932,197.2401457638063
877.3895000243594,685.7538072576904,89.50613308126393,199.73366349466107
868.5198550984614,650.5840858666759,84.03192933306289,204.48338034443833
869.0646011452494,659.542036661538,82.5328892293175,202.71117770442137
865.2280253246388,661.6310868064652,82.1901920056001,198.33675320332736
863.9229156356346,659.673982231674,82.66039175205259,194.73733327902653
861.2722251538121,659.7391783229247,80.0933904077106,192.30704595264774
860.8202126057895,665.7990815911714,77.23907231919036,195.64395961838716
863.4857276775456,681.4748498269669,75.15799474053472,203.55535472612405
856.0222436240934,663.8938050037855,74.71791533943447,202.99362406548846
861.0447864707935,685.1342040741563,75.5314471294165,205.9564862445605
854.4123785658838,742.5986726061976,70.29714916195631,216.4183585433942
852.1178652473991,672.5360645243575,73.47187091478136,217.64937244225263
845.2054307892126,685.0099556520872,76.68442823184306,213.1608084759318
848.1630164370729,698.8485239819049,77.95924810987947,218.12366152198146
843.9454642429126,690.4057218373918,79.26283251663286,219.9744716490856
845.5428404059378,700.8064281998553,80.05944132023117,223.9124303249066
840.6604956747091,709.8849363504527,80.65975810818584,225.80183720249414
838.5882635463204,734.7284667466652,84.1170588415186,224.7267461535816
838.0040389512216,740.5978393348698,84.05161146121812,233.40006624143632
837.9227826395482,738.3445323287024,81.69557719100135,240.95713451643357
828.2873146577915,681.7062083673723,84.68681888964797,234.4652364280056
820.9962800075386,775.6349735090024,83.93531942379548,244.98718015220484
835.689552004404,709.1913792371607,82.77265471255473,259.79723813661053
821.1360174406158,724.415832992594,81.2254087247515,268.29721986260915
815.9152465436287,716.2744231853734,88.54414511926646,262.3220153524583
818.7184865645094,724.1806488740813,89.7079973943909,264.291096736226
