547.5,389.5,62,166
541.3274023887442,397.4790571639684,73.31673645305823,147.74027704216903
539.6581633811279,398.0996399530709,77.88139942857619,137.79707492855692
539.3385101929114,402.32218046955023,77.91899299278137,133.38769757357682
540.8008827749209,401.5851430103161,77.64516354691943,132.67096092803303
532.6222683636737,405.8464127773177,79.53433657756715,127.67857256945757
537.1815548444805,408.6381629337292,79.90154555076765,124.27710093515844
535.2903166885388,409.895214220225,76.84030119126854,121.659746473014
533.5029581962576,413.60584117027037,73.9734776717497,119.75529705267684
539.3026549794674,413.3453579773073,71.70276783599127,119.82229990154894
537.442096999752,408.7546727444689,70.94112271718524,119.24292102832362
545.1595202094065,414.2552163111995,64.37940999457142,125.68708429628563
538.1933913842902,413.5951688475971,65.18093758759663,120.42350417231287
541.189987423463,413.3796912916067,62.44059331129301,122.11572677509915
544.4292994715028,413.6335773334282,62.64766821362326,119.71852289395164
540.1432448200852,415.6551912172678,68.0989085236202,113.22772182120495
543.6201420904451,413.2408172654456,68.19002796681225,111.88879305812911
540.0242664772727,412.08504470015765,71.60039651875583,107.57279379815103
548.1423934116083,412.38025384227365,69.61000071752727,109.52295829122093
554.0073394884464,411.6182989040807,68.18566605836968,111.10372943974079
559.3989992684741,408.1382944675541,69.31097351709445,109.3618737850247
563.1883556254268,405.37630120142944,65.84651574848249,111.78431682705425
569.8064692426015,406.4324023373937,62.330010578531024,112.30058789854375
590.5628545691461,409.1740507030887,63.98076448254879,111.0594635424502
586.0396023542652,413.766418496616,68.61058616528103,105.4833700301769
596.7389938478332,404.48896015609444,63.67728865035633,114.46828996698227
605.3893435773562,403.40268735703046,60.60359139457732,121.48451975495664
610.8892366329328,404.56648876871697,59.51560386609185,125.03419026245805
617.911008576083,398.47938977499666,62.2617365610667,121.75364220193734
624.7790158576013,398.58221072966336,59.218214906460126,122.45962329533099
638.5929945259047,399.63394555671704,59.541097956021595,121.02234996563195
649.6953209748106,409.83751349831937,62.040137427170976,115.78756011384885
646.5442162077337,396.425354000477,60.442903488975304,118.71064116947167
652.2787940247381,396.5140654669759,57.483558750000306,122.32947759398596
663.198810471912,394.5084492236368,58.76632611450971,119.5679998248831
667.9664339500353,393.00963268938995,59.38066697205523,118.74950158934354
678.8183001278269,398.0920319202287,58.200502630575066,118.22610964233813
687.3627695880451,393.7645316866276,55.341588327304734,120.9474881060064
694.9364411107816,398.56333460933035,56.47968799033223,118.24082644801686
703.6517052261693,401.59136797815376,57.2230918404354,118.385767734062
708.1797719770904,395.9015752457628,60.22510393897275,113.35079553765368
708.3767313386157,407.46904384036395,66.857444096179,104.33216139941612
717.4408446792917,401.29859733325765,65.43602643544722,104.79957655735652
721.159476947692,407.9398035911753,65.65008846140623,104.26703352595874
723.4229694529938,410.9413317161913,65.9923718055841,103.07906985571341
738.6356844567382,394.90434351079523,64.88596062869647,106.83660842203693
745.8898819643103,403.58051084394543,61.826711621119784,111.74261960352189
749.4936741736658,402.1078715720728,63.00794980170948,112.78274690488466
755.7478138800016,404.42014017148836,64.74243064521472,112.32574849875749
749.0832119479154,402.77467123963976,67.95003476569079,104.43673927006678
760.0350808113295,401.7161265373007,62.07135333606526,107.83797512173713
763.1769642014868,399.67259047719097,60.88256098879992,108.24335100048958
764.0113000189017,396.19725914173677,57.219613901235796,114.17937409388226
765.9867063412058,396.92288133237207,55.29029323912869,116.59326531207002
767.4198692250271,395.57453651935003,53.80066203154847,119.60616130274732
765.9826253072051,396.6034667632325,55.3353694791581,118.06015058950052
763.0728373761702,390.39159395146174,55.44078792732657,119.17559355350792
763.8767392997277,399.5063868595071,56.8333982055732,116.67240659061889
765.6067759752475,397.26804875852383,57.47001844060287,117.42554485615683
770.7395273229951,395.0818051131522,57.750661868863446,118.63356206328552
768.3051994625088,395.2048242877455,61.14787425416538,118.73027810220104
770.6401949601218,394.07318625223934,64.58516619406889,118.10110322325794
768.0711268572326,387.8049834728604,65.82765495440796,120.7223140668898
762.318678616423,380.746536669336,65.86606945805005,120.77614491893551
765.4853021141668,379.87910670941756,62.19960669813237,126.15226085455757
762.8389508762145,384.2426973972911,64.05820464352269,126.67731720020694
764.8286185991035,382.94394861599744,64.29206537543033,129.06557713007345
763.8376197765187,384.3393022792837,67.78557930806949,123.81089590406262
761.4589837445881,378.5117721748998,69.49175629177148,120.38174738796108
763.356315265109,378.6677046556271,66.60094356943877,124.74871215295832
760.8199939493065,378.78594442161614,66.75154306630446,124.20936457726123
763.1346038692775,378.13509028866264,65.2324585750716,127.85177481734604
755.2832151960527,376.2572058894759,68.25621488659286,126.42023968456164
762.2857714957213,382.54285369034443,67.4382839667104,129.5512776769564
768.4215403894964,381.10333839500527,68.82855332624703,129.99828632694042
749.0608319464621,384.67473245901056,75.79975952313012,124.47968717587355
756.6091203912416,374.17867694286633,73.60843374769146,126.76930557609893
761.3180002674262,380.1672718845767,70.9703174502458,131.2842360399454
746.0517270014066,380.73520760289,76.88292204793039,126.04246285471879
750.3012389216908,381.5948510772987,78.50294151147992,121.70577824104477
759.546205359131,377.9432108755781,74.07453604689107,126.98005464595843
762.7104850705889,375.75450803192507,71.84979813544655,128.50823349449547
759.009277730901,374.661207049803,74.13229582596132,124.98222062023437
740.3073057801994,378.14076264684394,81.99054229804628,119.81103773609347
749.519455616484,376.08464785272196,79.00040493329719,120.64575807469518
759.1446941268756,373.1426954411854,75.93964612013903,122.7212744938964
764.2459195089345,369.7156722079977,71.40477156627264,125.36937611993353
763.4035148928994,369.46161271440656,70.31858074594979,120.5213017932258
766.1774835594351,370.33450785112586,67.56339880824652,121.06058515933519
767.4522073605576,368.4249621101392,66.25454344641835,120.0110807740659
766.9659511462153,371.71843263257796,64.6695060152107,118.85450967652837
775.5988085654224,373.97300775209044,61.6965903167328,119.21008187270306
776.9991518019143,372.1759896193445,59.32789365907482,120.14298405184765
775.0275945977063,374.5669249013198,60.513507459368654,117.12070050631351
768.198293167573,373.2501143755261,60.93734078684477,115.97056817326829
770.1397408721427,371.56193277261576,59.60983182972146,117.92158862169973
772.1649392604816,371.25707798749477,56.07028592775756,120.1951745968247
773.637787450536,372.2929214966879,56.895539143130236,118.72539220209777
774.2632609258787,370.71392278335975,57.690286208536236,116.27691310082827
773.7788687184012,370.1902624321974,57.22544287615072,114.5040569729687
774.8809862064873,374.7211980702705,59.20935589655335,109.22845832501838
775.5112464477876,375.454354801452,61.62335709457216,106.24387838633686
773.1705974552718,376.719633612211,59.69195376122562,105.72938049991026
771.8879808474115,375.6423172448987,59.49488183581316,104.64855336972781
773.084104117151,374.44713548128277,59.58374396350492,103.02209915651807
773.2065661383484,374.65627348524356,58.32550610031537,102.88684276751025
773.4726111873445,374.1147587218108,56.98513083634771,104.4572854474238
770.0090909843628,373.5198171246418,58.38029097557745,100.98098335266297
773.9654507946592,372.8685126710004,56.12765727285023,101.83956479832163
759.5865842833343,381.05403469670676,60.337433237792766,97.4276830432758
769.1375355534658,383.1411396131525,59.71325287330242,98.58169286659579
770.3115544479695,375.03549093796516,57.36534249009176,100.99550868804786
772.0938118562976,378.9599848436069,55.84564545962584,102.7318047756741
773.8315441690418,377.9360557918281,55.30306775298443,104.86216874031115
776.836789651736,375.25438823396877,54.3944185978964,106.49245629213121
769.6495613775409,371.85981533225277,56.44640026176701,102.264804123328
760.7625142368635,376.1575651815232,60.27211907766012,96.72071550656125
771.4478750062756,376.3688330302781,58.87093823656386,99.18456392055622
775.9070257139055,380.07718042474687,60.95542278993695,99.84729594828643
776.21849646371,386.8191730886556,62.71186424389425,100.72744507367348
781.0918842374058,394.01347843723045,63.484994869689565,102.01940544723735
813.5343748291112,407.65976034817413,67.74290825267914,101.19280456465084
772.9978281452192,372.5858158658533,67.82015732825181,101.59558882436362
778.0759636863711,375.16782133559065,66.41405749023632,103.89941443060049
785.9120995017764,383.8732024603752,66.51440577409988,104.75942297063902
794.8553199719601,390.68164598299455,67.57936478015378,105.49905244126693
856.1304957327084,437.3670948841086,68.92452748852463,104.62661350287625
918.8279451022457,517.0323451093291,69.67641958744981,109.58873725729657
946.8202029366628,554.4192001976329,73.3138253784413,112.63939229286413
950.9916920163759,558.8245257401362,78.36412823525164,111.4710109086509
983.6748052834796,606.3060095613931,82.51549285643011,114.20098287899735
991.0667700371413,615.2763636364759,87.54170810812941,113.53076924121838
968.2883246085813,585.9460160344997,90.00073892100568,116.43778414901958
985.4873420546184,605.5652167428708,90.69566796902411,118.57234918077653
1003.4193317564132,628.893364704905,92.38154720834153,119.97268205153908
1012.0496063397841,646.0948779197984,92.95690571490242,122.76426703631478
994.0766023510329,612.0518369854303,95.74351591762874,125.61728180461665
1008.4170173466914,633.8770820150523,96.19465105388183,126.97562602387801
1014.5447794033796,643.185107114407,97.29024013176684,128.4100694864263
1017.6142623244142,647.5973495462852,98.6323236417746,130.38398350960918
984.3952466543356,610.8806131178517,104.0725082053086,131.15954928680517
948.6153815762456,587.573077825273,106.9768897495334,133.45268860512226
963.209381556649,598.3672435037042,111.40374467351839,133.38062294778408
968.5429902086091,609.3713002528511,116.795183038029,136.36308614103442
992.0674496891835,636.6643301009275,118.02879604933956,140.8291178598779
1004.8119392805306,649.8162302258258,119.247546108134,143.56652310617852
975.5044545618243,610.1283860787651,122.00471838430474,148.73041784022263
977.9681286492117,615.9989872291688,124.2720653107852,153.35232213107082
983.8915412907095,626.2839186744102,129.1439647467227,154.48094542050927
992.0148953705777,633.5416979750373,132.1458753355415,156.366390227713
1015.7638970061373,661.139800722339,134.18128726660044,160.49577561824157
1022.535901595908,676.1120087985489,131.25451381553106,172.2599634951398
1030.5347538876542,690.0988294338055,130.52165967884108,178.5089689590757
1007.3953057523134,653.7075845644697,131.1116496703009,187.00961641550518
1018.1503366340976,672.481766795775,131.25836658840572,191.58972361631646
1026.0177258698825,678.3087495111517,134.25578483747748,194.50393466756046
1025.9154710394819,673.5165037655199,136.9616679098322,196.9867185202173
1025.942810966005,675.4516420086285,139.27976329475496,201.3582470023032
1034.5982320085552,699.3955318775437,142.03383916981767,202.8135984616101
1001.3510481288196,636.733669207438,145.03428681059512,207.84822138385417
1000.8816680680683,653.6234110263133,148.65237269318385,212.25727756369406
1026.23859075596,683.7067323714466,150.6582948814351,217.52097807012058
995.7883106866923,640.2634403120486,155.2683912713274,222.2504214717
1016.6962311603716,672.5742518687956,157.31219132806154,227.3456204792758
1017.9686551615961,683.9843669019236,159.73469675382904,230.4882600591402
1026.8772581641251,685.1454946912597,160.44339749648282,237.89621641079003
1043.9806096950142,710.6977317122953,163.186294005798,243.8503754343158
1075.2141950913597,752.8405911521121,163.57981195713822,252.0216944715351
1041.1697830343144,677.1980769260467,162.88142164995935,263.33508303075763
1040.1993491525925,690.1585825529373,167.32800723327892,266.1149642487866
1003.004147653845,642.7647781152496,171.26472952532617,273.3145729581234
1018.3287721741835,679.3112575154271,178.40077291919482,274.4097133758123
1039.8937867404384,702.26512431882,181.48422355749756,279.1730660748557
1068.7083927817016,740.8155085624973,183.56840715383055,286.4032979822
1111.3788202130893,792.5821394003772,187.1757891589569,288.3903985229077
1088.7910990918706,757.0249690686763,189.34784169350573,300.83818052846067
1116.2526129503294,795.7451420245593,193.6262024868907,300.5073478447458
1121.8252361326863,807.332385382941,196.11214421618837,299.442240057394
1090.886973013823,756.1626454395808,196.83889536664972,312.187855847806
1055.5547722024494,701.9240532504793,202.0544307779362,324.6010881656194
1085.208731190735,755.8190423554861,210.32686140669867,324.6710822229545
1051.086100165381,709.9354065536477,215.1944965799363,338.2995486931026
1081.6030957371427,751.8732032852436,222.0366050090592,341.84814505965653
1093.3714792935957,768.1269629714827,225.5667789551942,341.82601415842385
1048.7629082938154,707.513542443934,230.20297605594007,353.89216403930254
1078.0156901513958,753.4784021606667,236.18561707612707,354.43495809143155
1086.1559391273456,770.154534146927,243.58795018456448,350.80533982678
1053.9328946851492,726.5411911144481,246.15825724445614,363.76369075194424
1062.988143686775,741.5234490044422,252.95266092460474,365.15542985349896
1064.7057481315962,744.6724494224147,255.97258928373375,367.9813183045657
1072.2505374564653,753.841951676121,258.83493242588844,369.70215499374615
1037.048432739802,704.3825729075106,260.27702402709974,384.8196708424018
1039.0841148515578,716.5139895365063,268.1242674414458,385.7492606349176
1052.3410077429949,728.511441293326,270.9730751193432,388.8981905344434
1058.9848202732471,742.9003162577256,276.5458545774658,388.65366746306495
1023.7169526921768,688.7351199608728,275.97992332860673,403.9897025375776
1041.5146804514904,718.2957129283695,280.5423236257551,411.1571254219132
1045.6666885920658,723.9384877611399,283.1056761937658,414.6456094680483
991.5087375762829,652.1132537872785,287.2053575656507,426.65275211875337
1026.9788068657667,700.9516215724929,293.0006533436823,430.38987344126804
1033.9467807008218,705.3549122855222,295.63445050847474,435.18017141404175
994.414324047424,652.4648782063668,295.3348820363624,449.06647893532227
1014.3540777739095,685.007173554021,303.0278233682352,448.4512606548449
1038.7062163870178,710.9608508338871,309.3692897972329,447.9751435834801
1000.715238901689,643.8830069872232,307.240260746093,460.2386996876194
1011.873626188869,682.622529370124,320.3843429427259,452.55802818199186
1020.6594894718618,713.2160922583864,331.0098235682555,445.3105887868789
1040.154621457664,736.3589899742437,340.0711275661524,439.40447270510236
1000.5064847601312,669.5293661433368,329.7755579710681,458.684540913678
1030.498369227113,724.1092517873144,343.94179893996443,446.8681296144504
1036.7024950630698,733.1237499943437,344.5489722257603,454.3416388755859
1044.5016897804414,735.4174022263599,350.0303345424119,454.5434405836302
1040.237201166502,735.0149407551646,349.6839207480457,460.0367925112029
1050.8738836684429,743.1539935654097,352.0831131641037,460.29958013279946
1004.6967153409121,678.2767298332867,347.1859065684829,472.4712909008631
1028.328163478869,708.4082224590059,353.8066387019263,470.32040513793254
1033.5275920100535,723.3992187934086,365.3110471575799,465.6320881521434
1046.3367830653394,741.5593657051913,382.3306184258625,454.44753327281995
1008.7173304757927,737.2099410439944,382.11476937170556,455.82613980976834
1021.4178956445456,731.1694272816032,384.9232827383678,461.37956111323354
970.321570542072,709.8031669170124,383.84703070832916,462.60700299505106
1026.8463973148878,747.3466608674137,393.9820721824069,455.83159982325276
1035.58315533074,754.0132950124485,406.6071096873565,449.669964521128
1036.6238223305597,766.1021883900039,415.3148280149504,448.57689399723415
990.8482347750682,760.9766609456401,416.4245734961014,446.79252412790845
1035.8483441554874,744.0365044773885,415.47515596250196,454.5288803678528
1036.6624055889529,752.6369168147489,422.9685918259473,453.17048107895107
983.9717091284543,756.3854804089249,425.4127746943079,448.338721919941
1023.8575344521491,748.4961549411864,424.55759144177637,452.8082805020574
969.0032681489183,749.4734143681719,427.55682674559375,452.00156813053866
1006.5033558468351,741.7909138060841,428.6988941268082,454.5696699843526
1015.65134534838,749.9852389525295,435.1103198972958,453.6530346484039
1030.1098623320336,767.0396800007335,444.75824994443536,450.61279088262626
1040.2927835030303,755.5446809813731,441.192051709717,458.75848064501264
987.3836440785426,761.6286956224394,452.65175131667,449.9176103518277
1022.1958548753611,753.6874624138545,451.8294052728063,455.98626286918693
1037.349212350224,754.0455424204522,453.448663038454,462.5766659257086
975.1248714754181,746.5709640217743,454.16284677862905,465.6497158839859
995.927265287731,727.3275735124097,447.3044291349212,477.2488437219283
1031.724409907912,742.717803445197,456.94838663538525,471.35924801788366
937.6837313259864,548.4808191015775,446.44934751157507,514.8734000477139
995.5982030303596,131.46425195016874,459.95441084638503,504.8156826311245
856.8019138784339,159.85891544228684,508.17989967076255,467.89333140404267
976.472311722565,158.76994892016302,522.8214315832822,459.1633403001929
840.000745625782,165.53195018540598,551.7992732170515,443.2225669337543
834.1265942435259,175.31834320706412,567.9577059595207,436.5605529375887
891.5646421616237,161.74877682668472,569.5837561599526,443.4866132501131
784.5044033364844,183.88973758559985,589.8960524488955,431.43843010416015
821.695984219215,188.06348162243455,589.3887830992313,440.9987960145178
858.3628940545685,193.9165809106606,587.5253023784278,451.53902919493265
888.8232631410194,146.83969023448074,619.6572610679777,436.2986064383537
979.6563722120159,149.8621273724104,599.721898965357,452.84039851570236
1021.855012653949,139.07044901618562,582.1506827551428,467.16785632939974
837.9840945430939,165.72258158648077,611.6775769455323,445.2219175704033
819.7237443030175,173.16092945035277,612.9892398748564,450.54087903264843
834.8491063155528,169.06071638075446,633.6012855996262,437.87258323682875
811.4237580111901,169.05501776173577,648.6568762782769,438.3121594053687
816.2949351498382,197.24092855093522,649.6189268351695,448.22399638116565
874.3818519318835,138.85018989346287,668.9619980855471,439.5883573560633
982.3776983209825,128.66334445808354,647.2317221077155,450.0003989916647
837.4900331876003,161.24947554083383,676.2932552844866,434.78415046598855
907.1483004166457,151.46514263817207,670.7760333885021,441.78939945304415
995.1608579144045,125.95682301679238,643.6459296137615,463.69603852693433
773.1262981329625,172.6033283413655,656.4590881296656,450.03322842610805
846.3033398046181,159.97026790219297,664.9257735490608,457.816494303146
905.2556541757281,149.1850569760252,669.2888677477426,453.61423331437567
782.5566804426451,162.56516429487542,674.3721926759616,461.9784151604013
796.1415963261132,165.37952172777835,667.2828115055142,473.7820464387106
887.373234790168,145.84115411061904,661.0154837198833,485.51733615342647
751.377455364147,145.87311653391032,674.4394204944475,480.46429284092756
753.077732887755,165.74959694816562,668.6746013303687,494.67439186039724
754.1051659774504,157.41269407091826,657.4908028535217,506.2064784776392
777.5674220377185,149.61542905167096,689.2322853725234,492.5704908146125
790.5774355519768,156.7017047671469,679.1566996069841,508.46336193627735
712.4246916199406,148.1141099447746,689.953830934957,497.371430327731
732.2161750044313,158.19831143861308,713.2401441726369,487.2817251110997
778.7081654014414,159.59349670440562,710.4702641489375,504.12457446496995
805.1098614882867,184.7924643297244,698.0572395230947,526.268113599227
897.1494175118892,156.1046356785568,719.9112361255952,514.3439484178208
895.5804181143878,161.73571641947785,732.7731099651943,516.8576275555561
921.3282076544825,142.06877012664296,751.9413005953827,513.1291938575014
939.4763566317374,124.97986906312258,738.8887390921795,532.4417602716472
948.4460893294263,135.48259092093116,747.5806843499931,532.6986342255925
897.3501724842049,135.74515298144553,751.2443890483725,535.9294527128667
990.0363085912259,110.23661131625221,737.5283556479907,550.3090639628128
1027.0417991871611,115.00074967841317,718.894219170095,565.2755023024383
927.0650373653249,126.72305015790113,737.5104433696708,557.5606326364644
990.4543077241777,75.53205389382566,732.3038081607663,551.6472742571656
895.1598858414999,154.4667194664243,778.2600191941235,515.4330910564169
916.3292192685478,140.62990781999682,787.9436352557074,510.4773074898173
780.144553959709,146.187451847408,802.8168304192438,513.6355560215368
868.3842306824718,140.43814222943445,806.033216335597,518.1791108122213
890.681893218251,135.80443859391204,796.9072266420951,540.3625602195386
796.5068995106628,155.10765766566925,817.2145597697731,538.274911450306
878.7297035016553,137.39111813529433,826.6179850603478,537.6786249506383
799.8076315915719,126.5588082644594,813.7280918130479,553.7411601681044
877.2353113936323,124.60760467579985,817.045958547644,563.9892397539477
878.1420608655812,116.93514222500744,800.8076563348501,585.4717820485246
921.2974984802374,104.37238350210436,812.1996112002512,586.7147388004114
899.2903812255361,106.57012890825763,823.2682434385368,587.8903308200912
820.7247732920697,145.29231305193264,830.7310144582373,588.5431063867964
906.2870833031852,103.73304762229725,853.1425180657458,585.1843339585357
956.916269108618,112.14382127269113,829.4555425499984,601.2610852316905
827.7699088351168,134.58484017527888,841.1338950429238,608.0136662160053
832.7934655961038,119.57984619777557,852.8359003757926,618.2969766292417
844.2207144524481,116.35261759587559,850.5130427956612,628.4523725048434
833.5951641615393,70.69819678093506,876.8559674354783,624.6196682941743
849.0548139228266,112.69481967556266,891.1132089879259,619.9419117971082
852.4577486854681,127.03894472715211,881.7117898896884,644.3793873500367
888.9487002410533,79.29029306932335,890.4408129600997,646.7302473129271
893.2212177291474,128.27712993421795,891.5743608136944,650.7806525789589
939.8635654165705,55.551273854600254,876.8730332373087,654.7902282758096
820.0789840245889,104.403732105698,854.9609473969408,667.2148405120122
866.8880681708627,131.02273889883145,856.4830947820277,679.2256024376952
764.0838002131175,89.41654116296746,900.966063696785,645.6039247385784
853.2980996435975,123.23121516146495,920.2831994873934,653.3640556256809
771.4015579541417,81.5917541388369,914.70732715966,663.7656817726581
757.8601469570251,98.71704566149202,882.0770867764337,682.6184465520375
767.4118691569079,131.15914643461718,906.8545659277448,679.169245252924
882.0336187681434,49.84248245028846,897.186685486118,660.9421582079724
969.4451643585181,86.29700319337684,858.0809038807845,684.1967563773421
997.158964749641,110.40716294525322,879.9363897916387,678.7184252737603
848.0115831186394,108.66862369759025,887.5125622492917,685.2995579104527
863.412335391768,100.23848901627821,899.1811878363383,689.5313323524383
949.8585428119391,107.53097741256767,918.7865276048851,690.534644452337
1014.7715657342394,70.61061672507742,914.3373902542297,697.2585481331976
899.6403032389915,67.62393048797423,892.5897380884239,709.432363268103
971.6251776298637,80.12316706230428,895.1050954090649,713.01659591157
823.9251055409275,101.58706602389418,880.2379688093415,729.2320653840751
831.0356645600496,94.21767563814348,871.19155399818,734.177117392615
870.9529928053505,94.13166114220684,890.6196840361172,724.6175393765322
722.6538270376433,68.96029848445033,942.4757578298829,694.2721492414016
855.3438399265834,74.70170727981025,912.1268275741916,720.0581354657193
912.5646702869414,43.002682235101304,904.1569104698222,720.5570146384041
811.5483536016708,104.1228878694589,881.816093631887,736.3723412123238
925.5610465069949,38.638010243557574,930.0210555444584,713.3218379124016
839.7121957140102,91.84264096615124,917.4201211736744,706.0559638129251
895.1023685965171,77.86578650756087,919.6206034415547,709.2298881826482
790.7322174310436,103.31885364616852,948.1161567899661,702.0483334990021
903.868597951323,103.15060274388549,949.5222455914271,711.1047762129585
844.1860332658732,51.74285134270258,934.5018839950952,720.6564551479611
854.3008226256351,79.54360325370067,956.683527688501,720.345977414157
940.4338173661234,110.78729014461385,960.4299713908797,735.7782718708004
981.9340828156077,25.580961591292066,954.0009618725664,732.686134426165
878.0179232354371,76.1490689681687,940.9171107808129,743.3075420146038
770.458359479363,90.88810763299176,934.1547544307824,754.3946149838989
886.6033351065671,71.86959666294013,953.2170549574766,747.4915637644001
797.9420763483492,84.91041188534501,931.5771535187359,772.8511269025425
977.018962410621,16.68254029050962,922.7051875586866,784.726038070083
994.1198047439119,54.72671678317573,931.8532318340324,780.1349854526928
843.945110089843,66.48868680737729,952.2786108907171,787.3748262197919
1131.450792849178,37.64769296883236,912.5933052128496,842.9340341598765
876.2612486655859,40.5535968775452,955.8308878964906,813.4779304736539
916.574494484968,49.54496257475296,979.1025153282643,816.2823314715631
971.183369093643,25.193438367698093,966.5664760103315,832.9751056923556
838.4325992494087,60.961690011153564,995.7965682520797,839.0528543841494
1013.5792830368604,21.59022300279139,977.4941308900482,862.2895361342037
885.2181844717911,50.21224234122627,1013.3631993150653,860.2925002742486
942.1549832435602,32.73223827892258,1009.9869405482129,897.7248044380208
925.9433440172787,24.744236189890614,1023.2019990662168,904.5095520025197
857.2188021480831,23.970332018767806,1038.694609590873,911.1422754070645
944.2964435599031,12.004832169385622,1051.0828951094581,932.4258725616614
971.3317771255128,2.9046269925123056,1034.826000941772,969.3142861371086
825.4898101056258,-7.162025241538117,1077.3675634654182,950.8341931233573
846.8125492845636,-9.577626125055758,1100.4400049177775,959.6702846150929
742.4003389097358,-27.06453818618445,1173.620598364245,1028.487179841385
775.6486310494431,67.52474402319183,928.484095915193,813.2675645342104
984.4018229698694,39.495216748977896,944.6098884799515,815.5837148916496
900.6371192217674,61.9724642349413,966.6887024088526,813.3059481936846
911.939616116396,62.53849991009571,998.9509421747036,828.2322836049168
962.2026297155668,120.8025651767573,1000.8728917712008,858.4607527775363
821.9099608445567,23.31845013789797,1047.5883482564946,847.6387452044876
912.057598258097,117.92409807412457,1065.6884772847598,868.8149789273527
772.1605481232956,56.2635183389757,1078.2132024868258,877.2471819974797
890.6021779296843,56.578742464857385,1070.9021603767274,908.4938955631721
936.7665395254818,38.78755693226924,1049.1650984776145,949.2681482263815
985.25317884197,38.061075967945214,1035.339786538337,989.3511831806974
845.9336953433267,23.03341047163292,1069.790799458996,987.1406812967543
831.4507982907214,82.5018377583138,893.9258364831671,820.8446654065134
954.1463027116574,78.9412836577315,925.0229448114301,818.3721299473478
1275.372113932988,103.99507437324951,847.0838962897586,913.3777766405408
1291.3788635932628,55.02510520045041,814.9790911886203,949.5609592928035
1129.0730497072673,4.927441393854053,827.0524988155373,962.0289436528004
1141.3179960177808,34.120692621193996,866.8291648350126,963.609426252471
1169.797018907222,33.74980463892393,879.0600780832423,985.1989228945533
1118.6936826470437,24.295929344973274,911.8269376287323,986.816184008597
897.8995348173248,38.707658367511215,982.0605780223859,960.4037488390599
971.170387572829,26.84490359653728,1016.7016249430549,966.2282360878708
1078.8521751562723,16.035075951822137,996.8833733552475,1003.9600451841723
855.7008851487891,29.220477576406324,1058.6198673026317,990.3028096371258
829.2136580226058,82.87567684282948,905.2671512505723,843.4548478704158
1266.539766677006,111.11078894368586,851.0394225175075,899.8870593613758
1431.6395379277355,72.6021452981783,704.9601483171957,1017.04423284746
1471.9758076569979,36.61044005138467,634.1701016519221,1055.6404646882197
1452.9471205726322,17.954500834721102,613.022904568589,1059.8659492796135
1510.1538612198783,32.4721858113154,599.0389774692464,1070.1435182490866
1367.3141143697276,36.99503962526444,643.3060620162607,1043.5770834305497
1450.9349076965932,30.351088836791064,653.2065920772866,1042.8705735984033
1512.2853869890107,35.529122756090715,610.6595909714891,1072.684754684074
1356.257783383201,64.53680574586303,663.5109881583064,1046.3195973966522
1101.2023473296927,-9.430717558074264,735.5545204294775,1007.9276418447954
1325.8208618297947,54.24492219760907,780.5204973280009,1004.3200650056235
1431.183261452575,52.74463907927111,755.4822672336713,1047.7315027146606
1157.4346680322922,23.380159916900993,806.3310639984206,1026.9282829530116
1138.6280922593041,19.157490154167817,876.9061248651376,1022.1655532379884
880.454675695081,12.791945425145286,956.7125087069348,971.8382400584223
1143.9529483821495,65.98120872956991,1016.0296043851904,990.581580419352
883.8497803327905,50.45080762405348,1067.3262334935066,978.6035823655855
826.8349011713931,56.05592222039809,1001.2295427119325,916.1105098309188
1112.6056858790366,68.56198522165863,1030.4601415605803,953.4323168027883
653.2567230760308,33.341706244223644,1079.6036024670589,927.8488731264595
898.9509986584382,70.40041173060621,1098.915499033297,950.2792495682357
925.8160627054706,90.81068083459985,1070.5211251535416,926.5984007681978
1401.305575151364,172.45410810008013,981.646029240481,1035.2403866391965
735.7673515621693,31.636367873618155,1062.0936255864694,970.4434122608923
777.8452455468907,-27.981938092732435,1100.3823036380168,951.6470228371725
841.5205770731297,133.86750666366459,851.553053832955,740.715595987203
719.1010442600423,66.19016764724165,874.8273804693816,697.1753605341073
748.9883239291788,96.71297175988025,872.0915367965247,686.3661883724906
795.3036586021899,67.71117423088259,886.156761701302,649.8348557429409
773.0710244596687,103.55677611417525,850.731715769564,643.7299939288707
794.5817442547732,92.7946584759597,817.1896803719574,651.1426429203023
800.42168658993,109.8316481729808,832.6643334250998,620.3549880457435
802.0951295446677,119.51684248396657,852.8557426231698,594.3785759398775
791.4138102279069,135.05360400487154,846.000331645449,591.2812461305905
785.5823094174214,123.67112985004059,840.3281969881278,585.7229418713135
779.7112032462999,139.0123896011732,842.6925973287688,570.8268112060837
781.1655363788489,141.08472504939624,846.7219330629805,562.9116910048047
774.8668809380752,123.45047189596073,845.6526247167366,548.0678208362058
794.1872360642394,145.2962038111911,854.3427958715638,528.3388675572202
736.5155317544999,155.3785510728119,835.0647774873626,512.7434137750535
799.6562812647835,152.591581493727,829.2497340214104,515.7388503892282
788.920699550951,133.05447660057519,819.2267807031363,524.1357895571037
794.5296755884808,158.08608568810365,834.7567791173825,501.7188260185412
780.6371511136925,152.10040599016287,811.9888683379306,516.3314908285145
795.0800479404102,152.03586991284902,783.5472439400488,530.5694197672607
820.4348713685724,156.33667745109136,817.5739335576454,501.8860668577863
783.3392389292923,178.80917130092496,792.9319711103769,507.17678032481194
736.447732219923,132.77620270436114,763.3243160762946,505.5309826743113
746.594771359019,156.25571976104231,805.6895010073431,467.6298304776901
781.945580820113,174.62300002595674,815.9270200854626,457.8658846493861
800.0262446120543,190.7787756379203,837.2368681699734,448.7496194051334
835.5215037606916,175.76796920698766,825.1977513016461,468.75656798758297
781.4812470609988,181.54780135922616,786.1024940521706,494.1970890159367
772.4066690097992,133.92464304414682,735.730485070819,510.28540844797965
837.8156555419581,170.4002266134639,763.2281200376553,487.9566209527306
778.6356297564691,200.43892377428472,771.4454054612547,480.9618779666421
859.3848522013092,148.80308158095437,795.4264629495813,466.2086212957637
857.6711217465453,193.65900604831273,813.8262028757733,455.11744942142104
921.6312165135716,165.79942901595524,791.6375895839419,470.9415099685525
829.0703286689082,194.00623666035833,816.9943775187633,458.2848771540519
851.4956609166939,150.26444694104126,810.995644573634,461.3264146298324
862.9123692731097,156.78054924648774,799.0963338162771,480.3312298043603
793.5711428289466,197.52019757450853,781.776942785142,480.02728174946014
793.5846691612745,178.30899332837953,761.8159135198173,491.68622169554476
857.7774897215436,164.88072331737698,763.0473471841624,495.1309664209035
893.6781146730798,164.34191257430058,784.6502996262992,491.6926128847706
796.710477298969,184.84998032269374,752.7380349634177,507.1033057453618
855.4702191007959,146.93351699223592,775.6693960271723,496.5230108042797
851.8798756890849,157.79744417360092,761.6018770535302,517.5408829099458
875.6454063653488,143.89318113100705,771.2231053836556,517.374420324662
793.1592719937763,172.20898503565377,743.7354750891939,523.3034189261272
873.7670001740831,156.158144306096,758.0214131512951,519.0958424110477
942.2018318939879,141.5089707512879,775.9438965715161,513.3672596930843
868.9993402533676,172.70700815163332,778.8543330652674,516.7556980330849
877.5674394987884,135.61739323752926,791.8324727957151,507.85983802937506
932.2096038822058,158.44272242672645,788.9351124717164,511.1840360880134
813.2647397672959,191.12319345845037,787.2319707768934,505.6905983738558
914.7518722768564,167.98846317996424,771.5734102035244,520.8936813445217
938.6743183918129,162.87096086560365,783.0108440521731,516.7074754385595
850.0929217809406,179.1780732606128,791.9859151566054,514.0682936754977
908.1665700364657,143.6232630840196,798.8790544384599,509.88905096238904
949.6375830934123,144.14803806547798,781.822509740428,525.7062711361143
768.7004407364797,180.85644387028992,793.9348277701731,518.6227158751431
941.1008588167739,124.4198362040213,792.9500929415196,514.084915421672
851.9935887460201,164.70854012415026,780.2598558793461,525.0902036984406
906.6883484956828,155.51386877245147,756.7276110440441,548.3097280409158
925.1186451830026,173.01499299316959,756.5062073215449,547.4044225654859
826.2916940528731,158.7544898439354,758.6385290650758,539.1107681299139
906.2948533419304,145.0232140941066,767.8263397476669,540.9114761281487
942.4827280810151,142.2647313975707,756.4444467124083,556.0195828364745
972.4656269110178,147.45625172466634,754.419299045233,558.8399303354145
841.0919288174331,184.55924344728362,780.5546787418164,541.5657571949534
775.6092510665167,140.06510317264394,761.3448810114586,540.3699565831403
829.1341932058156,171.66859735800085,782.4103120073732,518.0052599840433
782.9765499306193,203.731005617049,769.0518310489193,514.4321162602663
828.9660312567137,152.95766339849746,774.5855141534671,522.702283382332
842.8046206682345,165.2585387658624,777.4890800356493,523.2021939714448
884.5988220431788,180.89360233575098,776.0788737682144,532.2313213492567
891.4951809714587,192.47143253169924,783.5821028953501,536.1370805670757
906.3045021789293,147.55936555888394,783.7644055634385,535.785993993934
923.6175738375343,150.49078900720383,766.2873230489444,551.4023068846382
936.6952051251066,158.2245002473764,757.0856276630109,565.0772574893765
963.795389045413,140.3473424599037,764.8979922287414,567.0483021614625
891.303121020688,169.96268146199714,770.0698086592729,565.7512066344873
913.6387624472968,153.6219252729485,789.0078664459508,561.9017973984804
952.4535081573551,150.14137844018643,752.4110101987475,591.917633264386
932.0951375412138,165.27692060597428,744.172104234274,604.449567094822
928.4229518342729,122.25072200718836,743.5735473929976,595.8026586495355
935.8518402857022,135.22651637619134,775.5650526588722,572.2512014481498
918.8471900873806,158.19944322231305,779.9176542328984,566.119901910715
900.7295808151954,171.10600993457933,777.6009193280413,578.2787184624133
822.5387809958761,153.60412670323495,794.4189344956503,566.2317473692913
880.9878345090901,161.91204194661736,814.2606785524881,559.4563964676353
802.22531240685,174.84981172815685,835.9907352530317,547.8610433320183
812.1000921578548,192.4520653129432,843.8784632467797,553.7281625895454
884.5086251406822,154.54510782663715,836.9249974260028,564.0975600767995
826.1655185744546,153.1018852950035,831.0307288642031,573.670971687229
779.8414222131257,179.19493386141596,823.8565459179617,565.7422547179287
831.8698586342334,135.04312888998032,802.404004491993,583.5579021425976
882.3783339535719,160.04581291015955,819.663701567124,570.8225091547805
871.8993496098801,150.12337144714735,818.3011758651284,585.1267662366381
919.7398234459313,149.0747987037053,818.8094100805268,589.5601602407289
823.3012724302642,160.02802696382997,828.9717967501122,578.6670580865298
756.8326045763085,173.42017519923274,813.3328419546564,587.002751058887
915.3747515415985,126.02929532596522,829.3429790679647,574.002152230013
821.9919204773494,166.7580422605289,840.2657010501001,572.399845128881
852.9817000328597,134.88201292848652,819.609915024201,590.2648901552784
861.9210023935817,146.92883192700367,802.7918305609517,601.7212199233418
902.6457243389401,141.40721097244483,807.4424146514127,600.4316601648895
774.4734163179126,175.04955323654212,820.8344187534735,592.9578942514369
812.3396738731375,140.6282668037254,823.6135274222236,602.8778287503205
820.5089119345207,132.8938675578732,791.1498864708665,621.1312266649907
808.1528999234732,175.8219379289564,813.418337382883,602.9340887909118
814.7466030989341,164.7047019975143,817.7229032499324,604.7909857620981
813.8574819609884,134.96110983927252,784.8936653719459,625.1221377620459
866.3384928411197,155.0661672090248,803.8122355992405,611.4211671731512
855.8078951951641,141.9843976727587,816.2181023586986,611.9879935167402
860.563075126272,151.20185449367267,798.6940071753975,623.2311658506551
861.9688822219624,154.80315190304913,829.0029752792709,604.9927392986148
810.7031879967309,169.35098552769472,781.308918229953,626.6818401947596
833.7677815001233,137.3166097146006,829.5972154485323,597.4735167640654
798.846915853453,170.72124357623977,780.5615611147789,612.5975136019837
848.3700330704326,157.48803608059455,803.025753259999,601.1823684310051
805.9488746830339,155.50617848408416,749.3508720952454,631.2785282094604
844.5835799151976,145.1905659596286,772.3795066827175,602.2522801740561
813.5441278874786,196.77617430631085,779.4671456985295,602.3266799854273
844.6358397563052,146.2239719190619,828.4320662246848,581.8434551453399
877.4891729847456,161.83606084880637,819.9921118322047,585.2444866438198
967.0091741188126,140.03386713374482,811.2838726497253,601.1967941782677
833.5335268726634,166.8133543420455,812.9408037203932,593.0612906621852
792.1490164215282,149.9983470293178,745.6674584189593,623.4325937111914
932.0041758410377,122.52916190916648,767.8144949758299,605.0014496566615
831.6887547719499,136.69374939204772,778.5417979356887,593.7577962751934
770.912332035882,164.97528786523253,786.2040993650941,581.8896634903981
812.1402071101659,150.46469500009061,733.0642167704668,622.2298188950838
810.7953370931464,145.75152650978578,720.1642428222355,623.5539593202494
817.8624441502824,130.76152521899866,715.4793459426467,625.8483134760145
870.101213938644,159.14532889138428,748.2994901737286,598.8683810953215
816.8538966408146,117.0875669344008,690.771079159716,631.7067267050402
826.4589509157713,93.7983995891712,699.5587179674658,624.4013633619852
861.229680086111,128.56646039459378,712.0352141178248,609.8379350141397
820.2317091895393,115.55534248931718,703.571541038516,600.5967070761267
848.1918349755679,135.91163165488268,728.7563862879589,579.4155360997472
832.3205973455941,147.23620327289927,733.450136240732,575.0473297645744
840.5681612591975,159.612174973688,711.9698926308902,588.7413117183006
847.6925365846243,181.65765832658957,710.4692400136313,580.2194741953103
889.0539936145167,171.00820591619186,721.5618060208957,578.6171261625155
848.7871654920561,161.07758573561358,678.0184606481807,589.6225420013641
843.0955689331922,146.8564665127916,670.1989101061486,592.7493988098993
829.3532894969871,169.62238030820464,677.6217919330574,584.5483523022239
853.2431602029673,169.42160135659077,657.2776968024516,592.8554322591123
905.7062636585185,169.6435858531002,664.9255202348066,591.7744849326817
880.3661987711857,169.67087341119964,662.807749405185,595.0991043459277
847.5643011725527,165.03552691337745,658.2905500853356,587.2784366320232
841.9955834332771,163.9074886257451,642.3545733771637,584.1126728052112
901.4265357103135,158.28507723979783,597.4138737602509,610.371571584858
882.327170548755,124.36174465087225,566.1107820773714,615.9934700344852
893.6536000255333,149.11064386897277,592.6584670126255,593.574160396581
853.5048383220303,148.74329735306338,599.058924667028,584.2004523817649
847.7678821389272,165.07897809066304,608.0740502806466,570.3365953692047
884.3019643989651,140.0257452021836,593.0646442176331,580.0327739546409
843.7683424308187,152.5886840114299,598.8438702435062,575.8034682918642
864.2813175348967,143.86677212065473,612.0367507286255,567.6166163711512
875.1572333742886,182.42353938662183,615.4697616274858,564.8548645739264
852.1215909176099,157.3211938263641,607.5883158687033,566.6670141782138
898.0872235711695,166.0772921770395,591.7517642542884,572.2827575919622
880.0659488005722,139.37487388069871,577.5649467386773,579.0983160377846
498.12872549104986,572.8608859157978,565.3329760999845,618.7504666125445
395.84499016620236,596.1204461069842,569.4606424047402,627.2655762949056
423.57280512722707,585.2764772275191,574.9487107404409,631.0043465873001
441.6123682286505,600.7342964509558,574.5515638657117,647.9387919579465
781.5258718639152,189.0035400702991,580.4691914798096,651.825249723428
925.3215324562578,145.62492369644542,594.6671223479923,641.6871508591316
867.8604286590257,130.76629246517473,596.1001295567927,634.0620559131717
869.7953949144187,156.09948185394325,607.4898785637188,622.8915429192758
878.1268187683957,126.8124675375804,621.7088359633266,609.0722789871323
939.8045546535229,160.7315467026432,632.3598662597192,600.3771266947874
902.2944691094594,139.67867753216984,621.0995651680729,600.7632624102357
873.2559877830165,171.9483284819545,633.8176225317466,586.958800213076
1083.348774554272,156.1772904672108,651.2936319634262,571.8932719255633
877.1387996108022,167.6192146925368,651.3806587951235,576.061962697349
896.4842828720863,165.87497243673522,655.9408339940853,570.0121831176986
898.432834270511,161.0434092356948,656.9044486904269,568.1064117920619
917.9281621182157,171.91617864177584,665.2347629086819,560.8309936546218
922.3997570352326,182.35517701693465,671.9417220465807,557.5918575414056
899.0522272708413,173.5010382779388,670.0702603369081,557.2844874319828
938.3532178223784,192.89890007307446,691.4288959849338,547.1178961767799
887.3541659614807,191.23018850297257,689.7640277468222,548.9196205527392
1036.8391937986653,182.80913786529572,693.3788995431051,557.7790150535255
1068.5523412878415,163.09382507828923,682.4623727019888,575.9762706490458
906.4147050321553,183.8304289848432,719.4572214949299,558.1379563092999
866.7605340183873,186.3281471125827,730.1983237238973,554.522646707984
908.7243866736143,184.20265669742594,747.936522801024,554.1919953806952
868.626066340666,199.31106018148722,738.9897030775567,560.1957927923264
945.4126787111613,167.26722479231051,748.7606846510544,572.4377197322058
960.9958574430633,172.2742702284616,734.6479285009234,586.0000586500194
872.0965008887541,175.03816907396288,754.5000053052365,581.9518004813796
924.7951096092497,177.2292885291415,750.258812371072,586.2125858639364
931.7413747093672,185.32272649869373,755.4852410254807,585.8766508189788
1001.8572236349137,173.20511135381633,748.4329617547902,593.5200439258126
900.5000385773361,171.2833401284159,765.9077551983062,584.8232759008492
867.6972288327197,173.0089247490472,752.4532348378011,586.9073883763155
928.8135678294759,171.3019406084196,748.7366193602643,595.8713274341842
956.014715587464,142.6851218671074,747.0775813633759,608.8517254838189
959.4055322257844,158.71485018386988,735.0145317912945,627.0470331604959
1007.2690294556145,145.07399880458337,732.4780508240008,636.3168097375865
985.9572517990898,151.89081194758927,748.528134608433,630.4734713847832
969.2038615675983,174.49212187194377,744.8690112787034,636.5916339526038
963.2284022509098,135.66562637647758,765.109469261246,621.4648992694363
1001.7726985082904,123.91460064535579,751.1886056082725,641.3132899477098
1024.5766877247722,120.5682069093923,751.5559455803123,648.758870880193
1013.2774228612606,151.8851957156562,745.7451148869525,645.5716787629049
844.2779094920884,144.76950964608847,738.5216960474932,636.126984901819
878.7643934295102,147.61995273986372,756.08581022833,623.2757837230165
889.7542432901647,161.57111294369548,760.589937932685,619.9662982190493
848.2558193297778,145.1180428416788,713.1556335202877,635.3681770670394
900.0048778777414,170.99576758571453,742.7408891765022,616.7304119834607
891.2019342062429,171.2379080336832,696.327364913028,640.4003736686077
934.6980685590811,184.8590132762361,736.6276831958947,618.2639663099565
816.355454179675,183.29295576659507,718.4098571978951,632.7602824001015
888.8958792764075,193.13457576187972,741.1992796498719,625.9458249426796
891.1632337355848,173.00492204919965,729.3668452726702,640.8381615396524
955.5776007277102,164.40295722554254,736.9274162255268,640.9398235698606
1004.1799458254015,186.94626904595333,740.5218396214341,638.3619882586789
1064.9211269558464,180.42771976720343,749.0731434509185,647.2808727015733
1116.525385629616,148.3764366713753,744.2741790733185,667.8735294803179
914.2904239310599,159.3099472508016,746.8140384019835,658.078282200155
964.3912178498801,173.59831956780658,741.5823778311133,662.7712092213501
867.8365545209728,153.15807203701326,738.7221661588844,656.096197904172
877.4951072540517,131.22028728134984,738.5481380467975,649.395579316835
924.3518329087473,132.1090499115242,770.778555909463,637.9860468685683
962.1249791317565,159.24763790342587,778.7437256121923,631.8011698300178
1065.8973845472265,169.86774008483098,775.7144429421103,649.6368703786723
875.1593003382044,142.92671433704623,727.4638336620312,673.8493664009799
1044.9439410098103,123.25806461272418,737.1578288946191,669.0660058598748
1006.3374445319073,119.39417467281169,758.9746712212209,655.4071555095755
883.3702255796866,112.29027377770655,762.1348075008887,659.4635167561191
1053.2566383967205,166.49133088385457,762.327109224477,657.6915519411718
1037.5006394171687,171.75037911593893,762.3894099011483,665.9492961812185
832.9396098822212,128.0147050377331,737.1033297624967,686.4550925667722
1088.2064908689454,130.24760299025462,735.3859484402576,703.1372313396967
929.8894954741961,140.04834178438915,749.8458938643657,691.136931750618
969.8669901693053,151.57520329244397,757.3504559178434,682.9989085607968
866.5366809309651,129.22409113777866,730.2441029473362,693.2147136029897
1072.7454897492648,139.49009561702803,741.7692829599174,686.2123827766166
873.4339796469354,133.08328522684013,725.7249635953374,693.2625454087089
919.2457887328753,127.63896808126685,750.2707011264337,679.6583679426867
945.2897645505183,141.72201809751607,773.2212152180589,650.168113237273
989.8900050231423,159.8552716531667,782.3149890572267,641.3879157869262
1031.2297884255315,147.40912826788798,754.6077308504091,665.3288075443145
908.9352092173353,154.59317576743945,782.2804332457328,641.7537991866227
969.2326464382403,150.74497479828926,760.4116685717429,651.8342371787699
943.3760006884539,140.51339767880899,758.3690205803562,659.5127964532539
985.6439978112661,159.7510828642354,775.9694826250736,643.2902193311402
1027.7968094964162,143.79040874010593,781.4622546516232,647.7739177491039
886.7940998301887,129.07469101313023,775.8766794206838,659.6234211888566
910.1109207383041,158.45113340014774,788.4326821523907,647.7244741477764
916.960691606785,136.28848494111685,785.2149400593064,648.427610734173
878.3521950570927,159.78844281333522,766.5245966726641,649.7594713951743
883.3167447107426,125.62515186306223,739.0627574662253,675.9655508569873
1125.6302097145376,106.47487198350973,744.1597556038842,685.1074192487845
910.4168809982247,129.248785157589,760.7628596244888,673.7284128918562
1074.4854403206343,149.602789416422,774.7650505691413,666.6709116212752
909.848730773328,126.62911536675756,767.2694952183533,670.7395925618683
964.7082033375984,135.5796044559433,800.8837380773342,648.872235340252
1036.9093694481053,143.51771775724126,812.3486313461597,646.4062623237675
839.2290839573384,127.1590754440694,800.1134949545763,652.2134870793964
910.962031952616,119.71057614746707,830.3473698900191,641.0043484863503
980.2375014595755,154.59923625033247,835.0606982855288,628.7815577607308
840.5527988130953,138.86617307836286,847.344253905926,631.3554346273073
817.3959128095715,147.58082921419822,789.3481266687529,661.76119954407
999.458637955254,141.645739762316,790.7920817154793,659.7109295333075
1009.446242838092,159.77236881661116,804.632421001267,658.3413923781407
1055.9509782975924,165.44972576656932,811.2403236653588,663.4852368006815
1025.7662687251793,180.98977318107404,792.4308458026875,681.5914145078489
1178.438694125838,129.0268732079182,761.8466531721308,716.8439842573706
1049.3055940077475,122.74145450748392,805.2684571344023,696.5966996092096
926.4028160344246,154.09885525590568,838.4629345066108,676.1409252865699
961.1620097253528,173.71377775973292,846.5932215725237,689.826741180915
958.4800640688363,144.18664008501065,869.2180276465001,691.3665571515764
977.9511297738317,156.2912593872128,878.613089623889,686.897597736861
853.1502435703342,139.16663767246837,875.7452622659389,687.2067888812749
860.695442021527,117.65081212579366,844.8572128402635,708.7495312770764
1059.0136084774576,149.18017959922076,845.6132827029337,709.6410670059831
1124.5074486668027,123.77770268692836,809.1783052187709,744.652117464788
1096.80072300527,124.38722729759814,808.7520765982022,744.7817026522032
909.4922487392162,129.02073704624217,833.4875033402404,729.8793037141816
1157.519601562865,101.66340570566007,794.785648394573,765.8647737025601
1103.204267403827,116.28165860933558,815.5290233904518,757.0653495457602
1070.888795333334,130.11226236407344,832.3813621235472,746.5612586295739
895.4819416125961,106.12955019915972,867.9911855059007,728.8398681268286
972.2966161914051,144.23203362796568,876.568879106218,731.6739284282323
951.2812435346932,138.23608058771492,894.2540831045599,722.2562933792047
1021.0154780534978,141.51092985800682,895.5782580538823,739.9715833184706
1027.4472820481938,173.95991132044594,880.154302180633,749.6650004148328
1107.8871142073149,102.78887987605896,847.4920116109504,779.9216690999817
1141.431437003264,105.41533960071922,817.8198210308478,800.6099943003558
885.2531564493671,114.32968635978193,879.3660578785773,752.427245486459
937.7473613544768,110.62793965546194,896.8025768049326,751.2606343918936
1201.4936116667636,89.57108200634826,837.1652500576095,817.6344871536164
1127.0958865056846,91.25543572993365,831.1717690880931,828.3527328513139
1166.474140278258,93.82347386028658,796.4639945210522,856.356501970576
982.6951256945712,78.47641196310502,845.1793844148153,816.2815586414058
828.8269059915763,86.52276930606348,909.6017533455274,768.8100898039534
1071.9036219865866,114.97403210942349,864.0346813941915,810.0216130246059
830.9763413819276,39.776297190793684,867.9173776967668,813.240082920672
996.4695934540209,87.63224208689559,908.3109259078965,793.7699496815513
1092.300272690702,97.86618160966412,878.6802340749348,822.0771398630718
1036.9127866037784,111.6656946833902,894.919736356409,804.8364355369507
868.4965229045529,82.85219220309824,880.1710648165946,803.2073805573898
1107.3562849016325,66.06822472243027,864.5051146273952,826.097604650211
1055.377778462233,85.7321807726554,863.2683483194188,824.4630790008629
1071.88765134479,90.04598742627905,859.4024757378329,820.6871028087592
1117.7711110755645,86.3391674556612,862.5392652493867,814.737433235068
1117.4582609330828,75.31875471653876,848.021166306665,829.2599583356432
1074.0483601188655,97.08042086254557,868.0950427906023,810.8665153761671
917.499013613292,97.86915717049988,917.4727027325214,774.6618817518615
1157.1169248467884,83.664363987574,862.6186499822012,830.7298348560325
1171.9319491403935,71.44774626317468,826.511525488816,861.0974102885035
1130.273751183019,80.8016803948451,836.9915101574134,847.2360775543203
979.5126295311601,104.15057538850482,899.8004272737865,795.1857809578744
1069.3500463792589,104.30836533326607,902.1155861653526,797.2966949494464
1115.6738973408123,92.45928997848495,869.2159089944361,825.9028053097466
916.6862919163007,103.2570089024482,922.4831970501441,782.3396608773648
912.0462141621856,111.21279482679915,954.9639828669189,759.0747316987934
1001.7223358841923,98.36024498751067,941.9006728910458,777.2928442957277
1101.457642642109,84.94816315282765,902.0321943285106,825.3256443131323
1127.8685178813473,96.09165160307361,872.8064737755354,847.9254911391222
987.0874805732361,104.84056115002227,909.0342591593787,826.8536543543837
965.4198096102087,78.6438868530202,923.2932762555195,821.3759391924964
1120.0851719706977,94.92567609106129,870.7405355107717,860.4453453034146
1165.098155161867,79.92415957782441,853.4124018411009,882.6181041761342
1005.9954295434841,71.91863470671649,891.6293500629358,850.1479488116579
1038.7648758037333,78.92541719969881,902.7337573143167,848.6412563036924
1084.9455765071452,59.81363321781373,895.6326124740127,873.6880598443839
1192.7096800999452,68.69949843719354,832.9481493428347,919.369142743537
1221.196966133649,55.94414895821785,801.2022753201023,945.0789494451053
1126.4856018405594,68.1693916096358,816.6246472022783,924.8099286375377
957.0773837081427,57.50492333008265,864.8486882801133,880.1849669769649
1205.372050014275,51.80989310900628,828.1410546775011,907.7893074116776
1099.8526172330012,59.480656302549846,852.4956314143989,888.8500878016869
1113.0834570270745,50.987640708936055,842.3130837678636,905.4189588125746
1042.6825636080666,74.43811038902618,874.0219279233806,880.8646482451518
993.6145841234779,75.10839997951274,900.2171519440462,863.6855045412699
1101.8127477129783,67.86980932833171,871.3920748637049,893.0462109341406
1091.2029851668926,69.88143767299334,885.1291075020465,884.9375428315868
1217.4402544795973,34.230213584891715,801.9149569066357,945.4490154233232
1062.5980064645642,49.57429128634186,855.0209878127482,899.7061801990674
1056.361871924984,35.691331466356246,893.8170732662259,886.1217628339758
1093.4685952667787,63.98504738615202,876.1399086040149,909.4042256169739
1165.3794757860624,51.92400576690966,851.5257088159628,923.972761153826
1088.0635249663792,70.79788840175735,888.2997101566107,895.4720408075592
1199.8893991086045,54.11754560517602,833.8913324880779,937.8964748039293
970.6527368551244,58.189219124287035,873.0096646656207,912.2909836755681
1070.629997334378,58.7983013707028,875.1527277082525,922.5936786895322
1001.2048304931219,68.40408014065963,894.652266300938,901.7154286919099
1161.7038782307945,51.85274558577646,859.3715441720242,928.9187229670447
1153.7949142635166,56.66384344268715,844.6325752020264,936.1619494190395
1029.463593852905,58.08269591330048,874.9356929032097,904.2420347536593
1009.0957049273741,59.38887645254391,890.1872187556396,897.617449183459
992.2026854707046,51.69733296875427,924.5554746784834,880.3729703540389
974.1608956469156,74.73724221300643,951.9240578636485,871.4883655837817
961.5667086277389,74.20540486603085,950.3900600683053,885.1113173964033
1017.995065521572,50.582222448676816,943.2054691324608,906.597366057889
1013.9420518023279,44.75742467806356,952.0362183708314,914.0543648695129
1035.8122607192818,31.34169599824935,951.3064992583465,933.055463728876
1115.030078502904,51.774422960676475,931.2450316107243,943.1496083189363
1139.4563060200344,42.16362521041145,888.9142455811375,969.3481217585978
888.4080940630502,46.142902747925234,957.7469444812932,915.3255958681837
990.8467621653211,54.43817334317583,967.4729289057007,906.204690301432
1087.3181546250878,40.34042997826822,936.4393434926374,941.7681090109224
1037.7863658111755,51.63685281133678,938.656513837343,940.3480510989955
1029.744287433114,20.823906938766356,927.209701892758,959.646253116571
1094.064111567894,11.75377975380735,921.3065571885452,976.6194893917651
1040.5559057682115,27.254482657440917,930.3435554984585,957.4453561755386
1139.886346458519,-3.060226620889921,898.3085603266159,985.9953750861218
1067.4604025441965,24.602457892459597,924.7418441893897,952.4484249907096
1046.2669967577383,62.49615639643065,950.1774893413226,924.7070184990438
994.1165028431114,41.25931468214441,955.5079659710472,935.6958953686417
991.0701235656333,40.98727047082093,979.5982294509661,924.2826416555247
1055.080831117471,29.780928280812248,961.5832563749875,947.4520568642225
1184.996372120574,34.71528771219408,895.4588566912856,978.7221475737446
914.3006701794784,35.11415502583793,972.4351341814737,910.7574853087228
1213.971301652481,23.17533008159478,868.2057230157704,969.7850446640455
1130.3204602963083,35.74665521092106,855.984553843899,965.0488617574949
1070.321101237519,49.85291342933499,880.414519220139,946.724270605584
1000.1831619145939,51.820906405124106,903.3687098796813,922.0270314608533
1014.5520936096099,59.62957882756211,921.9286897678878,911.4762396060871
1126.0704907441595,43.34325346605971,882.5025976626385,962.097335166373
1152.5637056096623,68.19186562792817,871.8350073087918,950.8810790109686
1209.063263651894,37.85671199200931,833.9857178586715,966.5880399938708
1127.4254508970378,46.84264668270049,831.4964672470278,947.129334026859
1089.887595580689,53.05447037710621,856.6959514936188,924.8999853743983
1046.7476700613452,45.60883651170042,869.6264630399994,922.5863029737616
1058.4265792236292,42.18621347706528,900.6429112537869,895.0874168213275
1103.047251867473,52.08753502937748,894.4185395772907,902.9726864117187
1175.1268457651968,51.740537683607556,858.1584365254043,917.1524672998416
1213.2994396934812,7.212798670017094,813.0414902301541,952.843717367338
1086.340954438685,50.93909924525576,861.522363691686,893.8494670831406
1151.1383872852089,75.44362362779714,847.8862123897331,907.7089103274602
1186.3329161246484,63.4840983880589,828.1320519861365,909.6146907681145
1210.8160092662106,40.306560330687375,813.0569309301734,922.3382565546451
1061.1872232428477,55.57766712412058,849.6963739641153,892.4019161596318
1106.5267682922342,68.36512390656685,856.037102490639,887.4745168686727
1206.619718290077,62.87416828888388,814.1057302918589,910.3471442423347
1259.482255425834,33.51531064289901,769.1355525398599,946.2184821887674
1161.3087518054936,55.159468688825314,793.6927476348535,927.2286322733839
1263.5636995974025,65.04895830709654,749.1043313518999,938.1655629024528
1240.4029618667903,52.0974965112523,760.316979532376,929.6118036130863
1275.5886077406453,65.96844521926323,734.2487301099634,932.1003188240977
1271.7733046411652,60.816432541252595,726.8157431432343,916.5837396568378
1169.930502693334,57.88355098345619,767.1368896546305,886.1751683487763
1259.8534313189239,64.98109221337404,718.6643951648962,913.0973486536584
1310.6134948214503,71.23776451982337,696.1039668745148,917.559418229793
1255.3129943753472,52.864164782424666,709.1261648093727,904.9468408156449
1236.664499343689,66.73150020802592,734.4293374450708,887.8372508798888
1209.4248784710494,112.32899393018681,748.2308201336882,870.402719763211
1264.188833039793,56.14311576656252,715.0991482913649,873.496037483033
1296.0329624426786,79.26127505730233,679.8260638097842,886.012276125661
1215.6890132811502,83.58546367011382,715.8453330997158,854.0722236229365
1239.0625264637508,101.91813361560389,723.1893463429828,846.06410300515
1292.476245689848,91.08713412764695,704.3009251879905,867.3313139189003
1101.0749930107281,107.30377889797563,779.1901003349151,809.1833829466409
1216.4165208799138,101.86587067080285,757.2712914403456,826.167995701297
906.3344517080901,102.72637907798548,847.1028457119053,767.1943850330765
1164.4879927426514,79.98086028911314,824.2189469558191,803.1423914784639
1234.2858995374456,98.64110699336254,777.0363069916939,860.1458399860267
1132.317488936641,90.16309075483514,803.8793998833701,849.0055544806846
1236.527625749702,65.9334823119259,749.3698286480123,888.4917888399889
1320.2703664079788,67.09079895750222,673.7661195914166,931.4501146355301
1057.5791896152919,111.6864155181704,760.2989692496087,872.1413786883206
1153.556296546286,83.36207209041345,790.0883836303428,862.3868820397477
1207.5109418897869,67.63305681430109,770.2814967137635,881.4873711234986
1050.59183339385,88.22922033626816,828.0630549214129,848.9365024772991
1136.3107377341903,93.77899029580158,827.7898088360641,864.702456047736
1192.3807066127163,72.91079910030714,798.4720823565553,913.1411433961987
1212.7488781344653,91.32762525592796,781.1007549149098,934.0891514432894
1248.0961616334673,80.77354564782752,774.6967690099374,962.8295847452196
1099.869508804628,67.57750279555546,824.6689325752491,932.5244576206453
1143.0630348030365,64.84864692898714,825.7458874652903,955.964978378644
1234.7950975654567,49.296982370121555,799.6668452066094,971.8620254588502
1223.4849164312031,56.542632664660346,793.3898854055553,971.3462313131736
902.1301573127014,31.907779860628295,881.6709049709107,865.2488230993466
1145.7727168070683,101.05196193256313,859.8908450536231,885.2884957847868
1094.1001854212832,107.15172229529014,898.6703144029698,869.9473222678428
784.2970084676886,38.70793024242488,942.2061214868223,827.304473180061
1071.7772161790058,97.54628292245633,928.5961407527482,858.9592032721386
1080.6117614748352,85.48124821354418,914.8545220476185,888.9094316133469
1081.6308131451865,78.08286755311178,921.7519261599599,900.6322284050182
1104.2650715708894,63.99998835588167,922.5243149975496,916.3273546405919
765.7794845853856,44.19936557596452,984.7132292268404,850.665371897421
1054.321975532409,73.07674973527753,968.4214511647928,886.1577509958008
994.6615474362115,60.16866355949702,981.3610534252839,888.1910972419947
1071.2793933216494,79.32267042666558,960.1648893517181,918.3069409728241
1055.2760391914467,69.71685637263727,975.0963836086341,916.5479400007896
973.5761185180206,59.88389494404362,1005.818266470389,911.1759165832243
929.9522691030822,88.88474791301974,1027.617663607119,912.6666225958504
993.5513366007795,65.55491034378178,1023.7491340820187,938.2059917494837
875.9408077814313,47.98530063134467,1042.7194486007068,904.5668760089361
987.5291912954493,59.27557056922717,1037.282679586596,916.8256780906647
874.5634674468881,27.005709689781497,1068.5512012654713,895.4420941345984
1035.8150854914325,77.60156497184892,1030.4298566841487,925.7242717708177
1012.1279179723008,46.836317473045824,1017.570614724013,950.1898703670652
1041.7033343854737,38.793876250579956,1019.4439822533825,971.8907341871927
1040.5680731636858,34.87045693490131,1014.9822356517111,998.6287401001878
1070.5456001319951,42.1734887322491,1017.0373924563452,1003.2238734518376
1084.4260623951204,24.76565525132662,995.9445927559611,1032.260409897363
1071.4799096794218,20.96204750698189,1002.8132598264044,1034.432213113316
1088.5468625916537,49.8011318729051,980.8475653907157,1012.0557799665996
1032.7819953749372,25.65400966444497,1014.0220204598118,998.8868282202704
881.4511682771424,-1.4754788590284988,1041.6336655589275,955.4035122005704
941.6547990833849,42.21394949550711,1054.947034550315,942.2050606830528
1024.2325253093977,18.13189544060066,1038.2365929069022,990.4110240343717
955.0799700407515,6.669447756115517,1085.7778433564313,960.2498495580478
1008.6935284583358,150.30697399012507,930.7294648524944,832.6311721640399
986.1497934989582,80.87505277108062,961.5963966994171,817.4835715059354
1076.562766124358,110.63958982767463,936.9621735658203,841.791959937003
935.9616654789347,39.5418057373318,986.2896438172015,809.1922151304361
988.6957899507847,65.18725027161082,990.0003616836522,834.4663992820549
1117.7219090976887,86.31895015423856,941.484545507861,875.5249237195576
944.5474761344071,57.51855240120159,996.0190930580147,827.9700958850444
1024.6830956745507,85.40002470729235,980.8862508118049,855.0437791184036
1121.4376520713572,78.17304868098824,935.4011732692718,909.8083399975037
1126.6020973359819,59.729252147854254,931.8093606816387,925.4869153664763
900.196785712091,73.50363040692855,979.2896394304804,868.4746032919168
883.7873316392752,65.16911860656148,991.5434790761868,858.6222333060481
1079.8013501541172,75.73711584724754,975.1972166505427,884.5880674828263
1044.1485199868644,45.58525887541299,981.0449354605291,901.2455214885301
1065.3983840804622,48.51088848608828,980.9158579239063,921.9370584573813
1028.7046256023684,36.63918367757617,986.221305540552,927.1736454423519
958.143543158254,84.5288425219643,1030.2635470545256,906.9782007506224
1009.221153110703,60.02044382146062,1023.1201445922221,930.6393441494033
1039.5695313381157,63.51355118771062,1006.9147275394191,954.1004359387036
1068.4776893325754,28.310720543693833,992.0188333944219,979.9746481028565
1030.0241963999802,53.71879492736309,991.0403401394858,982.4481119594238
1072.5006688895774,44.29068461336982,987.3622490802966,989.7381057674025
1012.2542818636938,35.63298913522965,1013.7891817041211,983.5454988896006
1068.7012558847432,32.652590800657094,1011.0743794522123,1002.1637488352244
1109.1884306522418,68.50394513456013,986.5779529133079,1020.5012271170654
947.1860889711412,38.01249934047303,1035.9441321581942,978.8380147156231
1038.65348576621,49.19128506341008,1013.0874750493724,1014.8619674210604
1120.057925022223,49.66413669416943,981.874929753234,1048.9976796220735
1100.237459297282,55.14356192405319,980.8605139829335,1045.8471482450082
1015.7294270811706,54.19216604949162,1004.8544096029468,1020.845026605375
1099.8599461315455,62.60315303824382,995.6182025310382,1029.645246731506
1231.3927908349215,58.115484239711236,910.9967719631279,1074.2784246238232
999.6536025486685,58.488720242790464,978.7548995541065,1015.9067045742877
1014.1430223036429,65.41180359185915,1004.5881178005018,1005.3238315077746
1105.1034157015984,43.678673190450354,981.551268418051,1035.5359692600937
1115.4917580289557,63.504604935582506,958.9986889726158,1051.5083123711463
1112.9192119536056,58.3370938092155,966.907321699205,1059.6829261831147
1172.889126282001,59.180526717237285,938.1878747249704,1074.8439984640618
1242.385091409357,61.595541299377714,898.5021031528263,1080
1089.842150988772,68.06798458962919,933.5473913365572,1053.3215724200859
1308.4994864854993,52.40316076828947,823.4646215632669,1080
1356.167094113628,72.8142106501615,773.7279461610499,1080
1275.807828297407,100.68016296920064,765.6700029107499,1051.976180884158
1294.47262252588,98.24012121132364,757.8664230636086,1034.4161103360334
1177.9633822029305,103.47159705553861,797.2442539173476,1012.3299866593538
1269.7445331943338,115.60614706020021,787.4074950142268,1007.7541840333861
1257.2976675118182,133.57997756112474,798.0878462320126,1001.5205405663258
1369.4494235257957,127.7004077716656,718.4746398030235,1040.2611816878305
1176.832938538595,72.92351784254276,771.1655463745853,1009.5675275052306
1209.379740664409,75.92253868626892,814.6750000101785,998.9861451621432
1254.4574882256422,72.9302096919979,801.9665673973808,1033.067974670128
1256.7636039892022,78.55525651689823,805.7447732792507,1039.529957031928
1201.1635071328776,93.08898508041676,846.2473104045806,1015.5574696980076
1142.5943692091219,69.3022821075748,883.2476209026158,1020.4492188428487
1084.6797191329447,36.47830950952425,929.0374745787847,1025.0344963540983
1150.29236930876,44.93517145263297,930.9867437248952,1047.1657899344148
1241.6385077154964,38.00904535869131,898.8898886212667,1080
987.6219799372832,8.04513085870326,954.5269234338148,1039.0217363656006
1026.3016201013327,9.156324186482493,996.2194327824504,1027.0359215461813
1011.0211758075986,41.83916755867756,1027.175209580692,1027.3042652137472
1015.0228090153901,83.33439138631627,966.4177524047744,965.8774381783562
885.5101496833081,-8.196724380333478,1004.534808410147,944.0866374709519
964.6574188237431,56.43627154189079,1015.861016962325,934.0414474759779
884.0403638144747,69.2676687586316,1051.4535637274769,932.5280917066897
855.8969960206118,28.086063983747408,1046.9762485690617,945.9564551771091
957.3963114860492,57.83177612814791,1050.3704440462639,933.9746208622776
901.3293047315865,77.135515516199,1066.3228745076008,931.1283042232242
892.9008826073466,71.15051154852665,1091.0887247889245,915.3553888830238
881.668516840542,75.03395947088501,1103.3919827389063,921.2582664345224
874.768165831489,70.00760084960746,1105.1696970345504,933.4600547619405
951.3415638189553,11.55431817144887,1075.3358368590532,964.6832188052786
1043.3365902339633,164.1436955646431,906.9323670839476,823.0078967057633
958.5597191506795,162.81083864261598,960.336781718816,799.4065031193386
937.4884580982182,78.71983097004721,973.031045508561,816.3420821185064
948.5704898071509,133.31779915939484,985.38320208858,818.9888255675263
986.3940141327096,162.69201048456972,968.4412436977104,840.166199123783
966.1439297500353,185.7980712260843,1004.2053959736409,830.2224934368653
970.5477325529506,159.2803995704985,1014.5228563424942,835.8404046818032
958.9435911335192,184.85406573430055,1005.5016332865142,852.0432244868246
961.4849761773835,218.9803573997308,1012.644943356505,847.4254394467728
961.3481925792876,143.71692163305414,1024.108346589931,852.35065207029
965.4419398484151,185.40635919266992,1040.0013334176706,848.1756188929633
941.5035483263875,124.39223665547541,1048.037997305737,848.6588974482046
907.9242651093095,173.9409843597611,1071.1636203815647,838.4715706786354
949.1786735073966,169.23041864898278,1059.410739536154,863.5629980126178
968.9574990990392,167.60701664565102,1073.1751611743018,867.0258915134059
959.5003945431772,221.12962553707212,1084.9713629763846,864.4503736775002
961.849497535678,191.23819543018897,1081.656695436267,874.4287144653106
1031.0508392533375,194.36178062611202,1043.1282669142997,901.8601025937705
1011.5969317882204,212.2253746684304,1055.5572660642115,907.683782175561
1018.0048537554733,183.46438134395754,1044.8710804380007,919.3393284458024
968.6880606155062,180.2917880197084,1063.722078631116,910.0088896084917
979.087824716403,172.91354221602649,1066.5954332787737,912.003433800897
1031.370332095752,164.89865428561075,1048.0143163168384,932.2065453002608
731.3897748008966,194.6269353105729,1097.0492547827055,895.79018115488
949.1408350000346,183.6090027517277,1107.3059897786095,894.9116423911529
948.2355092794194,176.31099660747225,1095.8032024747163,910.6524408137986
1008.4470880935656,142.6629117383585,1068.918831272157,935.7661671830294
959.8275919888129,187.7064957739932,1078.2496516462975,934.9053259145519
1087.2077847263968,136.0112045153718,1021.1818967130625,974.4706167408822
1010.755596092151,159.37600939857577,1045.720787077479,954.1833411252865
997.8053521123406,184.3630925318447,1053.637217047241,946.3050995497149
981.4620928250931,221.38622569132377,1059.1909490555627,941.3095267468831
1032.5479772046708,156.13168423587933,1048.8817513095464,953.9153396035179
1008.642643099265,156.5863335892812,1056.3924836397612,951.3782624422614
992.8218059868461,164.85589505549046,1062.9815140676778,949.5985431414954
1083.158261757712,121.85494942155617,1022.9820427417707,987.1707744254331
1047.9348863338078,179.44203888886057,1022.5147392610277,970.8789335589724
1086.8413120460114,135.76775359008582,1019.8370508861781,977.1433072513951
1085.519420527089,180.53324497380038,999.9150368517521,975.2131874111042
1156.0093465683717,140.37032617256943,1007.9821472326112,975.1244088547155
1110.734268180846,155.1859740055728,996.7972094199656,984.1287329305394
1159.1517920165943,122.86308932759135,955.7391681422974,1008.7137241921754
1151.6376800688154,130.2718509145363,934.541618226807,1001.7122837038224
1145.2342425561462,147.16294684572586,933.7066808682471,994.0426821976491
1154.593832019846,114.87546970912615,922.6150435325935,992.6699479961442
1136.2446855081546,158.25555200532875,937.3463072476721,973.6127930868469
1165.3618594778113,121.8760770343788,915.341551242461,978.7413576773881
1039.241818694331,191.45733261245027,951.7597386630443,949.023799902089
1042.0770772060991,166.3509143640723,983.4220544871498,930.23678757883
1134.5149669728432,162.53083678464282,940.7613089365462,950.7442720467106
1192.036099543535,96.00668863864769,903.2518782008565,977.9145383552657
1055.80973619421,206.2859490821378,953.3365846182421,936.6237779863679
1115.7080493969606,204.59613396772932,982.281900756888,920.0303263302799
1114.0423219739646,173.9932918988381,1000.6358925143556,917.7075972832248
1147.8743770405288,134.7654101475872,956.7357469757972,957.2396167347908
1091.9924606188079,170.33286388665454,957.0322342105833,942.2794457350451
1148.4232477583216,98.69202281326778,920.7822738829855,964.095118448366
1230.881373991303,196.90480588166736,942.3124022187956,962.9283168663624
954.6674438161841,160.78228744751254,1004.8960363215385,920.9566835893124
1076.2681542915461,142.99839319286133,1009.551149768575,920.0640155746336
1157.4992913729507,151.01214281110612,1007.0833535945799,936.1101020619136
1023.0954374505179,75.15136202704639,1004.1454387603845,945.5355103705847
1039.8641258345529,106.44640279470008,1016.7783544032087,933.0644985664159
1149.41270769117,105.59691147142729,998.9264602160325,959.060073577184
1230.5355249719676,98.74498396997092,989.1453073684775,999.2234942530811
1411.660606934353,113.04313804380809,961.6755126258752,1031.0921835944484
1129.0263364667126,90.4081958012016,1018.325872921707,1010.5515502771757
1121.1582440626273,69.48449474436893,1036.0843322230794,1028.497549747042
1156.1001845924748,186.60723883867138,942.8452823026562,940.5591383805529
1047.74232945513,81.0791703888392,964.8247944461975,929.0950907807837
1147.1719410133753,100.06991406021427,967.459246760417,946.6337030607096
1179.1095669566218,89.16661932417128,963.969072337432,986.4767977595452
1392.4887625207753,69.2452511031654,893.2789079677693,1051.3998104353327
1061.9718710038478,99.99358774096015,991.642798555732,988.843772269325
1191.2131963833422,81.66071089701484,997.8487632582267,1018.1740812418018
1135.2968155642732,26.680114723900545,1025.4830619992504,1017.3963871015839
1245.714613432703,-33.833000073301946,919.1658444225221,916.5100769510485
1288.1491641165455,55.011117680776294,894.1073087321571,947.6571743506162
1189.0410628982577,117.15267567596305,895.552103033905,945.7833510602148
1131.5220400492415,91.92141111580764,937.7719951113851,940.2573212148349
1198.8193634852425,56.0318962775209,930.3757007128506,980.1448844503698
1229.4833740743716,63.351525135417546,919.6954982046248,1007.2819347148929
1226.3848259619458,55.525267941111224,912.0055917431755,1033.336493284627
1269.3104409535454,20.933159479202686,907.6587835875537,1048.9619781672777
1076.5644107209293,53.46236007477398,974.0202183709456,1021.7588346046389
1108.986327086958,27.002543336197277,988.595633800462,1050.0081281351768
1230.1230399685653,4.9543707215771065,831.6346390122532,894.4937251935495
1362.0250756946311,108.24196169401529,768.3774302571508,944.8964120263219
1181.2826672805263,87.75005117239522,813.1502970178778,928.695988215008
1226.558551010895,98.80010638143199,828.537483284543,936.7485572403655
1359.1125339262342,124.50406396819716,768.4558405258086,987.3143536744789
1403.8246735703146,70.49122475265722,726.7016006143442,1035.1776372549748
1326.8510537519417,58.4561097758334,742.9987013568316,1020.0501783994787
1359.4822587427818,43.16087426031936,736.9313983084753,1045.7139050281985
1438.9238153766842,22.457161797299477,687.3053660087974,1080
1286.0449492295322,44.00946789627335,743.8874611783141,1029.3508728842583
1212.99154803986,51.65219955294856,804.7059584255899,1010.0383274529661
1275.0474632710752,49.16993673291995,823.5677540575,1000.3497981992464
1303.3375351059672,78.60173775517671,814.6597179063798,1023.660253514131
1326.3806505274338,74.82446587261097,800.2048400844396,1043.7462326289087
1202.236632517999,101.32537817406637,842.8982951456111,1025.0615042642899
1180.3798832466534,76.30666749231426,897.339301585918,1011.2093313091622
1181.1543543632047,64.67495704326586,907.4146633897419,1027.6221244660817
1192.2195518581302,61.32876191426362,917.5689062452268,1041.9604650702113
1152.8920229797213,68.22501693064487,931.7149984812029,1063.7404942156968
1261.7633142319246,50.89822094270903,920.2587355579225,1080
1058.615985345501,57.34291975816939,992.3216622156333,1055.8895595956806
1148.2193201449354,116.15299618148492,937.7491364198276,1003.0841639684993
1087.1915591056227,116.23043014805188,967.4904404355723,1009.6955445759617
1066.275920325586,61.055349606619984,987.8707881701127,1048.062614447468
1108.6149483673346,56.9423587424385,997.2113498723452,1079.5089035438373
1158.9839092974846,132.12850347746888,927.9048806055107,1011.8139881250883
1244.422616164499,88.58312947940863,931.9291184730532,1035.4334392356757
1247.4667485120144,22.600797427770317,923.2243839055012,1064.2472107673332
1180.3523884785143,60.10539829909396,956.777980184846,1048.7459508847014
1145.0105148448597,54.07770696681587,966.5305184837,1074.2192536891469
1171.1079427262325,76.00411974067595,934.5506476748274,1042.6169185853398
1299.253072238599,72.95782846126497,860.765996824909,1080
1159.2857588110676,95.31491977916676,909.0960248836127,1051.4412133579829
1216.8635518361039,50.675153251429265,907.0447780031283,1079.3002554379495
1291.6130422521524,88.26731435522015,866.3057787992083,1080
1239.3352205254164,66.69720637697287,897.4637364832905,1080
1199.4977708623846,67.38885329305435,925.1321261158475,1077.328926379874
1183.9682163164375,73.86431013347965,924.9192519333731,1080
1035.6589610266296,88.34592661924808,970.9957195099059,1056.9588741355458
1103.5595519007466,101.57029691341802,982.4809726694787,1080
1152.0532486391382,155.87195165359446,930.987095108453,1026.521943731442
1137.2349782982246,87.26469878924206,951.4742681915991,1050.171762491136
1133.4447237288468,99.33071699696211,976.2851777729518,1048.071385165854
1270.7674447727766,80.7818495258922,883.5100930696157,1080
1299.3327019110563,64.05139030178339,856.0937282482231,1080
1167.8494879942896,123.16856157698305,900.6838308509884,1039.929113441361
1108.2871883136752,167.9263614633437,914.5789993019683,1047.9142757189388
1112.638825332352,97.37248024366602,954.5155384039781,1063.0394691066836
1108.6264894287096,65.79876051953534,969.3978532890003,1080
1152.8486550855832,101.96655929636029,934.9541580685128,1044.3646752542747
1078.8582828999874,109.18633294228664,964.0935604239061,1064.2740391541677
1036.8954021814566,105.40695472705102,993.5818091149806,1080
1101.375463282764,124.62747113597709,990.2432798170049,1076.6414119813758
1176.5866383940754,187.41420203812788,916.7517127835699,999.0395133210673
1086.6795447554643,106.982838699838,922.7774087765157,1032.537729153407
1120.3831262943786,119.87755592028896,933.5828887460032,1069.2399978959947
1284.1418064746238,99.23561407976263,865.7415226507396,1080
1330.6663080365047,82.64798782061439,824.2340757703906,1080
1150.6993510836637,89.22699593580194,875.9396863880272,1064.1243901575472
1139.8594137252949,126.78092798155342,903.1380450109348,1064.8493921686693
1172.22276658818,105.03806609019261,908.0897913633596,1080
1139.8359628876742,107.34966744563701,916.1287571246287,1080
1194.1208798436728,91.75541428709607,923.5261855682345,1080
1093.254287759289,116.77866998764512,935.3378350573315,1080
1085.134137132464,113.28891649732907,958.7705275708569,1080
1135.576909265943,119.32681403484912,969.5223054159625,1080
1164.8929043846572,121.42692348379194,961.8757763159603,1071.7980676722655
1143.448499639912,112.11452520604348,934.4510119017293,1080
1233.137163136373,97.58441878856956,883.5670951063776,1080
1214.1519442203185,111.34711333990197,875.1981582621607,1080
1236.0966346588348,122.53896343898862,862.1661259741184,1080
1276.9929523390338,119.35191292385412,831.831967719291,1080
1248.488469018103,97.66229662199896,842.6792199698648,1080
1286.2823327024425,127.95291004136186,812.5453103849761,1080
1272.6319213644188,98.29935659283797,810.5249233249349,1080
1269.3307998379391,111.23956429837699,817.1601315965313,1080
1318.6083830661523,129.0230094886274,775.4852825188013,1080
1332.5240863333536,91.73305316893482,762.3729173477949,1080
1352.0967642754342,92.51975088925428,737.4710409824265,1080
1290.1046205991488,111.92645519924099,760.8281969192615,1068.3190688956122
1296.3697414445678,135.5114596349547,781.593612606745,1061.7583460464216
1363.6472987035363,97.80288660694919,747.1603965947467,1080
1293.31128695802,140.5941984386385,770.3406559819751,1046.6463103268134
1207.8540550207895,117.01464311265227,809.8121619512306,1038.4349195274492
1259.6208816807036,87.49330598172833,798.160907539373,1080
1237.5427527177774,118.43570858599878,819.0608973727032,1078.946948598577
1279.9918843159435,103.44044049306285,807.9365100109947,1080
1291.1348538498,93.5956281720895,786.2915148425643,1080
1283.4119868639173,73.78946031916155,790.4680816039146,1080
1276.5257483546213,121.82290630190187,785.5296881084691,1080
1170.9514912139516,125.53436028504927,833.204468395051,1061.4117759801898
1273.262821626085,114.03574964105746,792.5691144491711,1080
1165.9180794892914,152.94020690597188,840.670483627717,1040.476526683347
1229.2660767744178,125.944646434211,831.6115995482594,1074.3613180047962
1219.6185291151955,112.10151435708428,843.1365413185179,1080
1195.9595321886713,144.52505626001005,849.8334065816044,1080
1187.9180018538639,123.78196050024235,846.9894664564181,1080
1151.1413686350368,122.93422688323983,867.5198925703762,1080
1172.5771600521718,121.1080802879045,865.0498756106357,1080
1175.49349853648,135.9759459343519,868.3073554874424,1080
1063.1774261436856,116.34339816989416,909.7461680876422,1072.6966056884012
1091.4280110327297,115.11379521742151,930.7140541792692,1080
1203.8203520621237,136.9861431112488,893.0385569988498,1080
1110.0389276038873,151.4161200538457,909.8802690814962,1073.0556996675646
1085.3925321819872,126.58809643079724,926.4996256905316,1080
1134.5562605360624,127.90925434200574,925.345299701118,1080
1028.437106897417,167.70529732196053,949.2448234119215,1071.7246193358897
1038.9192844036113,132.57068849393193,965.339096852252,1080
1007.0236563270871,142.3672192876487,949.4667835924683,1061.6335424837555
1055.4597468434345,174.3889137964985,964.6863827805273,1065.1858230228931
898.8408582026485,128.99721642001145,1002.3504493557,1078.4695021316106
930.3428766653152,145.02333024724282,974.8456737607983,1051.0879294949107
1028.0269458399025,128.4316741217234,973.3321758390373,1080
970.2315495847678,124.55733018957915,993.9619628455696,1080
972.3048311941368,147.1184055014317,940.9672134643183,1023.7790523215536
1037.4942587372534,138.62015507382762,938.4117760519453,1059.0910565198956
1141.4142352208119,168.21236868409414,901.4777655867144,1080
1083.4271726176726,195.10657526480918,902.6379558832973,1074.4341113670064
979.2173068454114,150.67817258145124,934.6671972736215,1076.2216214198809
1077.0056920501781,144.10718129950953,921.5548464098792,1080
1100.8726725107636,171.24102850307042,917.1586154261814,1080
929.2388582719652,166.04727896776114,969.8603706460048,1072.6704427571008
959.9641543175869,211.64831289221377,933.4085814006339,1036.1445441159112
1033.422782916804,183.76839421402667,923.9318638261609,1074.9665264811385
1009.5140265608404,188.6093947042773,935.956837424273,1080
1072.4151520265282,162.9272956508272,925.0359508298081,1080
1092.9073421180829,208.04614601905598,921.5113705612113,1080
1116.024543132285,188.4766555155686,905.1210332621034,1080
1046.273809449267,191.33885086480882,915.8372654809851,1075.5986408289866
1045.5731658664747,184.12053823287886,926.9325998490867,1080
1100.859632770183,192.9947327110243,901.5053808285195,1080
1094.3299446767846,192.209470252752,897.0101841397434,1080
1029.680615199422,170.82491944334538,896.8533441791027,1080
1104.671824012258,168.86159376137005,885.7454933959871,1080
1070.4241119311232,213.93291080131792,901.8461624132756,1080
1138.507899588598,204.4426260274023,886.184657351208,1080
1138.2585868523531,188.5253589455532,865.3787210632086,1080
1030.01370565598,183.10435246331144,893.7438522244596,1080
1056.2093817985908,176.44159042385468,899.8284077481035,1080
1176.4516599884255,184.15991859764927,853.0647161693735,1080
1101.387658597066,219.8929744454075,855.0159160777027,1080
1099.273716659118,196.92821988880746,862.3437186264706,1080
1132.8353557912624,207.689476165276,858.5132822517921,1080
1136.9020400639229,210.38284818214902,858.1786127249381,1080
1033.3025691998578,228.8403073496346,901.4192932877129,1065.7714717987174
1038.6139581219995,190.5358429047899,903.6372783484005,1080
1073.8815760516898,170.86091760864565,891.3534879803827,1080
998.8057693621894,180.0286784362786,900.6246590061576,1080
1073.41956190205,162.18417305502487,896.5572780130078,1080
1121.484179627684,153.4946775099828,856.7270422301322,1080
1143.820176995925,152.1549637248795,826.5394977031317,1080
1068.9359614551902,162.4845126898856,847.9762422568451,1080
1105.0666289279498,142.94602607114598,840.7370263109294,1080
1102.1509863328827,133.4231998712363,852.639954607887,1080
1122.2667771981592,130.21345599517167,845.1647629923298,1080
1020.413637070023,124.27358807186931,889.4304569791492,1080
1061.2177376468208,129.41239824209492,893.2219529495715,1080
1089.8426433536933,104.79557975428565,891.6470891628455,1080
1101.385151556802,118.4009331796899,881.7829203764313,1080
1014.9438626376165,149.11098847091785,907.0652732701049,1080
1034.5507967434291,118.6079950886135,905.0998003694167,1080
1073.7232173325576,130.28158021357535,898.2601282751853,1080
1101.811649231293,98.39509916490579,884.274872211093,1080
1142.4377167384905,136.08697745989673,873.4479696539618,1080
1078.6407672306223,103.5042898423186,885.636673771212,1080
1118.9407804471025,111.46441904408653,873.4135480254854,1080
997.1062629057411,149.43504772971994,919.1391932774884,1079.7053807213692
1073.851821226276,117.41869494014463,906.61324504603,1080
1125.6656651223443,109.7131542408257,883.6575100404693,1080
1134.8396593001726,101.00281123859133,868.6099347526949,1080
1013.1241620318096,120.79120086597891,913.2673953255397,1080
1095.4522642384975,51.50737414779951,884.3924586752511,1080
1098.034653828951,86.6462527066285,873.2825180225077,1080
1098.213973793264,106.7414714662126,873.1588766578144,1080
1178.283287247089,99.56209161168522,826.9149506675774,1080
1132.4521687952301,99.35920299215604,826.8599011683089,1080
1163.119160108021,86.60806384405134,820.2876883506959,1080
1221.1904625292639,117.95000707799454,793.0074378958611,1080
1110.4327351989164,99.38929497303843,823.9217095256292,1080
1160.4356936393776,109.39994187499894,832.4973473965292,1080
1105.8848362838744,99.59514244059403,841.6930697930457,1080
1172.246143671522,82.21390514484756,826.3058042140531,1080
1051.4948649784515,85.38620259288541,872.0479285785589,1080
1100.1795831917598,107.94092953736026,876.1710454516121,1080
1147.8082570042807,100.78078489998961,846.8353789036664,1080
1068.8278998021954,116.37050312209146,880.7672582867135,1080
1149.0867162037086,101.34100794632286,852.3133023920859,1080
1121.4184961554229,122.56682361336334,846.597906769832,1080
1133.3091879275473,40.84862228618874,843.7027328540012,1080
1204.772628157158,78.0123927230702,810.5551362476295,1080
1133.6096369858667,71.771270662858,825.3350366520635,1080
1194.6355932922334,87.32509946151481,799.1332856571278,1080
1126.1479915390487,84.16094475017564,812.4701119312847,1080
1188.6497723540579,57.25673272314384,791.9763598260174,1080
1143.3209857212457,87.49001480826166,801.6168447745399,1080
1202.851012745729,72.31697219016326,786.40545443922,1080
1147.5192128985746,102.91170258949512,808.2700111583048,1080
1180.722612909516,83.98985703323808,787.0255969490797,1080
1080.2005088424753,129.26983986499351,828.8052950999364,1080
1179.010569894151,108.0890793399683,805.0742825006803,1080
1183.2326555698364,97.12807511203277,790.6786674294658,1080
1190.99798680907,123.60496941656424,795.9619310956308,1080
1205.0487013053632,92.99285707728552,776.241342527836,1080
1193.9763843327814,116.99864308468977,762.3941904224173,1080
1231.7570287110693,62.50459572315958,739.7678417715869,1080
1274.9469178561583,91.17596303762969,724.3848045595664,1080
1238.4001159555914,85.72469594598522,722.4379187772067,1080
1301.2826458857373,7.230647931946351,687.3552557271928,1080
1208.7797260374928,51.942828199439646,722.3147434080788,1080
1245.9381240763462,98.95708893905703,713.2458675402717,1080
1262.4247064670242,49.67372895557219,707.3950913073389,1080
1280.466880127318,73.09797345006928,689.5164833143535,1080
1260.4154857662907,91.39852440249001,691.7396122935704,1080
1273.2343710353741,53.05970101488697,691.4755641598922,1080
1292.255893162372,57.88396021518713,673.7529036485719,1080
1282.8866209404541,82.39495102887281,680.4684757894979,1080
1283.4906153895213,49.526992622983585,677.773829721041,1080
1305.5253196262852,79.95537459084392,673.2439458643742,1080
1246.2859639201206,44.370116258750386,693.9552042561531,1080
1239.0579430239595,81.6217000928109,713.4285246172424,1080
1276.5242240499563,157.10517489396238,704.0059614343722,1080
1278.0331979534135,71.87320188304716,693.5617723587999,1080
1278.7950848889866,75.78416752176304,695.3346818747774,1080
1277.9861263577498,67.46300402144902,697.6312565944232,1080
1271.9736640547608,35.534486054794456,703.0636638376768,1080
1270.8058190038914,148.21443415576437,717.5646154763122,1080
1225.3923116750436,39.73538520276645,736.2793125887129,1080
1190.4320950757374,76.78853467802548,753.3168505104154,1080
1215.8668415609488,46.110118703192484,750.6359325343657,1080
1176.6079544938289,134.50646120167153,757.5421803263141,1080
1146.4508268120815,209.484266940608,779.2777747742607,1080
1181.8022892698416,4.368612037545859,802.2767568346003,1080
1204.7462288260094,15.932884897392682,796.9961938380159,1080
1183.3565576124483,109.1452918118407,789.1098243132483,1080
1198.0948444172657,-13.430337014915722,800.3723303320825,1080
1178.4627594843191,33.58316644487593,784.7353597202689,1080
1144.8697734381067,52.66742001377065,789.5414186222356,1080
1206.8016607268037,-36.776621995643325,786.3123832589422,1080
1214.098109705753,-7.597367730337396,770.1794731398184,1080
1233.4060755719206,74.2631204264411,742.4823342649338,1080
1238.6638018496728,3.8865468056902728,735.9288633331264,1080
1233.9453214349746,33.16983497718354,743.3024896537643,1080
1197.724549419791,48.77885487239621,727.7076411071987,1080
1259.5940930990678,22.103509123506342,715.7747427423271,1080
1226.4932054954922,25.527225104032254,714.497620605327,1080
1259.1891225807008,111.65567383384507,700.9942406068226,1080
1288.0278288257998,64.05433020153657,685.552028793869,1080
1242.4173704132143,113.69293771310686,665.8067504995156,1080
1289.8202376229751,146.4883921906047,649.2555070883484,1080
