860.5,349.5,39,101
859.4510734660431,349.74469175070817,39.81743634943829,100.50906074686907
859.4564947954101,351.1100116662795,40.43413209905286,100.0966228829963
859.518191287763,349.96285762101104,41.200830935378356,100.93930549022562
858.63308811638,349.6252614973273,41.75834438445038,102.19323257257079
859.6223054537207,351.12424745624617,41.50923367599662,101.93382407722318
859.7040121911234,351.37932920009956,41.79269068618639,102.11958336468037
860.421011458411,351.3669174353788,40.884951310786235,102.84227331158053
860.5985322393876,348.99560049880694,41.36646121335605,103.46438565885728
861.21920000002,350.3719835091699,41.233581518044105,104.16165684655428
861.404335237133,351.0087921270041,41.61046054681134,103.8682328350107
861.6049701951437,349.1676582564762,42.714028143083894,103.57680702804292
860.697289880276,348.2840617398573,43.06147516262275,105.25269308561039
862.1282814663953,349.426126400129,41.54305099127031,107.27582280257153
863.1555459670874,349.2253387633421,42.3360489268772,107.73391717933659
863.0142421683566,349.9298995534348,42.51330982184352,108.20535698040476
862.6455130181946,348.22426152339233,43.48718373820964,110.04693550159408
862.9645355026177,349.3590251224023,43.37606435873913,110.66409307645614
863.0681407321691,349.5553378575598,43.99287239087517,110.51758183098877
863.4202486571398,349.2043246617622,43.84710205841965,111.0615337461816
864.1769506946016,349.2492226135115,43.42128842450606,111.59904764345804
865.2499639514801,349.89919638684063,43.36517377447328,111.62724316751451
865.409259987077,350.5532325032825,42.994870797043205,111.9488342183729
864.9949175623605,348.92430574793167,43.39015175336231,113.03700199505538
865.1162663374098,350.1375529605818,41.71544942294478,114.99150979747901
865.7993404426355,348.7028861209068,43.246307203513446,113.91898841876309
864.4458486089828,348.0351007051064,43.237596864515204,116.51227437915219
864.9740921060167,349.67027137916153,43.020955889463856,116.36420477363154
865.4195163923931,350.6950902850275,43.62618027003189,114.70045402515979
863.9600961079734,348.3163671546695,43.72104645192203,117.04278404597838
863.7538107021278,349.3640745397816,42.72705648831352,118.77552802014019
864.1786204497447,347.6330369910281,43.482710775569835,118.51167480567409
864.4283770017711,349.1224288461331,42.95935950759129,117.90937048366877
865.1831912083697,349.5873001445545,42.82868799176252,116.53695646905317
864.8391695407404,349.62293020858584,42.88760335581766,116.65187349827048
864.751865652109,349.680695597301,43.40152558621213,116.45016525349311
864.3769728873336,349.72651156128217,43.86490010559406,116.42170848699297
864.5331677089468,349.0037838439847,43.575745025381764,117.42100591249479
864.0138159983657,350.6652866258579,42.41809042971151,117.78514619860849
864.2707469443782,349.2876643129929,43.39559843024914,117.53565918342605
864.733826384341,349.2937240674502,43.182658936700676,117.50854364222221
864.5978409420669,348.33421966415614,42.92608718891882,119.4329338666439
863.4330359937852,350.45803077251946,43.117658801648425,118.35681258494532
863.4322017577912,348.4075223965351,43.397008925435905,119.27779273165498
864.5960862290518,349.78769382997496,42.959855256266934,119.17382756639842
864.3310839749744,350.4647287004567,43.15529004656185,118.46050522425978
864.3009511277836,351.2859350098572,43.605428703266504,116.65075668461967
865.7322868936824,352.0905932912862,43.474558005196556,115.18899431860586
866.4512978138595,351.89333782415395,44.08366875699716,114.42515160992174
867.2707986647154,352.76796562540915,42.852301652874175,114.57997659031665
866.2311721898262,351.088918176089,43.97827734937077,115.91781108824037
865.2547148755891,350.9209507672898,44.26677556090207,117.05148406951369
865.4092637956472,351.6285471294428,44.09040223266797,116.80978638037573
865.4205174511054,351.38312403266696,44.44758096935746,116.67213183016082
864.581609762932,350.956914348739,45.115053742091014,116.91715579965813
866.184798476744,352.3149132614453,43.545772795761124,118.13983718049174
866.3243506341809,351.5659211686094,43.42782932169393,118.46250593805266
865.1083178713084,352.81927268610406,43.83138310670074,117.74087355679
864.1775197136581,351.4365457822932,44.83672731657566,118.45223839158771
864.8827092704704,352.69304960005496,44.97122450303574,117.96049715552121
865.1151789156206,352.51374744886203,44.25916103865276,118.45438730044688
865.6746109219526,354.285836193888,44.49746959409792,116.26485074852724
865.144499265099,354.11297257916794,44.16428828178736,117.31177781696252
865.5511145832884,354.8449589941794,43.854379278219476,116.71148433020183
865.1056085098543,355.15127050641695,44.14958605796163,116.14971265781688
864.0060780877391,354.96660141316573,44.166627790562835,116.97747897947372
864.224425534921,355.23058431219414,43.74858600472612,117.09397902405543
863.6016868246509,355.1476147043445,43.31087966551081,118.05433456496428
863.0347678715041,354.73720240786656,43.81434034557088,117.20118821831657
862.6953334290844,354.3846788501715,44.386631458702084,116.28918418664907
862.6953296182918,354.6849251154775,44.117079926160606,116.78161371000593
862.6645066977542,354.6599231894886,44.148123206964485,117.20462981508871
862.1469679649107,355.7849808606919,44.409361211607354,116.49785977293806
862.3803689873356,356.07780839202104,44.253295978138695,116.07494716254106
861.5736842589652,357.24713855806533,44.53734727434395,115.93527747580464
861.5867114891445,357.6127872059387,45.1634892171451,116.25976907298653
861.0065323806479,356.8941882848425,45.24007634504577,118.29464178966668
861.1417979603002,356.96743924632256,45.06735424539576,118.52708054701395
861.2786645598615,357.0860730846521,45.10243183291432,118.75323734712106
862.6510862583524,359.6064242640159,44.859045175298895,118.57003251232055
862.1359258024178,360.0330494077011,45.26836203552588,118.92890710647225
862.6216090699087,358.55515803554744,44.92761819760838,119.94798360963352
863.7425091907924,360.42389365591396,45.70571821453726,120.47075599103593
863.8986575892868,361.4197817641174,45.998283205395936,121.80411829922045
862.7457550606363,362.08389301603836,46.73973902816218,121.99330651272763
862.2940591498949,360.7120823760492,46.54334282927633,122.88586862237285
862.1300264168968,362.0648660054884,46.5326400884929,123.94326894268042
863.1857973361407,360.7927137532959,46.29322876527654,124.254229258371
863.1965922899876,363.5057402523546,46.206873170992075,122.94453412240242
859.6902779039058,361.7261148965538,47.498256872269735,122.95783756035547
861.3078436723052,360.75816968163696,44.8690094163433,125.06047380808991
861.9682183042421,361.8054723259785,45.088171532673144,124.51428638191936
861.5731934014617,362.5548510941633,45.80371290273323,125.54355648123877
862.0129989038974,362.7507889528483,45.15065546286047,127.57008246409576
860.3237841739428,360.8170471896974,44.77652260069375,129.52777305544058
860.5892992677487,361.1817819677981,44.684223853622456,130.10632143911147
860.6502430378498,363.91925804045746,44.870419409912046,129.36947482479306
858.0788434412981,361.7377730156215,45.91396322697516,129.60983829729693
857.4106913540708,361.232553060745,45.876710065121536,129.30675998640987
856.467406630052,363.00156880443933,45.65690646121511,129.70267217860913
856.1658673518231,362.0507456143856,45.41944560726665,130.18887078996534
855.8563827031908,362.82589771152794,46.10988840340826,129.55428938740292
855.3136584815904,363.2398269880972,47.03896938333378,130.12351211686138
852.7611283510387,363.2821564323387,48.3505612849831,131.31525451870462
851.6781927348468,364.3027664784695,50.254338476943914,133.38875596227018
851.0012580024935,364.9899615844354,51.64967213683521,135.42263689639282
849.3913601068131,364.7060924421021,52.3266865307657,136.96410541937325
846.2410042228639,365.3317410093908,53.28614782588639,137.31961299877761
845.944355490282,366.8544313271429,53.15039995349189,137.7995336217183
840.2652351620928,363.51580475984457,55.014510084359,140.45711909114746
843.3089703367498,363.3756389248568,52.08772601875828,144.61795185912072
841.031091750923,364.5967715323075,56.74805482328925,144.83302759086146
836.4785863800914,366.29069330043853,61.400784972525585,144.88323509852825
830.0823846351391,366.96859822494986,69.8880486502624,146.54331772252166
826.0676726398489,366.9305880188565,74.3371405452734,151.48401558539427
821.5681513186523,366.16958355327665,75.87458028234283,157.71015828580823
822.5519862868074,367.8165333099323,79.13090980716878,160.06097829369202
815.0565475010822,367.1032254975562,82.47725488321859,164.89380369203462
816.3186044940859,368.04876882871963,87.04576100236338,166.68619670505254
805.4526464650414,364.0316191945616,89.79276910687815,171.98505383424134
811.1201697564082,366.30818341480506,89.39730381387423,176.02709658638366
803.1163131597737,362.0517912450164,90.96413704761099,181.74173070699175
808.3597554480426,367.70927680140073,97.3175661715538,181.04969049667494
808.4428195562575,359.54439836823667,90.55999743699988,190.98954524145023
804.0528034479727,362.96167969289957,93.32223789776239,191.9571750451815
813.0245173387864,360.0328345918017,89.7346905392208,198.48502858499126
809.162619809068,357.4418412758803,87.0539172967967,203.13534721690507
807.669253889587,355.88877135598983,87.86792774356732,203.00149891318708
815.5047940989684,357.8171816959965,83.3054171639933,205.95734142825467
812.7179164140749,354.94906734035055,84.04392707579069,204.88514803557757
811.6884865584136,355.3192531412417,84.47498270105515,204.98569581356384
811.6462407186336,354.85055168076974,83.37397182925643,207.19330813331493
813.7939013096668,358.82458662626647,83.5398664328314,204.64065179150649
814.1640589647677,355.3838055789882,80.95991136832811,206.15846196604636
814.4120142643428,355.2409811019751,79.86217946376553,207.4973345015573
814.424560204486,353.54586841075866,78.5081808913715,208.42129798285902
815.881647292188,354.2382107914894,77.75797507133562,209.52546964917767
817.47040879455,354.72333715733123,77.63843878573769,209.3777115262654
813.4593171425062,355.858455119685,79.6720063470921,208.02868104465784
814.9939344008958,359.4636255880564,79.38973697017086,204.93041939467275
811.9735655438684,357.83677017672284,79.49880490120003,202.60911676369952
815.0830001166711,360.8238883756203,76.74472232534941,200.55271955105883
814.8315616817654,359.240114430346,76.79609158607089,199.031857229345
816.5224975923637,363.06510947759057,74.44476588456817,198.97259505883818
817.9232711915845,358.82999897805155,73.47008604553469,197.49203051508601
815.1331015461788,364.00609309827007,73.69300677854437,194.73798317614052
810.6113157189894,362.73142344862856,75.78196888699766,192.44933220148692
813.1728764624123,364.91697833156303,74.54263801273353,190.8293259798077
814.1764056330221,367.06316041658124,72.62017332281155,191.0250372652202
804.2826409819536,362.9925414295153,77.13093411404978,191.45311164212495
810.2809355510902,365.4244736007596,74.42071524538432,193.604650237457
814.2347820390148,363.92690654310127,73.74311557826937,194.27852730357432
812.2627782647065,367.3842746692545,73.65896516543873,192.37762944460223
810.7152333144021,366.4275581814492,74.69652678078629,191.93905069488048
812.3220578277358,368.74338911765,72.8173306844418,192.53176597743334
803.1324903461358,366.2065735638074,77.4792919194638,191.0745199693231
809.7939623446578,367.71195433509143,74.5272698829823,194.01965718685722
801.079129035743,368.3789707537129,78.45155991217182,193.37058626823
807.5006559692746,368.48584354483705,74.83747869939613,194.3272192259564
808.1270800347329,369.79910624499416,73.63048773746075,194.57335405425607
797.8347168312212,368.70386283848995,77.70974518640958,193.19944000536287
805.4881221267133,369.6609824143396,73.24369127259712,194.47746595473387
808.0527818482057,370.21136030304797,70.68660697755018,194.01006229095492
805.256037641915,369.99454316663935,71.73946796129127,192.8199634632643
806.8630325698546,373.9360634889201,70.64516925072087,190.45871839485972
793.5603120469606,372.3787029937904,76.88587919513563,185.2278927854406
799.8576126041156,377.4912631130516,79.28298506146324,184.9331589341136
803.5080879688759,372.6896877428071,75.66288479121954,187.85219584601774
803.8592603371621,375.0511127882744,73.24595692944337,188.41043845903823
795.1091463070799,372.629447565793,75.42647791540134,188.43419423309024
802.03687956244,375.1063501223169,74.39514747675369,189.58328363668943
794.5252129076266,374.20583060364714,76.60552600997242,188.73013972670037
800.0776574959698,377.9299439720193,77.0474831834665,189.09003321325426
794.6294692202114,376.26588267372347,78.75866682838185,190.1775809488966
797.9620482135732,376.9659955692449,75.7520322840355,190.82954356814042
802.0305620157103,377.7724195187162,75.98596048757778,190.07737908259398
801.5914573641427,374.1809102931925,75.03890995883131,191.06487895994917
802.5173779522149,378.00099865138833,72.0383723719338,190.2602213014576
799.3960979625607,377.1548454522065,73.33726186889268,188.80809679135638
799.62151378052,379.93151961145037,74.08752736547639,186.61360027711984
801.3901555781042,380.7114274575095,73.28281427915454,184.34527779391783
788.020552157567,383.7358856883606,84.63890858356143,182.80039373272396
795.9061665478245,383.02088330467086,81.4999429708117,185.2208260769608
785.5509198093334,386.5441003489063,89.72243191820604,184.88080146403044
793.9010943862189,385.5712917357192,84.05544947760744,192.43832774987956
780.1850833641377,387.1612919713576,96.69045776784401,192.7063018098848
786.1653997071766,387.54460224061586,95.92835516922182,199.49691871410977
766.3007173558583,389.4269541265019,109.88357432837367,204.02715386101704
775.9252147602725,389.812631839607,111.00370132726792,212.39577464752227
747.3856444713354,384.05837701594294,121.66769112822183,216.53154505139838
764.3841100830413,389.41708244119184,122.42672657002451,225.97922233865125
770.5536609520756,384.48457059369366,123.6593902893446,233.8918195582259
752.9853557484464,387.5688792798631,131.53942350024263,236.90693991384532
746.248589062158,382.86252582583853,142.38600578019097,236.67087666425275
751.0886703079553,391.47693154245826,151.87337894854483,237.80784068669314
759.2624596169394,394.80012348470416,154.9318395606579,244.42560071808364
728.7850909635802,384.214928660684,157.31611595923815,256.2933579315527
747.6958198313467,390.5482866035686,161.32986274268097,263.62032267402213
724.1680371143051,380.1024535156531,170.75487031934637,271.369478044498
738.1848683431722,391.3978655491046,179.24086822513766,273.3718540901441
754.1245430953134,381.7390151270931,168.31928613382334,291.7245312302819
738.9511649843843,386.7489774392629,166.8523653909688,297.7566472878317
752.227068777395,373.87010465878717,166.57532439618734,302.7290280445692
730.9833947924932,381.8208743259828,172.02943040492,305.2102321826397
740.9651634655808,378.5201643396203,180.76878698169025,305.6808578445749
723.692756340026,383.28649719132306,184.04071893989413,310.33893283253974
740.2469166286878,377.16339205341967,186.4142184060126,314.68755937050923
726.0279892563209,384.46650141412726,190.42262160416297,317.4881317232094
739.6295049698598,376.44471101265566,194.3349324265841,321.9245132782838
727.1689603197409,382.3657806353006,191.66354738123113,329.9834038184373
730.1911779219481,376.6382806457858,206.56733271000383,326.89864090373834
714.9621420160329,381.97441145876587,201.51730935454287,336.5691829046559
729.9030345380683,374.08508951909744,208.6394516918833,339.4372116688469
708.7800845338045,381.6548034682587,203.59351436925573,349.8975084842102
732.5006963290252,371.32926146170695,201.13844447183692,358.7157842876878
708.6213568524752,362.07636404828384,208.4866450522984,366.1569192406132
726.8120857394514,375.3199952211361,210.3137835965647,366.02916800331445
732.1508723721508,366.5307723942472,212.60028252231757,368.6103718390822
707.5499462737209,376.4656766107044,204.3308128114143,377.387523596458
727.7366400768188,365.37041298432194,201.5136840442092,383.5529688879684
735.2641593225708,363.82859550062796,206.64504716471066,382.6214501732335
697.0385971559754,380.6608739036743,223.10729921587233,373.55782135470696
718.6873667264058,370.2600271312789,218.58968412821253,384.0114173467416
719.1698791821764,377.8423711860558,233.89464547709736,378.25641233206545
688.1139126642399,382.7817202351822,234.57379191082435,384.13930936259476
711.2635861446431,369.4913726785002,233.14242754336834,393.94598791809346
712.3606458857521,377.84645126686524,245.44916159121578,389.3358626450205
701.3840335911556,380.89754698969284,235.5762444945245,401.1495204412035
702.5465877782187,373.5589152009764,252.96134933067026,394.9521112737235
670.867274105658,383.58967615715864,260.62933733535317,395.9788415738518
693.1346636265262,371.83259367544616,258.88335896068736,408.5316126402223
692.4063056533772,380.9275360750397,269.63599445670775,407.1038059819762
659.2718855991749,386.9595689662894,275.7091813091931,411.9693651313745
687.1173494320373,369.9948369318106,271.0469378293087,428.21533771395343
685.3946720453695,377.93757913474167,282.31664619965915,427.75449293098114
653.5173880541731,385.5913178175766,291.80569459198375,433.9742600338384
669.4960047857542,371.7314833141992,294.2006577106425,441.1057037070896
681.5517007846172,377.7311668562981,293.34679242281885,451.91469763849625
645.1941135631253,381.85624350064427,306.26410919904794,455.2475798647977
650.9696740507359,384.0576284603063,322.92873777618627,459.92606999543
671.1766767196759,370.6181923635321,328.67246672958976,472.54657265586
630.8822158838141,377.9003459537932,338.1172525680749,487.4075294512951
642.7510820285476,386.8977354099167,362.9026073231868,486.95621180115984
648.3611347608659,372.9931963316691,366.1354649374914,491.5978489986274
646.9529177446672,385.0638963524311,374.7687999613063,498.24119975867245
642.2366827107119,386.44365356580454,377.39536502147274,508.380404848668
646.5802940040487,368.21092297590565,374.52570785231967,515.7533425627521
641.5887910654681,383.358631442816,388.5496293996556,516.2852587431289
639.3651441431616,382.3942230649911,394.7748716070537,518.7834006938577
633.03124366412,382.0075998609975,398.60228087804387,522.9976404138122
593.8182444988968,388.8660274505571,400.5299466757117,528.7977855978825
611.1868027712603,364.96774383477816,406.7780882366367,523.636803491521
625.6010053540632,386.9151481147165,410.7337235376321,527.7332302760298
623.9637790207554,364.6053551347712,409.4888029026019,524.5119646425882
636.5214291477314,392.6882343043788,426.6818083070666,514.8702526094283
578.1762710353569,402.0316832910733,433.38238523308917,518.9000876101753
601.4359446940102,374.29024669289,432.7143224469601,519.5807198866167
611.2940364188358,396.64561840124804,441.04922176962236,512.7217893422342
586.8144142811033,400.0694690793257,426.5600795828819,525.4014251177889
605.1298970394568,374.67558975457337,439.3819797525526,518.4649044159644
616.003682489152,404.9172463934625,443.48058817644596,514.6872484264395
628.1601311586862,378.97495125706655,440.8806199568364,512.5808032454049
619.2044520288055,415.8549394894028,465.2622437108645,496.08174915404993
572.118296613752,388.86521470397963,466.8628532797606,500.4090122836067
599.6807199766001,412.0675498321814,468.3352997398788,501.48434262924957
583.2643797831554,420.3328798147694,457.28926514474585,508.8368211249185
614.2680188988834,389.0730445837199,443.68013263541343,517.0762978951976
622.4448775717473,412.90573489744133,447.03451435828447,514.7034957820824
573.2002019346503,416.7853885006253,447.98226874878526,517.9676709305969
609.6142016815537,388.90102395584904,447.7291484609406,520.0162749334552
581.7636897629318,417.05497895658726,449.6322576934991,516.2510917856331
606.9862145002685,396.11741349009696,434.22719211318633,526.5939920620442
570.9600005882867,423.09707902676894,442.3719852005401,522.0854177512422
609.6226373092999,395.3544009477058,437.3146337136491,527.1039884996442
574.3057253618924,426.52623865705664,437.78782680745985,526.7640291175335
610.2357992759498,394.79865545547136,434.5505980000976,531.6488394416533
622.1150881673439,428.74455874741506,446.4738161710946,520.3375490598695
574.9771844699668,402.8372642215826,437.0753806504367,536.8736531705547
600.8985537808344,425.91877519988935,448.26582385665637,528.5826384129174
585.5305517788627,400.24804831351116,420.616787956077,547.7797976692686
602.7527296366626,421.39472714131955,424.5242623741449,542.0563702914417
589.974173486326,398.333607814407,401.46348971500277,563.2022549948068
595.3891303935507,423.7747900429103,410.9584641151262,552.6959447092134
616.7076316550213,402.5397842748221,408.2301167822859,548.5062869813222
582.8867095980252,438.46561723595374,411.4956275295326,539.9912644176601
600.6767445504732,414.57099492526777,423.3726138681682,524.1809267409594
611.6622190426556,439.43709927795805,418.879008693032,528.9625854183005
586.4848677132866,415.237533005507,400.4578518282175,543.6798326844007
621.2428991237473,439.46042761985547,395.49956591087175,543.3008037248029
593.1147717939308,417.5860738008912,396.23952724759283,545.9882237243896
622.126572711015,437.6902851782049,388.45194716051714,548.0208289051203
599.2665370989185,420.30224600716105,386.0644351991657,551.3034195140191
644.0912416124345,442.8798121368609,375.17264401468367,549.8598581147828
618.370108918815,425.48600813340107,372.2080974108737,551.1352727954096
650.5842977220445,448.2301468359392,376.59316686303293,542.7972352751976
627.6980665122153,429.5544736598079,365.5876080260897,545.5282967901115
639.3188217774373,449.1612247070113,364.6606169588383,540.2718189633478
657.3768735667195,442.4385897709758,351.8245648176213,534.338512674369
669.878942902564,457.19776387845184,348.1572142920958,526.5419953100907
648.1213164627701,473.7093968574644,338.85245071259396,520.9496964568741
673.6733625878448,452.4917496230452,312.54544494824216,532.6373371228332
695.117101896168,466.31027860505486,293.9864402712476,533.1195511074578
683.394010909386,450.9240904249555,284.35280935977937,538.2765873595232
706.4125373500223,470.6552063668636,270.880979658705,533.9916009710253
707.8215053148479,451.3570752879394,249.20984911508685,545.6044231690595
731.7138396461529,467.2366678571566,235.90916933761142,538.6908679473399
726.732217600578,455.8670951741268,219.78952775338996,543.1659323224901
745.6576629394843,467.26943252076893,208.72441950350168,539.2096712375495
747.3759888168254,463.13670493550705,199.94284602376933,539.1361498013812
751.069769910926,461.75661187693464,194.11790304283375,540.76037420608
756.6063520764627,473.02605769377465,198.15057878929105,528.1941410749512
750.7166730625341,479.26856856381744,198.74174494175435,525.858356933574
758.0814023933897,471.3038801023702,189.91398466020303,529.9296930859099
762.5053220783639,478.3523128525991,191.35842562077812,521.0134981307201
758.9318397055889,482.0803544277187,188.99675528138982,520.3095713682935
763.8655516668747,485.69334418677903,188.26910573312543,515.2928952959124
765.879426932901,487.59074910971395,181.1477373771238,514.2569989797845
763.1548445829368,482.9311716864746,179.44623069535754,513.5760889943365
770.6932720424156,491.5050206611422,181.14333476347298,510.89548887019106
767.9757506907531,491.83616304806037,178.22061354893484,508.7555491150431
770.6279346813469,494.30128759157697,181.006990127053,503.6236513015999
773.1783703694999,499.2986097411407,180.4144408999261,501.8067486821201
771.4633797139021,502.0850902334589,178.76788521410958,500.59686723054574
775.4923857269749,504.03722540368494,178.855729139875,500.3287318891885
778.9008967788766,507.52635643792456,178.68036733339,499.7529288631987
779.8958537308945,507.5844790536137,176.79412288195752,501.4148246171901
780.7757011629525,508.84542037228437,176.005911376671,500.84785543479796
785.0595550251094,510.53615982794486,174.1746768258986,500.9209164107415
782.449456864394,512.3575618007421,175.77961216636572,500.00500315738634
784.9915875498072,517.865871636579,174.38388751333488,497.417393383903
789.3320074613666,520.2280330437198,172.73298887283923,497.2502997664671
791.454016429557,524.239347363119,175.40762447682118,493.14130026207255
773.5209008788988,521.9254004712753,186.23382948789492,493.01503877123406
793.5570398662467,526.0569660377523,186.20667523140986,499.59584464729426
772.779175199337,530.8680896604728,203.30017759412064,500.4766412646792
760.7654309057442,532.7362710650684,219.65490778078703,504.08756139603
756.2481383550681,521.1496086656784,213.6455488506127,513.8952271061212
778.3278269876142,527.6087071429224,202.39864172227706,512.2203813248873
782.8402076404802,532.1065316585918,190.69519068245728,509.25291050514386
790.5219166301866,539.6668079697654,187.5135489965172,502.00470265305216
796.8150105645448,549.4037879755626,186.6419661107429,495.0627075492333
794.3181095300913,547.3764599808785,185.708684636721,490.7707833922093
795.833176793484,549.0888136413762,183.0591508095016,489.35269259627376
797.6792915700482,552.7536671387077,183.9060837222119,484.2866669145112
793.3815505765231,546.7760782214286,180.65536885639193,486.82037417545814
773.7191979659965,561.3181120981419,198.5118419060508,478.5987726024035
792.456106479508,553.0018567492205,191.87325120153073,482.4979272646535
795.1595658559178,557.9887731359388,192.4802359613121,480.75801289295316
776.6014768612182,545.0208934568561,190.51319981425235,480.96056211166996
801.2421035077875,557.588665852236,189.41797069595566,482.2094039634726
777.0493330791322,551.9007765979427,192.40930951767936,479.89184779608325
792.9017385055128,557.45082545698,194.28398998800796,479.09300278910155
773.1098272825436,554.2352404108917,196.54574961090026,477.4969913421397
795.51708371041,567.2107470157562,199.74014313211234,473.00062761999556
755.8016072587702,563.1020864779146,206.8249626684177,470.12383654503185
788.4377420799143,562.3273307876008,202.85400795853235,473.5995837717776
759.7138668558644,566.4458836062945,215.01547229255536,468.7083491908448
779.352842085438,565.1481806502377,212.98317972814422,468.46666222140834
763.6722811149298,566.1405600309242,216.56889193470485,465.0204493142531
774.0566095077078,573.358954550991,216.21163257213334,462.9116225485127
750.8948603292397,576.0972948816583,229.33785457680142,458.50523745520314
763.9325678131352,565.6184949299811,221.51878792173255,460.3604583286883
790.2426972771158,575.9822772390273,217.02735528724662,463.3634392770931
755.1507111648895,567.7166102194576,218.71549208611896,458.10321839245796
780.6004069823142,577.2240873760051,219.58641017869053,459.42029572788965
737.921883804822,581.4279954039159,234.6606840273919,455.50090880012965
753.0240493721221,569.6829680365215,230.4487149920001,458.7617718126673
766.3227753461052,575.8522864709528,228.84940013581996,458.5493384520311
777.9192357942148,573.3904734733276,224.80470553813342,460.8459955583771
754.7309250420471,576.9986026338771,230.213188253414,458.2763430743521
732.8371475892245,573.8698881985974,240.14582245678446,455.04024034407723
774.8195153147847,579.005200657175,232.7646829194101,459.17221710302226
753.7543176241269,577.2194994153128,230.40132411079767,457.39970942196453
773.658553249199,574.3974957601251,223.269641548248,458.1978795674186
742.84550573878,585.200822320095,238.13494023656585,454.2089243601313
766.8224636999125,567.82525985501,225.7764705605335,459.4063571665096
731.1863744498614,576.9758098675243,232.99332668259328,459.2881194437392
757.6763007112819,574.0311433033285,228.91858752434638,459.62678066112346
773.5218582020585,576.3276067879033,226.16776654293147,456.60947427260754
751.4756280708469,588.1087605708778,236.43627765488685,451.8341471590029
713.6183489050079,577.2636197083373,251.4914032856294,447.9604536323255
757.8544717141272,583.8306687411305,243.0658934428596,456.3436894846117
730.5764706090662,571.8873917229953,246.71666425988602,455.32392635440755
764.3465878349522,585.1182143708877,241.77624920619672,461.23867202740735
754.1354071905133,578.1694091204904,243.59300727788082,460.37366693344745
736.0427616663216,573.8191360541094,243.35233654014996,459.7589921906702
763.1834901843279,579.2388436019745,236.78704675621145,465.7916236247751
747.2757712834256,573.3761263782859,232.4397338430478,465.201401128945
774.2311213081947,573.6988136925207,226.9532609110533,466.680679612941
726.1508839249166,587.0360935377894,249.62398832795375,459.3954866087024
749.0351622272126,578.8714325439446,242.39649080107426,461.5254012026461
731.7572129683632,576.4730910097477,246.40487597995744,459.94955580953973
688.932196657141,576.7144049628259,259.8714191028726,456.97181630902116
741.7153757039275,574.8754094130876,247.53448872475144,464.69270745236327
759.3855626827954,579.6466658261697,241.54286960949855,469.28761137069034
738.5026957158539,578.2072773855101,246.17219127839533,464.53167692035095
760.8598191921724,577.3863002071159,236.1576621517683,470.03775714532895
734.8355919769132,576.394302694045,237.44138235551887,463.33930568827526
750.9154093220513,584.3502295976399,235.75858705502083,466.2855048302902
725.266860133969,582.9022472712898,241.52187970086757,461.11225222798214
748.949020408952,588.4015822733735,239.04813018072207,462.18114489865917
706.9221440027874,583.3241660348207,241.23736616657317,455.82175860133697
749.4124068201644,587.0455583816549,239.71685211004524,455.4621054179364
715.628587497561,589.0114799836026,248.7003403403628,453.1173513270054
760.4342409541125,587.743087691995,240.38118175889315,459.79229004970637
728.6551906285092,587.2178980283372,239.21845585284507,457.2238443857251
684.9824479172933,589.1481996234065,257.4290896868786,450.1136035626147
736.1889132827203,592.1390931161611,248.873331620381,456.1131380197313
715.3195226952098,588.6627679353878,249.3391947309359,453.814833174814
741.7058225014077,595.0640345663553,243.66876131849497,456.80412933066975
718.3503125662969,589.7166888479968,241.09972571933992,456.2623551617496
751.8887287536946,592.2215468023119,236.26696310929373,457.4474190130487
713.738217493017,587.7612007446851,234.481542035853,454.2947269468615
737.5286260267214,585.5187950563086,230.93012932690323,456.40708312175144
745.0808554024147,588.4931876412663,227.81733328167422,456.63911303881883
718.0045152771445,593.6026435513543,238.22307098336051,450.2804947315948
752.3827503896911,596.0602809886789,235.31901133614932,452.0241699865566
717.3018419564228,586.6189321481439,232.18871860293078,450.50742405875843
735.4805215554859,599.2020932236273,229.18920042974247,451.5958168811168
711.3376071046697,584.4007148471476,233.57942626312655,448.86791391114815
735.6925986732294,595.2147825642091,230.13604473925517,450.2566561259599
709.6954705800215,588.5167475839538,235.81943835155516,445.5604800852619
733.6377947265912,599.2393654121818,233.8040701137727,446.41676101676876
716.5787172310393,584.3375477335835,231.39775210554336,446.053801013854
738.0711473862921,600.202914629665,232.66793227887527,446.18297218968485
720.0085884845089,592.3558252302016,240.4759395593824,444.8561436639418
708.1932696112891,584.2981941694014,233.74012192785867,447.3737803272197
743.8676844930777,588.8742230521914,226.88218087478566,450.6210033231041
709.0235184255474,586.8265102884924,225.91739447986612,445.57521550223896
704.3272828176162,581.7256596486641,221.84667985599083,446.87176582238243
738.5808560621839,585.4551342895747,219.80977495627803,448.6123044867577
734.2596164636188,579.0066912046999,214.743193327963,451.38188078317944
741.6326947026282,574.5230325247738,211.4127218277074,453.35101567449834
751.30575042362,582.4541548399076,212.38532457489532,452.1378212554357
742.3532704819477,577.7813981843439,207.36239992979392,451.5856489293191
744.2202488175117,576.3756030755463,207.28922371635338,450.91288957694405
731.6045933819535,572.0043814163485,206.3226580899301,449.6730800453564
719.9856361828082,572.2648132033071,206.79913663095704,449.71581206717997
729.8746198727779,573.7599390668697,206.4740546104042,451.69065877279115
733.0678458950517,569.7875165906746,206.8901602017675,453.0922461579097
739.6403869385059,570.7160583450171,206.73133718847242,451.49766004312056
745.7167373183248,566.8862203544368,205.4540418497209,452.29967474858495
710.831298618976,566.8317894478753,222.35233233185778,447.66807693801877
732.5482338998336,572.7955658667372,221.3574704027756,452.3059391206092
700.8544350382731,569.8779854469515,237.83712554683083,450.1024968553744
728.9025005343066,566.1608985710388,229.1991949444634,457.13696139817
739.9159376926473,557.2573904099062,223.87174903794227,464.1892716232587
708.0782406898993,560.3452553482259,233.6888072931227,459.25263464355396
705.594028658208,557.2839977117163,232.02296668569142,464.02784278766626
707.2466912902763,551.5555286914596,230.14920022233508,467.0270746185722
733.3320639165999,552.4528693913192,232.6233438292648,468.6208530353855
707.1243297894696,545.0249332268729,236.2116542264501,467.0560393844672
737.9915704569911,546.2513536264623,231.35202315487373,472.9259021912488
735.5821580337974,548.8985214528673,231.05514543206093,472.2139492369214
709.5158951530603,544.3200355261857,243.78871102722343,467.4034334311313
714.8330820384665,549.2055762768107,242.4393409037845,470.525900194164
663.605012752022,543.3160610340092,261.05837770695416,463.34361031542824
702.7560757345844,549.4882322328583,265.7652366729679,469.92584823043103
750.7336986759608,546.9385538953811,254.48762078807175,473.8382941908501
706.0544218708108,543.2940767137864,259.31017614749385,469.55372578352683
736.3948778655824,540.6950089913344,250.24737290513914,475.59766622942004
698.7956735564162,532.1356352209327,252.29535496446698,475.0361599988968
745.6894971144914,534.1094581422294,245.26405969103294,481.8435263186833
706.187638631582,533.1587467158197,266.7446035927622,479.1159726832624
734.6687888788081,528.9071329853991,255.5991766541248,487.5642499920216
708.7531072528494,525.6923250973448,263.58197268256,486.0982112332977
740.6803143670695,524.5986951693751,256.4423189855253,493.3933489570212
706.1116706348196,522.9738837291816,267.31828874787345,490.3857787315035
736.7369049134473,524.918215286463,265.5333646979411,492.046178078122
662.3365928521839,511.19703786397,279.09780062520394,488.7919457391953
689.0308282571305,508.1441092557818,273.6281950328447,496.76685782174695
704.8818190878251,504.9883421680047,270.12763734572144,499.28198613910314
663.0123702974438,505.5056517759219,288.6800578217225,497.5926724864445
659.4392118421506,488.45687005548456,288.66179451677533,500.60739256258046
684.0396198355626,504.23800973767334,288.1794923833013,504.84074548595254
671.7545043171643,484.18046699691945,291.52909992653645,501.23295607748673
678.684699448776,499.5690989636055,290.7975421493841,504.1174261089511
715.3523020943965,502.86971731870074,285.27482240823804,507.8141868624607
611.4033607829513,475.90682040282934,303.4141349034869,498.32463738392335
635.7177416623397,497.8323609870396,320.04077234584304,498.16992736989164
643.8336782450555,480.5995999529676,317.6806367311858,504.2682136252075
674.1598217343269,491.6326141780946,317.7004648122088,505.61566444684826
598.4510763619451,472.78608869007735,333.2536581296822,507.97183036019146
637.1418113261179,489.188866832681,342.7670170165592,500.42962517539553
657.3220579331381,473.7558770852617,326.4817753316526,517.8428608092037
623.4727793185234,481.9719758146799,336.24374231626064,519.4617706020069
640.7867939271671,466.2773053957074,329.58285521051204,528.0706576907461
668.8646276089905,478.9419068513119,325.875085527774,527.4452427516745
597.3743256887832,451.137471211233,341.3562782194349,523.5086842405187
639.2626996805956,480.62295563614896,348.37044042213415,519.1669782975284
624.7078124889978,456.841742472145,356.2579332773564,514.597995602409
627.2285032123802,465.722682418402,353.2208577955274,516.419713055056
644.3034227577893,462.7419580843678,346.03113938549495,521.1791060338661
667.2194267503501,472.5547841629609,342.2387064054139,522.8448847719853
580.9649940904815,445.8964722880058,364.5137165934849,515.4687657037265
617.2877540782486,473.3423602256187,382.2351125107597,507.6181441972476
629.6955951124528,455.9098436716133,368.5702385468653,520.3745946657432
589.3241508348565,470.24964206621576,389.88530122709824,511.30560550904187
596.890634935407,456.79734723448837,394.3375716675231,509.30110753230997
619.2892124573453,467.33077339695313,395.5368610634639,507.9583165139808
608.5535958312958,455.1407506218059,397.03195743899823,505.3689954760522
606.2938705418316,461.1574839804239,396.3026311358981,508.0037920784289
613.6303972662681,452.0507067744192,377.61029524137973,519.9414435628624
597.083875225999,442.7531076033293,369.65655429926244,535.0588184516147
601.5882256524735,443.88728013221146,375.80845578051924,527.1176990293159
580.6499907211885,450.3088400737905,378.7636226745574,523.6046999207049
598.251596193016,446.1242947350565,379.5546660795285,523.3175458291977
603.253169620359,456.3131894524736,386.6849849425414,518.8660963037194
613.0537465095886,449.14196833869335,379.5563712407318,524.2278213813363
622.2661422616086,457.3567304503523,375.4998534975957,525.509627723673
580.0319403627085,438.2954820340221,388.9927600222013,526.7661177085685
567.0986731604773,445.1524164236019,397.0207911517749,523.0264770217194
605.161230797413,458.6200096810866,401.6211393165746,518.3417385535251
579.558558181864,439.39985513982623,412.0880132693146,520.1001904593364
599.2769717941242,460.9137384060199,420.75714796952946,517.8333468684993
571.9099716928931,436.0149751295856,423.1002220875125,530.7799659433091
589.218056452946,449.9929711086405,428.2638851649715,526.5404733735927
547.7448514201835,429.08748350989606,436.8150412988904,529.8731911948994
542.5267738846412,453.8283024610247,442.85313281560104,528.2415613167668
565.4746084603782,437.6551433259203,434.6751316715714,534.6941953192221
573.7847720691732,453.31716696485216,440.3546708980783,532.1450228442447
543.8808771118807,430.87057347739244,440.5281166245211,541.6733606755633
576.1994468501726,452.921182215627,436.309385604656,544.8322395629466
545.5858363676084,427.53350894151845,447.6191234929945,547.077835935215
563.8214569586039,455.02552347767073,456.2522674752221,540.6794253929424
533.2578379775821,431.4143228534732,452.0090478520559,552.2735076498884
554.5456809468344,453.3216566604324,467.6839785949877,537.7779166976559
553.0098327569012,435.7133899917463,466.58415518777406,535.1442365233873
545.8793317941424,453.4558436663391,469.7674994428961,532.1943778765983
562.0474841947287,435.56586991384313,461.25020612812875,532.3256589844191
560.5691841992339,457.95639905922644,470.1049840070171,524.8418669554496
530.6051529796188,429.95047084791366,459.3189048207712,540.5256063344319
547.0748774489798,459.01411911901397,467.4501483066816,534.851523021155
524.3332838335175,432.9694398340351,465.52913366005475,546.7246645551589
548.6342359127998,455.08086712043394,474.3909917105208,540.8936706279385
525.0021013995113,427.9924649372317,478.0745170951373,548.120867543503
544.058049478848,460.6234715362594,484.3861493786164,547.2943621755802
517.1518358216578,430.0741657340178,475.0967943519911,560.0943346709666
531.19888698895,452.5794018073696,488.11434860489743,550.1006366754785
546.3566529787929,438.4153022617624,483.31897282970806,549.0404269023419
538.1693505659914,451.32082310286137,491.246707703417,540.2964083967881
541.1749927769081,458.7152266528307,491.512243837033,539.4118443701669
517.4711554706648,437.1866732502632,487.91493700002496,547.6248659069281
508.29649034818004,458.4515218196039,500.8676420585774,537.7375814310941
536.6547675915085,441.9227419141307,491.40678988052684,543.5282375336044
536.7464163306166,459.081211289785,491.5937064138475,544.2028158581226
545.7475849997827,443.8494961027709,482.4437003064444,546.0491379879315
543.5531581014866,462.2151680836964,486.11287932826315,542.0968231850279
517.5064316661355,438.56241444755995,473.82580097086606,555.4856691778812
522.3641790547581,462.0625566189706,476.00769504018797,552.0075880845632
509.82098001318326,431.70883893065366,468.14152983679776,564.5547716338758
530.9687518338751,459.7529156482146,478.1780624200927,556.3611699467857
531.2706363905495,447.956495623194,477.19474167218084,551.1605951223889
546.348184343522,467.60406351464724,482.7497777633798,543.882797974122
509.66318484638157,442.83191466979724,479.6699723932101,550.598798605482
518.164636387241,472.258797185371,476.14235550672777,549.0115591830697
535.0773728667127,450.13709710378373,465.36782771368496,553.0729788141657
538.2257492812131,466.7254595308285,466.88554478031915,546.2696314200273
523.1361453704403,450.35957257949246,465.57866542296654,542.6476046077087
544.0759340982252,466.83339965930736,456.9879306831677,544.8601619849564
545.7999136320091,458.2108602602187,442.827729048213,549.6365055006535
504.96110301190026,466.024212434524,443.12020318763643,548.0346733138335
506.91580443206885,457.0778123126007,447.28110298101234,542.8905273167672
528.7684409325013,472.57707505530925,452.4861758158461,539.794682453329
558.8489510690149,474.33915994594963,447.35518507648663,542.5372858664482
501.47140559468,459.8524462039,455.2009005701251,544.1350328064228
513.2874242044096,473.65787443569826,460.00423910987934,537.9174224278448
508.4786693681068,462.27544163825587,449.8452631031359,543.3775972318656
560.5796390103155,483.3441766928088,437.32938087802097,548.0566878132383
534.9877551531683,461.96034069275964,439.94772699991415,548.6285676951228
550.7954350055935,476.4621952545601,428.04963622413555,547.8704724984192
546.7698886826364,461.7538272385094,420.9615489919633,550.1107085311364
564.2715493548945,475.63441347965204,413.0094855517061,551.1837921157967
521.1162175269814,459.3914942240407,426.7927890036198,544.3628330891188
575.2702905682727,485.48183260143605,409.0028889700193,556.2585828311144
570.2320031625472,462.5853293429723,405.6143387271989,553.7881175921398
565.8370431736433,480.3161011435792,401.2233637151938,551.4456122307004
546.3105297868739,465.4336738562773,404.2311061602602,545.1454138013501
594.6767112946876,487.93345567820893,390.7429514526266,552.8338160495341
510.0986480209798,466.44603949809436,405.8425379375765,537.7620529667411
551.9738360891625,501.48457867891534,393.11690243241674,550.9401859664133
544.0244074193322,467.4180077265056,388.025998331692,550.1527539038436
581.0427125203893,492.35293526212206,381.10893706500747,549.7464272423783
590.9101532548307,490.3730313375528,387.2374068066922,545.7567800681945
534.2107907491078,497.5439159295959,399.1868880781921,535.2336523690079
574.4757932893557,498.8729970861757,389.5776118107656,540.287089147633
595.6970341836168,500.94716485545206,392.7511076438774,540.0899233220317
550.9282983543955,504.4838141413885,391.0546011056044,539.1567413161422
534.9642925972547,480.51349230227294,391.0027808838379,535.4392850803057
571.5126063507892,508.0451379785215,385.32438876021763,541.6537929048765
590.9811428330653,502.33357858228703,384.21157014586987,536.8955614696924
542.3703183170599,514.8956726019712,385.1270711809966,533.0855934584437
542.5507963973248,482.2743205750963,380.5865971246534,531.1768708243015
535.1258951969705,512.6382748891328,386.5826056430154,525.6259120048586
496.4247140257332,515.3442825214617,389.2394283825905,519.0427299193384
543.8379343040372,518.6565580524632,382.1516312536909,520.8252075162667
544.2172853275368,511.6287609555356,383.2304484613341,517.6845053120836
545.2994520378339,519.6917400654191,384.6249395911477,514.4336230442675
555.9093892369581,527.9203506977994,385.0725893580037,512.855046157851
513.3413048355245,502.8027010722061,378.67885434778754,512.2852306638026
538.548921760308,525.910354101488,376.0511104530674,518.7242932028284
507.03991765426764,504.66796581020117,378.18626450106,513.082871677065
532.4160912354185,524.8296655368003,375.46224870683864,516.0612626800447
494.919067126093,511.23900034283776,376.91206159565775,508.24631330170575
509.81375822825476,533.4638532697845,381.54774081898944,512.3360389817295
529.1674623046649,530.6355892846307,373.3301712695136,513.772037718574
519.7367379027002,541.6201193187865,379.5381538523727,508.54225148752414
529.2054406242192,539.756542511807,376.35382694659165,509.27939729135187
496.318505737663,548.7409070587651,371.5548990379631,505.8978811704684
530.2714480411847,551.8012196945372,369.60076312351913,503.4969527731135
543.1506670403011,547.841076646842,366.67325355220277,503.2861481325781
484.0541414513954,534.4730460878825,372.29613783497655,495.4843481473698
517.9377248277467,552.27647681484,367.76787030375436,498.7595686722432
522.4973132695827,555.8702431807496,367.22616829001436,495.84376090991475
516.6645251341254,561.6540923134819,372.3662717509967,491.8365701584288
484.0906715627765,569.7765131786341,368.7338208937843,487.15116859316856
496.07785023093953,568.2609860783696,363.392346241936,487.5360048636848
510.8852765161261,568.7577803357757,359.06897482722127,487.1254007889752
522.6633361956808,573.0428982706651,352.6052801505177,489.623308878958
525.3074863791021,572.1184357037555,352.6129905684842,488.14366018326666
538.8153857344249,579.8130621870423,351.26468050733064,486.06269974611973
507.13846156961375,588.8377999252259,351.2739852476858,476.4334608192406
517.2958883244663,586.9705626202393,351.7738797597884,475.09839077571405
523.9361281330861,588.3273256512862,344.0175149492916,478.6259023191508
536.0441918002994,593.5140206113872,341.656029919806,477.78070596583996
509.7017050284471,604.8449652242163,343.1372920337501,470.3642715942171
533.7321994681181,602.9373583203608,336.0832359098573,467.3011074455741
534.8791928575348,609.3046528567861,339.46063075281853,462.89939201364825
532.9424738235592,613.3170027774823,343.6081443875773,458.9592014653565
532.9897193245993,613.3839488515518,345.01339725991704,458.02112113586224
530.5554966890901,620.0323312166054,348.8835536080109,456.59925458089646
523.982656575607,623.1142995873304,352.7594957172355,454.93325200176093
535.4903409041849,627.9930498779565,353.976156484572,453.55259797517465
497.28473966055935,636.4738889287262,358.38519918320685,448.43177902861584
507.45826257907135,640.6412812210492,368.510295502697,439.10188557624707
506.99302184513226,637.3074295248389,371.06740982848737,441.33016257408406
510.09359777249614,632.3533002013032,368.0023671496932,445.9811067864059
501.6624329701192,647.5488425795945,371.74512460225407,443.26847458691657
512.6875375306,644.7575359920141,371.84545043461685,441.73479301303564
519.292339431744,649.2075299243938,371.74056916204586,441.32085459026786
516.7571312057589,655.924669682285,375.85713410199156,440.815944115615
521.6008689767499,658.6081964863049,380.833824487697,436.8426834858376
525.8113817127926,662.3828511776185,384.01236700444645,436.5163181325537
520.7278273810186,670.3651802623742,392.4049456319674,433.08646303413406
536.222649161383,652.1267108856398,387.145849546085,442.88920962657596
490.46861440860727,661.9806411441967,394.04990777858154,435.8403838223715
508.54147610874264,673.9364177460511,400.9146695597591,427.77387026411486
521.7108605757239,677.5041475671833,404.9318897935128,424.1235322951229
481.085431203582,672.1811413919522,403.0448539404041,426.1740366081165
474.8021015530289,677.4197925543632,407.1292822161846,425.4934164935946
480.5528733077966,681.0453076426653,413.1492128475103,423.9802117026102
474.90948849446994,679.8358077217226,421.02751917647663,420.5397051812475
490.1125750417965,685.674958963351,423.84734059181824,420.76518318049443
418.65123802748394,692.5788262792463,442.89427309910025,409.13276255234695
437.3387034328438,703.5731723011304,453.6568084510886,405.1377002653327
404.70133356582926,633.7618555171459,454.9931460489559,417.8819365630741
416.2123268140317,659.0723573062073,453.18764781687105,425.36116157573133
437.45095030588203,670.4956463378994,451.94919165052454,434.99777157556775
448.7035203051489,676.7002785468408,449.24169890605026,444.24994190854994
342.54770236604423,686.749630377193,466.6310740378807,437.5393011678321
375.9089436137225,691.4125613256074,474.3878834185516,440.9362265488939
369.4052866830234,703.0826421352805,480.553133373148,445.4662419751216
419.44325546953246,683.661945688692,471.10751547367823,462.0480276555812
331.73991290180584,686.4905384840424,482.114372008311,466.07640740887837
330.79771330346557,719.489635517378,492.54669086003264,468.77037678237514
369.41638164756966,725.8745332541771,493.15237377197286,478.4858115612524
410.6650020960949,716.9055164776606,483.9393278409504,502.0233107446486
287.4657075936007,758.7584485506575,506.59455934354025,505.01710994815915
327.4928211486288,774.1886488526411,516.4348917093627,515.2453930011628
368.435495905296,783.2631153992646,520.2731378227719,531.5503482566403
382.6224693796191,807.0320808519841,522.9631908567411,545.9358382960316
304.2658578985415,804.7655406286376,536.0660140961088,550.4689187427247
369.1814390010023,800.8924167254188,541.8585028686306,558.2151665491624
399.11261988579935,787.6044297202393,533.5873342014314,584.7911405595213
279.5584915752994,785.0044201439094,557.7487567468859,589.9911597121811
358.4607244337995,767.6298170876497,549.9146235696202,624.7403658247006
382.46736110759826,750.9903548869545,546.6812009406775,658.0192902260911
407.9994771686793,725.6477403769265,525.2263544900002,708.7045192461469
414.97617435526945,712.47823602927,529.4861156932934,735.0435279414601
442.7782267649386,692.0165210413095,520.3615766453036,775.966957917381
443.9556883862708,677.4585865424566,523.8049205632958,805.0828269150868
451.9523786684796,665.5752166513641,537.7988739629504,828.8495666972717
379.1305887287704,654.5225398196,549.7269128131326,850.9549203608001
406.86742857510984,644.5291719821103,582.7310548761324,870.9416560357796
434.3431308426084,630.7592353294065,604.461087372222,898.481529341187
438.9806052917954,620.1974652433728,628.0989073660933,919.6050695132544
372.14278290207073,604.1352072298002,630.437080155551,951.7295855403995
427.2299108594691,582.8190415395723,641.4980953307454,994.3619169208555
463.66882265411164,569.2189902519583,662.5581712909841,1021.5620194960834
399.48720508069664,550.6130492483353,646.0827087047062,1058.7739015033294
460.28596391431665,540.0,663.1584137332168,1080
434.31320258753533,540.0,695.5553921906387,1080
480.08626951089695,540.0,710.9388411886009,1080
439.60424267965516,540.0,744.7534356393614,1080
393.0057817987727,540.0,775.4595665461021,1080
413.09192037034086,540.0,798.1273604906839,1080
388.731902265817,540.0,832.9116497301311,1080
356.3459443484353,540.0,834.255309046594,1080
348.33465409725443,540.0,850.5354678679385,1080
391.89571796846855,540.0,840.3530032999166,1080
