1284.5,574.5,45,120
1279.9373573737696,577.4830546831324,43.87324438942351,120.76253452793071
1277.500898700038,577.5689091668266,43.01967219297214,122.48567819878684
1274.1513261826597,576.6532513826559,43.177317136175915,122.83736484657324
1268.3876208337717,576.5990435131545,44.093399708951864,123.4094819827566
1263.3978670942997,575.4933539819907,44.41001389260771,121.70972608681699
1261.8626646551445,577.7732085139262,44.77495059312305,122.75753903374918
1259.8326477219423,578.2708065846712,44.21717707122164,124.92336102542279
1260.2206882150117,576.4885853639281,43.230523246299654,124.52678490459205
1258.939008101058,576.6331659628304,42.81716409478166,126.42628814312782
1258.7915893531258,577.2015821053449,42.57648109666201,126.73910650335492
1257.52631077386,576.2922445780198,42.09037565753759,127.90141580578495
1257.1397342868345,574.751043402497,41.799527905842524,127.93348561059628
1256.9564073359998,575.7162164424866,41.442669277184955,129.02195290227542
1257.0017524575812,573.8489816647118,41.21305917389717,127.48348563684101
1256.1089217955557,576.0396085281103,40.669377894265125,126.97004287462849
1256.5517996639621,574.0782410779617,40.85613490330948,125.19280752956423
1257.4990011667835,577.0989718451143,41.02739308960699,125.35627439339149
1258.2512180619235,578.8057952580874,40.9867091848858,125.2401572648635
1257.2635383290578,579.0379847658232,40.808633181943705,124.23395140517644
1258.216504338281,583.9121220211257,40.98335411569142,126.32153810062621
1258.706797278649,582.5475137317287,41.48453934644402,127.77897490380074
1258.8216733214092,582.5548926306743,41.289478363726204,127.62832583229162
1261.9517671787567,582.667484886133,41.59101483497484,125.47508078975802
1261.2598923037858,585.8866243941163,42.051350056546525,128.0767931525757
1261.7381435275863,585.6288723326315,41.72906868591119,129.6047403411885
1262.3848147873964,583.2442700862995,42.1497485642858,131.46446402368724
1262.7231143274375,586.3131654012776,42.592969959781705,132.5480979733514
1264.0544008711033,586.088103022473,43.19882376759181,134.66864039739596
1264.8718662796064,588.2914941681568,43.292242755463874,136.2452470067852
1264.9415918610255,587.5932925085398,43.83562013819629,137.84583712316115
1265.767341246204,587.2848639346433,44.3457469915418,137.9140547946547
1267.0256420892247,590.3532782573717,44.42456876550763,138.1112067095007
1267.5471566328101,588.9278397290989,44.203701829673264,135.57126183230014
1267.7341487667397,589.91828135093,44.21232982001007,134.60157579799596
1268.453541172014,590.9988645094761,44.198196513024456,134.84816199478922
1270.7972691406171,592.3716995222853,44.019790945080736,133.75834106833003
1269.8134181031135,592.5626978389855,43.20468090155772,132.20453178138825
1270.8561640154242,590.2438540057668,43.03817551664144,129.73394546482373
1271.6059864982315,594.4295291071071,43.44732841117244,131.464626969907
1271.9466015352277,599.1053296250692,43.61007292748118,134.99806812453454
1271.66442389522,599.5278234966133,43.58550314388682,135.1543817892603
1271.9021770467082,597.5917892832723,43.68314002509537,135.414573966629
1271.0100716012219,599.5015255061534,43.87095077435177,135.99557177767232
1271.4512474845358,601.3719800434587,44.246829574702524,137.19261236050167
1271.919807203989,602.0389140723021,44.96090780768635,138.14141766173236
1271.6287462340945,600.0307203247296,44.57918568657767,137.74601335542457
1272.4083453225567,602.0464404261644,44.87270085613452,138.2411048488746
1272.9806101540194,601.975393010129,44.750132524576586,139.0511650930854
1274.6774602805738,601.8061635532518,44.26363380001716,139.31752176562145
1274.2095357235567,602.4070711665009,44.06302857025551,138.03318617340815
1274.3794262101894,605.0664233235564,44.51357514597079,136.48398139962632
1274.0006126583887,604.8585140045802,44.905328555152195,135.79382011814502
1274.895051238205,606.2466772449583,45.886215818889795,135.89882436591986
1273.7617705516966,608.6185924956376,46.37322163274867,137.1598418679486
1275.4921982070198,611.0215083831522,46.484327486576404,138.3328537818843
1275.9825212894289,611.6813404492458,46.00775011362474,138.10185167800972
1276.3740114133946,613.6597881816468,46.66839555424605,140.2392879545408
1275.9399246644593,611.8968305401265,47.65793855555502,142.52614247803692
1276.183213252239,611.7014746387231,47.46845790065818,142.33992793025035
1275.749256335785,611.444272418008,47.19909186544007,141.7551550111458
1272.6350529615495,614.4573019202387,47.160930906849245,142.29092032843118
1269.8510472985324,615.6716685115915,47.842608767307325,144.00906014300946
1266.5914806266944,616.1633021628311,47.71358213020934,146.6372389827271
1263.7938046942722,615.5737168514397,47.60080649642737,147.56190391159726
1262.4806147231886,613.0033241731762,47.88560604766401,149.24281344605697
1259.3634312874105,611.6823212146592,48.14424917578181,148.81306872222197
1259.5372489521103,616.8696951010012,48.66196439083461,151.48082335279716
1259.6622007301269,610.0368657793675,48.763063826000945,151.9166531615309
1259.125114609675,613.4253020517327,48.5478840075408,152.09180936817373
1256.922551475878,613.584372271456,49.00525613046585,149.13535563527023
1259.555611878123,614.3449605674912,49.129212916918135,147.65714860531315
1259.98647866131,611.5861971128336,48.78524624345437,144.49607711069763
1259.7098202607465,615.6477602188817,49.42855060568823,141.4247931112784
1260.603592254482,620.6630708806582,49.52577581949585,140.37279613159734
1262.0306846451429,621.3237393951113,49.615329021877784,139.73896893745774
1264.3767233280878,622.6179179499643,49.34068396418486,140.78831476964606
1264.830184874529,624.1239746285244,49.710075606714696,141.62587754472816
1264.9237873498105,621.0846499004804,49.453021775980304,141.12530193749205
1265.3263395157878,625.6169013146325,49.2901207154146,141.14509056731777
1265.5669698926843,624.5804323488145,49.45217086612465,141.39268596298112
1263.698581258,625.3227095510434,49.26735995304352,141.77341600142486
1261.7392076236506,626.9328164157919,49.354652467866735,143.16127359913747
1259.4237014380183,626.2591857499623,49.38286971507765,143.37165644034863
1255.9912007812768,627.0152243290577,49.32845221676236,143.29940064465347
1255.551673843969,623.8221389772913,49.56776848532931,144.96942678641864
1253.6834321489969,625.4195919350848,50.35709544598276,145.24716043153114
1253.652178078666,625.9508329475733,49.39792227789816,145.7626828859622
1251.4314448452653,625.8019528044024,49.253614323007646,144.98031104549602
1251.158574558273,625.4682422418194,49.89762900128981,145.61599860562927
1249.7301443077374,626.2061787624181,50.14352830355406,148.66183357605934
1250.3374361832712,623.1900812086475,50.35210653597625,150.69715196698675
1249.9085241147443,622.7269301352012,50.633883252528435,152.26536109057898
1248.887301173541,623.8555587922247,51.22831785582931,151.6201923375902
1249.8768796334648,621.2367211368696,51.53524678002107,147.15147059172074
1249.6755197827129,626.9630422355226,52.62507559426459,151.22618072748352
1249.1632963623297,620.1941756568392,53.26744462188273,151.34018398830497
1250.4252154575283,624.871713397826,53.519563062192205,151.95696366990538
1251.7053162635734,624.6220048003428,53.25613249960136,153.7882619111671
1252.034335467629,625.3493012991056,53.142554805353356,153.5026607177645
1251.9239836896195,628.2340780209374,52.74629592851109,154.04855365090123
1253.700476632994,627.012088789932,53.128282566405176,155.55736593277825
1253.5943197379895,631.4176943491236,53.41760363521403,159.63628104272763
1253.8357826041374,630.8785983543121,53.71113878892007,161.6109447115615
1253.4950045982785,628.799466611001,54.18397366955171,163.01925516664375
1250.9822122618566,629.6099750735331,53.69768652766732,162.07187217464693
1252.781234721469,627.9278789470882,53.606849717344616,163.63612264935364
1252.580047070204,625.9643057273809,54.11436458832277,162.43066401293217
1252.534818543234,629.4962098687588,55.045752342564754,162.10855590260059
1249.8169115835535,627.5493474135371,55.01431066957962,160.8538919504341
1251.957036256294,623.662447700799,54.50477107713502,160.35973750322944
1250.3853457430553,621.2151276326863,54.91602300662752,163.05797151343265
1248.0817093850517,621.4607831123501,54.97913964811097,162.77060918598772
1245.8521625773908,620.2455561777228,55.26673639529908,164.07346178933506
1245.28293198568,616.0521071284861,55.783396321587034,166.05392725917687
1243.5597260498364,615.4070046273571,55.70621595961683,164.90603049294128
1242.8391122374032,612.1438073944298,55.51069276718424,163.6186060272161
1242.0507089953817,613.3232475914363,55.05275284276481,160.36871916347673
1242.473251594258,612.1065580628511,54.154326643739616,157.63900942212402
1242.2306087812738,612.0560978408676,53.930130553552374,158.30726445843354
1239.9266788512743,613.8079756268713,53.661029659156654,157.49098170670797
1236.926970921211,612.2148886411424,53.99303419192121,158.27861971129266
1235.791169182689,612.0557843662409,54.06910773122122,156.8453790337627
1233.2227690427878,612.7390851909732,53.95320529801068,156.7525230403115
1232.4411968096674,610.4262762062851,53.327620001220424,155.07586201417382
1233.0013140436208,608.9698800602785,52.994233243923134,155.24888103271917
1230.4427084666986,609.5660014378027,52.657118721803464,155.35731581558863
1229.3331823340106,607.694800352602,52.62894927888159,158.0747442358757
1225.7650622311112,607.9973148293785,53.066521004761,157.2268339842574
1224.8296808665104,607.9361155257398,52.367112616179824,154.45554129018922
1222.949756892617,608.6151203162519,52.336434889147014,154.2605964274111
1221.0319453124812,609.569184514663,51.374772015787876,152.1379105020932
1221.0525504625894,612.6741651851894,50.78190856882786,153.03070661495906
1219.2309306456195,608.1595501373631,50.73611755548977,154.51696223856553
1215.7946090734358,610.0561837506823,50.92261777840947,155.05375310976652
1213.231654360555,611.362311254609,49.88153930820543,152.68837066110297
1210.6129815462555,613.557179791776,49.92366923474766,151.03520752132403
1209.091448129788,613.0460898963811,49.299209345728144,150.4199642736313
1205.0352361601688,612.0628817301407,49.29977777806957,149.2474409870476
1200.8555066631764,619.6623663232152,49.2604731154384,148.10722004613794
1197.3405704606175,616.319781105341,49.884765953600336,149.30448402589275
1191.3964475211299,619.361930448845,49.29563775573263,146.98257046881332
1177.2703287971178,617.2706432523123,49.43092993703296,142.55277437085084
1170.6918651258668,617.8614519328527,49.53300670122683,139.16160686748177
1163.6704154548654,616.604799879263,49.29555631178445,136.69401068703297
1158.7418220859151,615.027533788214,49.301419921938276,134.85118836168473
1148.7333558553623,621.8297513187936,48.76322810020697,135.5289150131722
1144.4759339040047,622.6195608448388,48.979321125542114,137.95476671379765
1138.153300697437,621.0758199349428,48.92005491538598,138.69642810664868
1135.434812365736,618.4343874262402,48.440433258781155,139.83723189053342
1126.7616058423844,613.6481288071233,47.29991927301333,139.100445845076
1126.0455883936536,614.0962350884727,46.2264426481818,138.20043736010888
1123.5825086068078,619.6651756530343,45.92820217838602,136.11810299154456
1120.702382162113,619.0994642384846,45.18432232012526,133.6297541016653
1118.843230063706,621.0420084200734,44.51969099295256,132.65373551502256
1118.508035144323,616.4632791786099,44.74128110237166,132.1991305900518
1111.1076716589741,612.4243119549436,43.98154798243189,132.97179007400547
1113.0775333277693,621.0643038591451,43.77241427306144,132.0295271365742
1112.3092460926484,620.2530830658848,43.47986417341015,131.325880056179
1110.5215049235687,627.1811275061501,43.37751986857948,130.79525447063108
1102.556746800338,610.2745055443083,43.27529020439622,130.52031022292783
1103.7014386474593,612.2572215997027,43.16193714598739,130.70614611751031
1105.2424768295919,631.2956027734816,43.211824034743735,130.6871382865541
1095.2398803805202,622.6722397881961,43.18675303213,131.22728314140255
1096.459968877028,626.9743460337702,42.687445608892915,131.53751938835234
1096.1745118217261,614.709116204763,42.60893743155558,130.60320586826631
1096.8259446793681,625.494882332915,43.52811999889502,129.10043543752357
1097.3687238197522,632.4560448904828,44.695999714037455,127.59133263531544
1096.0840165176323,632.691695069291,46.20090528412051,125.99430331289352
1093.291211850875,631.169655295105,47.538616515828195,125.79935416901981
1084.3447643728887,628.747403530447,46.724236081176,123.88888571728734
1082.146765636122,630.4897208735862,46.962203044760784,124.24849121960747
1078.0405446608058,627.0597148418922,45.968415785492894,123.35856098029167
1076.4776270721172,631.6729410972802,45.56433682216911,121.23562933972454
1076.5386517548945,629.8294024044999,45.10818405113855,121.4280098697401
1075.3984603351041,626.3039554259531,44.67585484123544,123.24827819740854
1073.1212537213057,630.3635049940127,44.817051001113825,124.32292658173603
1071.3432994905754,623.6669298267535,44.368427602222596,123.45167929509972
1070.0570054467971,627.7580546825806,44.55556031982994,125.38276137818428
1065.8396773827142,623.7760854112187,45.73399801461568,124.45208188654541
1057.109292779293,626.3395559809833,45.94741843605803,124.1164191092904
1057.1960687849107,626.8905242875485,47.81641341235603,122.59676703609792
1056.7568012633415,626.832027549506,47.40688337961998,119.65667738229983
1058.1203715325353,629.3973903525435,47.50691702793877,117.5280379387921
1056.9573546047427,631.597413903589,47.76415520252427,118.20876657446371
1055.13476733089,628.7166122347988,48.0118499776618,119.67680273141039
1047.1951635597345,628.5897849282242,48.28522351270976,119.44824599316513
1048.0363639663683,625.3917923860892,47.20019499291469,119.2074889624144
1047.3637652346188,609.5003413021101,46.22206396138789,120.116962785646
1047.2419058399878,622.1779796711942,46.47059136887133,122.1691681946946
1046.7035822029482,621.4052746856535,46.71318298079533,123.10359854913384
1039.819133742901,622.906021523799,46.79986707129994,124.4491922561131
1041.911527546929,620.2582931579253,45.83199673962625,125.93336611470687
1040.8076007169823,602.4727459905864,44.76337568524038,123.3771716310252
1041.2015433305971,617.9208590416055,44.1746506762497,122.82172387981713
1040.6442751130687,614.5254368285293,43.588639535356045,119.18411581420915
1041.3042414705835,613.7489970071182,44.06067492755004,120.78759459249
1022.7934686562458,613.2856362116319,44.318167211498846,119.24139266623541
1025.2850711747133,617.5059149288294,44.431633278994994,119.31461201101519
1027.686662760008,609.9216715324114,44.51350660407212,118.62944871077242
1028.6775996609488,610.3538349048931,43.68614675730679,116.4331039480402
1027.3525478361062,612.3312434409554,43.35413108516862,114.60320176048307
1018.0780667989297,605.7784002610442,43.60667020114752,113.14517027820332
1029.06287519423,609.9320972123885,43.67991153432661,110.94518156121431
1027.9545289044554,602.6463264090864,43.75298219233638,108.33139182321372
1025.929999243504,609.6979120299025,42.906739695391394,111.16529905753406
1025.370706922441,614.1276471652995,42.859820120369406,109.98541996563382
1017.8095247637465,616.1604607496337,42.925498036391375,109.64147701441848
1017.5124405715962,611.7377696005273,42.02397881674139,114.98391198215661
1015.4618901614782,611.7595062312437,42.19890857260067,115.928318712255
1012.7370567282918,613.4952556140248,42.58949769925786,118.26606600992515
1011.0516497838555,611.8911040880724,43.78989976295053,120.42559636914956
1011.1192861444409,612.3122651836728,44.65824707027534,122.8785083812875
1008.1553396999109,607.4734201849956,45.455196660995654,123.03798796757007
1008.5997017022017,607.197975425434,46.07468808381266,125.56651596974068
1008.1182892276238,604.1937428093488,47.27157096606051,125.48496483685997
1007.1204224120695,608.3719398784399,47.54164665725833,126.17284121411967
1006.7937279776263,610.2067364766762,47.90315763055109,126.87340144477108
1004.7863916813775,604.4465934770753,47.1572239341388,126.98371620679015
1005.7387266001247,602.4984385713726,45.782934524481696,128.5580603237681
1005.4001246922081,604.594864120743,46.40488440992508,129.71545088609915
1001.4571607592004,604.8610308707609,46.75537993722592,131.18579172726507
1001.0028471954213,602.3341372675525,46.00781941124255,130.84132883068514
999.5452610047626,608.6648190142552,45.32765511691616,129.84809048986776
1000.2341362200215,604.4349663321152,45.26298452038254,128.44167074733613
1000.5368655723422,606.5481870840342,45.7362325570742,125.62808117316268
1001.5247928295747,610.0462294516537,46.54226509705254,123.22492866219739
998.8046941959676,613.9762754321102,47.036169010232285,122.64577532662
996.7148382312479,610.1774022400152,46.78925759525034,120.11757757323686
996.5373986371089,611.1415406815725,46.37385642235262,117.16190329594205
998.0940819436694,611.9136202636246,44.93286381931779,115.75784078136519
997.6297305142261,614.0818129946429,43.444545165219026,114.10331362049142
998.620721678712,609.4805501087005,42.785526670056306,111.40572437925361
997.2279056624533,607.7677074522965,40.92250281115536,108.57992386747672
997.5763051289402,613.374064171924,40.086612744109985,107.71677688787742
997.4673587487896,610.4426110680544,39.914522416633275,106.41769722144058
998.2266576778909,611.225413893924,39.360221853047214,104.44264333347422
996.3000072026828,609.6975107158682,39.104433428921375,103.99086440249182
996.2723837309005,611.9164543232824,39.22250094861717,106.10260592225205
995.9348653410988,608.0194420369265,39.79312528428479,106.17000743664464
994.0774657318527,607.302097671657,40.136595672057915,106.51016928024379
992.2870367659186,605.7993711319104,40.16753376025238,106.75715206287705
992.2976574282491,608.5693593165929,40.494762557213605,110.14065858840976
990.9749774918408,604.8067283959188,41.11278607100604,111.16511934333232
990.0476952339737,600.9004808801297,40.562313183633506,111.06170603827073
990.6805906989753,600.6650095451481,40.43909394132873,111.43509020985158
992.748515997504,598.914123588194,40.17226714416756,111.62400163486824
991.4324954582579,598.1207061119185,39.94770913017629,109.2417113165756
992.0742465517577,598.2711684253682,39.29556520905348,108.54586163178834
992.9508468802366,597.1154783547918,39.304785802438985,109.48448886804917
992.5291083015743,593.8262678412842,39.04811821584421,109.37977724659615
991.232808348712,595.6390575536318,39.69612493042203,110.54540608911293
992.2293930409717,597.1755314715074,39.40099805784256,110.8889430861254
990.7235468531629,595.6350620147001,39.92868951221066,110.38250755096377
992.6780073016469,595.7645044614004,39.5016259150476,110.95415455272386
989.4260761376105,591.2627929950289,38.91335424424944,109.88053967418747
990.6597181508845,591.1420550516619,37.86318626365317,107.88265093689812
992.6484107343496,587.3221549248985,37.403389235303436,106.75252130456045
992.3049301740452,579.9947647778009,37.89295744519312,104.48179691430764
991.3534902895087,582.6514657969524,38.60855179098744,102.30355460691591
992.5917876219314,587.4606805978168,38.302527499677126,99.44699157470599
992.6962202205565,587.264080692622,38.4282111930176,97.63603784734556
996.0427089982412,589.1153279006177,38.111568304853975,96.2571279879338
994.4494029390456,586.4383568079344,38.09006103085023,96.9660153561005
994.3856845686792,587.0858139619128,38.74315673669393,97.78535003915627
993.7869669839362,584.0448662582862,39.082847927679516,97.64393020745693
994.9066846693108,575.8798507249081,39.13133565454067,100.37817136485029
994.9628152342201,567.5885457719703,38.83255600460532,100.9913703744246
994.489133429321,568.172269414394,38.60968243083269,101.41184852368967
995.4869515941722,573.6643823992905,38.573958520449494,101.87004637439243
996.4261442227997,580.8380999061321,38.55543511393277,102.32678959862422
996.4451679225137,580.5203263942452,38.91931220543338,102.32510789505731
997.0387717847897,577.0991390873596,38.18209222020621,101.73021186750145
997.1483135189281,579.489821323482,38.650064876139496,101.683985811547
997.5350446590893,577.9765906535416,38.06169823385409,101.3868313620144
998.9005645104672,579.3957512231304,37.72002372732608,102.62583795110828
997.7207051015569,577.3853837765859,38.19423031236646,103.81170131366451
997.7340646584995,571.9106144873767,38.753788683374935,104.16231144054484
998.4571005069512,571.1928435724762,38.614606043631014,103.57596358376112
1000.56895960229,574.5078973125196,38.34185015802236,104.27149106003424
1001.6494767084413,575.6363838618884,38.29233575925751,104.68503254488441
1002.9977504353046,570.7395192554399,38.364003484974106,104.08080872433419
1004.2623994347041,571.408390885094,38.051276101943635,103.76950799279683
1004.9680291708686,566.7524489174094,37.803059413351676,102.90089380499721
1005.0741190590642,568.1125778355297,37.47240180815982,101.18993178994644
1005.3262421402634,572.2444117053266,37.33542000595101,102.34351563726675
1005.6490472108786,572.8541206744578,37.467401868065956,104.89749562152019
1007.9583837666056,566.9513269066821,37.755010227864496,106.44229423953021
1007.3496772337035,567.060761044425,39.12382742114738,110.09903083197948
1007.9366231440372,562.1319646406176,40.074176237305416,115.6144147772896
1005.9743674731112,561.8677977471425,41.855729414942275,112.79071113443021
1005.6382623405265,558.141398227911,42.83186808515828,111.64493076615477
1004.6023670685729,565.4913979004535,42.574439287787385,112.98208657243707
1006.0228048767586,569.268427138095,43.03463674575663,113.2356781864179
1006.5588087777053,570.5511856997584,43.37111483329823,117.22889691056446
1007.4120332969734,562.6024528888743,43.625625825317705,117.0902220904381
1008.2625114429967,563.7520501528226,43.466980247992694,117.3644089864917
1009.4088401368047,564.4577362555154,44.096951501505394,117.01053833559519
1010.7504686694225,562.0563316651275,44.16426759453392,117.0460097172988
1012.6951377470072,565.7643588387597,44.086020147143365,117.2796197720424
1014.4066709295965,558.1505882547747,44.222856211545405,117.11422137244654
1016.9901693078698,559.8072752985538,44.551534065136906,117.18639039287481
1018.9065058024132,561.7591295935723,43.51740262191779,119.62485919388992
1020.0810025720629,563.829927033104,43.64360711309051,119.36685477465005
1021.7843888063361,560.206431174303,44.07842981742594,119.3270694727515
1023.4337115594033,561.1264398509572,43.52035056495377,120.5958704120608
1024.333101999608,558.0463533975261,43.34612515310326,121.67680442732154
1025.0902512900743,553.9262223893098,43.60488117193293,122.56107460339152
1027.632634155667,548.4356941179484,42.801044529340274,121.83157511584092
1027.6418130288362,557.8993914693549,43.0804688166836,122.26036441876518
1028.0307677949197,555.5369342222215,42.888803748436914,121.0704224791636
1030.769084135803,556.3350243358911,42.064238727955626,121.27526406617073
1031.7378316503941,559.8058372259757,42.538638497052645,120.1101304048371
1039.7208640685124,558.8381273138262,42.00094985863083,120.6768808384574
1038.6517939535738,554.8009588913085,41.93381717552871,121.37374814385078
1036.5214467324272,546.8479104858454,42.19090339104608,122.135519698429
1038.4856812836501,550.5215239614903,41.74750833187404,122.0239575916523
1040.6445531322177,548.9511593488444,41.42940772212592,124.00193597675698
1042.5445132658003,545.1330884752033,41.49321740872665,124.12562273746693
1043.352505743089,547.8105280001104,41.49837269577211,124.60301621725499
1045.6688876065218,541.9932323570936,42.29070738809592,124.57639076744874
1044.9511866472405,539.1664744645997,42.678532163943274,124.24539565384643
1045.845947506622,532.5573781418703,42.57454182297258,124.73737865880203
1047.1611413419737,537.0944463637047,42.779446730012786,124.93073737046784
1049.3087153244765,541.5058428382745,42.746351301018095,123.71813195184589
1049.7660787764014,547.0740291545762,42.31955284727559,124.77540575021155
1052.0786349956443,546.1048278382442,42.003259225928495,127.30515130890102
1052.7684890805585,549.4468700752517,42.37958018512858,128.35514571901086
1054.8563046777967,545.9184161200594,44.08340503389554,132.57869701051425
1056.9671105213333,540.0267315318033,44.62797147792566,134.7148398534082
1058.777807796282,535.2233828090331,45.080582054981086,137.19497899511563
1060.7750890315046,542.2270597758785,45.03574735820273,138.93085588112694
1060.875783670834,545.131471027956,45.3131470514448,139.77277209309756
1062.6138372115279,552.5670364933976,46.68542387356035,136.82641628581035
1070.7620295456238,547.9878523701658,46.979844259079385,136.68136065074322
1068.881202078795,542.5970295808025,47.45895076515554,136.81914541251425
1071.0527509056942,550.546510598496,47.08877901276972,137.6196596191928
1073.3344523529945,550.5908881552707,46.55416516159582,137.1755313614936
1075.943763115566,551.2757049558363,46.41796827710809,137.5653117179582
1077.5645552560213,550.7850099780406,45.879324698636076,136.9676625767173
1078.2206743351537,550.4349737616725,45.756909571796626,137.0021969964721
1079.8007193410883,543.0116585078723,45.57929674803797,139.31906809702906
1087.9908206799291,546.9045879526581,45.577899230878856,140.00195348541158
1088.9877292632314,548.7386464671929,45.0147687765394,140.64100255589022
1093.3474698624686,531.8859491259029,44.91114184137057,136.37781889984706
1094.3766374568324,530.3816530591234,43.32945751652868,135.20611413551808
1095.5090364795149,546.1142045942097,42.68125104392543,130.20615617642937
1097.634020474324,550.5254831583024,42.20341354365665,125.22277856408265
1100.6533334129888,553.847325047817,41.60973204804091,122.21809615452972
1102.7939779972032,554.2288239775392,41.716277905399295,119.09387388216726
1104.0239289942408,556.9491005173281,41.646801116554684,117.05461741819
1111.7811505324769,554.273063633059,41.43735166953822,115.66332542211026
1110.4070722211952,558.624906557964,41.69578937806956,113.34424736420095
1111.7959461229655,560.4956223238268,41.49695860104899,109.67308581201198
1112.344691126597,556.0785085363168,42.05921881694596,108.46521152698544
1112.7467860524791,561.5964200100734,42.427515270418276,110.36622005377646
1116.8502039750495,565.0110692190235,42.6329890718837,110.22640384794305
1118.3453370254936,569.9126442046208,42.4968394108151,111.11675439554699
1121.7344364251767,562.6575107926653,43.030417726316934,110.98602810117204
1124.576692576127,564.6293470850735,42.44681084281211,111.46346566955381
1124.9227320648486,562.511381641772,42.15365347429397,112.34227151228788
1126.6191738041787,558.5459187390574,42.00634923834,111.79169764578117
1128.537535831812,562.5543838746341,41.85423459622067,115.01318118535762
1129.8229173137063,564.3160123253933,41.82102303547757,115.28914556107611
1130.5521536468323,565.6014103677076,42.19397007557021,116.31797768651552
1133.0492613539823,564.3708691555966,42.872450298019245,114.37203525035531
1133.7332915032011,565.3784571509971,42.94150399990204,113.9100298213447
1135.604027394309,566.1776704175076,44.760570032780166,111.47862754312277
1136.9393038395558,565.9006807539658,43.88142103194265,112.48781034377411
1140.896569609389,567.6730266143685,43.60588132500975,114.2762051135999
1141.8213802378075,567.6623290127113,43.12923088764609,112.86906390181406
1142.5610287791574,572.3277844462074,43.163076986747186,113.1982997480789
1144.1495518701472,569.1340029913434,42.71286534036599,111.55564071871984
1144.6564223255125,574.4073364523053,42.045350227765525,109.90473051829252
1147.4176430443463,576.3584506829219,42.26595030544824,110.34100446413339
1155.97913639486,567.4305583098902,41.31800671050012,112.0301460674967
1156.573898792506,566.4011028624122,40.46865536830062,113.42143499227576
1158.206146572903,558.984109326476,39.71369893485648,113.26207680352834
1157.4332275783497,563.0381553008768,40.64360773761899,113.78497869780523
1157.0092987064413,564.9795513715252,41.007466318523385,113.47349659984334
1157.6114756079692,558.1727311786703,41.891250618952654,116.12887263466206
1162.0778415627851,561.5457647038247,42.31483909048523,118.1374776348294
1164.2272867494714,559.2274730346744,41.217033569331115,117.66657901664797
1163.4959512762898,561.1734002758282,41.818790762184975,119.09936957676003
1162.892089647722,558.8676441074642,42.055272068331675,119.77810474712119
1165.4094724516117,556.6968777805212,42.03607376325654,121.06248298396945
1165.8607115150205,553.376753512574,42.375926783632536,126.09721460931074
1166.0046442251612,548.209600107811,43.49244371141197,129.31452417686296
1165.7520457412413,553.3714731919675,44.28778101004331,129.94215778455072
1166.743446916995,554.8632956490912,43.471843292095905,127.40138825558776
1167.5200545450393,560.2178016967306,43.23014098308991,126.85703566043122
1169.966460030758,560.097273870365,43.66333547048398,127.37163413456967
1171.1603043388043,562.6915550806492,42.96057527159737,124.2838445716673
1170.7700996120516,563.1988247582151,42.10850970660145,120.96931050942806
1173.144517509602,563.9976132325968,41.70813649313524,119.31918662364586
1177.1392029868457,567.3612419590579,41.49898127885173,120.4043490620811
1178.7300036622391,568.2704118882313,42.27652761979172,122.13902586633205
1180.833992330591,562.0976027700212,42.43615406192697,122.23945538967826
1179.2532469097046,562.1462933867329,43.51105866674595,121.92959739610626
1179.5813441912596,560.576739019351,43.375046117147555,123.29406306732477
1179.253535638771,554.1559812621523,42.910330385020174,123.91116184893403
1181.3146814600277,559.2670016547207,43.3452754139542,121.10924893244945
1181.0345051437967,563.0292965474312,43.37054171266499,118.63804678893518
1181.8240390435935,560.3890295150579,43.28990964877367,118.70945247385995
1183.5993109980593,566.2555383782255,43.61928908350064,118.2246399324613
1184.2666962478665,559.6396430053877,44.5653978429955,119.08343053317836
1184.583157443609,561.0661813442644,45.07818651584943,120.549499058062
1186.2618491224368,555.6446946044466,46.1385115551054,120.47673157090045
1187.2423308116308,557.509437584671,46.79982162184661,121.26885157892697
1188.340422548179,565.1578372551413,46.69966027780893,126.35083069562808
1187.644235820242,559.0070906776903,47.161505867796436,128.7540408457695
1195.7431912602856,557.0711978899616,47.86835916312423,126.76748997255734
1192.8773026396725,560.7696203555982,48.39238369972992,127.46465348702378
1192.9441253124457,557.5068481977037,48.000081912018274,126.36353364113072
1192.1780905518378,552.9629325338407,47.303038569693506,127.05068251951589
1190.6513477920957,553.0591516012736,47.118052819570195,127.84118297231574
1196.3918230538538,558.6426456689575,46.85974519461331,125.1606984380221
1195.8101817170154,559.525380585978,45.94898054124855,124.9326561485747
1195.576404347551,552.1870957011636,45.88748361868592,124.0052916301789
1195.7154229995108,558.0577714856822,46.804451254799595,122.53988858561658
1194.7329641027416,558.0918625739454,47.12472884104712,122.28881724559612
1195.786287522306,558.9251594550406,48.92932949375466,121.94391702302534
1204.6512029831665,557.3507607852792,48.92470876185321,120.95449119131383
1203.488731714143,557.7386729758687,48.24059473175464,121.287482718567
1202.7696856457621,558.6886951370386,47.133395683137124,121.4751986062642
1204.088578650576,560.9986244485839,45.82458260918598,121.72979972667346
1204.0656174671644,559.4789401309622,45.20740330288317,121.70457313944374
1205.054451805386,559.5203333888632,45.34762879910825,121.69580093716084
1206.8850039443003,555.123755201927,44.92967022554927,121.85951509606724
1209.2865866448124,560.232338166723,44.21082155502428,121.38314620932185
1210.721023331118,559.5556088098558,43.38211599094571,119.74343442325474
1212.7279426308212,560.1289382123583,43.04309781466539,119.05751079028305
1211.5978455430684,558.8955696420935,42.934493257413436,118.73073701696381
1212.2253907060556,558.3783777632383,43.26047669242547,118.5616214575051
1213.0220556920356,566.2443434060842,43.722209014471744,119.45592804107588
1215.9110855482013,568.1263043739691,42.75149421562318,121.60270547282917
1219.4812966476802,564.2479283518285,42.10916848272969,119.47535183473755
1218.7372426513334,557.3791507891724,42.39005317925804,116.1881171498689
1221.2636047753217,563.02690274558,41.628258725592644,115.12985212102592
1225.40426688873,563.5859796958058,40.92371052645562,114.7478837116594
1226.346762377753,566.6566222826781,40.52970076960843,117.53513304566624
1226.5277105755383,567.6623040435834,40.029136447845595,116.41824122881542
1225.1560680652763,566.8725567011091,39.5467921386883,115.46189921713932
1227.6720040014493,568.7449629024181,39.4843855220798,116.86615993845322
1226.6748664785837,565.9801437651079,40.66852085213958,119.21054173190294
1226.6193163200528,565.7062649017194,41.361567303768645,119.8786161056733
1227.8875316414167,569.0022693786561,41.755326508986705,121.47012842255157
1227.2794715677305,566.3254235261963,43.27255090392922,122.46292735479656
1229.9367483253855,565.9669034812589,43.812818593758315,124.15856067491904
1231.4356445436872,572.7149333694529,43.9258629014636,124.586690466097
1233.8885298638115,571.1986508987283,43.826170695205406,124.09691558668433
1237.6772395884598,569.0610893689307,43.615016066007506,123.64296750599041
1238.5583973188943,568.7324292006856,44.04524816487657,125.3149021861237
1241.2661987911815,568.7451956204503,44.066762796901315,125.36124266872343
1245.1681371244397,566.1066116706072,44.16363533692813,126.03487586992341
1247.5094987812304,566.1449040759196,44.19168787555007,126.48968703107369
1249.9742213159311,564.7453054964599,43.746187222194656,126.32275154915442
1251.2173003113094,566.3888296557916,43.24837449682665,126.89075880109337
1252.3977913413908,570.0588553644109,42.93385831038229,128.6958289582567
1254.851827618346,570.8036985126869,42.53808815515343,130.06635665668466
1255.1580923818442,571.8712570817396,42.78993958385305,131.01557627623893
1258.1234830151275,573.824252472785,42.37589101000506,129.45704671775036
1259.6089104918403,573.2033847618936,42.02019246870378,128.38444560121854
1262.7223434095968,575.8435377680465,41.300474422192366,126.3774974571072
1265.0300503836124,576.0958295630338,40.952886554483555,125.46239802231075
1267.7073473330533,577.7214834971791,40.970234222068996,125.23640353140063
1267.8912191622298,580.3158455732522,40.772095476115965,122.68855734136665
1270.8116056481344,580.5759565824113,40.953225542332035,122.84301817865455
1272.4142413981076,582.499473436826,41.04326906962259,123.86133376258039
1274.0573817409747,581.6552364882893,40.992499209998904,123.72906397965346
1277.0729423661003,580.4873342210086,40.918865066071035,125.21674079147462
1278.746791414954,581.9673929677547,41.18433592321314,125.05245116358319
1281.1440860610874,582.7740170638159,41.42209240273564,127.17712635517348
1285.2320680419625,583.8561092473262,41.38094937909611,128.01759329621257
1287.1258866910066,583.5213136750602,41.339716251997764,128.1847662207013
1289.9052953715309,587.9756394806147,41.46517451808555,129.91158786093496
1293.3473094520468,587.8228283101222,41.36180412530302,128.94236329048977
1295.2699323576499,589.5357261526101,41.392284537088976,131.9907349524682
1298.4425719167643,593.2408242284353,41.179549459540034,133.60595708237304
1298.8777124026553,595.7563692062437,42.07510508424663,136.97985255461282
1300.1928321723406,591.8296809051556,42.93369205816693,140.0780187571614
1302.9028006030583,588.3063723323738,43.20649611393701,141.3034464991909
1306.001621677857,590.2187943339459,43.69216065837062,141.63640746201963
1307.5444965836136,592.0832012580688,43.330129966883064,144.2189067660869
1308.7573106205932,586.3220652280525,43.27600453078681,141.96082623365146
1311.37032369643,589.0344960468221,43.597113732201656,140.83383475526134
1311.4017124378774,591.5014544906536,45.114993612244604,139.3568792609546
1313.6631021370508,595.8942805326609,47.34831629901123,141.07128725842205
1311.5373756596055,596.877471928836,48.69625701444595,141.71011453191352
1316.327855152563,594.6597418787394,49.352145906033584,142.5841675428733
1319.6726290668503,597.4215140918741,50.576804105443344,144.22096962463013
1321.3837702873934,596.2990941959238,51.75375767586232,145.06601436114136
1322.735218549654,600.0987801710884,53.01043895018444,147.70457652336083
1325.5726547180961,599.9151911388369,53.91114911757275,148.0497266594815
1332.0541601539944,602.334829450184,54.48986149711902,151.0448072984453
1332.4998656272433,600.1419550967117,53.51318495888078,150.27752751723048
1337.579101820236,605.459664027115,53.72930916865927,153.60690572270832
1344.424474111212,599.8417974215342,53.08662405020813,153.95908542892573
1349.0037274552985,603.1068533211267,51.963725653661065,154.12684865262906
1352.9829567265806,599.3559574903311,51.08084580067235,153.08990015613932
1356.1802857145474,601.6518558414202,50.2745867581493,149.61061210855553
1359.1674657788733,605.404135570979,49.79493850541294,148.0338704709407
1363.2912644006778,603.7723654954392,49.202138338982856,145.78289903678464
1367.7373982723307,604.5540323502796,48.51407420132893,144.65092727058718
1369.0352406800223,608.6077563946084,47.55454582572719,145.2671463267049
1373.3536490169402,609.0262158017231,47.17303921048509,145.3216923419203
1375.6286420805955,610.5809278231582,46.65297127699171,143.38320619482505
1378.635052895202,616.2896524289102,47.111571366375635,146.3042217202594
1380.9361896799755,610.658602984768,48.03333134327656,148.24685687868546
1384.939647938488,611.8999524467736,47.75209327016044,149.14658421657623
1388.1642296150437,612.1181188339577,47.85464052267022,149.88383649946644
1389.8606190486616,615.5528764073094,48.39971070023431,150.95969155005923
1392.802982048028,612.2618843844415,47.90455207668453,148.244749097382
1395.6872775754457,614.5643240262505,47.55493065304432,147.08755290969614
1400.5258063315946,617.5495370569863,47.25006933825624,146.96523180199023
1402.4359428389914,618.9402382649666,46.32062850920787,147.07609446743538
1406.0559591200881,618.5585936062316,46.68104360173842,146.61445576347433
1409.3471969314517,618.5358737186465,46.06806518283817,144.2887276404665
1412.3357922242612,619.5506776917593,46.078369542745214,144.15722805739222
1415.6494596445036,622.0107667439272,46.15915075679562,145.98674716146118
1417.7719850727262,629.8934725623509,44.52720257483472,151.72506820588816
1420.6233701528665,622.3654432827879,43.60331730224934,151.53960492968704
1423.8066667092887,623.5860195023031,43.765178493146486,152.30380455860416
1427.1957131693027,625.1654660442957,43.683969728391936,154.17403621140463
1431.1195494317014,628.7257631183526,43.01833455711012,155.77429396148437
1429.7122340539759,626.9552422128866,43.464036880096685,155.9150436142896
1434.1397228433113,626.9488000332651,43.23711678128377,153.30736327435932
1437.4937073642768,630.9721271284704,42.95824062341673,153.4683869251353
1439.6006607529953,632.0336593394852,44.506327731020164,152.719904674546
1441.9886980894728,633.7131102641682,44.86255057393419,150.80579974500262
1445.5570743947608,635.1310963164887,44.7740805866492,151.49913548261625
1449.1401843411668,640.884943439942,44.86675179948891,152.9674868442301
1450.5911123839576,643.4431985994847,45.66500757990462,154.26674848635687
1454.7983518836154,639.0194680494403,46.84769750301335,152.51509421474157
1456.279808135407,644.8693041516922,47.34395033413192,153.60832495671005
1459.5269604933433,650.6376706154281,47.978529933749954,156.50781505932855
1462.230144473126,651.3474535304758,48.536971391909006,158.97387745265235
1464.671064838271,645.0667061384631,48.27231291641051,158.5716252121415
1468.2218536914086,651.513447244704,48.108324855521005,160.07197711373442
1468.597262463762,651.3099294720972,48.96438630670937,159.85092007195382
1470.020035313567,651.7556841325413,49.988650234632686,163.3280831219763
1468.411774609992,655.290326016894,50.70917063660937,165.3772552401117
1458.3059425510926,651.3424996195022,50.974183295668446,165.0960777431474
1456.7312438626611,656.9598283548547,51.124693610458365,166.72591173514985
1447.0108047883255,648.8112827467348,51.4372606019034,166.78587564731242
1443.5968346322682,654.8619720795742,51.01497346269333,168.97469530774453
1427.1266359126857,648.3071318945576,51.5808668125028,170.35555010862475
1412.1906730504795,652.5640371306038,51.36002291411269,170.5729894457976
1398.258732131916,651.0393024240583,50.77291025966208,172.44554321328923
1380.580577937807,649.4570730981951,50.16550786296842,171.62462264596044
1363.2544864238469,644.2106256623919,50.08368210182627,173.4960747227671
1341.4044589780835,645.3648002901261,50.65324764398736,171.83009998283217
1326.3629675475258,636.7612200489303,49.83223689853566,168.8726372047257
1311.0365762792026,629.5979671014555,49.754440058961514,167.74999206055173
1285.2973484963009,636.3844326632432,49.64054180396377,169.18766388802632
1262.9176573443146,630.786123316828,48.56732446804362,171.06807278776574
1251.5043503610586,625.807307438716,47.521103275254255,171.19306675712457
1226.7133843117824,624.4981767909236,47.35084955227313,169.67233621997622
1209.9030802170544,621.0091102028525,47.24578406619244,171.68427381277485
1186.131684699604,619.9967005959693,46.86485760231362,173.17737554731227
1168.4071979592075,612.2331705911811,46.81251119785313,174.198395937443
1153.4260122023577,611.9737032587582,46.869882024907,173.4480672155624
1134.918196895286,611.3372347371874,47.30396967030045,176.35046733529552
1121.7479945055115,605.1289758386996,47.84591825783284,176.70733471112834
1111.2486979720593,610.0133971708324,48.00417357144129,176.1233389249146
1100.7814185427474,613.2979550180185,47.89465169581236,180.00441377467095
1090.7214203170872,611.5056243383007,48.15628404190796,178.52698187620246
1088.2323725083054,612.4334689965463,47.9303233965014,180.97033764561832
1086.3523087551453,609.4104098175421,47.94028997028072,181.6975558952891
1082.9223292364368,607.6920874112388,47.52461233472437,181.2960401930642
1080.9930107863256,606.9887114135437,48.13269896486596,179.69048669033114
1078.5881579041015,607.688060425346,48.548494798131195,177.18429562378077
1079.9826302880685,613.8992384165654,47.99601023909014,179.65038644920338
1082.1818509424577,607.9092161936252,47.993477762861964,178.7476260244783
1083.50381124155,609.9106619471297,47.50492763853873,178.59598945750213
1082.481811251544,608.9370533022641,47.71279688029264,178.059823330104
1083.4020945694972,606.753039605544,48.045371723878404,177.57900905636868
1082.9351462025513,607.774772393344,48.69172820079313,177.6271446141152
1084.0924777609462,605.850408007154,48.18257286312455,178.7606515046288
1085.0695475262717,605.105993493102,48.18202587130733,178.52976386460375
1087.076824558335,600.779025844733,48.29313127297053,179.3176889722855
1088.8987680269677,597.7535257138667,48.349534777218174,176.6278750250338
1092.0015036634413,602.4411284749874,48.328506501249656,175.74220674186708
1091.82352141558,599.3725909279013,48.27335281741247,174.9894221596781
1093.524914544555,601.4531500120714,47.758695555357846,174.07630628206348
1093.3599857673116,601.0342186095443,47.50025264330717,169.02881170720457
1093.426126868717,605.754723714577,47.08010998736785,167.30965475336458
1094.9801838925687,608.2529937611444,46.638145794324565,166.11375977322132
1095.7988222353124,604.6162114900869,45.71220411221305,165.97137544753832
1095.9721849815307,607.8602510118488,45.70899687691717,165.72391463292692
1097.0336981307732,603.6386279177475,45.497121868372176,162.64297659413978
1099.1552302477285,605.6786721134999,44.939155328858575,160.97700386997815
1099.205963227458,607.0251077781083,44.9973280424671,160.23412984663136
1099.5042598962063,607.0220672703326,44.94081304693093,158.2694574308626
1100.8649920901862,609.3328357984344,44.58933495467157,158.90865636327595
1100.3515599866973,602.681773996889,44.32697429859675,161.96073323632515
1101.1585230911912,606.6116360655897,44.71613823281286,161.24601861659357
1101.3797172761774,608.6855125701686,44.586419557263824,160.89933915861354
1099.010329933817,610.106598016,44.53770101307236,162.20567204731577
1100.271929377123,606.6110986609629,44.350204784160255,162.55921672449213
1101.3692912948898,609.1265406621663,44.74330314749454,162.4486312984402
1102.837078116593,606.2103653285535,44.82414748428188,163.8008379417705
1102.5006513557341,606.3429847609464,45.73682540535187,163.0864237787709
1103.9510300929649,610.0251251350996,45.71285082502463,164.95023999243946
1104.050054798036,601.9470237122651,45.88434109297928,164.87330952206847
1105.9872284564285,606.5540103683242,45.913824542872334,165.01563561028001
1107.6093857867231,604.8694260295964,45.05591821129282,164.7800877483526
1107.9793477262372,603.9054147517552,44.56268903119461,164.76284763351816
1107.700377272951,601.2971967192773,44.91336539518701,161.8842471918211
1107.3949608039732,605.4133047375001,44.174158254979744,162.16262361600778
1109.0349545164079,606.100465650625,43.86856634364484,163.69496949910842
1109.1219569492357,606.3524855635364,43.45405104407707,164.73598470506198
1109.1461454524908,604.5565099405809,43.10040995203559,165.81772972843896
1111.18064592029,602.2976880903052,43.16451953966082,164.3766436850329
1113.2298909880192,601.6601779899161,43.36332974294798,164.85797272751645
1113.523709278577,596.0608627449321,43.211171044456165,161.75143125093157
1114.8648916058296,601.9963571384587,42.87834948458581,160.45908244800927
1116.634425100591,599.6535617614392,42.66579769281674,158.26799521208864
1118.7147666744245,599.307858975001,42.432184447569924,155.95293105840247
1119.7303211829237,600.723598508913,43.05147201603569,152.67076300260803
1121.4780398857406,603.224043190264,42.56848816646297,152.96120683845362
1121.9693976710137,602.2114014117716,42.59033950379931,150.25427928246214
1122.7344790390785,599.9217283224011,42.92135123189586,149.7867223278108
1123.3694934316184,597.6671781498068,42.67173977946498,149.7523241569168
1123.846637228522,601.0625320251914,43.458097355869356,149.36466015309563
1123.8670093858425,595.9537442887219,44.66711879497483,149.85961943035616
1122.2384694795803,594.9043378452882,45.26362274079989,148.7455662493372
1122.7127568993683,596.3090938138521,45.77483670050947,148.43367155692965
1124.3419194588505,592.5929518602933,45.69606175244384,145.14964687029735
1127.3000718961039,596.2256263315909,45.06257424167603,142.95850475677327
1129.0242436616882,599.902071723269,44.19657357359017,142.83290841845485
1127.4855840575178,594.6651891530253,44.77165879984467,138.95743420957706
1129.020587554512,594.0348459210013,44.31478094480289,136.0322066340131
1130.7721173184118,593.8025900390953,43.519325586848744,135.8881470472507
1131.0539561420242,593.8924907686448,43.09710338133735,134.80759948105012
1131.9660065339788,591.5474962136025,43.102988454438275,135.3817929787997
1133.565785313782,595.6846041037879,43.14691825292507,136.44060026971775
1134.9989497155461,594.5003856694307,43.08120428322859,135.04913346907506
1137.2135241071073,593.0948168634926,42.47220802123937,135.06733618638933
1137.737597118651,590.9364781011993,42.514353140615995,133.2475805864337
1137.8517808320305,594.1940061677224,43.02734685506176,132.37554460643338
1137.5164125385147,590.4297033313528,43.778528828562784,133.3960688430153
1140.8778274209055,588.8046184772738,43.590011788848145,131.42779849532607
1141.6687748520717,588.9938979373823,44.25843163904045,129.0792666070077
1142.9799781766599,587.0238716909869,43.84647587754408,126.80880550803201
1144.1897945951962,591.7135344237149,44.000380867009376,127.46227213394569
1146.637135979899,590.3958476943068,43.65215348090422,126.0369551897773
1146.6494243203563,592.4402092964345,43.52960775226495,126.88201933140802
1147.562481645128,591.1212575875027,43.63845311038899,126.51174093889264
1149.7493505232144,593.2838761100447,43.6916567490219,125.9688806600135
1149.8119342388877,594.8925397505893,43.85097897913039,126.66612609468358
1149.9716714123376,592.9239830657573,44.43998664736362,125.19895975548513
1151.6121373333426,593.5516674001972,44.56844597013345,124.66739728901712
1153.0794884611144,592.7095235504684,44.847022485036646,125.1006531128643
1152.946797249347,593.8704190330418,45.8413529652695,127.38144221821312
1155.4251218972279,592.7436618364605,45.80639604087595,128.70081622717834
1158.449984258375,591.7485521301941,45.829951176216966,128.60858691877925
1161.7504257048865,591.1849810680477,44.889995102041624,127.91115802962148
1163.74759710363,591.372788548177,45.02848912324992,129.25527523469947
1165.0850731031085,587.0640920518971,44.60656480182902,126.84904857546482
1167.491143922359,591.662786026514,43.87586218157737,125.36337632447308
1169.8782988971125,590.0206453661298,43.14360259370363,122.76887441922845
1172.3702792954018,592.6408266615117,42.77776675897813,120.57760698227321
1174.1075991894497,593.2313704778732,42.90902582799886,118.04296998832142
1176.9371797870583,592.3128900927484,42.16804414480556,117.32498934278408
1178.5633146002472,591.9579000900098,42.13311975615976,114.01778461391669
1180.5147838498162,591.1800018211075,41.718021194231696,113.35703390097376
1181.6196913739607,592.2365626552663,41.444249885262,112.6078083641716
1183.1616288860473,593.9920933120519,41.50904076608709,111.99884046109247
1186.797412782978,592.6702767013144,41.475881537747355,110.55552814881514
1188.38465510558,594.731290495474,41.27365474509752,110.17599538204428
1190.1750186694221,593.9922496377449,41.345014829022375,109.7847859111697
1190.5264121113157,591.6051058155274,40.92133590331332,108.74510060562298
1190.560028016767,595.1156438181347,40.970077080718106,107.78624755801957
1189.9879646196255,591.1133555479545,40.42897052043265,106.69146935442254
1187.9704343690494,590.7462476318846,39.594185154428175,104.27932836550205
1183.8670844095445,592.156528548313,38.93308149982917,102.50365133355635
1177.8323570998652,593.1081434995938,38.30144721385363,101.28691417210253
1169.7135496748097,586.7295575049218,37.31193689611813,101.23207825739394
1161.3143364828616,583.641738553057,37.01132229490656,100.39958465706451
1148.9448868891677,582.6734123767537,37.05011581518026,100.75745433202067
1137.4917316203037,586.4794978811922,37.08612415259107,101.1735693033684
1121.7245805480104,587.836527049671,37.548103451718404,103.62698094474334
1105.5481466902013,588.1117690431225,37.68599771762939,104.79696822077194
1091.4435965127605,586.3688282206174,38.07364879272612,106.57570834718945
1075.6504822902457,585.972807176057,38.133933481651916,107.6340725424331
1056.6263216781845,591.4965707980441,37.86511221920244,107.56586010253625
1039.8377992304013,586.3419879461867,37.97456296804015,107.97374635678801
1029.4470122869577,575.9694816433356,37.60414214972707,108.97001399789073
1015.3385614229055,577.9448771029708,37.784712701073644,109.38264070404747
1007.8444051427791,582.6087645916596,37.95548318521564,109.62544334812992
1001.2685166040063,585.9295825371554,37.94052556732671,108.41244305436717
998.2986791880382,588.374853436338,38.21910191903816,108.94872439519273
993.8270797291035,591.6536732160234,38.84981609569677,107.3843905189579
994.3947329818794,594.8908934854377,39.397588117595475,107.69798966442498
992.136281454594,591.6023947400855,40.312266822190566,110.57399194829637
990.9090409501313,590.2216434458509,41.26923715950066,112.53827329338424
990.427280725247,590.1750875484455,42.27730133377632,114.06665718578265
988.7160835501696,591.7572653879546,43.24876842639313,114.2072097823687
991.1424913553981,592.3797411588641,44.570091838763425,113.56059523519758
994.618585750394,595.3913152678313,44.27831297613968,115.85453228337661
994.5498291683144,591.1978429889206,43.781021116628665,115.2182682230339
996.7507675115196,592.3136326507895,43.45179867750232,114.08634643484908
997.6072244483735,594.096046275187,43.45127725317335,112.61671662524779
998.6423888790596,593.5318107488996,43.45933755958675,111.93360284753831
1000.2070904772854,593.7543566869791,43.14579821086783,111.71614213795667
1002.589438040737,592.1095752825851,42.95726399170981,111.33334977172657
1003.801683840894,598.7545955864892,42.83298477466603,110.87217040049035
1006.9578910855909,597.495731803276,42.824292190027194,111.44862558894889
1009.1789128378723,596.7704275642693,42.00017862091944,111.91713739490433
1010.0798434138641,599.3681648103769,41.51729446726525,111.20443906769756
1011.8620822050534,600.4137808621965,41.78744880474737,111.12925086550202
1012.4002834786328,599.3088457911728,41.70388851461153,110.8511799808619
1014.9361116457118,599.885290786272,41.544268599368216,110.33038193011268
1016.8631735135783,600.0839396922123,40.554414597064124,108.33631955371783
1018.4443716668728,602.2670707837285,40.076343270257205,109.92294919731518
1020.117111040026,604.9968148905898,39.44597220331798,110.46881824906488
1021.4678007770264,602.5702004928744,38.98874622892058,109.06875353024411
1022.137293009583,603.7566802963839,39.24812718987081,109.85709648975339
1022.616716502415,604.9311160842448,39.54171863022444,108.84896929021417
1023.9694908651238,608.2176684935386,39.625540680029594,111.53922258777648
1025.3656292223307,608.1693074404252,40.26926407433463,112.1547229585258
1026.8031338072465,608.67203835713,40.37392900537886,113.55308307030663
1028.486599140468,610.7838232203629,39.975575485466365,114.46735599902257
1028.6979824528519,610.2416905787161,40.12241862193644,115.99923693559268
1029.6964393474293,611.1520564854491,40.82791839174167,117.91155880636154
1030.5283756112403,611.2390445644397,41.06990259267335,119.08667060194765
1031.4682076047313,612.98026722658,41.606662403298714,120.30309402919272
1033.5714686647457,613.2603499808151,41.9195041634276,120.94014372019323
1032.9203200047755,613.8355988059509,42.79667743418129,123.63367358914765
1034.806258991896,617.0436905244767,43.25110732889798,124.68749852535669
1036.4162776562227,617.875595188266,42.993724114013546,123.95486192631664
1037.1067630606267,617.6735077097466,43.28332940078709,124.32732325607658
1039.651104049732,616.8845808750366,43.04897128655927,125.20619796498242
1041.620464007516,617.9429982866768,42.77224678191071,125.23742227141702
1043.2335838662732,622.36178886214,42.340002206379424,123.98529749179808
1043.9963074489644,620.0165011708062,42.53915058771915,123.54037721177639
1045.0371959062186,622.5805073734184,42.93593650508938,124.19422420444016
1045.7418529462648,623.740758828446,43.981207738794254,126.18605249403105
1046.8245021555201,624.6644628118115,44.96277945654457,127.78293373475836
1048.3902395847044,624.0511229545298,44.938094902359666,128.72819178794487
1049.0103522694544,626.0036305166002,45.08372616127794,129.8335726675273
1049.2810283633814,623.9664119299206,44.94883765607527,129.77412922565213
1049.7072495937493,625.5879117330887,44.76306581578086,128.14419855757117
1050.6342061273963,627.9700348273473,44.59431517352819,129.31307261975607
1050.5388862068094,630.0331474003098,44.57563880574362,130.14112832710242
1051.920160151148,629.0015116053672,44.262841102079186,130.52293274150378
1052.1335817629167,633.487106718758,44.0678346445459,132.26356979285947
1052.6272931324638,629.2566653567036,43.64161019961452,131.62076046221983
1053.9736760898031,630.714933005793,43.65107569210143,133.35541258393224
1053.9722351326532,630.0183055321999,43.954251141395595,133.1682789851286
1055.635358292636,630.5267382487879,44.10290602077076,133.78441929021102
1054.6035532637322,632.9729381720896,43.876770509349214,135.21695106515904
1054.7112743637028,631.6117680293769,44.52172535025197,136.45313488696135
1054.837362131749,633.1396751194505,44.78851338952276,136.50299497362923
1054.8850516428258,633.7237318919381,44.488885611198704,136.0325429477048
1055.704226565516,632.6952251540362,44.842866793803495,136.34181663163855
1055.543818688801,633.8393247110057,44.786975500009284,136.7880564138786
1055.977514165062,634.1492192898507,45.30084518095545,138.00175619738107
1055.8036246098427,635.2826865452009,45.58095926580254,137.93518103116327
1055.9104810076797,635.5866606082407,45.61176686612273,137.83324999397388
1055.937663490753,634.8782378566609,46.08623046128178,139.11049416220396
1057.3393668493184,635.312845640695,46.375639620158296,140.36835426628545
1058.3300773206606,636.4185230803178,46.99610328097411,141.6151545422216
1058.468967430353,639.4446093006316,47.45800889504387,141.6117782785044
1059.2651100056135,642.8720631318138,47.77482344258955,139.4063137657066
1059.3026421957306,642.9745633785012,47.48330379647524,138.5701050313459
1059.8225340033805,647.4375844694694,48.23040150880464,136.70537218702574
1062.1034871353181,649.3470032897242,48.22022635454851,136.70980558266405
1062.117224622536,650.5793737933639,48.65321696033811,137.93077619762278
1064.5976934973314,648.1462866402791,48.89624535149426,138.9810258593223
1063.114892359736,647.2384538174101,49.389505850790854,141.02271649037345
1064.4344433221372,647.4699088066897,49.70558743200044,142.5306578139614
1065.8251147994577,644.3978995072266,49.87872750958592,145.43965911323528
1066.6097185201793,644.2153584817574,49.80333703992155,144.67604996773207
1067.4203122961171,643.3403050176114,49.940277177407566,146.79117603865186
1069.8795453198486,643.7250777464405,49.41781580676353,146.48553773340788
1070.7985567803967,646.02557968017,48.73918369281901,148.42043112089266
1072.4709037575824,649.089935448197,48.92850420187254,150.6493598512573
1073.2241299484358,645.3713358096214,48.68378189504788,151.07110912764557
1072.25427483735,645.7136847404364,48.53211318998865,152.11489994971606
1072.7349749031155,647.5934737702213,48.30480410193009,152.40558386448103
1073.326877869159,649.268487206174,48.365986492101094,152.65584276108456
1073.5647370537984,645.6687812664652,48.6088031288688,153.66739272109902
1074.0789371451974,647.7413156874868,48.75911710222132,154.78320530300613
1075.6779108336682,649.4222338666347,49.26272974572652,157.1253799081503
1074.2217560169051,646.8256393662801,49.61679109777381,158.4745163556824
1075.2443625330025,645.5950038413198,49.800541440670564,160.12983360492493
1075.8075608646438,647.1222867558041,49.854936155409234,159.35579417556863
1077.3810648569086,649.0100584722144,49.54613446207834,158.6249673393516
1075.6718117379844,646.3648445527974,49.3112095227877,158.84650699077713
1076.7729859553706,648.5345983672383,49.50854647085834,160.63680254258975
1079.0656629317891,646.6421733199163,49.92248346116694,162.12315877508172
1079.2315405064637,644.9842627522345,50.259195773880705,162.31582240922472
1080.762254891039,644.9765271701206,51.1218616817016,161.7845175767676
1081.2278743866807,640.5527096360083,51.869733932712194,161.9845658224823
1082.5001859738347,645.4927535476255,52.45536335812041,160.1678200936693
1082.9466604828378,646.0190357176814,53.59614627752248,158.75871236161453
1083.4273804291797,649.0305606950825,54.593508131207415,159.03896278751907
1083.7578081018837,650.0609088232104,55.100928857347974,160.1829643786295
1087.093470481492,649.4753900323628,55.3480053394338,160.7285759659284
1089.3763392004741,652.1458594839113,55.40802464203931,160.67062704162194
1088.9191277173757,650.3880605066045,56.47994526756199,162.20440679707792
1090.7617642159507,653.1245662493664,57.00408436834289,161.96884877224727
1093.0609461396973,652.3755037054876,57.50284509741829,163.4283712359163
1094.6251682661666,651.8701680318111,56.9588742159854,164.29385547356054
1096.2078893745922,653.0326786146084,56.98072815124898,163.85799708682043
1100.5749753400405,651.007558971382,57.26101106196634,164.9880350716984
1103.467488413432,650.237248045267,57.64640222399056,167.54903515593054
1105.7697683718395,644.8456495401732,57.80349620732208,170.42762439329113
1108.4557200010154,641.6343030063528,58.40575171285596,171.38015030089787
1111.361258136921,643.8595632586452,59.41934575583368,173.60923671083324
1113.7815876249335,644.441986898239,60.68981940157364,178.28950843112685
1116.3698162305157,645.0376183007381,60.91415574280813,181.97161245886167
1119.7868751517601,644.3933293580221,61.40578443657408,182.33417484803988
1124.0763046975912,643.2133493678347,61.043767996278945,182.52168667015061
1126.46003468735,642.976586142705,60.39434524057762,181.23898813051895
1128.6067703621836,645.473006047589,60.32347292045087,179.7728275981707
1133.3870227230063,647.0581302206712,60.85961450770449,178.53364743399814
1137.6478671495215,646.9850220476978,60.65806172492539,177.44197282115877
1141.9984440287292,645.2095997132068,60.83285782612933,177.02430686239433
1143.9690673576654,642.8387488614837,60.29639870869293,180.37839479249436
1147.563208915691,645.2795975239881,60.49888602797499,183.39917950026174
1149.6328658063167,645.2362062894018,59.86819131677635,182.8085845070471
1153.0156545557757,637.9487450963684,60.09196032207005,183.89814197917343
1156.097091191386,638.2993167212346,59.47756374686372,182.44339360210637
1159.158365815644,634.2484781647522,59.23941725027035,182.76905781757972
1162.0004018536486,632.3320959165851,58.57026874680162,183.20930951560462
1165.1840506732399,629.5250338581683,58.875241405623015,185.92262124497196
1169.810421363084,626.9729909815915,57.75500353545608,182.2385380909601
1173.8112975158458,623.0857446778647,57.71237388770834,181.43168418657265
1176.605174884849,624.5528440625031,56.72330632163798,178.6979916872276
1180.8873434528139,623.8947694117976,56.312308571694956,178.31300118093756
1183.8946360604607,619.7967248471599,57.05209118477021,178.16434276687795
1187.5292923056493,619.536601404897,57.43599839425253,176.9835939677336
1192.491695153334,618.1142763503667,57.72981395285075,176.86298571688542
1195.9095079778187,616.9632157399824,57.187207121782706,178.52550111747496
1198.9294792871115,617.3441120704099,57.090071223930764,178.81424926148304
1203.313016990951,612.3156022222092,57.273693715116494,182.17424079778914
1206.7070260168166,610.014078881477,58.019458622369726,186.09595524868553
1210.305967170378,612.027786581453,59.40008946069384,189.57430337946465
1212.447790097971,612.4138016557545,60.61520859726805,192.09364958317207
1214.0155171065676,616.7788856686566,61.70883811813023,194.98182777166227
1216.7981401914,616.7332881334967,62.63433224768991,196.72846400695238
1220.061285404269,615.8158703515735,62.14716583394552,198.18563998174653
1225.0043552670388,618.2645677820459,62.34498759522238,199.30337468699437
1226.7988135730197,621.0618224712895,62.250961196273025,203.07350363705956
1229.997516245665,616.3605084167491,62.918013267517054,204.98760492500378
1231.6652049085221,619.2703355975594,63.29716307192986,204.88368123049727
1235.8535644511826,622.2862267693918,63.73407790537131,206.84992621150923
1239.916625895959,623.6602254244152,64.04754833094287,208.98691291788083
1241.4091305832676,622.6113990504612,63.33954987398917,210.5008189941122
1247.307316693526,618.176478205703,63.55226616970789,208.25593557071346
1251.267610689545,621.1709375037349,63.19409854586395,207.52238902207412
1255.6236965462144,623.15894041875,62.436631594030494,206.44430594633144
1258.2545948013749,626.4019188173921,61.73888432763675,205.85421220523008
1261.7594965726419,630.2717261620279,61.68005763370501,206.27151699532868
1264.6136401734097,623.7904048227375,61.702949192698,200.08281728194174
1265.7616127192732,628.3777677177213,61.45287845819419,199.67618746212798
1269.9801146442178,628.7566267598556,61.884778722074635,196.22687930713477
1271.455665923197,635.4514966110863,61.41780630823542,194.47590303240784
1274.139530702831,639.0323182719331,60.821776654363205,195.80611533205212
1276.5986849394897,640.5416833376235,60.351770926865115,195.17837879579474
1280.5209126371713,640.9226100063443,59.79183806491855,193.86691329385573
1284.14221759914,644.940088079665,59.295362898976734,195.8524106002784
1286.5667837783847,653.0979746875813,59.20413030168716,197.54140384867893
1289.1838424183318,646.6791639029366,59.35683333810783,195.5154151503292
1292.009726607547,652.5177976523032,59.253368563803164,197.03539801780693
1294.013935139514,650.7821104055329,58.44962121384319,193.87100886617543
1296.8694086640314,654.4596086269316,57.78885841468641,192.75788950238814
1299.3593672339787,652.4198109124693,57.70472374549472,187.82857952054613
1303.0536450461589,654.8110723079092,57.42673807505284,184.91112015854515
1304.6860489945934,660.0246182222792,56.70053896762796,182.29030751223914
1308.6804918343253,661.699188535958,58.2744165022753,183.95123816249986
1309.8025085677875,661.8163120385241,58.68884079139349,181.57951614363498
1312.598535623185,668.2858401594731,58.292680445094675,183.93262184326522
1312.4844233858018,669.5286796517479,58.506036423874974,184.5966325330931
1316.7067422193593,673.4443929975914,59.07670046116672,189.4977459720212
1319.6115024556882,676.5518221692637,59.74360039103574,193.7089359074852
1322.0536460264104,674.0758503382904,59.87208056450229,195.1418447069137
1323.9840868003125,675.1338438413284,60.519620914585886,196.4152517457136
1325.972427559568,680.0480521719322,60.93002483385001,198.52142733151535
1327.7028481234802,677.2322019063145,60.98022010205189,199.8854200380438
1330.3501267755473,680.7836346986335,60.97152953528337,200.7402909455627
1332.6661060926033,684.072950080326,61.05959310270978,202.13054608076783
1336.0093681069336,683.8457323575141,60.08579375971793,201.93283506776578
1337.1376380007437,687.5554343204408,60.304250300451756,202.2678476076717
1340.919439267339,691.5073613954789,60.93814513512023,203.0280511892239
1342.371692037101,681.6014207709015,61.365395710555745,200.68057727480434
1346.3738026448461,683.0386716846461,62.08776751264359,200.68815314125442
1352.8802874948476,680.4059290792653,62.606580916583326,198.55969790325503
1353.381332611041,679.7104276887372,63.19056098334529,198.354305787804
1356.839703120058,680.4673682159336,62.82044271845457,196.5381636192908
1358.3709948839614,678.7500396911661,63.22005387181511,195.42481413424932
1358.8085477632605,687.7715010470592,63.57170242096382,196.38523309726776
1363.3215488815333,682.6710965172729,62.732405773712614,195.40230058732143
1366.5051899671616,688.720288333029,63.674029203957716,198.39129355035254
1365.7316128309055,690.3095299585556,64.29003888132385,202.28169276466195
1368.5773283953909,681.0878497186477,64.71835872891575,204.26505416000504
1369.0761235385148,681.0109404527745,65.56788777402767,206.5013147369633
1370.7193198149027,684.3581193540502,65.05918730079554,206.86582486577774
1371.7536511656228,690.352729411896,65.69871933202145,207.67431135409012
1373.4009432105026,690.125998067703,66.28232218340892,211.0675185149799
1373.9721329319132,685.6250971351576,67.21041545787274,215.90964764294898
1377.4735767599636,683.0531355433573,67.03851859309287,216.4177938299373
1379.9543909851009,683.1247491553905,67.72735324706605,218.2181258948492
1380.9896246929293,686.3009651333211,68.64218351131035,219.45929468895744
1381.7196323947542,687.6903038047365,67.7464531475627,227.2944097655605
1385.4890770259003,679.5470693765811,66.53197337013376,233.02593172245707
1389.8436412727076,674.2794798375501,66.27459181713189,234.82306224705235
1391.9099608213326,677.5198598477887,67.20930644531501,233.8028048510868
1392.503193040423,674.2663849565275,66.78065987155219,231.51834704846507
1392.9371265330117,668.7126533238823,66.83389380085333,224.65550391727118
1397.1204127782669,667.3933962111153,66.14757147818949,219.49007260142352
1399.132966530721,668.945207131361,65.92071011852975,217.12762075004093
1402.8233193091908,675.0720784987078,64.18468982999227,220.95095969564517
1406.0164201604082,674.4413345057156,63.603942858545096,222.0948746215343
1407.648301614563,681.0661063314899,63.21608594083598,226.0947969123685
1409.1827214680045,682.2723172072643,64.12631308270792,229.20872375167042
1409.4050768088598,682.6552646522376,64.86644522593329,233.8732778706655
1410.6254767863913,680.7301314341847,65.86007420115271,237.62949506165225
1414.6270004134808,681.7128814769411,67.4944266204358,239.65296311006583
1417.1073740451593,673.5176445614915,68.2979558615953,242.06124871617277
1417.9954747718314,675.9928714107143,69.26010503805756,244.59494733477413
1417.4966343087017,677.8689632846941,70.01582318872917,249.29631201821093
1421.234763088305,677.6624128225585,70.00987679437824,256.11585320050835
1424.025766896348,678.4930352648179,70.04686675214477,259.87551247553546
1426.2308673721677,669.4197219646122,70.19496248095571,262.02810144777294
1427.4230754796245,664.0070732473237,70.17550550600211,264.92008265157625
1429.4803235693355,657.6780602321148,69.95168773234151,260.9306649106315
1433.6285219138208,658.319491014318,69.73577352628124,262.1128926673616
1434.867698144118,659.0717245579863,70.93597202432011,262.08185597515154
1436.3775101123235,661.9119623775491,71.60733090651276,260.60279778216227
1437.7079071030764,661.3466122439802,71.2224022413981,258.60420746855056
1441.2553048742448,658.6807156465702,71.86025697906015,256.7828553501075
1442.9366474390156,660.956675689259,72.50903692215007,256.0266770612236
1444.704978882113,665.3691773181004,74.02279145920383,255.04759102842482
1446.8296676839009,672.7095802410117,77.14117499072947,252.45000852549776
1447.916055960084,671.9677143635618,78.07686172571667,249.2207166178306
1453.5448665890992,672.5441473129592,77.34512509598217,247.14267248922675
1453.1941587911394,677.4787664283216,76.98974628691796,243.83796796898173
1456.0635685093057,680.5175487374937,76.79683148696878,244.85657759074974
1462.8437645374868,680.0671977135132,78.74852248419543,244.04459762996748
1469.107696750554,684.9682432841867,81.24478601826623,241.63429258710073
1473.319735841747,671.8862485444017,84.54179433795544,241.59469930299883
1474.9667681315993,675.1501127474115,85.84397886179639,235.607716930171
1474.2001477353667,683.1263106748821,87.44693510198563,232.59375472238557
1475.5900530258461,678.1410190118747,89.78752304245015,232.16267045349068
1474.872473085548,676.2396164868767,91.66680943962703,226.40753692774197
1477.218971493773,668.8405951742614,91.073057217751,225.9843461850527
1477.8565392889489,681.0320640958452,92.94199392163445,219.8591998610502
1477.1462926236184,688.1249658985693,94.80300572091383,219.45538726054588
1477.3985033472084,684.4862232274154,94.37994347391334,218.46749841919888
1481.0461622608696,678.0356733472454,94.00438825798034,219.36474247427753
1483.1842057464487,671.4043186928496,92.40181493771632,223.17883384788837
1485.4980598666564,679.9749883200601,91.61363525793908,226.89307587703686
1490.2409690485658,685.8814931064338,91.81421921498197,224.46944294460923
1491.4788694734298,691.753546965515,92.2029336698198,224.89041243591936
1494.6431710557645,694.7861540360582,90.4256067121203,221.5940963050872
1498.213658094065,693.6682571740679,88.05190844576087,219.5802085562893
1500.4426882344583,696.240453829203,86.9169542154658,218.36114087811427
1501.9396977329425,687.0513216783313,86.09453818289893,218.2782426127191
1501.4712181002246,690.1465333640081,86.11867669189911,215.00235428698946
1502.1864843579178,689.2415401986061,85.2641039185817,210.19228684963525
1506.1446926472995,695.8541889957822,85.36176166538013,210.09506962332512
1508.1108909318177,691.5497412168609,86.5025553085936,210.46139048939548
1510.0961634385833,694.393454846716,87.46206543651138,214.1513006854346
1509.7180575990155,687.7403594460134,85.93181623918213,213.98366507845358
1507.9447191192455,689.5392377959531,85.04731796678817,215.5926520957677
1508.4364292019213,685.7277204275138,84.18067115346389,217.11328652975953
1511.1405368661221,683.1771790709113,83.0840445892529,213.75410503703182
1511.8607939442563,685.7417056970058,81.86687686006744,213.3847940448221
1510.0078465530435,683.6660447656509,80.57056293277635,210.60610654245005
1508.7813958958363,682.7218367591993,80.53886251112169,209.42963050174913
1507.0155124430876,690.7594162830203,80.51256614795768,208.96225000330145
1509.481438813839,680.29042112226,78.66995729530963,203.7790416706473
1511.6049390018547,678.8950279045557,76.44663402995064,199.4114762078624
1507.7614663334318,682.7446509378831,74.35575782596398,196.52996676687906
1508.3335284821703,679.8420858939825,72.87994369389193,191.33920909833273
1507.1999830826471,682.3640457333694,71.72957595869791,193.3942522033724
1504.9519667956085,684.0446401470708,71.5944826058034,193.53874965908105
1500.794571963069,678.6245656446567,70.86714656897806,192.53290276089405
1498.8883113549934,673.3521974766418,70.92233784433341,196.18043469781523
1496.8974970784714,682.8338439407135,71.758754700753,200.6099201662782
1493.8759329410575,680.0482664066809,72.13277839946979,201.8370338868397
1490.214023045927,676.9639870534123,71.75794163074046,208.89591504019987
1487.8198662442453,676.6269546340178,71.91231882892177,209.20168367299146
1484.411999782428,676.8736854583242,72.62371310662152,206.93081080192096
1480.724893210755,674.3813783192224,73.64895297573624,210.79466058618206
1478.0544573196717,669.0181706532176,75.23705791029272,206.05251760672942
1474.3845280608182,665.9507576447725,76.80900833168597,203.4904089236075
1470.0968675253703,680.5896604043535,77.93900069011835,204.72760660879123
1469.9558757359416,674.9421948870145,78.4814458676105,205.23000472263175
1466.9842301263222,678.4380249709005,78.13394509847629,202.93808544154794
1460.182948722885,679.2233803120135,78.69309760414247,203.12512217104967
1457.1413113691092,675.4803909150852,79.49391686735821,203.24858503854537
1453.3730268708778,683.1808456743469,81.51186251177029,206.9451219616723
1441.8622358165437,686.8799688103188,82.9033195746621,207.19696781466735
1430.1965938138756,685.1842858815442,82.74100464201018,206.43210274570316
1426.5914170945707,663.1594475611886,84.46301817964941,209.87441091717596
1413.979599860251,667.028317338593,86.1280588982886,214.25699168249665
1396.318494463896,662.1127537371033,89.01294898177008,218.8056200489586
1381.6148056467202,655.4600137930394,89.51906433279639,220.18981716883698
1370.662298639019,662.1800077558291,90.68526113323355,221.86970991952705
1360.0953197922868,650.9959628719166,90.64098472635573,220.2851934861801
1347.0260552322964,648.7120029239932,89.61934233754775,216.8671919991229
1349.2850239738266,645.2416612689763,89.72397346181728,215.2052504159683
1335.7165607234724,656.6304336011051,91.79311279211552,216.36202047949382
1327.848121152735,652.267236094789,91.02268488097775,215.85127006823686
1327.963603355501,657.039496073439,93.45135768819972,212.51657944138137
1313.1234370650125,654.5895492063919,91.22903943604648,213.37040641445853
1312.368708497568,655.9763355686711,90.95166996037041,213.239711030217
1303.5006024794516,658.1897610146577,90.21582846877126,214.63330567581073
1307.8734737195741,656.5214421289347,91.39585674810849,215.82673422827793
1309.096636921693,652.3904691665107,93.6633269594715,214.53845394157807
1295.0236047962396,653.8703268212593,93.35299129277571,212.84680026995943
1282.0689795136207,661.9015794277365,91.73420574046004,212.0755767571392
1284.6590388904426,658.0412210660231,91.79924708966014,213.16456483142667
1273.8119986565055,663.3371449810555,88.98960441300329,219.52896623842238
1262.6290265397797,654.260712759862,83.95537164450178,220.4139607314685
1269.893960522943,654.3247931314578,82.30040640339475,217.03256035662406
1268.865207445934,664.0397760833238,82.12698795108976,216.7221604166373
1255.8030741585285,658.6010054242955,78.86214777541208,217.94713101020653
1258.3872845993124,659.7941606448375,78.87986790794379,219.7649345293887
1249.9499718176708,662.7865249642401,78.4124619923452,217.5945369452708
1250.610035468184,664.2817558920079,80.06744307640467,219.74966491822647
1237.8836638812788,666.8256926457166,77.72720033407725,221.20527037656836
1240.072578943941,664.5665193041973,76.23533531762439,224.5661887949891
1238.775248067673,674.3456603817011,77.75153673442911,226.9793879632236
1223.5737114914898,670.6115255426296,77.82035276094061,226.1462574567353
1224.902129798537,675.4906116044231,78.790110213466,228.56361195210604
1221.608488301165,675.9580509779024,80.55755182332251,229.56379704410602
1207.6953711340666,670.1578236814005,78.86130423918459,227.38763363326456
1213.376441132424,671.0639313391163,77.52060760947415,225.1180260126974
1201.2246718270987,669.6727177822628,76.64296717349357,222.49946073291056
1203.179653012427,669.4181716763541,74.43193840421665,221.58565870530242
1205.4820358426095,672.0811044317135,72.46728442865069,219.0471612537419
1207.7043294992418,674.2636281783238,73.25505557104398,217.57700669150586
1195.1282456001748,678.4287136785267,71.56777444034512,219.95489595568725
1198.2317258161693,669.7992926873347,70.12423602068503,220.74707076277832
1186.9047289399155,669.9653557059631,68.63167482629365,220.4550553955517
1194.2364828380134,661.2185697446951,68.64925166297107,220.29714568966975
1192.9410108295865,673.4744813482804,68.89797990338117,221.01933317891033
1197.684476826525,669.8012326881984,69.89419553065906,218.70881851329537
1185.0788145373683,656.2731800769467,69.7735613382204,217.36687152022265
1189.0618294097933,663.5054650079584,69.08921503834729,213.50131689410023
1179.256400464967,664.2641607542574,68.02731864028003,210.2004092329078
1181.841417006694,666.4606270447364,67.20182662967159,203.11132873324863
1183.2383853394972,671.5966890276293,66.37343430706004,200.91639421295858
1181.2217985088419,652.6320826025382,65.89623485283128,193.10514762100215
1170.8850951451116,661.2311484744156,64.20962952584826,188.0095282368664
1175.20194671736,664.5406866750334,62.23927934766036,184.30853645706028
1177.5249344928231,669.6588977942629,59.94109689899834,182.36458610428238
1181.2798182149977,660.1463950823738,58.78565570281787,176.70419724095112
1180.9556665107882,658.9939098027376,57.5285136547321,171.3180095055459
1180.0151836028012,655.564530136679,55.68790611789224,165.18801456520208
1181.4214511298158,656.4631146671933,55.247201765691315,159.1639840272754
1180.0369300049592,664.0679223728046,54.14478691549015,157.66311075777634
1180.5502937366064,659.4955738413526,53.18693159850427,154.18777932489172
1172.332542271368,667.2991307922794,52.10587683549924,152.12389166510366
1174.0027437519554,668.2324873459005,51.34841111492513,150.48493383621027
1175.5433038620547,667.9143433699585,49.97548193190475,145.3524687363366
1176.8896892593536,669.1631786577246,48.77086721755279,141.66416426779125
1176.7922825708342,669.4178577655643,48.69064908757619,137.09978047456664
1170.6535591341315,675.4704815400098,48.77761954344035,135.0142654009564
1171.5243929929136,676.0627416017672,48.390981289643925,135.93854831127032
1172.0445363678289,674.5922174537923,49.59840619829147,135.46490539742723
1173.301781411319,669.6140932508065,49.23997394593613,136.1371123986747
1173.718446536894,671.8858324813111,50.38065642729207,134.20930867178097
1173.3095600034692,671.3838111162486,51.104364342033044,131.6450721355487
1172.1874203870366,672.939842152088,50.91870287436726,129.98745375703075
1171.5628936745336,672.7906188632296,51.507998029586375,127.86089752140825
1171.9136334791142,675.2355446878298,51.63073955461076,127.04432382249479
1172.235310403447,677.6691109976847,51.779914752480735,126.81703609719412
1170.7271478299926,679.3785051854491,52.218812512152,125.33899188327126
1172.4536943655214,680.4252320680265,53.12246134630685,124.29939019941526
1172.1256098069605,680.4527758678212,53.68981356734759,123.19869026462078
1185.0823906838448,740.0950100615313,51.75430586021021,125.380606764896
1255.1658714698092,729.9629810924374,51.459353565624994,132.6480607373244
1259.7666134804701,729.7056612400661,51.79232770470322,139.49236324190213
1260.721499752337,724.9032416503395,52.98338047072315,143.60113442056203
1260.1072881134107,718.7797117587115,53.98186212715298,148.27748116060494
1257.6824699360304,722.3402972275057,54.90307889191702,150.83350767937634
1259.0005138884626,727.8919579185831,55.59107288478855,153.2809093730885
1257.352245317798,717.169264419103,56.12396318506851,156.24421019040807
1265.890040966488,723.3958667045707,56.12824401903606,157.97375918239973
1265.3527756424369,733.283003069801,55.88435962140031,160.97887487967367
1267.1459272997895,728.3107641309587,54.911223592614306,163.35191206064212
1267.0714142523739,723.0284367865107,54.6119806778551,166.66730823131888
1267.7719886915306,718.6027773604011,54.12868169787977,167.291169083355
1276.915326311956,722.9154761019541,52.97708488720487,167.9981204237964
1264.1593042816833,719.1755574963737,54.882790446773825,168.80342712882322
1274.942061344569,722.4558797851832,54.46315797383414,172.1765775264849
1276.2330163040012,724.6059286311283,54.175374565590275,179.16093513397215
1276.8675903915441,720.8201477647481,53.929915541314756,181.56938899472323
1276.622574793535,728.5983313219126,53.65554071192291,181.9453272163928
1261.2628657327696,720.1109124957007,56.14085849165699,182.56853179691706
1263.3979430231348,722.403612158529,57.93730041895266,181.10313712519135
1262.205254132697,717.0302061155626,60.6356138501771,177.93055185699808
1265.5169546764412,716.1448326644404,61.90851450905699,177.408941552898
1279.4586484915874,718.494343863456,61.52250808909174,175.4851126077017
1223.8378522075952,663.2611274509909,60.78217469272045,172.24631471974143
1228.3383196021568,668.7138252699484,60.11227456393687,171.08280998911388
1231.3114405248557,685.512751371034,59.58490936648851,171.13758382454031
1232.100817390686,677.0492334573438,59.28279223532222,170.18707143414738
1287.223716198866,734.5193049591593,58.27388731915739,167.5567428836414
1288.4639503344138,736.6664657564755,57.72292344259313,168.10674110941304
1291.312977624506,738.3987345046513,56.88401974894444,165.75252394272758
1292.964407554316,739.469754508068,55.73059612475194,166.34406166416545
1294.012569704226,749.7723059695269,54.717889392948194,166.12882080179472
1301.1973574962153,744.597783892678,53.29822015815151,165.00870869023385
1300.1617858432085,742.5686865585367,52.98183242206637,158.3556740341755
1300.9780527047812,746.0319775119548,52.86252651931741,156.6559011521502
1261.2657457752543,707.1928189295278,51.869232663527264,158.75343828770727
1258.9003477732808,701.0485720778395,51.69845071795046,158.8492335123851
1258.9034482539437,697.0507535045268,51.58033712612642,157.85776338209394
1259.687983836816,699.5605310099554,51.447917309448954,157.17756622417252
1260.6243076400547,696.314454484828,51.490109209121556,155.36844974317725
1262.0367626386587,697.9287944897493,51.92516773112422,156.04015940466041
1311.8884603250974,754.5207607737049,52.35722462875432,153.40602389485485
1310.852234443182,757.8233034470834,52.19237957289849,151.45320457364107
1312.372425619835,758.6325700182624,52.515124212771894,148.08237724850562
1312.5747529349517,761.1829832975728,51.897565263371185,146.0038635694471
