942.5,489.5,75,177
943.1826451798844,464.7905690014401,82.58804254123228,160.4253088354987
946.5660739850431,460.5361817633559,83.7866047002019,155.00633177052939
949.6727967331439,451.14614373386377,84.33675240086924,151.5684379351045
955.2362658050511,440.9492620938332,83.311687654882,149.58905706538536
960.211935377906,433.2910245507034,79.26197509608629,151.1522572340424
964.5253410277369,422.84048921877167,75.76880980777705,152.946575502276
964.414747856196,419.63985740712343,74.27091689480098,151.65941739934567
969.6053374456156,417.06634232326223,71.77002154851175,149.42567974480247
976.1718023048545,408.78964285814277,70.00013466145492,147.524584198723
986.020975086446,408.2711689977069,67.08457832861853,148.09056790506452
988.2116809857513,400.2028933157959,65.84933714615791,145.06381970833968
991.5176794704666,399.0348585140182,63.063453877593915,144.98279031287166
998.8081898855737,396.3010965746982,58.93778964528012,150.97539153449873
1005.5197081646795,392.8631860968237,57.17189667990308,152.0906023866405
1007.9194625807982,392.8971640263124,57.19669195151704,152.16428182639208
1012.6481259239313,388.89279707500384,57.95058696019714,152.12699903589393
1014.477172337624,391.653091673366,58.26267297535625,150.53272180892674
1019.1883816786,389.04524387753406,59.33983753772815,147.2283845179002
1023.4666869028462,391.59633748795136,60.529150131533115,144.07953663536816
1027.4222557958744,393.95084830722834,61.089202798052106,143.95665705995512
1031.0016243099365,391.6194619315552,61.58969934002695,141.3025824869301
1032.1103993598715,390.07507449026957,60.61498523869193,144.05949944980824
1034.4963747763804,391.0155538957105,61.03775181290054,147.9777063646344
1039.5207822318616,383.77329744568976,60.59835100258529,150.19246104018868
1043.7107883875121,379.0607065923369,58.817330085327356,152.33457265946151
1045.912016795196,383.15820122665167,58.46146359817611,153.39335708010196
1049.3432059017937,379.997085596898,57.03580527938979,156.0987107837622
1054.2139694758405,385.19798453717897,55.297347055246306,159.1350118106709
1059.945725959082,376.9929334544214,54.2514051565735,160.43771689671829
1062.8494990973918,386.579476961419,52.24478341951993,163.71333174124362
1065.3662292238403,382.17990944505607,52.954193974270645,164.56437479017424
1070.1918538730338,375.60376144106226,52.14423419614742,165.3612163532766
1073.2340958982625,382.91183813171483,51.505906647459994,166.16528143968395
1073.2968909475887,391.9899194275112,52.23083173559437,166.2836587956009
1078.4402952681137,379.5873110982024,53.55362888372899,164.84755198314915
1081.767643576989,375.646371909384,54.49472503636386,164.28052250861316
1080.0013798844675,380.63906814258127,55.097615704564475,163.57948711314143
1083.5358783785816,375.45321776856235,54.6973470679289,165.84838272354494
1087.4451532009643,370.30273828313824,55.17559422186983,163.58991824773798
1090.8948543089823,364.62495007982193,54.62682705756116,160.15247249860892
1091.2692302595945,366.98457284778146,53.904355907788556,157.61538233340212
1092.7519286203408,371.2637080789938,53.44052440426785,156.90237535211764
1096.643201338036,366.01659916300923,53.18644614722172,156.24136266193085
1096.2118195406645,368.93690730697244,52.645405201330775,156.15795948969662
1097.021915524666,365.4266996008467,52.141101709699825,154.74489654654045
1101.6371750944174,359.75087212095383,50.996256856085566,152.5393119738554
1106.7551855280446,366.24009660444585,49.080152713989655,152.12069176511116
1107.7402976167596,355.40061359436044,48.196018624450716,150.11569591699586
1108.8773351221696,354.51710438546036,48.58758611355413,147.60627419121084
1111.2930327424613,351.3503423037367,47.706982708755525,147.86986303285028
1115.848627311668,342.9048682545331,47.99832137948531,145.8337252547926
1115.4160233080836,347.12444660364474,48.095678391590496,143.306649798177
1119.948140909241,350.6711935031908,48.26423795093325,138.59680081834443
1116.1866125513332,346.2001427787666,47.572138111573,136.7119674527398
1123.2767498569472,344.9726921449345,46.65286794828215,134.82571509873037
1123.9498023879632,349.9449293698003,47.498886537754494,131.13856868244596
1121.1064596764531,352.6859272278771,49.58927278932678,127.82479944677652
1123.6764697229191,354.33369052237543,50.29408130204675,126.18551713573387
1128.0461141121425,355.0911556271651,49.714800000406626,125.45743785541481
1128.9190911812832,352.87750526365875,49.60121633407978,124.06658663159132
1127.7674266213448,352.56890424443736,50.83746829407471,121.6765757927605
1131.561417524465,353.2879356428441,49.889720958202076,121.4078044922239
1138.6189580130133,348.23158009145146,47.29510869295821,122.38768878989444
1139.3032406863776,353.3670230786048,47.4632946165238,119.88477051654601
1142.485216696726,348.2948280478165,45.61696792770568,120.34875496136237
1141.9475137280563,355.51371921713144,45.99041765252487,119.17506983647758
1147.3119481274705,349.9334742610621,43.960483408750065,118.12900247475153
1147.8708601905835,358.04572295099194,43.92301528437787,115.64651330412039
1149.428031238602,364.37855662986993,44.12915615762473,111.78660060792447
1149.1321255390453,365.4885981052248,45.298934187197034,109.09185207503464
1152.0080768679645,363.14899071125467,44.647023804596984,108.32003136340225
1158.260150544412,363.55526155570817,42.27580148527114,108.98095166008329
1161.4244965037226,366.5150812909791,43.508516179046396,105.21167968793924
1167.335421607118,360.10692722892736,44.354659517787596,102.24943098831226
1164.6129039084126,360.9081151189726,41.20688046970276,104.21756344987526
1172.055911409493,363.0608675144397,39.566840008252385,104.06304866824894
1175.4181929902825,361.82898534957025,36.97103670766598,106.4501582434087
1179.63701157517,361.87799305181426,35.431321576922855,107.75846388765731
1182.2260342675272,359.5275984989358,34.17569955494034,109.2518314522002
1183.7962647096433,361.42829443521504,34.40238397061965,108.15748632684935
1186.874680348997,359.46639351584327,33.776528033709255,108.73850876762845
1189.541402522932,359.32607589794634,34.38437311073547,108.01771289590125
1185.2268791254814,361.2503737417323,35.118706027004734,105.4794028957759
1189.4643211425187,358.45685249632425,34.59316281324322,107.57271603364097
1194.510463399656,352.2509104671435,35.50546737977922,106.2503175984111
1194.4719729717706,349.9733195846524,38.257133713760155,100.0722859387107
1200.9734318239207,349.7011310302418,42.88419609674041,94.74148566410906
1193.9273245986235,350.35825739825935,42.9858843479938,92.96817082861715
1192.5463984817543,346.493486608111,44.46959377186416,89.62408970536164
1191.3687119410777,351.9267585368928,44.36352748210837,88.23034610261985
1188.2488172132778,355.3868737513671,41.74475351455153,94.16533360732599
1184.09732149173,353.27479431706604,41.144150940618005,96.15598818057896
1177.6000171025132,346.8403743510389,44.111531363644154,91.09728828719383
1169.9141238444397,348.3320542521911,45.762896088714484,87.73802374598642
1165.8094853528378,350.6125446622121,45.285751677570204,86.55974360763079
1159.881025264608,349.6128772450878,45.662576944361504,83.39290689112866
1158.4319771842113,349.79296902219005,45.10556923094888,82.20785722087726
1157.3233349552386,351.102183582855,44.493854884801564,80.88903489962678
1155.6162789741081,351.99608717222645,45.60695218527391,79.57586144438125
1155.8194397749858,352.7632560420875,45.937153854125526,78.15309822035945
1156.5486301872677,356.5179591496278,46.146254571194966,77.99784706890802
1156.8555787833538,355.5927140233442,46.135524734083475,78.66822507877662
1159.415362157486,358.25969181187895,46.31249443143679,78.78975722982591
1161.0438214980013,358.4265423167424,46.617950580652135,79.0353205032792
1164.0787764172355,358.32752222556894,46.48594223907073,81.87108174733265
1167.15261113231,354.8433083886523,46.42712950600422,85.15524166184287
1169.7911390402394,357.5020933572799,46.850116414755135,85.90926739338045
1173.9201348640352,357.549246933076,46.45183450684878,87.9865207676824
1175.2280919135812,361.1551990941781,47.80318696735722,87.26013680833216
1178.0952727480246,362.09718002740925,49.00403361908833,86.72715570053683
1182.0513047922334,362.52778435645473,48.59664301165811,88.92318729017231
1186.006256812194,365.9202809914038,48.66424370196185,89.84843056965168
1189.7826641317486,363.12212287889395,48.27524789906454,90.90273791787082
1193.6251220783954,366.4380652428214,48.205372308047416,92.10099997956678
1197.9216940365825,366.3002559741276,48.02358531763785,93.51001943400757
1203.239397619528,366.30953300165464,48.40738229145589,94.12799208278796
1207.0539032961813,368.8351818884881,49.17471512302519,94.02212697208495
1212.4291551812546,373.8776052481023,47.53534206729506,98.44362123338628
1217.1433553058573,373.8578212942663,47.63396036514764,100.57094672849117
1221.838512727116,371.63523120347895,48.172590110337616,102.53928593716546
1226.768395832883,373.6564328277567,48.52621234179702,105.00795723160925
1230.7208018670894,377.3426539344182,47.63193408304574,108.02383880216077
1229.175363702763,375.921699699427,49.146703744180435,108.95848995364645
1227.6884665081816,379.23033796995264,49.272896719616114,113.14669723064941
1217.7623978879872,395.3204970173414,49.20099984135294,116.13220402600864
1199.0893226161431,392.45906373265456,50.712906610626966,117.19445372068742
1178.7814280244036,388.0621633411116,52.28813030338331,117.42378707365857
1151.5646628874476,390.56109830569295,51.037467919824365,119.84952210970584
1121.179306242898,391.98561673029457,51.88650838787861,119.37686451198269
1088.8039296531963,391.0200857584552,50.969727692770284,122.15748033873716
1051.422404734203,390.9044049735454,50.00333111962428,123.32690499363594
1014.2938850765523,393.78665765488256,48.42049616734752,123.7104995302536
969.9143447196301,402.8027849587801,48.22898484017629,126.51867804318613
934.541135275556,402.0755430611515,48.16521543486738,127.82079065540547
882.8198977030941,404.36673335658855,47.23069930781862,129.7108016699086
831.7590274069906,409.92499075017,47.45425417004511,130.44872375713533
788.4828297863711,411.8433809962513,47.29384270962402,133.8520384035226
734.6690815942619,417.4494948138535,46.83787351767039,137.1755268251419
678.7398034000889,404.0161071253232,46.392253575449914,138.1991644611137
615.7999041313828,410.51949398381186,45.89759379987385,138.49609023754454
562.215089889936,409.83723234089797,46.37149779546287,139.7086079403244
522.2140189900431,418.8529022028655,47.560491096713605,143.42745322920683
478.16392503760153,426.75433657904864,49.37952818372554,146.2777560161471
444.24498065974603,422.09112346630354,52.04120844334285,150.0831675512381
416.3904891797898,423.2227795678592,53.64006490789396,152.24860967780822
398.44171839442186,427.79992091743753,53.6483280667646,154.0957460460344
389.46597991301024,421.0080932303815,54.02921214933882,154.6456775889697
385.8659110025283,422.76171384189104,53.00318324514403,155.91300158582973
383.09325552534864,434.3807296730813,53.337217191446726,155.98969579930366
384.34167246810955,415.3018798016943,52.611344352143725,157.65405600350343
389.70401377895774,417.03477282062505,52.628915033975176,159.50662123441035
394.5020214907781,418.8273113522438,51.98328661137218,159.52586898883038
404.05974929286356,405.4437056974,53.26249004955953,158.2554635687816
410.471651714182,401.6558383672135,55.91544321015764,157.11396266396895
420.5318546251399,404.3011679862046,55.126765369809135,155.50895901985893
431.850831774498,399.17542754755925,56.594504888231626,154.03637411650993
444.8492709894938,403.44289990584133,58.3827369318729,151.85251363227613
453.38580767551207,405.4497462804295,57.07415368739979,153.39141745216108
464.6208594181389,398.0913075625202,56.99023680187755,155.15997163816274
472.28476065217416,394.2666587102621,57.85386537933924,155.38457861925974
482.4530799249118,400.61111731589864,56.62484325842462,158.49808011678792
491.34202921821844,398.65040273684644,56.89636407488745,157.20401416533417
499.89220661324526,402.5067988370788,54.88951705155735,159.26290851882456
509.0009010491951,405.10194766003235,53.354094961273944,161.3363895594409
518.4478972492033,388.81115379342316,53.75297975852321,158.23939224016914
527.6950292432383,394.0759735423737,53.16192354938373,157.7943837084546
539.3638044295925,380.29760324496783,55.19224541483465,154.3889069723337
544.8530878043888,385.88201553072213,56.65106327064976,149.75027429917105
555.153747373074,388.40072616783334,55.70401430539856,150.79357249592633
563.7771537956527,391.2763144516766,56.227327803014475,149.2045658615589
572.9761071838328,397.94574414709484,58.660237295575214,142.26446345161844
580.1781064772294,389.12646785583917,60.71778846769301,139.91700262165418
591.34815378367,386.99401846576,63.272532187941835,137.32848019056988
604.1876864886868,401.9517347974816,64.703320522415,135.46329471950946
610.712474019956,382.9041393679523,64.13683299954967,137.49908311274777
624.812659300612,397.2150658572288,66.92083362354012,135.2674793865141
632.38694466908,395.2637079247791,66.08589966638937,136.53042617411245
650.0432243623522,401.4128192089853,65.97730832794065,136.4993230133539
659.0237439096782,402.2671987973715,65.70444252735618,136.57178308058477
664.1819602496008,403.29308571028315,66.34248334299414,137.27741501266556
677.1092881672399,393.550694170705,63.793007103663385,143.94197237618457
684.2695381560433,412.44425650062584,65.39311469289015,143.57450256253435
689.974713588786,411.1872307077473,65.07990032490213,146.6999517723072
698.2088467138393,409.3064477061605,63.37024480019832,151.51561030191664
711.8386515974746,434.96631715872905,63.654704323088936,149.59121899199445
726.939809527732,428.0656909784484,63.75177162602637,149.7961798105025
737.0815430268549,438.8069631332085,64.25663661325423,150.2852770415096
733.7361419099635,465.4253068033547,64.52517188689288,149.50415992216446
739.8349028091344,461.5097854884048,64.10936643529172,150.5329173576673
739.3061483104475,479.7512580004423,63.584239553149125,152.59277705160994
744.5971482407293,483.33852862932986,64.0775265578197,151.4928994329034
751.9802021169066,489.69362989848946,64.00233772788937,151.74910562413743
760.0567086973955,489.13759533932114,65.37175689418217,149.08918825794652
758.5083479392249,488.96592546657996,66.96451005248355,145.24564073917708
763.5033161359362,499.30319563310576,68.6176295748935,140.91511743493413
770.6668923088671,505.13399332320057,72.43556161013511,135.11789716918537
765.3510226087122,508.07248362265466,72.94680330689258,130.6611899934721
770.6417102315461,514.6637601309884,73.14067372772897,126.10079693469042
771.5535589559523,515.3086129529172,69.79364833225345,123.34222184312462
777.6115144485658,521.5581830194975,67.75635253562523,120.82773232184152
780.9079623789532,525.0847685346739,64.02936410549911,119.33011282041923
780.3069611102527,523.1348995272565,61.04933024305887,117.43756920759904
786.5947251836666,527.1643213680323,57.994086748941115,116.0638265583045
787.285671972218,529.4354313204606,55.502164785722286,113.80198880982005
789.961171370179,530.4792402836172,53.82037356273724,111.34985838035976
792.8100831544451,532.3353850060778,51.42305825493199,111.07032798199327
794.3591345202767,530.6730081721423,49.430713475005135,111.391498933876
797.9273895040594,531.2525857657704,47.25782417012906,111.03600771565965
797.2497228588065,532.8425396542717,43.94805879348987,112.42754540374503
802.9165935379683,531.1826433294931,42.61833049668978,111.79725837381312
803.9457864298266,524.4286617149355,44.08107861266199,106.59181217910009
805.1540578167027,529.1922226969075,44.7455719297606,103.03077660279038
806.5315382968896,528.1650524915971,44.824031961284334,100.39702382798653
806.1029614742853,529.4882333866195,43.21856868602182,101.00285048207908
806.3307141742587,529.7926948712031,42.12645289731923,100.94824975564867
810.9356133159887,525.0768367562473,40.38006117666432,100.92369576766492
810.288439293678,526.3244655720194,39.785256932848924,100.99954123212893
812.6174455373816,524.0556729988061,41.152492972968474,98.68807251884493
815.0199634219774,525.7088407406202,42.255653176219596,96.57099525302831
814.0967616454758,525.7609723866273,42.00620387735502,95.9365656330608
813.27168483898,527.6268691820026,40.98004862003114,96.95720534232855
817.5792910164282,527.634833325605,38.26299004702571,99.2162130158933
819.3237702464075,522.4008264864035,36.397710986557385,99.21546334285586
820.0986545617429,522.7247473625675,35.17795729996296,98.98981383624954
824.8668767134109,525.756987221432,34.22665322489874,98.35922684541887
824.0296477188939,524.4790065113859,34.84883853651102,97.37976355619082
823.3750569122224,525.8112722448047,34.053338419583795,96.80340380985805
827.3494973770244,526.0648081271228,34.90916310979162,94.70799939217642
822.8057424543282,525.432319027857,34.92432436051861,94.53294284358414
825.9543893391636,526.2938145473723,35.99896834261767,93.07705550638342
826.1539252361397,525.2219570843497,35.26050984708169,92.60383136458822
