1808.5,541.5,51,112
1746.9291549922964,536.4342236224114,49.77267146071986,109.0691834085586
1699.5453827410424,532.1851894689169,48.12571095834474,104.93805936325259
1652.7046942612576,527.1492729734048,45.598828335395034,102.77598083999459
1612.4665347519372,520.5866171458795,43.355657302766325,99.97091739586311
1584.6479402527095,517.1709155700787,42.0467098266124,97.76191527402725
1558.9951466410757,514.7661775224936,40.17625258576851,98.68344810137492
1542.9490191147904,512.5306889001047,40.2166544584075,95.6087796323468
1525.9187683160085,512.7118558806276,38.99959105353,93.08668829558383
1516.9920954942743,511.20108235270277,37.813109350196385,91.74451922594523
1511.011140575356,509.5190899165003,37.51498176585288,91.00645570128584
1505.3577232220657,508.7172751773215,35.688030270956546,90.2098354600238
1502.1756488946314,508.25020143110464,34.77767521793935,92.18401295505141
1500.7565526651467,506.3452497565473,35.11087280767665,92.63874939208736
1500.0853341594557,505.4679562705333,34.73222176726257,93.39001292833184
1500.0056963554669,504.8537608799758,34.156904103030925,95.99255565456096
1499.8131632108525,503.2631948661968,34.05553256491133,96.1280817842156
1501.7077879958274,502.35067525993986,32.74050827763018,96.21893494345346
1502.0110958547834,502.2528362196477,32.0218171265831,94.76317872170776
1503.3032916133404,503.0737202157718,31.676826234698083,93.05477950172775
1505.9927539987134,501.2233417241153,31.43171627565893,92.8689588788396
1508.0711691900008,500.7950809368324,31.36714053175578,92.17578698817265
1509.0445613497407,499.483393887696,31.10038941921571,92.18769300973946
1511.5566565238794,498.3331812574769,31.263152615555015,92.07266555144295
1510.6363202362747,497.84909329491865,32.052013734084056,91.61267484867554
1512.7305638292223,497.8850559724663,32.95959159259189,90.44951981637982
1515.1514007798862,495.6818288115774,32.986112271342414,91.48949664868618
1515.610142032433,497.21349254353674,33.24149980618841,91.22960236462288
1517.943280576768,496.28108561885097,33.32766650795423,91.3162087926917
1518.6049317850766,494.9335539498454,33.1941817583448,91.42210048267731
1519.94649099669,493.7032818171262,33.42790984886596,90.70530734004993
1522.4473606364859,494.95598523777784,33.12553809246745,91.40244638001799
1523.8403749416098,494.3030698773287,32.95176410181821,91.51659273564371
1525.1082862543253,493.485299038849,33.2506189341967,90.79567646391843
1523.7178300147114,493.74833139746426,33.51599939667025,89.27846732797153
1526.7935314268302,493.9709921964454,32.53815242341547,89.56686078738215
1528.2638176712198,493.12830434521715,31.721017816105736,90.03659487206383
1529.785923563758,494.46370422218814,32.25124794081951,90.70753453424427
1530.1633714662926,491.8983443888722,31.513774275395082,92.53565667814051
1530.3583353345907,489.7057836523363,31.481573619382083,93.484586830793
1530.0754238713562,489.1939803151154,31.46630508228563,92.94027520460608
1532.585586782011,485.58491840528205,31.051534795338725,92.27872315909951
1531.7619900166112,488.72734690091426,31.128690007504375,92.4468199832953
1531.1882363446061,487.0835495875586,31.192032612859144,90.42299035463559
1529.0647689260788,485.39662611708695,31.0365102126704,91.4191240921487
1526.5177642745944,486.3182730110636,30.90754473841738,91.23830159859847
1519.1835942256669,486.5312560660328,31.34800149734408,89.86776715265005
1513.2449048895935,482.98997425646195,30.633262859920634,90.61100343643407
1498.9242726380758,481.1772957131281,30.02857666410374,89.88381240069575
1487.390207685958,478.84261927211907,30.032522379496108,89.09954198788353
1470.1868337628202,476.58393276821323,28.80208608270531,89.55938745358088
1450.6343668795612,478.72535439339504,28.114279981059365,89.9736806053475
1430.1004632676934,474.649419354009,27.416553757529414,89.62330192008139
1405.5338937675451,472.4683890355769,28.2142969448377,86.7379169736022
1378.9561698162308,468.7406828400137,28.527478764702515,84.55044034190148
1358.5190209167897,466.82680407369287,27.99460722154387,84.92519971322709
1331.162882140735,466.61520994776566,28.83482590524504,83.52601862799962
1306.204809390565,462.0957510024696,29.051092712958237,82.62192523471718
1276.3856116192371,462.231650936013,29.054989659422347,80.60634308575476
1250.5819767206663,457.7753419208689,28.37982690041168,80.75497548219289
1228.0758794938986,458.2342401405995,30.371402915226696,80.35398749295373
1207.2301827968247,458.06455001043275,30.064940169237623,80.50444116081803
1189.5642316887888,454.82565829832356,28.816245461481177,80.62099182746802
1176.017865251664,455.33698039947234,28.706372134559125,80.48894246522029
1164.487425124486,452.1327580157374,29.67931598754793,82.03744384279747
1156.7517590201196,451.5156324959078,29.128957827628035,82.98669649535843
1147.6404722252737,451.5595000443649,28.802249343345245,81.72392234548101
1145.7188755566904,454.2746589956523,27.80013914505087,81.68321568710783
1142.330384316076,453.29212533520774,26.91606081619024,80.84508896197639
1140.3211252110023,450.93144155533327,25.64620174133425,80.85455438015435
1138.144046206157,454.2727013758889,25.00164387349154,82.3795380578297
1138.008583708821,453.0430141978868,25.4377895013127,82.39083306622345
1136.8411570437045,451.68375992285297,25.785585622530796,82.51526092972189
1138.2478794615192,451.89682341238125,25.191859958425376,81.61675152440344
1137.577982977604,446.8541902381823,25.34263050441905,81.9888211183458
1136.2233767714051,445.77630443671904,25.21807383379393,82.1517268012054
1136.2410431950925,444.1696072540161,25.014351084900092,80.86776665916506
1136.6975688900322,444.8874128164772,25.608166269308207,81.64259235522674
1138.2339351472258,443.3615767543216,26.144176230430794,82.06451136674485
1138.9670986512808,443.8612121217947,26.336254287857308,81.24574660787961
1141.0084720853563,444.79461485765694,26.322018905759528,80.20389659956459
1141.1406595203505,442.7200077612136,26.200071673944407,80.19547605734384
1143.6492889861809,442.4482614506008,25.59020476727755,80.2253332816121
1145.58033549371,440.77033444225646,25.15038228864219,79.83983569383906
1145.7957856694272,438.6192659722566,25.158842734612627,79.45804938936254
1146.6680549315413,441.8531449542291,25.281160666187603,78.39347965402467
1148.5008507456841,440.70147586396286,25.349699897276814,78.55865784424648
1149.62720028577,443.5825412562676,25.19579003219315,77.18065515335651
1151.017856528708,442.28576866488027,25.05475254784268,76.23794092336564
1151.1436589725076,442.5448113909915,25.249491320598395,75.87703479696208
1153.1133519904668,440.36951839106496,25.411643942822337,76.53790016616949
1152.0864252412523,437.6507413235687,25.897011465985607,76.28573986939928
1152.1924989718436,440.46568370646804,26.04268043274904,76.81413642989455
1154.9389022868008,436.7552737860283,25.904119465523756,77.20353794725722
1155.7073626730828,435.8219476899168,25.90151451746842,76.43858594483908
1156.761681430076,433.4250509435033,25.771667525104164,77.66289305804267
1156.757273259665,434.10607082982733,25.48853918332793,78.24303916414831
1157.0035516178225,433.3713780901717,25.299976884203293,78.7553300933269
1157.4860430576232,432.50805046856505,25.294235812062794,77.83733654618064
1158.297140810563,432.32540824881323,25.01240178212769,76.95435416954507
1158.244941421223,433.36565405648184,24.140694870804968,78.46299343265628
1159.0339633340814,432.0677066534605,23.579303033117966,77.25507525804704
1160.5058782682559,433.68585204155727,23.196019324512946,77.82233973202142
1160.3306440746146,431.16225734275855,23.04989843858108,78.0244587675278
1160.7346573206385,432.3130745260479,23.101349824150525,77.76917607216797
1160.4394499036282,431.03137960956894,23.346392756182055,77.89106929448438
1160.0513454055167,428.79511856703266,23.815415953521622,78.15609139863051
1161.7540636281078,429.9077839558384,23.734712527214242,77.87443983454286
1161.4726045714938,427.12167749305684,23.997522207672695,76.43890510995949
1162.5036395751715,428.68026118979543,23.81128654613471,75.68124813823525
1162.915460644981,426.577909358966,23.698339554029985,75.58537511303496
1163.7752301856585,427.16736304321046,23.67739599650933,75.50465757532609
1164.1650449564208,425.8785127502663,23.642439647485862,75.01868609547961
1164.4610004301064,428.33728449409324,23.861495489836926,75.84854146112767
1164.2920147518532,425.7025225517004,24.28936493342774,75.49401615920681
1163.4115230363157,425.44734767227686,24.602583371789095,75.2774289220707
1163.970181209887,424.50921726943693,24.88565407336791,74.63655148502903
1164.3666728767912,426.3297671396714,25.011808396248018,73.25443225717913
1163.4862886619248,423.47490636284886,25.44347764766657,72.88027958520775
1163.4457884114745,425.6552992031643,26.084945689784966,73.27237924622109
1163.5774583681218,424.3412820423141,26.940232132615048,73.5267847131699
1163.955006830884,424.6701746375144,27.090270659838108,75.33361391409626
1163.6807395780033,424.1968198419303,27.682538494180186,75.38886761651631
1163.04722460629,422.61855218702135,28.73720716145722,75.30848996055971
1163.0963227822376,422.41979582839156,29.95351364483568,73.66861387624452
1164.625000456279,421.8387910583141,29.62919100015261,73.70676079223105
1164.876159365368,421.0329306295347,29.18537200412714,74.70546039525036
1166.6771107732875,419.0734404130005,28.690822637155918,74.3084823284103
1167.3384724891675,420.4238116093134,28.479086153409373,73.29244650450248
1167.3100462319649,417.7322880219762,27.9953847999978,75.54259010327966
1168.3228952610912,417.406821381215,27.325075740730252,75.7300487534925
1169.0202709032433,416.752447416279,26.906866690846773,75.46099557500432
1171.3980432845497,417.43716234067267,25.89833025190347,76.16701876920087
1170.766915479131,415.96734695606085,25.39517377053202,75.17438878670033
1171.740428937833,416.01359614498904,24.675044331231522,75.61464798912425
1170.7886701992868,415.4793849402957,24.813405539250674,76.22477886790178
1172.2607423563531,414.59998184177056,24.33178730811056,75.16632122332302
1172.2780425492442,416.2484264420792,24.542019587056366,74.82586937202521
1172.1837685552412,414.3407898594903,24.64396158661973,74.4380151530172
1171.5406958645503,412.47861573599016,25.478270918444736,73.24454008535082
1172.3718622722158,412.5311908238531,25.90324412575783,71.94143442046624
1173.500239065875,412.67525809317976,26.224519217333572,72.31244875371152
1173.4900019494685,412.4336666772173,25.50091701934902,73.71579038909957
1176.0525909881549,410.94607832639326,24.796214901753903,75.2475016194798
1176.2936006185987,408.25760675937687,24.465531044189348,74.4588191813081
1176.0555085294768,408.5503472909842,24.703149106934717,71.70198978473468
1176.339922215921,409.3912551998258,24.723796173667218,70.42880100028506
1177.2628679619859,408.3278431079409,24.06972399172597,70.19673250484038
1177.957677802299,409.69128665113146,23.548435087791162,70.43404186201704
1178.0050963776239,409.58325712331737,23.352329958592193,68.81824919683531
1178.1629782150262,410.3778544579462,23.175960790599756,67.43355679720325
1178.6097213217417,410.71611979705443,22.878378510217065,67.80187599157591
1178.5446431749276,408.684186244047,23.519655063606933,67.10096257619793
1178.850419886069,410.2574529217537,24.010015570309818,67.0972188230642
1179.4088432958697,410.56642776066616,24.54256612390767,67.81898760627597
1179.2616135741482,411.1494666544799,25.211977943239404,68.2491713199607
1180.1494956815377,408.4912721901207,25.874305483373817,69.00978174526115
1180.9863293816204,405.105732118104,26.244891670931153,71.48804525034798
1182.079034100964,405.51677188789245,25.474878207356934,72.01613715757138
1183.09967476495,404.7241641123493,25.154616028211684,70.49172426970807
1184.510094940428,404.35569819983647,24.537366308740886,70.99850067145019
1185.2053113900774,404.33838541437495,23.954738411177257,70.4050633980968
1185.328243041096,404.81724597847256,23.692598734681102,70.34579198885372
1185.30237619151,404.1631414343288,23.36870819440866,68.90641864153342
1186.09231669019,405.4764821955171,23.458639876339078,68.82991993852318
1186.574297187488,405.38373336734145,23.295580533125914,70.31788422581022
1186.3364173743853,405.1552603861558,23.40178060308531,70.49795811953788
1186.2799642672553,404.92334216525387,23.20490580242607,71.11060950775484
1186.6439204654073,404.6713503977566,22.974666500394704,71.04228587331193
1186.7190519740661,406.0892054672078,23.063691381021282,70.8120552132456
1187.1087634842875,405.1790058728367,23.137125890695565,71.1360929079235
1187.2121315512113,404.32856967597735,22.84482529251739,70.93617890180089
1187.316587384005,403.171294424955,22.736554028173718,70.24592884575526
1187.3820792916317,404.74709522476957,22.7424830058415,69.90132931369213
1187.351604789786,402.95881365204644,22.528023473337047,70.2949202663741
1186.131035913404,403.498645303056,22.32787938291573,71.52737954774432
1187.2914451721335,402.1249450699482,22.450694898659922,71.3121785906964
1187.080975229641,401.1645037593671,22.920550642956954,68.8414691861017
1187.531669959033,401.31116581132386,22.694875915389133,67.16634502668437
1187.7023207956902,402.310493503679,22.491394605119876,67.02657314207323
1188.2354949178891,401.7316377467483,22.431062138309613,66.81799694765223
1188.4427769654974,401.81660479102874,22.010370034150032,67.03650525620886
1187.4717973576742,403.45387135540386,22.243350954470493,67.3453158717366
1187.3294292151072,401.8814145871128,22.428003359477717,67.12880973058445
1187.2297975967574,403.6672225092939,22.88761202535946,66.36279858249597
1187.473173003392,404.3794100997262,23.49499089367756,65.93428302458666
1186.9790190860535,404.7767287026106,23.495658883936713,66.71409750376965
1187.6815357597002,404.17658501358846,23.940852892600624,67.14006201442047
1187.9661652789252,403.2612876983011,24.368501326761006,67.31390393942112
1189.4049366302552,402.89325637189546,24.141672544694494,67.70778693620363
1189.2330526497376,403.4374798024287,24.369194081114266,67.67792440760334
1189.833382311652,401.18272477788184,24.4371334330129,67.42142512594751
1189.5432584315909,403.40729834272656,24.566830875370933,66.18616831036022
1192.2408130277431,403.21095939037343,23.96075128130272,65.91976803427652
1191.658769542169,404.040536820841,24.321699877168697,63.36343458304371
1191.5557977952838,406.067661887203,24.029206323934314,62.78539766710144
1191.9297008329727,406.89512900331937,23.616008564977896,62.268114759140744
1192.5905957024115,404.3611958773246,23.24152986983973,62.98963701698966
1191.5888967098535,405.6638312029888,23.679641099393983,62.000296684493705
1193.146450676748,406.81708722629514,23.52780120721573,62.66210429234572
1192.5999410609822,406.73453129670537,23.485186850910054,62.410107198526106
1191.360738625462,407.1140251262005,23.85807981818736,61.911945054329315
1191.9402334294714,408.12919778045597,23.88644596692844,62.4071749067986
1192.1893589724752,406.59643647967255,24.271985731560303,63.14955903294734
1192.0411940040613,406.0552920568713,24.46754508314912,64.17896316200932
1192.1183756489486,407.55269197324617,24.88644192187268,65.12120914186625
1192.0907237021838,404.15139542296055,25.204904106980404,65.89272914902328
1191.6022091724794,404.7009625868402,25.254960777167838,66.4370527108208
1192.0935911787922,404.35517469135715,25.17458873470007,67.65532601822828
1193.327349654883,403.72172914312284,24.35029018061292,68.75763496650262
1193.5145821175868,403.3843688356434,24.084262689043758,68.7071909891954
1193.5683543689254,403.2928067189556,24.003499300184814,68.10236411077743
1193.7267426130106,403.2423409720594,23.565716323214268,67.48956753431072
1193.9710451248652,404.88208110749594,23.29043121205827,66.35029956087723
1193.6035851493966,405.7484513052547,23.001928802575193,66.24129852712267
1192.2026662423884,406.76939857720294,23.76415813804543,67.08127520667601
1192.7250991257959,406.4036726636869,24.617371885733853,66.4040798541045
1192.383185075855,405.6201303512106,24.909634841553604,67.0935535571973
1193.0467174500372,405.60428033936466,25.14094580939856,67.24089688845586
1192.448780252668,405.8891806087853,25.58912535416904,67.50611081208564
1193.0170795024135,405.91608001715286,26.09181408803078,67.39642358841805
1192.84771461286,406.93636020668674,26.33239017912406,67.32030236302157
1193.2557586693847,404.9922406213917,27.081440048443085,66.86526026453811
1193.268337208617,406.26154821755387,27.301373007563242,67.07995837520762
1193.9338738516128,405.7616492692474,27.324320436330957,67.58010203836486
1195.6096108848265,405.19650321287804,26.622400384109955,67.90063024271736
1196.457962306944,403.7384540397991,26.28664896351964,67.67664932900294
1195.1882151039647,404.16347483696944,26.146998987001417,66.54494476388079
1197.2947557283208,405.51295885694765,25.273234344811183,66.54551757742485
1198.071077491341,406.144106178495,24.95897315824813,64.93572857054534
1198.7089136069455,406.5395886033669,23.961380943413566,63.93558947520559
1199.473265185343,406.26208924535865,23.313108425408764,64.2480300248373
1199.8027696602367,408.04005140892826,22.393007230042695,65.65739290625523
1200.2280972133126,407.6203506179214,22.09616307798501,66.13009640200724
1201.1744290220597,406.90924927752224,21.319692158969175,67.59946239047241
1201.4703972875122,407.98629394824616,21.04752951069147,67.85845779443164
1201.6718889568845,409.0193758659618,21.38109578780732,67.49951546702637
1201.339824515927,409.0209459633694,21.177513960150584,67.9784579371778
1201.5815794137977,407.2709202099967,21.313019083213042,68.13960768572932
1200.691985519605,407.95835323164533,21.801598942368788,68.05846617932771
1200.716583083346,407.3911354185117,21.774596516584296,68.0449699914013
1200.6916775332454,407.483651437003,21.58304413609811,68.07703777002575
1201.1325625362363,406.71252618375905,21.662660095463785,67.5323279608093
1200.6521349667241,406.1573379121355,21.778313384550742,67.64251019291443
1199.670180668906,405.6107874859324,22.18989077100406,67.79085215326134
1199.534541684837,404.88633109520583,22.138535115065427,66.2788093149025
1198.37543301664,405.9079304406886,22.574566634694392,66.49410476265459
1198.0473596577617,407.13909932193576,22.760852977523612,66.75160299678802
1196.9378909241584,406.7340687313051,23.689327950833352,65.84454591480477
1196.6240803068165,407.04490697242494,24.59539195576007,64.7931266790594
1196.2122696425947,409.6644402387444,25.34693598752956,64.36561553201001
1196.5172199508613,409.15606998546417,25.596052802732334,64.75134103584298
1194.9931403451237,408.3646342849903,26.595642334947186,64.55276168834712
1194.751527265123,408.70176170163325,27.40003596397301,64.27813975601448
1194.1990516765018,409.0297872547826,28.010341813886253,64.05989918991506
1194.8056110414639,408.60277133094314,27.82001208542662,64.33356985013602
1196.1815060453564,408.977356403529,28.233266862187346,64.36408305648104
1196.3495325663941,408.42428035448165,28.127706441772276,64.38427619690358
1197.3271241814157,407.11875631737803,27.733270239126536,65.15402020731385
1195.9460155594327,406.24964651430685,27.68689373309232,65.41972685302215
1198.4888007589595,407.47528337126676,26.522573915780043,66.42404648665178
1197.9960214347625,405.75205797353397,26.317196117984054,67.11233621415475
1198.401463747567,405.5677348008628,26.214369015148897,66.49380846577372
1199.3982975701783,406.2849671827688,25.583176288291803,64.97113586104228
1199.7002078139897,408.3928878577066,25.139077741425076,65.07984275564293
1201.3447674289491,407.6256342666337,24.409142585907603,65.2866228583973
1201.2065083079615,408.0040813335165,23.462094534166674,64.93706904259626
1202.4015230091852,408.57025871226557,23.07362629657497,65.00057300206291
1202.3517336311045,409.35747025408335,22.864139382961525,65.72018892942887
1203.2238745418806,408.35068315455567,22.488613498032233,66.10652187463137
1202.3050106167398,408.05270773000416,21.959953027390863,66.44356942893275
1203.0567824481814,407.90091626759914,21.90739121990012,65.36973264358345
1203.1612561781467,407.81684562389444,22.074517835668296,64.58164561516267
1202.8483630849105,407.14064693276646,22.026430776424768,64.97210545068857
1202.4919170457815,407.4207030541774,22.585541425749472,64.87602392070957
1202.9202439764676,407.37588079592115,22.630123144821642,64.8392839554345
1202.448566719648,406.6456476857158,22.391654166410873,67.09390875376414
1202.0299786794778,404.6430910062173,22.443817524735614,67.14193101969784
1201.9713108496776,406.1017117967022,22.52140631498049,66.81296344080314
1201.288091581162,406.3795612628226,22.751838496726293,66.75457037861845
1200.769655712252,406.19417259993463,23.203184245013574,66.16848221491153
1199.8615943203288,406.2417480332849,23.832249414533845,66.46393194010898
1200.5301341566615,407.16978313668756,23.89923380112564,66.77712438093249
1200.3248196544375,406.6334209552705,24.526531351773468,65.18625616678605
1198.606512169566,407.7061755217022,24.76052748415978,65.11542807754745
1199.441274961289,407.5831363752215,24.567987474482297,64.58126017233151
1199.0362694535097,409.12796527993845,25.265024330621436,63.93502205779817
1197.5245179225205,407.22859274360246,25.53556957170762,64.52406058559401
1197.810551110442,406.5453694968511,25.6932105561321,63.485147334071186
1196.1027178241113,406.3950783540438,26.62111730022628,62.62053320092356
1196.1354812907534,407.5617037886038,26.546713733111453,62.76132045588803
1198.1786697755006,408.6351839109791,25.817450601813192,63.620161412004165
1196.5530166611534,405.5616723226902,26.376632225328436,65.24791893687903
1198.3015920185592,406.7273681787283,26.20405216633979,65.82015342833978
1195.6094426246832,403.67414994857285,27.24207848552475,66.58649961383993
1196.075975533186,404.5422550798281,27.523764984994237,66.87485171018558
1194.2737834101608,404.1246203548243,28.22564812478236,67.19454408232764
1195.823154790415,406.0731415429697,27.935722750901306,67.04525318041725
1194.1055264543616,407.43329757240656,28.787878388843573,65.82243605753291
1192.7836289585753,407.55289824887217,29.386193844359823,64.97441325293778
1193.3472985654585,408.09800829046634,29.328575852517027,64.94778834549253
1192.8442222229328,406.99390825864884,28.798327742585414,65.0288366814511
1193.4765892678083,407.67909108816366,27.364028466929813,65.07487705784474
1195.6426848480587,407.6186505857646,26.196881614137766,64.76995118264557
1195.7508195911191,406.77248116115544,25.168323307273525,65.1490062307852
1196.123343431456,406.79618213379536,24.526351302265944,64.74073988464173
1195.8024058136125,405.2866326532616,24.36525273109516,65.04865744350276
1194.9010297215705,405.15170075579726,24.322254940928588,65.12096527920673
1193.6307607137617,405.41174970727457,24.86291407318423,65.67955003730864
1193.859015205857,405.221444155412,24.86471310028683,65.84354322897975
1194.3391804195558,403.4221376815319,24.696178522689465,65.56857619779709
1193.2022238182612,403.012116917049,24.614105130124614,65.84711775441937
1193.5745733068106,403.6083941151306,24.716925252738363,64.9970857111902
1194.4705454597206,403.8645414450053,25.08584458484249,64.03285400181342
1194.7733388929692,403.79207013305216,24.731937973281518,64.8297229643923
1195.2468817651065,404.89965058273697,24.68748047197623,65.38588669957468
1194.5139774715155,403.55141407388254,24.483948329445177,65.71829645434411
1193.43930235701,402.72446346781675,25.11437122271655,66.16215483219374
1192.0864800658728,403.0984972915361,25.747511999830724,65.92919869074036
1191.8386058651467,403.1422799526873,26.10806344727096,65.84567330839651
1190.463254510847,403.5355671596538,26.602783280046474,65.26927737401577
1189.5988620512267,404.54828238316225,27.10109646905477,65.14644661934352
1189.5583884021603,402.1692489191628,27.988717293951645,63.7757527326757
1189.4435622682581,401.36607410617063,28.53319062622806,63.282933104357056
1190.6205003794817,401.4111831544169,28.500337152728108,64.06868209322602
1189.7765725157628,399.8462938886461,28.29761043788239,65.20232837016712
1191.6560179819853,399.28109015558243,27.523364395268942,63.6620836851867
1192.1859360379008,401.0293792512751,27.09917659362251,65.03986557833504
1192.8306127522815,401.2184455184644,26.8931609486746,66.23364795522654
1194.6500419635047,401.4702790239259,26.56081106733539,65.86109730472946
1196.8235927437577,403.53531194142715,26.075755510171035,65.60083322944678
1197.4455790569762,403.19456474192424,25.36928558978499,66.57836896808848
1196.9742355496053,404.9802944187594,24.936582909359103,67.23128963074507
1198.946603975491,405.61783462135884,23.74381086509831,67.84760777462617
1197.979560479998,404.88471996757085,23.434179470387253,68.19547537070007
1196.9420157731074,406.09411769851044,23.822348598943833,68.88275996405761
1196.8025984657277,404.5591337320821,24.03386926691971,68.80778489802823
1197.1628443013979,406.31998274191096,24.254882431661684,68.48167403657365
1196.954642899513,406.39037572288635,24.4631543244389,67.45825224278995
1196.550210700455,407.78946851239226,24.835109851619546,67.1669607754114
1197.1721350155735,404.5275563181955,25.174202515098983,65.85261034385866
1195.833179628251,404.95471536846196,25.828130049616384,67.13187173589466
1193.61393383655,405.27932674069064,26.088220639671174,66.86537065395879
1193.7851174609282,405.9430347261871,26.581629958373792,66.32787298645553
1193.6413995275889,406.3846491881287,27.019043717689783,66.70490226035665
1193.6407749005489,407.3133290860112,27.883968208471785,67.05167573676273
1193.149456423863,408.6892040448595,28.4880515031195,65.95210827889738
1193.0063153656051,409.5829988177658,29.042822473805238,66.85136284357361
1192.642247393919,409.67213186172546,29.430521392345824,66.83018971434305
1191.936292646431,411.66594473933617,30.390947160820332,66.49329218482961
1191.6137080158405,412.4983215610743,31.13775964904193,65.85709441140952
1190.2036859150646,412.65070566733345,31.639882212105107,66.01470526702742
1190.9351629460673,412.5605055340476,31.933596360129076,66.87140194654404
1191.521659521839,415.8667234864354,32.25491930966034,65.70092208501181
1192.059519287009,414.68258036857867,31.965927326966014,64.74329894458077
1192.2140348151797,414.3905782782438,31.696630567124895,63.64213581262845
1192.59842863492,413.2311251362057,31.20283640689608,62.640603950113515
1194.244304439417,415.40457558419695,30.622207787556846,63.42170998925066
1195.3774520929921,415.982732005707,29.745201859526205,64.37640579033453
1195.648461723266,415.935361047134,29.268077640265496,65.69804172851478
1196.4373278574437,415.5087460988101,28.8912219655001,65.46344012797019
1198.1821685461127,415.67569243599064,27.716326068660948,66.04196999141274
1200.1270785781066,416.20431049703916,26.3694153884473,64.8032525824324
1200.612483114213,418.1316144003657,25.99168409505027,63.1090966648173
1201.2187695497526,420.5853601523562,25.180869149720273,63.753190835122226
1202.6146666480051,421.5247241686607,24.072637231962773,64.8048848701554
1203.3061504215848,422.1075311554965,23.234042303001758,65.90067612605239
1203.655522511434,420.08363187393417,22.911591961327595,67.06864146774146
1202.9099255881817,420.91437614731717,22.81858184932092,66.89264062048412
1203.0782218326565,421.30835988714966,22.86026701978745,66.72482913094292
1202.9815586111458,421.5019235794121,22.53535932908813,67.66101402898028
1203.360726696344,420.39346844663146,22.744007073067166,65.95956072337461
1203.8751190882574,420.4691936161281,22.59619926420482,65.35534474078469
1203.6710349111993,422.82230900159044,22.83253496742087,62.53903825765603
1202.673263463601,421.26897966756684,22.447009871361132,62.91603736836062
1202.8913852047638,423.65749205680106,22.675899030827594,64.02455116792562
1202.2784794300708,421.88229982154917,22.86096401058026,65.20411893081837
1202.3847093140034,423.207917990826,23.144621298130822,65.97349707323704
1201.487769693092,422.00351556414785,23.631304757292277,67.46099662778808
1200.9947712699409,422.85698129750665,23.914042135516066,67.65401375802483
1200.066121435913,421.7129880579573,24.256170752546502,66.38720139564705
1198.9216856340545,424.1494036262614,24.76840897441972,66.39862376093095
1198.4093353460507,425.0851645573999,25.291618719052096,66.87689366386705
1196.5412561351654,424.17131552075756,26.363260215011113,66.7507115463023
1194.6765169363105,423.6495334421918,27.501197322437903,67.61891792953384
1194.402483705821,425.44380691403694,28.713372417411968,66.5584416740912
1192.9366876293882,424.43712929388585,29.369375581019668,65.83760478144353
1192.798012545134,424.3039339925453,29.730531131779536,65.58902365103147
1192.2363390180442,424.1371201655369,30.197227463932578,65.14468808397504
1192.2287748959718,423.59198266018853,30.860691343739212,64.38559976764546
1192.446880975018,422.4971987582377,31.193558334416046,62.91115060949576
1190.9269559136715,423.60666433363053,31.530139452287365,62.44755705464969
1191.9223941261694,422.67526994742224,31.50352265177321,64.31447021702765
1191.792984605621,422.56375262921745,31.157208099787205,65.18016326589371
1191.838643095327,423.7728563211732,30.85840674096474,65.42116966333903
1192.4284858856495,423.45741491744684,30.210550994303894,65.39366534625339
1193.2543684782274,423.8166844975716,29.736379517186588,65.29570298491967
1194.2348237975887,424.6346200341097,29.314027003959716,66.75254741362883
1194.1648813304148,422.9631858326143,28.90827969515131,67.25365661175506
1192.6660390708184,422.70666240242593,28.719992954273067,67.94212444185646
1194.0083338986624,423.89291296422687,27.686628030984117,68.66945561462606
1195.0040124151183,423.8932976491152,27.024018032145364,68.27644020712769
1195.8193715343907,422.928918627773,26.69189844071778,67.31300517081735
1195.7831806096094,423.7812545735798,26.436350674306055,66.50917600543434
1196.5215823515477,423.2874285560913,26.36019924140139,66.59760489158859
1196.7703642726299,422.1430279083257,25.784108969405292,66.60580206305063
1198.0519596830975,421.7401035476322,25.37146040768622,66.8656407074379
1197.5607380655738,421.7516775814416,24.720179549296624,67.5904783604536
1198.860434342489,420.3223448878812,23.7931344218805,68.56674693036715
1199.8534309404458,421.0782144044441,23.386577289733367,69.06653042875058
1199.7306619758597,421.0145119445822,22.948269639281364,69.33528828509995
1199.42477567794,421.91064651327144,22.659614834055176,69.24713513454547
1199.956624207502,419.44809060881016,22.967036320463144,69.1089038953724
1199.2251497314078,420.47587549785993,24.051090317732022,69.18300354514447
1197.8564568003671,421.91719878776416,24.473751972888724,67.92578349617406
1198.5302774213806,422.9826163078084,24.951388416981057,67.60505473355136
1197.695120125879,424.8049333447766,25.613934615421222,67.11621289594308
1197.778084436574,424.9888445877964,26.19197865314198,66.31510439868447
1197.9232347910956,423.2637106187151,26.8790139335743,66.74641329143697
1198.63828853623,422.93635042283785,27.33716859597738,66.68368526981938
1198.8320761883106,422.40245700157885,27.718359158572596,65.81029152552254
1199.5613471693755,421.26849340151534,27.810812903954776,65.1465721401851
1200.6095593049695,421.64532165003243,27.705880904190206,64.73750106185202
1201.6627333585684,422.8620474638834,27.819231226099678,64.73373741098726
1201.5568923956907,425.6315183131313,28.067927617634048,62.36601506139891
1202.5370788149967,423.90473621418386,27.52478967663604,62.10634531153998
1203.5861511426176,424.4267476250523,27.12223480220156,62.69790887076161
1204.6298809742423,421.7399174894709,26.328576685049175,63.46892040687803
1204.558907583817,424.1720545274927,26.194512833384422,63.357792502404216
1206.111480800513,423.52981851838655,25.672101461638135,64.05186364600183
1208.159185943974,423.4524289765039,24.540689492434442,64.28835008812742
1207.3124731759626,423.04603749680894,24.34244539745294,64.94244716959821
1209.2493478894103,423.73354013704375,24.441106172584213,65.4100087369298
1208.9888386935365,424.03135411051176,24.7249726435363,65.81872894883008
1210.149046908151,423.4373657475519,24.578183590863702,65.35302582703255
1209.4586907537475,422.4662088410287,24.729005433934255,65.55290013164083
1210.0302340165624,424.3625895758105,24.412112002557905,65.01990190289146
1210.1767041618562,424.4177211093679,24.457286778260197,64.02821780620894
1209.3032022683503,423.40300522148385,24.022530492563718,62.60011979872814
1206.1191073767557,421.98692661423775,24.31249847781026,61.56765966550299
1203.2559373900237,420.6062493041281,24.282143657572668,63.628276511350265
1197.481165620658,418.64742015471245,24.90348552088927,64.46167696907128
1188.9034487318777,420.04197816946987,25.333152162829524,63.76303077674519
1184.255211154874,417.86848652008996,25.21791562402734,64.72656666682886
1178.366253472879,420.1030421157285,25.353169893351687,63.84719050667974
1171.2552774820372,419.06480285208056,26.309925074803168,62.988420420617985
1167.0197613551716,419.41094449149483,26.578996764874965,63.03420715292837
1162.0099008061586,420.78290382012676,26.9184085672464,62.97365407908434
1159.831617002455,417.44152712410573,27.323283116639587,64.39832031292322
1156.6420132085473,415.8548551144344,27.64065207759375,65.71922969710363
1154.4785118717589,415.6942947749597,27.94729809604972,66.18608458189495
1152.8173130803166,415.0077555630612,28.54158727286708,66.36994400773668
1151.9517294820926,414.3464434775872,28.94530800859159,66.26005672982451
1153.4236867017755,414.7983685254579,28.700260890239676,65.56947376672304
1151.8660401805332,415.0541039443916,28.749028711853455,63.99247334397089
1153.7739578788114,413.17329953308337,28.532646287709163,63.22057434264333
1154.5911976780556,413.8746520299416,28.310818228069614,62.74143884937317
1156.7415829127474,413.24994747655353,28.02083429204193,63.29081846377113
1157.333123603656,413.121136654836,28.035484166709292,63.09991938720112
1157.867382128386,412.35728372649567,27.705126773774055,63.97120531103948
1160.9036962658204,408.8014727655689,26.273543115604582,63.774229191358586
1161.8076242549248,409.77488421879934,25.75311360910617,64.06750309237754
1163.2869680393744,407.8866950991068,25.911485986267138,64.65802737363272
1164.8844956929127,408.4527433129342,25.259311452735002,64.45510018359158
1165.726113581199,408.8708220507305,24.49485689707517,64.90951272867467
1163.5142533655799,408.46166381496676,23.822867050756116,66.32164375203249
1162.6594321642337,406.4840377363257,23.890507943781696,67.28175583363104
1161.9758916956064,406.20659820335794,23.850527065774557,66.66520228524006
1161.0230247061597,405.96321181844417,23.35415046803859,66.26707615408195
1160.2543299402573,406.6816853563263,22.765384384990476,65.5694182428608
1160.8554651101088,407.5345031298616,22.90678703608616,63.9871822887262
1161.543112885474,407.96764529352293,22.567299452541768,62.09220130517649
1162.828554746291,410.2967362293634,22.229292270138,60.85993658208568
1164.2626165917118,410.12373960257696,21.392425970272793,60.01278789840265
1166.0133397429079,409.5652132379174,20.264548679568556,59.26958610158344
1167.5952929841994,410.7146173161853,19.307387106272074,59.73254270983341
1169.3897035225382,412.13586628030674,19.855701535270917,58.37015578451262
1169.9562272237877,406.38200201024847,20.096776871609983,57.47917884214621
1169.429339523353,407.60141647590024,20.606493711154194,56.88125617324042
1170.3951577708124,408.96028870501306,21.1503520778384,56.75111099251119
1168.8253627303882,410.43807478631453,22.223058117854183,57.273511575803546
1169.402195650226,405.4409137384139,22.538648440821945,57.937529525791916
1168.3285864685176,405.5611473747265,22.811502070542893,58.4019950620427
1168.1218571974885,405.7568162379014,23.3887877189578,58.642460073405786
1168.3694088709601,410.4933386279362,23.56317000061924,57.98887520849725
1169.0496480224967,408.16733462501463,23.644749187894615,57.483983285293746
1166.036222955489,408.3972675745183,25.281207495280732,57.0169366978494
1166.5861865944016,409.7355648709101,25.95714314966055,56.615993321572724
1167.2658250920583,407.49552814637303,26.30242714944937,54.946644125077974
1167.4292878054862,404.1526015507869,25.86684159835096,54.14242411220967
1169.15584293528,398.11439294117133,24.81058001735254,56.23219754024215
1165.877169047527,396.50882071047937,25.775219205211542,56.48988226194103
1168.0227982239571,397.20812221750896,25.128325209346144,56.97142682421391
1170.0503647931787,392.8675326170597,24.267941426219103,58.49049235857804
1172.9178867670164,394.1932964438434,23.152063852750512,58.99446487857939
1171.104815475101,394.9468120894164,23.663870661205916,58.49465170991562
1173.0904462875808,392.1543281694705,23.06517454413504,58.75573553949259
1172.902009231069,393.4197965688197,23.017482686260998,59.38500863497443
1171.8034880902608,392.3306709242934,23.21956489822106,59.8627456074683
1173.828784152498,394.0141241741791,22.597121997074204,60.60623692340121
1173.6180098619318,393.9277157302598,22.098189134801384,61.22896251480523
1173.8328428600855,393.10773144410126,22.091894453496582,62.01723328457872
1174.729212866943,394.49827467651426,21.962308207367258,61.84678782240782
1175.2571513552307,395.04980712896935,21.87016931463129,61.35174799150273
1175.69623678905,392.7673572484213,22.107701672128496,61.59261830695064
1174.1748950249196,394.06822849755895,22.759580909617704,60.49818298049691
1175.575167974726,395.483656453899,22.20156988587518,59.442496321166104
1176.2222409646852,395.09843658217517,22.177239827739747,58.4989419192204
1176.2058722583276,396.5393330567792,22.2782280008908,58.54380879247638
1177.020554460558,397.6805825415775,22.111020607462095,59.396260222278556
1174.423870995984,397.1558744815498,22.674431291187794,60.136340067471664
1175.99907403704,396.78295553757135,22.971574313766894,61.322822040835874
1176.6807000220635,398.59697348301006,23.237455091369615,61.18932064245115
1176.7924748944922,397.37877248102194,23.198165401935146,61.376534938526355
1175.6053106405845,397.0059243859557,24.54725777998952,61.09909439369635
1175.926920976197,397.11396482970906,24.8884860781291,61.520133574262886
1176.5602578442883,397.5852239084886,25.191141842144383,61.49655149048384
1174.7942618133911,398.5170764662052,25.50749812741907,61.63033749634282
1174.4972052238993,398.29508011574086,26.667303969595622,60.59867714494144
1175.2344679662096,398.3753030939496,26.86036767259694,60.69365002559443
1176.1813097489803,398.9231903478475,27.118061546554465,60.00338114519241
1176.6309821245882,399.25031176106455,26.89295005310941,59.391381151240076
1178.6892809979802,397.7784666259605,26.272424598653274,58.598955012146504
1179.7788174212194,396.44910013372277,26.277146965873996,56.950615357156636
1179.4727099056636,397.4361774202574,26.320448000766305,56.6145349437095
1180.826758244032,398.87480405851403,25.582781102128536,57.594930755102126
1181.349598532195,399.33111880421086,25.148703368610455,59.022274713415506
1181.7578222085149,399.394481141934,24.88849579973447,60.77541151200634
1182.918166604033,397.9299973493181,24.31117301173419,60.42569972635805
1185.052544961287,398.96888256204454,23.325436316758143,60.37779027426336
1184.746726392856,398.8302135312525,23.24827806587483,60.345525300397355
1184.299572048685,398.5312518621451,23.069441603078978,60.065196132356135
1185.6512983900236,400.0045075984465,22.04865188426837,60.44248045519407
1186.1445409129374,400.67287620676143,21.64452919224276,60.72949142181463
1187.9162729532059,401.60868472676435,20.527014685222852,60.61227988031341
1187.0419948554459,401.61136400782993,20.310413252683098,59.86180842221667
1187.8896149773004,400.69289056011655,20.304278996522932,59.609031015351505
1187.377831694559,400.991419212615,20.60298829128788,59.79732635765909
1189.0327003677924,400.9748775702766,20.424543287961065,60.118336524841446
1188.9243846370819,399.33316454732136,20.401513934977842,60.056095685375865
1188.050766431408,400.35249599334236,20.652840417050104,60.17906628485008
1189.1749181565995,398.8112399713812,21.087947134361002,60.862388141318085
1188.4666820617122,398.54920193347857,21.390757796501997,60.7646738080353
1186.5904591108444,399.57937889997055,22.23464914425187,62.09624926309759
1186.9848066741893,397.8687683995639,23.174809746665442,61.9282161230569
1186.126461836487,398.6657519957305,24.051879487511105,61.43971946886316
1187.8328328601692,400.0939448467007,24.464238338889185,60.879608667359136
1186.7627796828835,401.3437652892597,25.112359730043387,60.19137916300893
1187.9179556876925,403.69043610222184,24.997306392148147,59.52648516510595
1188.2103760461164,403.213858765504,24.779641969626848,59.09220726331563
1186.3391727503213,406.0793707450845,25.039719192625988,58.03041328843827
1187.7585286056744,408.4922310194411,24.794160958634535,57.36756791520115
1187.2984240895591,403.05866814999496,24.90180108789597,57.79273713401282
1188.2409773167665,403.3072347058642,24.753440229413066,57.59625822497404
1189.1562028716778,402.9204259098304,24.583146323264984,57.50498619530698
1191.5847514188974,405.21760756406485,23.697495742955333,58.140322498501824
1190.566767340812,408.9892858014598,23.836054936876327,57.506272549896075
1191.222739576993,404.2274550764087,23.648982672156038,58.52556426428042
1192.5384112943038,401.0398461145263,23.354028302322966,58.892834266292354
1194.0559054947707,402.41119266773387,22.827878316535298,59.27525107084221
1192.7907639723583,403.7962573313474,22.76760211720419,58.721501147683085
1193.5050110309737,401.77365028547,22.19985652940766,58.29601831332096
1194.3812259402246,403.18994745280986,21.601970110716785,58.81184579069875
1194.8758924766498,404.0653955177729,21.824500436417996,57.7520830407089
1193.240311941182,404.61917356558746,21.964990244612512,58.69070719334029
1194.7880570122013,401.7662446362735,21.211783113056704,58.78384503930335
1195.3320115663926,401.9407023344962,20.937372263264923,59.18064836043304
1196.7985548095182,402.25930697495295,20.691470587652034,58.420146193798786
1196.7085818079026,403.0254143280255,20.19505574531755,57.861753306482285
1197.710397078614,404.0155147775911,19.78095221481228,56.65209765156804
1198.3128676351369,402.45460463021766,19.262564997240162,55.76116064498436
1199.220065355592,403.27648632103853,18.629263606737233,55.47339303761174
1198.984182023522,399.52433859247935,18.075870673480566,55.64115113358498
1199.000747281431,400.65596107664084,17.85625751954195,55.329201302667485
1199.1999629379848,400.3271756917422,17.9217666182401,54.02605284467394
1198.9140270413698,402.68264579748273,17.943308428236005,52.83868555494577
1197.949672955427,403.51108153023233,18.329214504707945,52.49650563302567
1198.8599552684088,403.02850949282055,18.614406638388264,51.22960429578567
1198.9983292302811,405.17144623221805,18.316941704741495,51.60040520206138
1198.935693792779,406.19792076934044,18.53972063024742,50.69113169353621
1197.7373185441047,405.2184406503287,18.472420119371098,51.72816537354194
1198.0665185935886,403.9262807330222,19.318321091570194,51.47663496935492
1198.761896422132,406.6620051269373,19.12168977549477,51.64897451923232
1196.1935610950106,406.38104475728454,19.906821771595222,52.10470298265602
1195.9627433766404,403.05449040293615,20.511239613354665,52.11313452918237
1195.4493589620145,402.5086142213689,21.104885807718716,51.91019866752448
1195.310651342689,401.58637798675386,21.817646636484422,51.32304314793924
1195.4777926806362,397.5112012351882,22.290422056521933,51.5306519191674
1197.117424010335,400.6470186772698,22.063899494170244,51.73927406930599
1198.8372475313508,399.4452133163879,21.30582465100617,51.810198128395854
1199.4115111132928,399.2194933024456,20.631986821753397,52.057035706148156
1198.7693490896127,396.22632452770495,20.732358179942988,53.12186208238114
1198.9796604353428,396.4540748641328,21.12076041848303,53.4365216673417
1198.7467216676657,394.4635237785868,21.25417978556866,53.03620274926132
1199.2923521294297,395.5170247550866,20.97428226106955,53.15507259763814
1200.1563134425344,393.93818015661645,20.405585217936874,54.05001808310685
1200.839791324088,395.5095938626136,19.746521515109034,54.37879024996997
1200.435466367216,394.3353600699799,19.51772099607599,54.59435282882862
1201.3741790032127,395.3600803446463,19.09662053983284,54.54593890989751
1201.6061447790273,394.32563259941816,18.891293574328017,54.269479843316375
1199.980687733043,396.70109996230565,18.423096938986603,52.98267194287404
1201.412268729479,395.54643142868787,18.151739927346206,52.806991710457545
1200.2694140540602,396.74260088931317,18.06760984832838,52.22755988893076
1200.4171652139935,392.0746785221772,18.218918787254655,50.56011635415973
1200.7165677185997,390.8328106600989,18.425200688767024,48.90706275641689
1201.4325819234082,391.65176606553587,18.093279948979998,48.129704137277294
1201.6984599294876,392.88962707886776,17.768863268328715,49.92169756471506
1201.3243271364197,393.631596784686,17.17942348070081,51.83487004577879
1201.6314206463992,395.0259974076189,17.376051735457224,52.397351158082515
1201.4131838682185,393.35187527569195,17.11045964517018,53.13028499140967
1200.2751706404192,391.4829888937481,17.391103434180927,54.07885029680132
1201.4499995218296,392.71527340581366,17.85728424672314,53.93492946602953
1199.7777570898395,391.591936594206,18.700348851227883,54.03087724772266
1197.4916765587682,390.8526986092347,19.773033718988785,52.62943893391271
1198.9567244489645,391.5508477404955,19.914316646481893,51.309139357645265
1196.2141154037067,393.6397737712566,20.496120487577176,52.85022516996332
1198.2378579054453,392.6995335095818,19.874898339629794,53.52305836970462
1197.2989416716196,392.98229065250524,20.551459511733693,53.49038916375646
1197.6721723040673,393.33720618447126,20.675888327767005,54.110235323983744
1196.3676382266256,392.5139272035262,21.128426340820155,53.28404762890668
1197.1669932514437,388.55154329009315,21.008329548592073,52.13052737746469
1195.3717899006929,390.020852316097,21.425851070574147,51.5009086254601
1197.2934813408338,391.8125204560682,20.595405259231335,51.805706348203145
1196.782243762686,392.61416001528926,20.27648766001863,51.956510982393155
1196.833813013892,392.056778284404,20.195145078634187,52.02017895847649
1196.8565483502284,392.1088937823235,19.995470648317514,51.91704625819479
1198.2243433269825,391.63612070643353,19.405953320923345,52.95075778258483
1197.1924910114,389.0121118675591,18.79085212399361,51.957163979620745
1197.411101275577,390.5550407463791,18.330289800210124,51.82009534170116
1197.466514201906,390.9573341073583,18.239866898718518,51.55266597648183
1196.6306474908156,392.4020730026421,17.723764627539715,52.637791123612615
1196.7719826182322,391.3307517268905,17.84162480040075,52.51069047099891
1196.90604182298,392.36379931679886,17.696436969792977,52.43652088837311
1197.343248722631,391.46903065046683,17.711542802353456,52.361235952551155
1196.216446461861,390.7334502841368,17.49869806318164,52.82328396949018
1195.6812654420835,390.4758459500135,17.656955615317706,52.01079846010914
1194.2169233119494,390.6457248815739,18.28672115152605,49.65738612654455
1195.0422702500343,392.62449923888096,18.653425155910114,49.68294211774102
1195.4564116769043,391.01516268122964,18.510508932724548,49.948561043361714
1194.6018164147106,391.34280835874193,18.365138962688846,49.75676756545809
1194.6641435939227,390.7280094014879,18.890354463483177,49.61740498020263
1193.6001129331958,392.5486249757225,18.900891399485033,50.89253516367314
1192.9630495049857,390.86338437161163,18.76180679102319,49.39931121366127
1193.3931989828552,392.7155216962156,18.69283698071577,49.64005056439221
1193.614887988444,392.43706384872394,18.82420247883073,49.42091736067871
1192.0824190348355,392.9724914470436,18.98430802291899,48.96492955324146
1193.1335363459664,394.000941463803,19.15742230240575,49.7508165470818
1193.4054143586538,396.76665438475743,19.48409770021795,50.8797977715181
1192.388760067473,396.7417415626093,19.44817095772054,51.601446202145425
1191.6249752944889,395.1411076246715,19.817813228984495,49.27681180675027
1191.2971817372688,396.8833833634274,20.239541981584438,48.487740437499596
1192.1238061783122,395.5731256041944,20.19592320737733,47.98613271454114
1190.6577570748896,395.30446577197716,20.988136703910868,46.627135493027374
1189.7042368268287,395.3520938978252,21.328355148030212,45.16004985080543
1191.2168662303186,398.04998187127694,20.52615742579813,46.91555049234192
1192.2702226020617,395.64728359062525,19.89261770458172,47.22564723751371
1191.9535304372464,396.7393250039562,19.26374874975796,47.2512731014952
1192.787878517982,397.6595718614177,18.812686074080748,47.192810326627935
1193.7243952496046,399.05846269264646,18.35336690050089,47.788495375214794
1194.8005182325635,400.0951415109348,17.73293193349972,48.15693928664224
1194.4388037300098,400.4432837306115,17.101502778588312,48.309088580275386
1195.1815942580972,402.4875591105736,16.668256627084386,47.94038192321052
1194.9867190866566,402.3045045917817,16.724368272102808,47.99369925566283
1195.3963840451204,405.51325135544465,16.776084779087395,49.10867261676471
1195.6045196107657,403.2794347258135,16.825389015009126,48.93675566698161
1194.4599581989921,404.5088881001658,17.177082648874343,47.82510390980842
1195.0285384621752,406.4959598784071,16.88058919146625,48.207354644249776
1195.7901620532691,406.57715286973706,16.461699609490452,49.34243827752622
1193.666359179915,407.372305234181,17.086541484052084,49.26317840852454
1194.3880557967118,406.21868730304374,17.50491828429495,49.433047022263835
1194.2219411500946,407.0408425749242,17.596764116411705,49.15062071483857
1194.792642989777,410.067275753844,17.593825126301386,50.305826065678296
1193.9892613611996,411.1244040824615,17.76113156296814,51.294285377528865
1194.1678521668337,411.81089653369474,17.91915003018766,51.48022050088804
1194.4544289146945,411.8579365032223,18.164271151660863,50.75931445433089
1193.526114330853,413.75863798718814,18.617713998085286,50.85469817615751
1194.3196510946623,414.76556383714734,19.187566387138602,50.467628774327224
1194.879581200576,415.82923160798566,19.09441930816967,49.86249441310859
1194.3485033270572,416.53312669184413,18.770661444748683,50.30274399167615
1195.5387728875933,417.76991604020196,18.487010389014642,50.41747553665969
1194.1641402605544,418.98787636219504,18.798927992564757,49.72091987432482
1195.2321961652228,421.3415466840048,18.241113440651088,50.24751077214822
1195.7744475693398,418.7421201305954,18.20278289365529,49.48793263507052
1195.1605560574376,422.989886203094,17.84620615240695,49.94819673183358
1196.2460471570594,421.52065833815857,17.925943500434986,49.267956010517295
1195.7671715202118,422.59143528379076,17.96225101373496,48.494420865628946
1196.8040669339377,423.1393066325299,17.89425113515122,47.863583668562654
1196.0569073553288,423.7457825185775,18.099524958506578,47.56690090081233
1195.4691022807215,427.4770015639063,19.010605343068995,46.0881382900437
1197.026133496772,428.2903131941105,18.69407833043213,45.83704419967164
1196.4755556086834,430.74160480507084,18.666967772075715,46.30197034283276
1195.589716834115,432.323806041673,18.829624015174527,46.415301195586686
1196.7437079964975,432.51811211763464,18.55383797375017,47.980321040771834
1197.0032847058753,434.51700714105317,17.972239205002936,48.98935691785451
1197.0366962060853,435.61352088985024,17.625360115420538,49.36186115091223
1197.0949319989422,438.6847974787726,17.310907172132012,50.2898441096946
1197.5239339921209,439.1677198062842,17.429073844840083,50.792326500112154
1196.746360029699,440.2928239476683,17.30782539974941,50.998938228482885
1197.212894784104,442.8748543321506,16.812275500867518,52.07948347758461
1195.6871821516283,441.66578830884316,16.802115101070026,51.73123712148961
1195.6291409762362,446.10237608405833,16.9342781815176,51.70825745576383
1194.1750872598789,445.4704342696881,17.549639308766615,50.553207454514634
1196.4610194182228,449.12570819941175,16.928003921598226,51.19820502048245
1197.0886246788932,448.5017190865139,17.181733143299276,50.19815711369452
1198.7409095801734,449.39266737634676,17.229372908762677,50.73397999356251
1198.4627905713967,449.51509650076537,17.214920652077716,50.4866945667559
1196.7907139365705,452.8955527489926,17.329516645957984,50.67504373564563
1198.123347908255,451.42649550752816,17.873243806424846,48.98389720172888
1196.211750185476,452.8012283242663,18.77545426853872,47.13487691031655
1195.6026858834912,454.5812569257677,19.34249385988531,45.67699685041057
1196.3310586200257,455.0236365156011,19.491926551298732,44.867889517569864
1197.6511699924363,458.66005894699,19.22026459749299,45.070615333503
1200.0550207081933,458.57561839860523,18.673115572289888,45.69867690455379
1198.908244249882,459.8943264135346,18.41505968802465,46.29068702024875
1200.8050337915286,462.20586613078495,17.71057762774155,47.10821513350796
1198.6358191649842,461.7320095068654,17.86072725207655,46.986791046523535
1199.5400621551319,460.70173922264325,17.925755327987176,46.503768010612916
1199.5234344484832,461.19726399732343,18.177461764386305,45.960525713659656
1200.4152614943253,461.09110768219887,18.295203112803904,45.312977983286416
1199.985422936134,462.1718065876433,18.44586611146872,45.16580398640818
1200.650865641879,461.3294291658826,18.384971144162332,45.39872915806984
1200.34283939151,461.38384869553965,18.542399490570286,45.50672506112372
1200.3614395143657,459.9721115841994,19.037616840245818,45.76122192784709
1200.583864897645,462.1531897597961,18.54159561653236,47.06203516588723
1200.9215410383974,461.3576472399652,18.16396528722758,47.62687234654782
1201.205469221567,462.959116960611,17.607317296804492,49.74205767637428
1199.9028039204732,460.8266456863505,17.97231553395614,49.98894144803992
1202.1165512979392,461.8549873945349,17.53622507399157,51.58330192357791
1201.8842146083803,462.07046385733366,17.463431748264075,52.451351764589546
1200.941956492071,464.47514952433636,17.45059266281326,51.984229347210125
1202.25428516407,462.8198435560536,17.34766788755597,52.65820526502246
1200.9417793918458,463.21448733396534,17.996611054509884,52.595934635010856
1203.7077702645663,461.6135295384269,17.78064407576187,51.89810309283273
1203.4915344754127,461.1077593006753,17.81504779227344,51.68577329093109
1202.7998623416693,461.4416912062347,17.950629856544033,50.3458913690603
1203.6575628180333,457.8089757078071,18.45249808602085,49.035172425424676
1203.953008353218,461.4252562882259,18.489853263420144,49.48606482446253
1202.8022892473043,463.0204403678117,18.67642378802184,48.963366438392825
1203.464442785741,463.46009361082184,18.6165978980153,48.95722961294076
1203.361047448361,460.894252271549,19.019824694835332,49.096034808118475
1206.0448187050285,461.94996454537966,18.447029057263165,48.84421426150242
1205.6963675064167,463.17075960177044,18.101473039455456,48.87527610718642
1206.051769145074,463.7798982088566,17.88859945440896,48.63507517217753
1206.3690091863766,464.3170610421091,18.20806375685567,48.21646753421788
1204.8992068899815,467.8585941620573,18.629475819967304,48.9050783115334
1206.5678183134476,465.0750831675092,18.407233193830095,48.29675583346644
1208.6880507233282,466.80215762411785,17.840606989486226,48.864055055625116
1206.8845519207089,468.1261733677727,17.85365384628113,48.82803404728887
1209.6091210290747,470.31068301204914,17.403711682100784,50.90598808255797
1209.0243948502766,471.8348542848361,17.300421649064642,51.61051514300213
1208.9456862272218,469.8247701926838,17.640573116394275,51.00787963925742
1209.6537880444469,468.0487223804306,18.195354536913708,50.16746628015179
1211.227532314329,466.62825930873197,18.510949025943088,48.72827681914842
1212.4930073364765,468.47325587267454,18.268271600895346,48.50978218064311
1212.5613895944757,470.8276990286315,18.435123757651276,49.10351198811394
1213.2082384196522,469.45968765871123,18.21177973450329,49.72008797349897
1214.252830647628,469.37011315681684,18.91117092781312,48.98842394370696
1214.250118475462,470.09070771782694,19.399578444084764,48.90812354124543
1214.7669660227205,472.1960270075094,19.142010747582013,49.74969338549509
1210.195305615992,471.0856160190049,19.11179430670527,49.66349064517319
1205.0817693418348,473.04239866393607,18.5985676301661,49.86134169518507
1194.7442562063177,470.41969466473097,18.404123304887033,50.15542952223907
1179.7088505888353,470.5288934936025,18.16628929143883,49.68949828979562
1164.562261473733,472.12984233532575,18.519074073767158,47.97106878128356
1144.5916932941204,474.18246778156595,19.849427809701613,45.517977102822954
1123.9331533150068,470.9223510128067,19.590297745956057,45.25161720314654
1105.3025909788603,471.8937821927346,18.947262872350606,45.59236018043375
1081.3717508751638,470.16140439407815,18.024797724518987,46.70376251579899
1060.8892903640024,468.7036770882164,17.626117062271724,46.88033410902886
1033.4851731368362,471.637907282129,17.97447450244367,45.14486122044069
1010.4234432401937,468.88062820783347,17.916602661207126,45.60054142408547
984.0408787394524,470.6914548288751,18.09090753549245,45.0733424704848
958.2539178014152,474.352111135742,18.45996109491638,43.208325823853045
933.3962171577573,470.14233442453286,17.810524735748057,43.90525303701238
903.4969279601712,471.08323194974264,17.704840588195523,44.50762079405738
874.2571457270894,473.8839052256417,17.63497802188832,44.948326988078456
845.2398034859234,475.4871354890907,17.67986681940606,44.39969050063961
817.4543519196025,475.18968879460635,17.006888726461867,44.919905736808694
791.7921194880256,475.77314301907046,16.584405347428255,46.09687627233181
772.8845838870484,479.91684464079316,16.04876091217565,46.53135108064417
754.4628955794572,477.15475918767123,15.87026405323696,46.88250829975429
742.583628263298,479.02017808943145,16.01984520960319,46.21684364534271
731.7488426983668,480.7109670342335,16.51358931309817,45.25320065030042
721.8600553765613,482.4826437814477,16.69534829814011,44.97417515880173
717.3158314528735,482.55337745395946,16.546006991462928,45.23520564178486
714.4906822305172,484.7788047697124,16.76039330391222,44.97763933654247
712.3891449969258,487.97222980666197,16.78936451105477,44.602257673135256
712.3315793128852,491.6715866371898,16.0918975910767,45.39868294335393
713.3852342852632,490.9189178199106,15.618489242390094,46.65688647354138
713.3335584447386,491.15355117269894,16.021704291712112,45.830927543223645
713.3863094769498,488.72919807817294,16.1854414443326,45.682490940527636
713.9574583201576,492.2108326056798,16.45971346769484,44.61081963331658
712.2624800911967,490.5237263684114,17.239297382281556,44.85223224403804
713.4212979244636,491.85921195477727,17.14857612157051,45.9028153506338
713.7292673588693,491.26523363779796,17.10077001089977,46.94267259193982
713.5580077569753,489.9841195162621,17.464489437582465,46.974579952214356
713.5603663690697,491.55013843222196,17.956604524546957,48.76317495949746
713.3961438461916,490.0586690770145,18.02997077773097,48.727338206808206
714.9228337195625,491.60879316224737,17.84549180689872,49.9066348666647
713.3524675683996,487.3994898781109,17.735819989733148,49.167672503358105
714.4838619700081,489.6768878443251,18.181452416832116,48.24914971660529
714.3396252984352,488.85855237246966,18.404833419866208,47.18458417388122
714.6427414448933,490.46821209236685,18.424685871880236,48.04718345051749
715.1475127276216,488.9039832665446,18.445581967999015,48.124773067799254
714.4720269234408,486.0954877701712,17.534104311834124,48.5746989169609
715.6598260564413,488.0710896820662,17.293416629329442,48.64683102685616
714.0229078904177,486.72413906449395,16.752158967235907,49.11167351947748
712.605309082537,486.78834312232755,16.168378607151865,49.34897047669006
711.2573534047243,484.6994237461538,15.619185888299214,49.298675550601274
710.8681790756068,483.36525976724505,15.455424186865558,49.41451255878802
709.8538950017472,483.3664950409814,15.862704869489184,48.96904747634601
710.9109738619986,480.24445337390296,15.475703311248289,50.281442024949854
709.3330467060761,479.3698253738476,15.129772821610231,50.22095402462574
709.6499221186187,476.4685986573096,15.954346786525884,49.643749712340465
707.4046870835401,477.1488381660735,16.551395445168694,47.69087652166725
707.4566735577349,476.3009260068694,16.93567975590956,47.216815204699515
707.2548155507832,475.6972369262271,17.408140958228216,46.28228042881979
706.1395480762476,474.9745969851742,17.45083353821985,46.64975073870582
706.6467604131396,475.4754681491756,17.539577709612253,47.80469137884269
706.8989545264254,476.41450640048095,17.418694976443234,49.7702122883413
704.9869368694266,471.21527660832595,17.795522124318392,48.792072560822746
706.4841265844782,472.51937547278743,17.742969037751635,49.39627479146391
707.0142191780021,472.20711453839755,17.381946155105098,49.9953622332804
706.3387930751595,471.0534491389216,17.003001235927634,50.69192423721886
705.5537194828847,472.38114186684055,16.903239420080542,49.91301947996648
704.7163809879241,470.53683411400726,16.65922274831199,50.08047986669075
704.7455002887045,470.98534983051144,16.67589024261362,50.065895378396
703.9531541277884,469.45739881697193,16.615994451614746,50.41394885658592
704.7769083695036,468.088727981315,16.640630977225157,51.32233881147667
703.8724365060465,470.0455175930498,16.28111838814511,51.534495347742244
702.9415230061987,471.298191172084,16.33201906967203,50.37961909020946
703.6778027280029,468.262670393313,16.35214196382453,51.38410848558105
703.9664545818392,466.81431209639044,16.939955043108775,50.143611849293066
702.7869315696321,467.4808528271798,17.303810685519156,51.002290927722875
702.521749285988,468.1317036425619,17.00533207644245,52.49774729981211
702.5367592194964,462.6436791995587,16.82232916980813,52.239639577237
702.7766591560805,464.3649704642969,17.000332236054838,52.723328724777716
701.9810794973708,465.61166846803445,17.0611682864913,53.63815277002174
702.0572767215758,461.2339500613103,17.380184678831085,53.194651213719155
700.9568465250079,460.01971557123966,17.435182969458275,52.910820846936474
701.0390293492535,457.5665650703886,17.54198188724567,51.901199683721636
