639.5,541.5,62,174
639.5684219540799,539.1514880646182,58.503263723523474,173.4776635192011
642.2200190990973,539.9738966752924,55.12402523163788,171.7896225629077
642.9093105409561,537.714444673549,53.44238485614096,170.90712218559622
642.4503010333057,536.8553885299123,52.5621757267961,168.09834181082118
642.4641155825921,538.3097271912899,51.501720562206096,167.61032450698687
644.7310113151492,537.0565837007235,50.49673006144741,166.3553035333313
646.1565618646621,535.9145838499218,49.92529037942898,164.9690757073166
643.4027559734528,537.4951833651128,50.173221890698784,163.66168233813596
645.4654624482753,538.3274857169323,49.51332407777282,163.1494569088652
644.4302468163598,538.5616830144419,49.533779469563825,162.63653328933455
643.1055590339381,534.2306937561606,49.26852199874757,164.67707711732902
644.3887654565196,534.2462616623407,48.696156795338524,165.69931321124932
643.2457212825199,533.6481106884862,49.614138420506436,166.9257063682954
641.7762777044446,530.7827923280194,49.756124827450364,169.10836111176624
641.1131825712131,528.7858830613613,49.78027523223425,170.42611372329895
639.0670189449968,525.533049681301,50.727674982988525,171.72870793550697
636.9853608184173,523.4472596443898,51.25413873332445,172.40595021216447
635.0191877734436,520.7041886080837,51.091418752715406,174.0630372138997
633.4982932274148,518.0416757177105,51.20022325424238,172.7912397791612
633.8094876079317,516.1926795009326,51.43790603308747,171.96493211429788
631.630420834401,509.76666992449026,51.26950073127214,173.26259659951904
633.03231019296,513.7076526552761,51.27783458396283,170.92797153101375
630.0101343183512,514.8665826104643,51.885936123372105,169.72925617954394
628.5530375902929,518.1791205440801,52.06505052942485,167.49212262646034
626.9471417146725,517.8496871878758,52.67613284234144,166.31010751437543
625.2521282213194,514.1858865488617,53.511395081428184,167.60921109648072
623.6673031915306,512.5981261105925,53.370881166243876,168.20486651739188
624.7139634277794,511.07444938782857,53.326293689733056,167.55282025321807
622.4505426117381,512.8671787733393,53.25501320191215,168.81760648112848
621.5734312004752,511.479570568644,52.56725423198799,170.03195093178653
620.7168731558664,512.705102249487,52.334769215515436,169.40733851404735
622.1039080864066,507.8779855607547,52.06001199367164,170.47255116244702
619.6298927314284,509.54790306839675,51.50441969489991,170.54945060417893
618.6110828126683,506.3647139206934,51.288861174342145,170.60584326192074
620.2621411301102,503.17406269960907,50.27798618527143,172.00425223713995
618.2434270508995,504.71092149915194,50.07884112439338,171.59565881598706
619.1942210983289,507.71790411159736,49.61800935048824,169.52604454896667
616.8235499348406,503.8840552353083,49.51585297064707,168.40722992666684
617.4928265187741,504.70624417091545,49.778237765311985,165.61391757192436
615.4137860882323,501.47675402111804,50.27613162039882,165.1386818490277
610.6090890564286,502.1437359990359,51.99713991130124,164.49326496798676
610.443679045826,502.33477067084755,53.03085479897293,161.7033486967207
608.2336314512804,501.6413261691884,53.21314605205943,161.36473187118153
608.3934215342292,506.9354386873265,53.00027817531647,159.94508975116514
605.0884345052815,505.73932054569985,54.213686319057814,159.84414718996652
605.9101585863673,505.9552941055734,54.181324167819255,158.09789571841284
602.5429826578121,505.6409340890066,53.84925976134922,160.62151190118175
603.3658247999495,506.75745620564885,53.06576292223832,161.60776316960613
599.7127865005231,507.3343725136766,52.42581271902799,160.37646960889816
597.4868868280386,507.7360645489727,53.198639342897145,160.62365280763117
598.98476209972,506.29569684083344,52.84499843202629,160.5463680136436
595.9561453064227,507.96298586508794,53.484925118596564,162.5008100266275
594.9604887468275,508.25244862041365,53.221323000360144,163.1845978290788
591.9926260280014,503.7865936515401,54.42554876607633,161.16862443247538
593.1937538268431,507.8096724073147,54.411486775723134,158.4088801136752
589.5264712806695,505.47762229380083,56.152637561429856,158.67848723767557
589.1767365977369,510.6324635362102,57.05514068748527,154.4598339200321
586.2257012525193,511.4050547115605,56.94229066640293,154.02806251903849
587.00224533554,508.0158237201691,55.94553151227868,155.37861560442144
586.5098978068205,510.04079258881933,55.94918942982498,155.19751188582822
582.3678067488747,511.9536940257135,57.603832055970514,155.14621796513435
582.6358693685683,511.957275754363,58.041959398179806,156.06804779253764
582.0747268651448,510.7496186325221,59.48270954846879,157.3618874125394
580.8030826121131,516.0742990305039,60.66366118052409,154.99501257848996
578.8499422463451,518.3114653528462,62.84985676801705,152.68024824358926
578.414653771087,521.5567515273577,62.5784552162598,150.8201709659773
578.6506217575939,525.2980701742405,62.67657651615713,148.29663105761816
579.1800270272713,529.293040885811,62.37216235579626,146.01317538276805
582.355495498653,530.6063169797605,60.71193691129333,145.10292308634092
582.3270708817024,528.5407347501597,58.917167378409985,147.1018517800856
586.5528300034678,526.9072487389442,57.45592547154905,147.90732625727418
588.5555464151819,526.8313542000291,55.930491951938535,148.5978907195306
592.1569174333899,525.5423696660799,53.98738774816418,149.95122013326937
594.4594134783367,525.4689915469268,52.9460105035465,151.7737014740003
594.6698015228652,527.0634996501799,53.32458312645688,149.9950161591031
593.5312113894779,529.662562338418,54.63682999784582,146.7125436537589
598.9868285055073,532.6327696934884,54.79214315958569,144.96058977049182
600.0744012434966,533.7091841710625,54.26488682087532,144.5189586684321
605.3114013089464,534.8491422296959,53.721799661472275,146.9214794942196
606.7665117864616,534.2050103831682,52.73699195736496,147.31109784587863
610.5789657432985,534.1016362566342,51.479990137288674,151.14873360733895
614.7642567105306,530.8490294841267,52.06807977264863,151.53360442087802
617.6319403142999,531.174678425009,51.585205946610294,152.23442979961152
620.255745957332,533.5296569386046,49.6247958266991,151.8566303842673
622.7035265516622,535.1699891465216,48.67700141889185,150.76540121203982
625.7732174888142,536.9212295148428,47.912356330476484,151.2503572467901
628.351446717522,533.6490029903375,50.19004475416445,149.20936775277107
631.2573241517993,536.9898050143961,50.71165580281584,148.5330494445525
634.4383068056545,535.7897957191914,51.197974739642646,146.0525553205759
637.1028979633578,537.2669664370701,51.51479614738052,144.79942950962788
637.9938653672071,535.6325660334,52.670253097646984,141.30850569996343
640.8440053599529,536.0111167597466,51.88525726895479,141.95231081007552
643.1027865125502,536.3721878383461,51.91164838249189,141.4657901946151
645.1196268532997,540.5685362204019,52.338613376652006,140.06424333284713
649.0287352218437,542.0508914965856,53.03915827439069,138.7450335596318
648.7681497129365,545.3017294435665,54.5046564082177,137.9578218532919
649.963600660288,548.5377188537411,56.32359767223669,135.94406256114107
651.7048723911138,550.4666318684289,60.02368570319983,134.80550747636087
653.8923260909229,551.6205341714232,61.437711103874506,134.02620724201523
655.8487351373889,553.142750472947,61.10792967209068,134.23958642371193
657.1947389341868,550.6272327452094,61.05103698671316,134.12306605109254
659.5371147205994,551.4792126535253,61.42414340415283,134.56087969675625
663.1621356106856,551.6893486731492,60.671944889513924,136.6974568987652
664.8187171979572,549.4930003577518,61.11458339267453,140.4852340959663
667.891770550147,548.6912158396648,60.094906722932464,141.65494035657613
670.6732906564283,547.646676825746,60.261432607629416,140.8673806871938
673.6391680173147,548.2785199749088,60.94961578258512,140.6600645279902
675.3849558186982,546.8423280442973,61.08207553824691,140.09665427414672
678.3824329858344,548.0853046951098,61.6270606075086,140.31516731544772
680.2612250419326,548.373376829656,61.89629000239238,139.67558569626115
680.89724894817,548.6772213381166,64.20177328923675,138.18814088433777
682.9245908427484,550.0593761594722,65.45206691707216,137.47938062479005
683.0188419500346,548.4876688509621,63.959458109367986,138.78581930968903
683.0938233142231,552.8770467899593,62.811432174318334,139.12768320555946
686.4611059680457,550.7016149148155,61.93043637427192,140.79938993718542
686.4368011959316,550.4961683717362,61.80495492211537,143.1812869133817
687.0041112743019,550.2304531985803,62.00321597760937,143.7989703215839
689.31642307774,548.2077647588773,60.4238399255122,144.8940779787306
689.5190968763197,551.5492814900197,60.58574246091352,142.95275708663615
691.0308120458524,550.2648420079921,60.5310449557106,140.04743627881012
691.0779539092267,553.1833763720599,59.884201853198824,139.42830025178557
693.6497672914832,551.4300730833744,61.13562323016552,136.37664018944693
694.9642248245085,551.7988260316793,59.85932304372301,138.032718544241
699.6424155915049,549.8735582613009,60.91280784273792,136.12435487311433
703.8162213135162,550.260035955504,63.55029237649855,133.38223415954332
708.7290691522578,551.2903370893953,64.77411051584883,133.46642707112773
720.0811812828014,551.8673382764166,64.01954560229602,133.64569524685942
724.7029339672098,551.4939109295225,64.65822807680189,133.65610421568343
737.7013178911948,550.6500479232056,63.95771152582895,135.31802446255423
741.011775708132,549.5499543275156,65.37819394035537,135.69021659205995
747.6278013506117,548.5185832410136,65.71242492773493,136.6961073780398
754.1302107238665,548.8477935428805,66.17224203022427,138.0316756458805
758.3323355890866,548.1382946916468,65.13623313306648,139.26722658340182
762.3522982303767,547.680480315347,64.4311386114421,140.3848457317858
764.5994098827076,547.556105544511,63.80100813362354,140.72454886194376
769.8154132631814,546.262882369716,62.78741548858161,142.05865000718043
770.5814512872387,546.2649430241488,61.51589911854489,143.03325919805917
772.977966990598,546.7850546929621,60.17931912784191,143.80208010233775
773.4607770481642,543.093445411213,58.27503296704374,145.12527678854707
778.318291166028,542.7670530264544,57.34213020433863,145.1465568435753
775.8558690342263,542.8604728132592,57.45294239015262,144.1877136193004
775.5550919322261,540.33087007122,56.28723985739764,144.66912836622666
776.304356895104,540.3302863763533,55.37340842989101,144.8417653251662
774.7825342889064,539.8898663150588,54.117643299115976,145.09338531969593
775.9146097371565,540.642830909458,54.69028081852465,146.00020303717812
774.2673595515543,541.7403218477193,55.931723042298636,145.86239727378407
773.2379134595275,540.1447210202645,55.6523750797153,144.790723371748
773.0067995222922,542.84749361677,54.640471250809114,145.62093123812417
772.1527010732697,542.8114432169788,54.0387363937883,146.276318323107
771.7279623585194,536.7288045889777,53.411563942879354,148.36147453876495
771.7078435801747,539.8334873183849,51.82424684449383,151.1463765436348
770.0296365649654,541.8604762470973,52.373627336094195,152.00338892439967
771.203642820316,542.1348609958478,52.773098794127804,151.94000633495293
766.6534284812482,545.4335352915102,53.567189162021634,152.4631516324829
765.0157961677239,543.7772129861122,55.69967145855702,149.80806905898336
765.3912545159768,540.3577282897409,54.77083313905973,148.34493827014654
763.2960925706095,543.8771518586818,54.62752265326837,147.3037059927992
763.4237160942519,546.3479998912046,55.492159381694734,146.89927522850434
759.2200554738007,539.722087611791,57.14424208957712,145.55263386783682
760.9191154062574,544.2609483901067,57.89593110833062,145.1764971271846
759.1220087270553,541.3196929438416,59.80998740134319,142.92223204925574
758.3527926954666,543.7365644832602,58.72050575106559,145.59971705498282
761.10214970764,540.6877354801704,59.351346475253976,145.80428433621722
763.6025426135058,541.8970002563982,60.01236438590401,145.7988442975404
768.2873746200536,545.6569142062178,62.967106042974336,142.96176948399116
761.9634769915825,542.1040291884942,65.82281660600782,138.7528699103687
762.42286021725,545.1807775922072,68.20570258616094,137.02548146323323
762.8456414270436,545.985373243366,70.183997950845,136.78403734853006
762.73961602362,547.4641992044925,72.52471897329889,135.26791362738032
758.4139095114853,543.3533946252212,71.72352770374505,133.9597691009254
766.0312049659686,547.3341975956156,75.10142458774705,130.7417892778428
764.4720509531699,546.9333071223194,77.97477081515356,129.30613154569366
760.754753939944,549.5477130636557,77.70954098525154,128.16999916360112
755.1284745126671,548.7514917575546,72.56589393770562,131.946711919312
761.60801888531,551.9546507175021,73.22030674118695,131.69539230187692
762.9954781635122,553.2816599328514,73.499529944655,130.98948802790122
761.0384763260258,552.8356977959816,74.49416106103402,130.50242141304534
755.3231265829414,558.5058016505807,74.12901265444148,132.04251136467468
756.3432189932333,557.162372638791,71.59369318219684,135.31292723241614
751.4350172985316,559.2084793623769,68.89924185053076,138.73136489684697
751.4507132270808,558.1650497003372,65.01790349456172,145.06072404926502
752.071219922052,552.5510393076888,62.078719681111465,148.09959593166886
748.9444463093389,553.0237508416603,57.979061225690764,153.13241573787127
748.1771737298471,551.4505017304582,53.94909603921515,160.00952957612017
751.2583248655409,547.890469234508,51.87478500546801,163.88495922446901
747.5142469772034,551.9157575190593,50.24745654447218,163.98631346438748
748.5609210535798,545.5987785519693,48.779482470469844,164.27951307489792
745.2477510383768,541.1125600259004,47.87250684230673,167.0697358669346
746.6422028900605,548.1584329811017,46.891609783188116,170.17266921678595
745.4549626493699,544.7419075668854,46.62841474081144,170.1389569302891
742.2154401103834,538.7881046220215,47.65363959020793,169.13874688678942
739.7719941476101,533.5429573697178,48.59688460794801,169.31061621286904
740.5953918421745,536.8631690031818,48.531255724632814,169.31026100014026
739.9493649552512,538.1355610513594,50.024840714981565,168.18379589067763
739.4359637577065,538.7953097212177,51.08923269361677,167.65572747456804
736.1310736023264,532.7704545398653,52.67362094886552,166.6115886551437
734.1030922866504,530.6837056661772,55.0311681816199,167.79983497582347
732.935299205205,526.4634586275175,57.27558365355701,167.62697913859182
728.4617891869996,511.9399858847152,61.885742079555214,166.03653067278051
726.4057138122081,522.3928057757889,66.09071547772298,162.8601255860677
725.4758458019911,524.6955948497466,67.53728890908378,164.68307908488072
722.0371016096625,516.4873104209157,67.69392873340787,166.86096901035268
722.4170107166923,519.9003222984368,69.588250038086,167.52998185733088
722.074676762144,508.2830344407275,68.92510219515307,168.41465637340852
723.0401043477112,514.976251859897,69.18128616090524,167.03309481082619
721.3728699653374,504.8528308056884,70.60102711860799,165.38013947966826
729.9853781848923,512.2435311265938,72.00837495256961,163.24371259274045
727.2883605615954,509.45454192735014,72.97693698596751,161.61433263093718
729.493487555353,514.7112927523565,70.24362069777014,161.32703966775298
736.1861091257678,512.1989105847284,67.27173052324935,161.5269672720522
742.140385735761,517.2836174479474,63.28765249628635,163.31020838417604
743.9961654406084,514.2508087581891,59.68124599902956,165.6570726642512
744.1263939086364,513.8418472481035,57.084821522232616,165.69823623875521
744.6195514809841,517.6893872672792,55.850307167966214,165.59038020705663
740.5684036649537,514.3989977263637,56.767243322030325,163.35099556208098
736.9138468781986,513.4421028597133,59.6659574585899,160.47050953473138
734.4791536059131,517.2253804909894,61.9038964495263,156.75588894358086
733.9336043415012,519.2464906973327,62.30688456718277,155.22953361840356
736.9126173992106,521.4618857789553,61.71468267432863,154.53119298671334
741.327024901942,524.3330312730689,59.091466500042685,157.65985651203624
745.51215571239,526.4715518615315,55.113420131069205,160.56626937182364
747.4677288643782,525.0057893547305,52.41788671542918,160.94243645238123
746.5412567807167,526.7438736737181,51.28270341273561,160.27659629798745
747.781645574335,525.9059147753991,49.69426642598966,161.14073721817596
746.1554429481694,528.6396997504487,49.95393319298465,158.0645413792523
746.203248363172,528.8365908846063,49.61454112418501,155.63129058409677
747.0596003793265,531.3728990647877,48.26862044258209,155.09120977671242
748.3699409733553,528.3621799063746,47.37110929656244,153.86888035519644
748.2735840861513,530.8928299326241,46.82204165741526,154.63595993373997
748.878569253121,532.5251251548385,45.09567354925629,156.34216845857992
749.9848938651239,532.2286063218974,44.20154606330298,157.1925854477064
747.4773350915953,527.7952294492201,43.86689354123801,158.05408444757737
749.7489960723027,532.7344503727157,42.85626782692387,160.91242753558367
753.687417607845,535.4676570863794,40.4932902267256,164.7625252624312
755.4890385637498,533.2738372770599,40.74689488588445,164.17780427010828
756.889001023626,531.4234566526816,40.89505074425411,163.4659630942432
753.2479327918247,537.9649248451367,41.17795968405297,163.56186067081984
753.4450908217143,535.0566049830034,41.99644245812078,162.8639215758117
754.3183567115286,533.9877031737722,41.61839076481873,162.73364448290937
752.5519040292755,529.9594784685097,41.6548592949897,161.84108972015548
755.3444568771763,535.891339566211,39.96811790468425,160.8022681518891
752.1912631376988,532.0671226624847,40.01511598315699,158.46840120097977
755.4449804424258,537.0770814019256,39.76624060069269,156.36732079256316
757.5601161407785,533.0543965354,38.764847225227626,155.8893712812297
757.9735774005742,533.5978805445116,38.78903790582393,153.79863040820143
758.211309194203,535.9760816486928,39.147983019032594,154.20623634040285
755.7950552693345,531.7950946054984,39.07367438622548,152.87929612778044
755.6996350547763,534.1093241975099,39.9675654287452,151.41758308328386
755.3887284456727,535.3826200050579,40.02306430731477,149.45793622707998
754.5110125787386,535.4123828637053,40.02253319251972,147.32273669119704
754.6517161609038,539.6963618644885,39.78201914701776,146.4981029694157
752.2420364477033,538.1756773109365,39.874670638085405,145.3196005555235
752.162420059043,541.5750934465437,38.096001322472375,146.68622410248537
752.2584286143594,541.3650358488511,36.88361086741807,148.18982525883098
751.454537623146,544.1142121168705,37.253695010108004,147.8709561364885
750.55256509863,545.8816904185317,37.529043300297715,146.9147973503965
749.6926989292041,545.41586449391,38.04620400867152,145.74615246387623
750.1602678468264,548.5350325047276,37.927882861010815,144.88493884443204
749.2962437727983,545.143507770423,38.167521489871326,142.54411364873485
749.2636355930986,548.8385123903804,38.175336426859815,141.50919455011615
749.0635598426032,548.8070085169783,37.962656692918365,140.48849412984447
747.2077115003863,548.9861728407589,38.8054490251643,139.72336264920284
746.4048812876408,551.410071316999,38.80827093441989,138.86407511330268
748.0776488703718,546.8267486808909,38.061855193777824,138.38176790138814
749.955969502053,548.377708397117,40.57044887762001,134.08833981815621
745.0244214183082,552.9236977069094,39.02214615747548,135.674651565698
750.1847800686472,556.9404477031023,40.33200594419963,133.79930081571322
745.1296945833752,557.6900089442752,39.35134992652342,135.50389628037385
750.7905997321178,559.5460504778249,40.83323912244649,135.16481192772122
746.3211768073033,559.6220959845572,40.87222172897231,137.22885856188546
749.6375873605938,563.022231672313,40.829042670273495,141.9169723868744
746.4677843340855,561.4269911352069,40.044882301018234,144.85744341770393
752.4599169456264,563.3355196078061,40.88775693236761,145.44727400378613
749.6830820660787,562.5804749740494,40.97451346819668,147.2235586579476
748.1756537082045,561.971951889641,41.23120887756368,148.8074478715223
752.0340500827286,564.904562925886,43.123735815405084,148.87938104576688
750.7451155445605,567.6733886186421,45.257923055613254,151.36243011496668
753.8178397136832,568.0924937915379,47.1042869465244,150.87773697369812
760.9592310359376,575.1082732555675,48.85286874293344,150.62222193754567
757.2829508194149,575.8718295646065,51.68313846934445,148.9480208662941
759.3111941700713,577.9018735116472,52.06726599151163,149.5860850374897
762.3348869147784,581.6482165558043,52.54151841866246,149.32926072743487
766.5257032939144,595.9571782252334,53.71477152464843,147.85863047939696
759.9721001838228,583.7713385181776,53.98553193642084,148.31571715058863
762.1840059096048,582.8462782127386,54.670723075036264,147.7194671598125
761.5729424154414,582.1407281095758,53.25312580875485,149.48784458066535
760.7638526783004,569.4672379824295,52.44496780249182,148.36372498144206
758.392047811366,563.580024778341,50.4741410052938,147.15885470535403
758.8115129728418,560.4550657364948,47.889279891440914,145.40382989506463
761.6104482387989,559.3366373946576,46.30831323678512,143.46089083670412
761.9079194010732,558.6528552017512,44.86236839787428,141.03823901501244
766.8878936583545,560.7603062179851,43.44727595478366,140.19816031437773
766.3005476926301,560.6657681773054,42.17593321635647,140.97320560540822
772.7458669136324,562.9304555809292,38.87852216082638,141.66867191601943
774.2187615335481,560.3497770926218,37.787384252896544,143.24726736652642
774.1459155866007,562.406246577835,38.368287477443616,146.05027964808374
777.2444071245214,559.2541689162422,37.127506908621065,149.4633908314072
780.8865381129264,559.3876269222659,36.44548549425032,153.8226979066706
781.5418626214106,558.4468184944187,36.60390297794551,156.82681899667898
784.0312314751814,556.976742452654,36.04560546739502,159.46577262749736
787.2393894060917,556.7338290424717,35.88704297776658,162.27503570808517
786.5418680305922,556.8823886105899,36.93487502348532,163.37328979706075
789.1152518323629,557.0554202814649,36.807065034842815,164.9925636125603
791.6073118618347,556.8437498945896,37.73593888382762,167.04946766641672
796.1065411115517,558.6398539533878,37.70041487841219,170.10004366747233
796.9065193994107,558.7469251959335,38.47085086365288,172.7642175848165
799.3249574534336,558.174421999765,39.32247706731373,174.8949931893995
802.2812073640406,557.8042492092845,38.5276248939573,178.26148580214425
805.7798331334291,562.6738737083678,38.0281698906724,180.90541742226395
808.4850456858965,562.5058191863538,37.147242886018304,184.84285245506146
811.7620612198739,558.8694014114106,36.01845805677205,187.42343632266633
812.818449448553,557.513535582615,36.41859840277374,188.48393001562744
815.8262765631198,558.9521009799035,35.95914324743171,189.37896833420956
820.1276913899076,559.2183150058239,35.22078026103142,190.4659333926441
822.0538349745101,556.969200407024,34.937030803923584,190.74453234884987
824.4491791484229,556.5906414523056,34.53331774448917,188.88786809085195
828.149916654969,554.0658303910822,36.15361416236608,183.18196080961232
828.4741364344274,555.506819803694,37.471111145006724,180.52089698899945
829.5429905161155,551.6358448519451,37.77678500639544,178.3327035361743
832.730113772116,556.0156834281162,37.0418884318334,178.28814956040668
835.984432017666,559.2590965991935,35.675367533689844,179.9751351307886
835.953046582631,556.8502579256145,35.050117876396996,179.29838622748883
837.0675931664038,558.4765074841735,34.805716686352554,178.36168348564578
842.7960387776218,565.5189975219033,31.166679391528817,183.19638305190958
845.0724329292915,563.3848275226054,29.013141118707015,186.05519598713562
847.5344726643046,560.1827413822512,28.490404994322752,184.95711473543443
848.5187962052763,560.9069378558952,29.409398865443322,183.7480004622721
850.0889386835781,561.0543022266143,30.01855743987612,182.49455127520116
850.2076859496855,567.3943580155532,31.056443638290393,180.06471626287498
851.9535058787824,564.0891661321706,31.579556168097106,179.76730316989892
851.2187576642741,561.8776095706777,31.978778363295497,178.87754769776137
855.5010493294242,560.679899418093,31.184917422216536,176.1743337599194
853.344641255434,565.3028719309233,32.36943767175933,173.23636116544168
854.6322095582682,569.5343261888667,32.627466711690374,173.28637493654213
855.6279890889602,572.206852459318,31.984817147567245,173.97084529145252
858.2685987365558,566.6204747082793,31.912343808797118,175.96557268684043
859.3975975165238,571.1286220260113,32.505633375402425,175.29018610191363
860.6844246595357,574.47978578329,33.013017802833616,176.39891710862696
860.1023414817153,577.1763323092231,34.41635661712336,176.71516081442064
861.7069824172625,579.486038326127,35.05530987633895,176.58790957773195
862.6195901366175,581.7070743905626,36.015427832633044,176.73934235456127
863.4244051051616,582.449816981757,36.60883372699651,178.44624046150994
864.8714068211237,583.9321086168371,36.61539639614632,180.09935824496893
865.2271749305517,584.1774082945872,37.55850860048522,179.65548572349786
866.7155542828659,584.8112506936914,38.3016254699686,178.3062523239005
867.9160529511526,587.7560166111653,38.06483320770576,176.60030708639522
872.1471801599936,589.7631467719306,36.275063664749,178.2716980672024
872.4047443775971,584.3299901846257,35.153268545391306,179.58605125035706
875.011776881896,586.3206086991696,34.2919147375076,181.7018090981308
874.4225993756075,586.7359096984003,35.2191170558593,180.121942620986
876.5739316824935,587.734771119121,34.82763460723312,179.79659891563017
881.9947921214539,593.4262714522113,33.16019771063561,181.67420787621938
881.1552369936215,585.7761958759476,33.650381746360125,182.07235478680363
883.341387317583,589.4426358405951,31.546928802371085,182.1272817499035
882.8504042323923,591.4108717591317,32.092943233202774,183.4631220771368
886.8526394306,590.3451759769266,32.49437665301044,185.57153261068063
886.2126283195215,592.1858073073781,32.87930698387875,186.97528381620222
886.8045819611928,593.2843350643006,32.869914351834716,186.7779085830424
886.9945834467153,601.1830059385964,34.63447720148363,185.23007473850382
885.7962273675773,603.4285261255338,34.9337965622895,186.1896368960621
889.0340900034955,602.9883837843621,34.84915643831077,189.74140914821433
886.7479281007352,603.6655789176373,35.19831091704928,189.5300364121054
888.7730790502347,601.9084786965311,35.239311412917075,192.12525524258908
889.8932083964958,603.561920462043,35.2264127305421,197.38828843672394
888.871641361757,600.0154843918872,36.242255382897596,197.0465044338471
889.6127046973867,595.8541849770493,37.17144963639728,194.77866251340092
888.4433432505766,599.7854932356199,38.7083117206911,190.99026856095688
892.2322080949605,602.3436277806342,38.35934322806,190.8783820812494
890.1880852295164,594.8178896637711,38.020048179834276,189.1022006153906
890.4940960875881,598.0275735486081,37.9566520521079,186.89651740458504
891.9950000751692,600.5860339521046,38.60749181063409,188.48864296142256
893.8915446658846,601.8765279631014,38.574784566230434,189.62678950859714
894.1174708417311,599.1405725942203,38.8325434515864,190.18013354256277
894.6739836882696,601.5598649871336,38.600836268088266,194.87817175783482
896.3008726965176,601.7969135783659,38.16567583391339,198.54429378694869
898.9437265686597,604.7252709856646,38.85532943682759,198.2343681416629
900.8103475003031,603.3792265690088,37.99630031539265,201.2247890701205
903.9545597837185,606.5222318937851,37.828401585506334,200.49919511902374
905.489731335665,605.3914579143653,39.22552483598332,199.66425436364506
905.9688091365564,610.4812032669388,39.530483686562704,198.81986097142533
907.6283817845685,610.9456230876401,40.03543769283036,196.04018624510775
909.3044781310542,609.960114660383,41.12293702027514,193.65125970972912
908.9430061493794,612.4376992968567,41.8956916241388,191.4696583517445
912.4949168297713,615.1452298967475,39.989945557849595,191.85358787843398
915.535832220608,612.6051790602112,39.767829761070004,189.2047519256215
916.5934058094335,611.8792541993721,39.31467501410591,188.77335081474223
918.7463455405963,613.6679287640885,41.035756401542315,187.60634962384697
918.96790667888,614.1278983265474,42.044320984105795,187.82538886101258
920.1201445322101,615.332040820037,41.51138115085848,187.93267975980592
922.8382527796058,618.7610931125173,42.02659593048123,187.81650995115172
926.218691053989,616.3826083759877,41.82401415481684,191.59992552826048
926.1206342558429,620.4068503060655,43.06575009989444,193.28972959382497
926.3191763847766,614.1049756823267,42.73149752697403,196.3878750510196
928.9262975893243,617.9525440946195,41.979259779438465,198.40381877758148
931.0759634179287,616.7942083320705,42.2422807795479,200.80754353457428
932.1549264756056,620.7440493417264,41.64873244892305,201.16604022619998
934.2763516270927,621.721697941688,41.048943783827326,203.9172125621044
937.0205066504897,623.0461116343777,40.39473732132298,208.2398979712197
937.4163623624619,621.4510889868379,39.78223514461001,211.87091410436918
937.3310805955982,618.9876603627598,39.601123585163435,215.77898063063213
937.7606865289038,616.2619782558413,40.42365557879698,212.39744098246962
941.0312833826157,618.9346585410316,40.396590556370654,212.02268721598298
938.0775929391522,611.5445223855588,41.293588314177924,210.48287590876464
941.151094057373,613.0927372002034,42.03753151230655,205.64724342245788
940.112772272661,615.4711946785706,42.369041085720816,203.12809401633703
942.0422859757132,613.7083929167541,41.94046459590673,201.55665927092684
942.2391058638349,612.3357768076885,43.00520051203079,200.64688126566955
942.3786778485562,613.691928042857,43.11837431449981,198.66652776708094
942.5212430333995,614.1637510103944,43.82546565787922,200.57551745403038
944.0210792626,614.1007549856558,43.60407345765713,203.64912321963314
943.8938976082858,613.7586311575765,44.680083218235445,205.77922649331504
944.0684925092067,611.90735311752,45.09774895428487,206.81200160380843
946.8119092530704,611.9767591815605,44.148824020634756,209.54303510446573
948.9845907696437,616.5543901824153,42.58216729966784,212.0887523355442
950.6315571877562,615.826600252065,42.0016400725736,211.81234817696526
949.2002361539537,613.4641101455069,42.35869337026584,212.13364472766688
952.2159229314614,616.0186570224221,41.79183025607704,211.90741878694695
951.5894384270459,615.7807499421492,41.631411489486666,214.2951335870266
953.0547613129103,615.5881032578286,41.11215745283494,212.83781647726664
951.9927819173795,612.0854816817149,41.656624986228984,211.21188268094676
955.0178144669742,610.2275235202926,41.81967748652694,207.78191401309914
953.7075692519077,609.1738502770756,42.987272871379474,206.16439172511895
954.3627608699073,610.4892815549241,43.02664659148049,204.90111256347274
954.9736982377324,609.0066968538591,44.95724387502594,201.51418588482258
955.5472207691157,607.4240310545498,46.14614513374675,199.36256000968632
955.7252605911017,607.4608956610862,47.14296241856212,198.47938219679816
954.5277563548212,606.4091699243634,47.60680781853697,200.54819918067778
955.1928953914008,603.863043782627,48.5956027071849,199.96519616553604
956.6162487661425,603.7450773250628,48.64165480398472,200.30047048063204
954.6138085900427,604.2926257813481,48.582628963404645,200.58332387876857
957.3049292601804,602.3473986507074,48.701959278402796,202.81202138612846
955.5462217740037,599.5122504619474,49.27719051776975,205.965925532661
956.9081156519727,599.0110267220717,49.550274948492394,205.9459384201652
958.1329663374893,598.582685649284,49.24028495746422,207.227663791029
955.4103824028402,597.5474458011157,50.358271010661056,207.49672053375997
957.4586325089622,597.3437159385858,48.950509382935806,210.36210581691023
957.3599516392808,592.3320924721661,48.16288887017746,209.50109257213728
955.908958074719,589.1102405688571,48.64332024177861,207.05295735135047
955.8381483115053,589.8104824169787,49.567661406885534,205.11714961803204
957.564121601769,587.7718511810674,49.02289847351376,202.34788975861693
958.6199834445715,586.695361178776,48.69450785103439,199.9197845581215
955.9535080051104,585.3151905584965,49.81804186365416,197.6409383673452
957.9213890620028,584.9141852419187,49.59418379878888,194.8780319129457
961.6330580668623,582.1199838669738,47.49940852558131,197.13695091535322
962.1998054136341,583.8767528883177,46.611837410776936,198.94573094975289
963.6416516845509,582.4806006346146,45.614229187104286,201.96131088020923
964.4358320876644,584.2061865161795,45.65330609163915,202.84872354014442
965.040457388089,582.5471816527061,44.94589792996478,203.93912887790077
965.1899607817734,584.7194507334956,45.564667071570035,205.25275283332599
965.5623585167533,586.6294302383667,46.38654619172109,204.52856823573904
967.0180881208873,587.737103271952,46.581028279076605,204.50940012801033
968.7446448054217,588.3853907757725,47.00970745532665,205.15831679193167
966.7319064627038,585.3202839536742,46.529231305679254,204.65536698397983
969.0444235954975,586.8890123643505,46.3760626940837,203.65401570004184
969.5260281718652,582.6073995091663,46.57608574864669,202.99320328632575
969.0345189658881,583.1492224951531,47.39867003374687,201.55745920701412
969.2475376883339,579.7317675336984,47.94166720103418,199.7134836700236
969.8896931782066,576.5903919813044,49.6507467814388,195.99397075198448
971.3660643844236,575.3110497761019,50.70135367320394,195.54696268039484
972.4581983147574,572.5399262632835,50.25840487286193,198.34309187575514
970.4089261249105,568.8755235728376,51.36188976235181,196.38098081377592
970.6979552899671,568.7444753815377,52.248193695918246,197.18420571257295
967.7455612782395,566.9480716995106,53.63222309052811,196.07598377593735
968.1256584861635,565.6508571632111,54.05890306432857,194.8488405447645
969.1097763342882,569.3163066184838,54.00351226439585,196.3051940603663
969.5157926205558,569.2502668375018,54.24643636643641,197.4045758851134
970.257691717504,571.504871598629,53.731283983620955,200.15100543909182
972.1794436291212,573.3183607175496,52.617169827897385,202.29886135728728
971.6179017659688,576.7891233505545,51.71190296254275,205.03613762783755
974.2139548370325,573.3507483899455,49.46901223255537,207.86649463142246
974.4611092699336,574.4192755243243,49.23791712045347,210.1613875939574
974.5076782394194,576.9671294404844,48.71784198880334,211.50750133680214
975.2860667784093,575.2441947917745,48.568607258731355,210.15073162665362
973.1587786254595,573.8923568679372,48.57613184878031,208.373272105981
975.5557533676879,574.7732055178031,49.002175955632,205.02157000449887
976.0614870683598,574.2856075075581,50.06756278326153,200.6310653032484
976.7936184561188,575.0287794498204,49.73006740467042,200.27166369567828
977.910823829142,574.6018251842952,49.542587686990196,198.31597163506925
978.4493146752511,576.7691456977108,49.41718407542622,199.38311502825155
978.7038750379032,578.0537253945349,50.12243014375429,201.50149044371585
980.4249978193136,578.3093170048523,50.15630791391097,202.27511621642043
980.2755544795264,578.3505459588761,50.39568825539561,203.62355745159203
980.9167781296973,581.2079054928881,49.23236775177637,205.56444751442712
981.9663612581745,582.4855035458818,49.38651122153685,207.09384184346797
982.2181185925347,583.7363017237044,49.635424071184346,207.16258063758784
983.130634443824,585.8003111999391,49.02558695154492,208.80384927133062
984.8103794576255,586.5160598475425,49.12948894321375,209.04002675601586
984.2151691172512,589.1726337088733,49.62394320140443,209.4050973980697
984.4723799986004,593.5482496186098,49.75451122723816,210.67240214628458
985.2432020992846,595.1235846268753,50.54088521434638,211.48607210129597
987.1969917312668,595.0233439557758,51.851869507053095,208.58329054218893
987.841474687184,595.4420536782059,52.782049846897216,205.4083602731253
988.4801061402333,594.6620708700982,53.009693595156804,203.17455486082198
990.8709088040956,596.6071091485943,52.00878823576994,204.00558530990264
991.0351835458664,599.5578506290976,52.81892385945952,203.30210707149126
992.8712682807179,599.5331487499236,53.517708903306335,202.50692266932458
993.5568708599885,599.7675034689818,53.659869371100186,202.93890027010661
993.4412876981492,603.0548199663274,53.71612720579003,204.30169384249314
991.83726638398,603.2782846653698,55.120771105757754,203.12957452016806
994.0157263249293,606.0572271770976,56.7165566071598,202.45704258509141
995.0100146578321,606.1867190699899,56.121090693460005,208.15105982164567
993.4092015005054,608.3057302995435,56.7924066157336,212.69383627458683
995.4228180467948,608.495303576983,56.51800832006059,216.43388899567825
996.2019967768728,608.270180868947,55.03838184542683,219.83466327184246
997.7738966962772,611.7647301888364,53.718133184596304,223.0228231235796
999.4677790672891,612.6959045092652,53.45241109851737,224.3158838188121
999.7485996979009,615.4986696168198,53.68558406630544,226.67810510669375
998.7609226466514,614.0950845556658,55.30792015318141,225.16590591290068
999.9024088011095,616.4315444481598,54.835925422428275,224.49098770338256
1002.239547654817,617.7754014509652,54.958907522599944,222.26086165515397
998.366310606031,616.7356379327646,56.49073241973247,222.5565600754129
999.09180941825,611.6917704244458,56.76847548743311,218.0720227913302
1000.293848322183,612.7935118466432,57.387254868745686,214.36230899658
1002.9400861730496,613.8172634941143,57.04954544051081,211.62903155412744
1000.3387110393254,611.2394914998576,59.47201440264614,206.1116991846083
1001.3967865079754,614.7299767440675,60.11206997779742,206.84734580358003
1000.0572657791854,615.0428777314328,60.68322321363658,206.4836608570859
1001.2410090844807,616.6072842460046,61.487248253131696,207.16819421389806
1001.2942874014018,615.1502055289612,61.13728234328063,207.63899322665898
1002.1700261388811,618.2783648427711,60.666581249814804,209.90224113498897
1003.4952193228409,616.932812010634,60.54043752143694,212.47176634753617
1003.1212952370579,616.0134012967411,60.04215737230881,212.8138142939531
1004.9566598290868,618.5083483719643,60.96421974556296,214.811032665632
1005.9167901887374,617.0392806559355,60.69560504429012,215.83627837868005
1006.7865459859661,618.3311545791637,60.47028567338158,216.3212742379733
1007.7163395885356,620.2168415988408,61.01785827354041,216.53731885019982
1007.8885051833233,619.9489179670633,61.41623552856034,216.67655269469896
1008.8803079282367,620.0055793726551,61.28525135564334,217.01977556427676
1011.7003625076584,615.0391822424835,60.51161396422545,215.14529405252512
1012.938520898961,617.2435105635388,60.42740347625217,215.45351296354545
1013.1921813207159,614.9919606058011,60.1548462997299,214.86621981261484
1013.293764736084,609.4964998788421,60.39608797514863,214.43037391728961
1014.7035504289506,609.6593397474014,61.948288878691585,215.09640841929144
1015.2852597349154,612.2942473290308,62.85555326923395,216.0810278416041
1016.1733191619966,609.4027079210473,64.42367579576307,214.1554842019742
1016.4635015237617,612.2753976500157,65.65420520389324,215.92813634117456
1014.7239125727168,609.5575963790284,66.1434715497391,216.96735464395266
1014.672740246265,614.8831648970181,67.02041617202988,220.666715807436
1017.3374043941824,615.5879210469419,66.7578808411303,224.06615917699156
1018.2937198061685,614.3660354014356,66.10132039260061,225.7891644601038
1018.5450934764033,613.2184466892471,65.53290994539165,225.01705801569125
1019.8235170670853,614.7098659729804,65.13684152493761,226.74287718977115
1019.6812030831685,615.6699588333274,65.169815493681,227.91182950008317
1018.9316866379677,620.0545742654333,66.02619128292818,230.3159766265939
1019.277858834718,619.3882820294472,66.22512503712517,230.1594536089803
1019.050164593733,618.2657112884226,67.825674670981,228.35583276955737
1018.8204927472697,624.089951601942,68.00006506772323,229.65524337787014
1020.0856008865511,622.7599919426423,67.79685727495438,229.18361834489178
1021.7696654447905,623.1839123963662,67.45217018842867,228.17784731661817
1023.550777179448,624.6423345792264,67.56179263204686,227.59433453582815
1021.1869843605166,622.1502303336478,67.65223608851329,223.9344514208454
1022.2678146804245,628.2806252062027,67.8098596493658,223.7924856808625
1021.842771364204,631.1886313523675,68.15765311230822,227.55705982194348
1023.2032361275844,631.2186997710122,67.16811894935519,230.76889182620667
1023.9875511126725,630.6932069443214,66.858648067314,233.24620530418085
1025.3496052454836,634.5542464571805,66.6665763445838,235.18608401924647
1026.5487434808033,634.9376886475329,65.72074240076212,237.4809870054087
1029.99437016794,641.0545755723745,66.88865307372996,239.57479074666787
1028.556671121671,648.7760175964429,67.87464984962531,241.900566290206
1029.3607588880518,648.1222255071215,66.76568533018064,244.72534915068013
1029.5821013865561,654.220937858119,65.6484447930872,247.65033903761343
1030.6133760719438,654.3489512884169,64.91735923609345,248.0296006539616
1031.0257091325914,652.8987904997904,64.22183501176137,249.90139830924804
1033.1086082482104,654.3143384596655,63.389653514074325,248.9744339212132
1035.65710079579,653.1219687648722,63.57371433261134,250.2986252437067
1035.8041780691926,661.4007093448436,64.7996924466718,249.01968469503117
1034.471620771189,658.277951319321,65.28622747381631,250.0579344153572
1035.3632288359495,666.4312498655977,66.22002637229545,250.05930736980093
1035.4501016010747,667.1782887796978,67.83702705405021,247.01408947163912
1035.907345001986,669.2236712633833,68.86408871891024,248.4063977388265
1036.400928729723,665.6531142475477,69.06871518204565,251.13446302629595
1035.9821382337927,671.1651390408213,72.09213272748018,249.7258871870023
1035.0412543664506,676.8531175442055,74.35241549707803,249.22376669756764
1035.0402420192831,680.4211581233321,75.14573256077882,252.39106936652388
1035.1174289302155,682.4506956315055,75.85078398562969,253.88847523472919
1034.257617644006,682.7517662324186,77.61928875191215,254.2447736810543
1034.8560328868773,684.1887269270931,78.7803481568404,255.53290015471197
1034.0926833232743,687.321536909186,80.34071358929036,259.2579589777577
1033.5455110513906,685.4225346760802,81.04447941606433,261.2869118921502
1032.933007771371,685.1912400689962,81.02965619743242,263.9093865128126
1032.4230273167884,681.2470531447591,81.50913661209805,266.77018248424196
1031.7382867086535,680.9067402045315,83.01073740947142,266.6538695281227
1031.578592645173,677.9425957617633,83.27315370704747,265.003743973504
1032.1876201857733,677.085199990157,82.28194915039202,263.01893100545556
1032.7375871673617,671.4593496447766,81.0200144118779,258.6495560660285
1032.6801629447216,665.2071998572876,80.72244470029574,251.952103932022
1032.158806485639,660.4922854873013,78.59484449857291,249.4145759901709
1033.3738356940603,659.6501358024328,77.69387791675217,245.56810267390324
1034.5855246234566,661.6307779630299,76.12660180928714,240.88373426056887
1032.274717110043,658.6684810802884,75.49511024202879,239.04196154427092
1032.7655918704681,652.0583319854816,74.22879112989438,236.55967642089627
1035.008753080182,651.5777962341556,72.03925573401101,236.6341678139521
1034.756562300109,646.5635599287352,72.51804885996776,237.63800224882831
1035.5737114007857,648.4263904575569,70.71420137224867,234.35946546377005
1037.6821504356108,651.9065809151091,70.56840255674896,231.99578474016337
1038.4306459742425,645.4095186717313,70.07743393279378,231.586634690786
1039.4346918046117,641.5251528148696,69.1585110590575,227.74552315042033
1039.83545520499,640.5323109466312,67.98544248998856,227.41507267249574
1040.3022108152716,637.0978996970048,67.2829503342096,222.14084497796205
1041.607270462488,634.4223215949194,67.16604874645677,219.6264020267068
1042.1550456841985,629.7646445237709,66.78784103737269,217.16665641467011
1042.7014699884041,626.109987018096,66.19623971575825,213.26586362267517
1043.0028119870278,620.1891271886496,66.87963119134233,206.749200102857
1045.3940334962294,617.7865095710499,67.45370214998988,202.90123518852033
1046.2541000415144,610.7102964466908,68.55271211628937,200.63031014939676
1046.8391790763571,608.041948779702,68.98441600033969,196.59242033170196
1050.1103512085192,603.1772981277752,69.10968524233249,194.35104425976215
1050.3843384558272,599.7812885970937,69.8133790817237,193.91246201039502
1050.6770545843076,594.3658924012378,69.98786003086323,193.84158299249998
1050.0678740935787,592.8619653386617,68.76368918820955,194.4228874445718
1051.508193868623,591.0663338366342,68.07061043485808,194.26599795419642
1054.444610384743,588.2611066317337,67.83029569409176,195.52163354304386
1055.7114139701062,588.53487066114,68.3786861563456,194.48308557961792
1056.9898627312014,586.701523585161,68.82606014141868,194.78903382474596
1057.7513046694846,584.8940552157395,68.65206978806845,194.91184433716373
1055.8294198964968,584.6102441811818,68.01405975869622,195.92111253517226
1058.102501325552,580.6459617166458,67.50767084162541,194.12157573389732
1060.6791963621995,577.6822701386391,66.75285273640911,192.2387906236145
1061.6528229851474,576.3606331652827,64.7174946911238,188.52749847306774
1066.0222734890756,572.6162863651595,62.468592023873995,185.6097742266344
1067.1880373627307,569.8830165031933,60.889369366991204,181.32042787268597
1071.6227631632116,569.8054321736606,59.430516044074736,176.19549332511687
1072.0292464970928,566.8704531906391,57.64659907085088,175.79106107051774
1077.9477892246782,564.9070135065964,54.8722720614195,177.7673261054503
1080.841655994089,562.1424232392117,54.09887940013079,179.86416315724853
1081.185665773589,559.7218564861491,53.066948640369006,179.89837470445036
1085.1589457260707,558.8910537138743,54.22514413701704,181.21667403538265
1084.9353703259924,558.7598992085627,54.6754669932248,181.68541871149404
1087.66572973075,557.0330039690249,56.304664889794665,180.8814343607053
1089.0605030071918,559.6908683476886,58.52412054562082,179.20320231320136
1090.6626371144393,557.3849505657716,59.5453638820291,178.52797856993698
1092.0558260512855,554.0736877799663,59.97364474551916,179.0121183688425
1092.2759709502145,552.8429257444371,60.392779061888774,180.94866493469394
1092.3050483863374,552.364531524433,60.58441700389777,180.3601108101193
1094.2380963823855,552.4272352509311,60.112949536581766,179.22664135208004
1096.4745856044424,551.4316773142446,59.182170227294776,177.67968201678914
1098.900984314847,549.7716299574588,58.51039354317972,176.58232487184011
1100.5621466768043,547.445045399254,58.28798646948762,175.23257288381853
1104.4296988244396,545.463587306085,57.44497535582735,173.27930083010557
1106.8744098387288,544.2830099101502,56.90739477698666,172.27210845400634
1109.5881044374466,542.8426195042898,56.821997004111225,171.2387306830396
1111.3037079111716,540.5898242006107,58.22048909612049,170.88853782787348
1112.7191507919117,536.895418592073,59.12757917044066,172.88456921783094
1113.0726353572288,534.8580958103032,60.319609730816026,173.875990246382
1115.420027541285,534.9335368598603,60.43075216247803,174.6751030689523
1114.9311889047824,531.856056035831,60.81534837841139,173.82926601477072
1117.5128152940947,530.8766526397058,60.73088483394815,175.01186053199316
1119.7964824509036,528.4047112345528,61.38492455521168,175.13962891663982
1122.5449245651082,525.1956439673656,61.524853490559885,177.09833275643393
1123.0311702500549,521.4139757902012,61.54480890087161,176.62022623966925
1124.5087572400896,519.0181419800795,61.408914353098595,176.28156138997235
1126.1765812273215,517.0949935297973,60.47465049385393,175.67191422925754
1129.3101829237287,513.6004880543953,60.4316578401754,173.7440159622269
1132.6294671103253,508.44552178942126,58.00825985043544,173.5753985348997
1137.8484903918534,503.93758829011347,56.16454026034074,171.2071703415598
1142.1506732779524,502.7332251526698,54.414259933546674,169.95423952149173
1145.164995414745,501.5783342410657,53.56255705476765,167.95276588968272
1149.1281015613135,499.72109528463915,52.67534813382282,167.13996251820356
1151.1095434891354,499.9667347548515,52.536978428798875,167.73508349061302
1153.8304976099396,497.4333556044428,51.69816333446785,171.31560629204836
1157.454835739939,495.00004982269814,51.70628343448499,173.83923389443237
1159.1962455840958,493.7903732360585,53.165732117753706,173.88080639182363
1159.97618952228,493.4072378905287,54.46195004582853,174.12192791629926
1160.9119928160915,493.22687933269367,56.12197921946676,174.80021851972793
1161.184237067996,494.51756613200513,58.204327492391,174.62323978614097
1158.1192693398345,495.12216964389836,59.67374859400816,175.19788057119243
1152.4278714431866,494.5951921809262,61.062262618504754,174.58483341526573
1146.6052016903084,493.32082819626646,60.430918316888345,174.24735904922744
1138.0052383383556,495.69274475318593,60.801001499675806,173.4397852051029
1129.0605856747998,495.535815959973,61.04184643860397,172.26290356518751
1116.0971252049985,491.7004985231588,60.62812635647773,171.50071144296635
1103.6907527752605,492.28418127842815,60.013031936779136,171.91635529464838
1090.2570927593854,488.42290510083865,59.15389055800674,172.27120564253366
1074.6722597336156,487.1556326250236,59.172134108935815,169.44266484739865
1062.4896552119872,485.56833443238247,58.09978783908275,168.3053734915921
1051.2067134810059,484.4973999790924,57.408129644551266,167.28046073427754
1042.0668950529755,482.1159827874224,56.824059911866755,166.97060224652373
1036.299121345292,484.9268652279943,56.95233308101794,168.71785496639308
1030.6804739619447,484.72521150119024,57.7827112293655,169.49489880153206
1027.48950877557,485.8823594813899,58.41577790506298,169.86027818178513
1023.24377331203,485.2176482648746,57.791106559193466,171.03938467443578
1019.8141665472821,485.1730462792924,56.31091026050336,171.79416611685636
1017.9680320717159,484.3081832523619,55.650440354366296,173.95272532754146
1017.5929865456641,487.71204144413895,53.83627044684483,176.06332006306695
1017.7449617642608,486.1351760591024,54.60445438522345,176.38389710846963
1017.589038275759,486.04474760447965,54.190173678110895,177.2903511012837
1019.3359378984858,487.6071996310419,54.9401068850497,177.48052077672054
1020.0999664824651,487.6756655973146,55.39933771529058,178.9789196404169
1021.2177835051695,487.6621862637412,55.63986109671609,178.3568100712128
1022.2841670869019,486.1906232192311,56.6359858781364,174.74920497813454
1024.463603664936,488.146697068555,55.37789392438413,174.42809598340523
1025.36484579403,485.5643769932961,54.95895434965259,171.77837980686613
1027.6549069146247,485.7574298808549,54.33123636909902,171.09993035565836
1030.370087415334,485.87189782844985,53.80396250680991,171.94778455484405
1032.960598155131,489.4542758028603,54.48022652678838,173.26408672675066
1033.7691702881232,487.8154818486404,54.67086908312318,174.24009134509038
1033.7046924003246,489.38273480249865,56.5943447599963,174.32012258108114
1037.4349964526891,490.4359407230672,57.444221541436676,174.88985486302144
1035.9401692607048,491.0041522122667,58.90768755183955,175.60184165654158
1038.2904540264879,493.2066045682704,60.30072401545168,175.9035404716034
1037.7079697176189,492.8313434955935,61.16499536613413,177.04039825810293
1038.1794307953542,494.35137958984023,61.90301002401806,178.27725878597906
1039.638410461725,496.1365694927067,62.623539460807464,178.41226681098027
1038.4432075696047,498.5416103552293,63.15893902709148,178.72226794115977
1039.6953565964532,496.2735564883358,63.671691954916206,177.76774838612835
1040.0227728746017,498.8415308302575,62.994107314780905,178.89781952345191
1040.68778152564,498.03909025754047,63.707091426049956,178.71964774759084
1040.2019679564596,497.31822645888883,63.89286929120594,178.20461648812082
1041.1437755981863,498.4783793564704,63.823856978829646,176.78185388486747
1041.2849540778343,498.99985953236023,62.94019578645931,175.28540890846352
1041.0005372080705,497.66223181838257,62.75523968385812,175.4903915569542
1043.0354030853211,497.7393210423666,60.46811894181546,176.84545981594863
1042.851700357251,495.9648740660056,59.92823668109044,179.0364346717239
1042.6208775677874,499.67840755588566,59.366623812370385,182.48350270935885
1043.631922568147,498.1822327444073,59.29577542408581,185.03255068441393
1042.5296935009733,500.42438137232443,60.314634827392176,184.75508917534486
1043.6331225639901,504.6505148411999,59.49980908623107,187.99253571568238
1043.5669947981019,505.46149040349144,59.9740513338011,191.9909630853619
1044.3772741678408,504.9189467047134,58.97559336479647,196.1016697513354
1044.3885368602776,503.42210188482125,57.76405461799213,199.34584755316047
1045.7489027808012,506.47903125235104,58.103122686536494,200.54137173359766
1044.0509626329952,509.6798046913937,59.581280995378265,200.9367875935494
1040.8050570444927,506.3470742401767,59.669566343067736,201.46722919361528
1040.7664187695032,508.7582088625472,60.50649020282714,200.01411869368633
1040.2512618907583,502.2688541784653,61.02541136693283,198.32064502504585
1040.1900728343574,497.92261505439967,59.886001588347156,198.0534064763021
1040.5418407054128,505.4105644039181,60.55355447023648,195.4487960768259
1039.7568504253027,504.52638571792875,60.91468250093127,192.13727559541093
1039.7367185006478,507.63950273848013,61.20860467472068,189.4687393272879
1041.3193876038324,507.9260823537292,61.30536311179969,191.0585551696505
1041.6351868067784,508.8399169552432,62.14103055025252,192.96284221013752
1041.0686510257206,509.6836594408818,62.52962931068293,195.56200122079392
1040.8006867393115,507.13840507221715,62.11469410491019,198.987819105958
1042.9020805129753,509.1999998651046,62.23083193828917,201.94940544486573
1043.1176532249447,510.4901662499151,63.07914360663564,201.85104060127014
1043.8924400518108,515.4348160304304,63.33979102891497,201.67196614552512
1043.860930316613,509.8623635969376,62.18811540329467,203.54694303399518
1045.366015321001,515.2763296436065,60.61704542160299,206.84811174021792
1045.3910200947096,515.1650536337363,59.63095029240652,208.16884703422735
1046.9840503427733,514.1246870308303,59.97189141561793,207.30411753633453
1046.6434727364203,513.1345379314027,59.37984122881039,207.5305271281645
1047.856580951601,509.84668214864723,60.37159450212353,207.5071819729419
1048.9772373352794,516.3384785360363,61.16806583434578,207.6089754744089
1047.2469799842654,511.43285026891806,60.9316179413879,205.47777194852577
1048.435296301492,513.5818160216633,62.401956103519865,202.84772574653272
1047.7219184778123,516.8910144801073,64.04444307364433,201.48604555785516
1042.6401360053324,514.2614064402914,66.38758632289522,199.11510655096959
1044.3637568466731,518.6733792143459,65.33657915254253,199.86055892919103
1041.531791689519,517.5265563142309,65.1769587657094,201.05728590808613
1041.5205055148592,514.9523504541756,65.67334473821873,201.6424289666978
1040.6990533094552,521.3172359270441,65.41443337697041,201.77141217898082
1041.470194672249,521.9412237812566,64.59041004555168,203.0081941323753
1041.9203141380751,521.7568513654226,64.38903915016972,205.37084319702217
1040.8653199897078,525.7400192414923,64.01098938385479,206.46478824474852
1040.9611266787163,517.2558899916523,60.95127440900558,212.53978960331517
1040.9955711828338,518.1014296148062,58.59394588851761,218.3229115593998
1041.1608090704137,522.5141657186666,57.08400934942668,222.1822547584784
1041.4940360902294,521.1479727242431,57.21372488882448,222.04737003924123
1040.3253260962133,517.6136398421032,57.86788491286715,221.37235771056447
1038.344041349201,522.9842937287681,59.42674213424805,220.3863800229893
1036.609173775024,525.1124869215573,63.15155836995274,216.4082659085671
1038.3785936980357,523.1209293276954,63.93595498938359,214.93429834787784
1032.3148289659005,521.2255764897963,64.24279715964741,214.8047869864752
1035.5755981020534,517.9541609074113,63.37124944596607,214.11491637283314
1037.6453297613414,518.1960523295675,61.87201821357168,215.4306539018654
1036.570039748792,524.0713337196796,60.79600927420816,217.61826250835963
1040.4849079668363,507.4762917566535,59.83443785429391,220.85113207894324
1038.1472477617103,516.4968060758431,60.040084630970455,222.23202803162843
1038.4271583201187,512.936102357572,61.070647639863395,223.59305233905081
1039.2451921617935,514.120498118846,64.9787536740121,223.31328607552098
1038.4878653758128,513.1367947276896,66.46592001828046,223.60305075082374
1037.6103136127629,515.034401052907,67.50002936989986,221.29960193057389
1037.7124352546523,510.6164026066415,66.97782919148499,224.71333520082084
1036.7667023812028,510.7866620393661,64.33717661791874,229.5207855812823
1036.1454782678136,509.5655275169776,64.0427730809721,230.11659511811706
1036.424006959385,513.2683296658524,63.09707732063964,230.6124738792968
1037.429813128758,501.5662975802984,61.36469205985425,233.85305919908654
1037.3341764361085,504.5717751399874,60.40871181260829,234.8983441614957
1039.1464909310898,505.95819933873645,59.98981373771504,234.2426129305167
1039.643130412362,507.08666367767466,59.401122789057894,236.32559619035396
1039.8324290149167,511.92892868030964,58.9455637238881,235.13995229348248
1039.492077121632,511.58791704786734,59.7964251963333,236.02902026411562
1039.7498518903571,516.8684823651583,60.07313684214489,235.74281867616435
1036.8310072533625,518.9791300584742,61.99822679095395,237.27571182713044
1037.0725261987607,521.833528050846,61.12278324119731,243.71242556223547
1038.0596276823528,527.0111051270761,61.71847887935962,246.23486349656713
1035.046521241204,530.1654543482575,63.0412954413144,248.45767445361855
1033.6757454548197,535.4798592871823,63.529404249800706,248.72017526760243
1033.7259320359437,541.5449453113208,63.65836945036558,247.79556199618094
1030.9299351023749,545.7143821529181,64.01334044076397,249.32873382995407
1036.475742859208,549.0725472522533,60.970552098423674,249.91336464889224
1033.7580079931658,553.5075047826804,59.6412436933005,251.2649270965831
1036.391057409004,551.8290728980188,57.82147540895728,251.467632273682
1032.604760873014,549.4080536370213,57.27634024759978,250.3338826792218
1035.3100107080606,556.2421005026276,56.000259065055005,248.19751769251616
1035.4474063481198,556.9546457359181,55.30784098678394,247.38993480287758
1036.1304628757855,556.0395495348864,54.59072494025321,241.92892752079797
1034.799316595635,551.8594394943166,53.5588718210801,238.06747840485525
1034.2401356613298,552.1057976856741,54.20209097232901,234.83044449055427
1035.7787028833818,556.0197770326371,53.21467820791258,233.55586390179207
1036.6255370272104,555.9666178445657,52.257562277929026,231.35649532725108
1035.4938906564967,554.1542374561374,52.730081985260576,225.97683582365127
1034.378396248598,554.5473858319297,52.52132799748455,226.76187689116603
1038.0183722776137,561.4659520638936,49.29220725735486,230.2323825955732
1039.1541573939096,557.3238628870943,47.782792497995075,229.68866959937935
1036.060519201628,558.7612313602392,47.823747585866606,229.57928633274645
1041.843172261324,561.6244387144967,46.50926353373523,226.8737361109259
1036.7011986555028,562.3937701852888,47.640845060868386,225.0813744031101
1036.4859990506388,565.3961232439856,48.27146284380908,225.48311092792846
1037.1168063761527,567.6884123166244,47.68996186599152,224.00166026220415
1039.3721708582195,569.980551559271,46.27349526338428,222.6644892827092
1039.4077037195857,565.2955406000588,45.77152857949136,223.63760053371436
1043.6040248498587,569.3720190855827,46.313573933386024,221.8153778155962
1042.9233209596784,569.7096811200406,46.25855183646526,222.66074657199772
1042.973690471751,563.1227491950166,45.0451950812258,223.05698247709944
1044.5662759587333,565.3633964062287,46.526159895225014,221.28843610536487
1045.7263234444415,566.0801480310877,48.08827088694352,221.0628185978345
1046.6380135677994,565.9080132056272,49.6701461963344,220.8464765239019
1043.3490184910775,565.7169944244516,51.47864467726214,221.57439510131522
1045.0175394955797,565.2742081558714,51.36709085414037,224.0990337385963
1044.402802625164,564.9470154936919,52.24199507044511,228.1320215676855
1042.8072462846008,565.5696010501945,52.41209043856836,231.1220723174733
1047.2637323918466,570.1868349295485,50.044121638230706,236.8544853571051
1044.7249921923321,570.5236944251003,52.67217014104989,237.98216428565632
1046.884432053791,570.4363084281227,52.809835294230695,239.97123061783776
1044.9936715659808,574.4379194611164,54.655457131400276,242.84612992788811
1045.1583103150415,578.9269827654496,53.76589412464622,242.94769520612363
1047.2848067374423,577.2511877447151,54.089697334685,241.53496535089442
1045.9936545510968,579.5049762718181,54.52188502532323,242.97615834292264
1042.9290230163208,583.0095290124523,55.27383257363509,243.10563270708283
