1262.5,383.5,60,151
1262.0057883675515,391.7429535961021,67.62489787427204,138.4148629951738
1266.1172160622723,397.94862765522237,70.28689680154207,130.8618236690474
1269.1880404396513,401.0004405295133,72.98255979147392,124.54398338689819
1260.0755051924816,401.3270077328675,76.0776501985329,118.95781932854794
1279.6383234023351,405.3881795615663,78.63950233473423,113.06386755690778
1254.879222026325,398.94598704785227,80.22469498543609,111.95441427409409
1250.4913362345524,401.9746285402241,79.81217692664704,112.26655038725083
1280.6009319202685,407.277588542117,78.86120836405298,112.3917905473445
1286.0488490745604,407.2749189559303,78.23449045714158,112.1163956277207
1295.0736047580494,402.4825642599775,78.9290891975853,110.44128122049307
1303.1228432990888,410.6490427105612,76.48714726412713,113.51809528490172
1307.7327641485908,398.3822775043198,76.81376667046959,111.67792650915216
1317.1025845904896,401.4356614754713,79.09818126762929,109.8555905012058
1336.4306225445757,406.17021842538986,80.30238825740616,108.59098538280183
1322.1745892518445,414.0410039542244,77.77294712192138,111.86546275652923
1346.3854192219824,400.4173941501534,77.8249123647509,111.86560633012522
1360.051994283434,392.5272802804966,77.77735336733609,111.91224394340132
1342.327217307096,400.33873800158096,79.44716031073503,110.24647705317354
1349.5925313386572,401.6068043909508,77.31700584227788,110.85241432944174
1349.4347843266505,397.6590017729626,73.31644981364839,113.89281402952949
1353.187682512127,401.0642396058922,72.5753958171158,112.37851908876792
1352.8516652359187,407.4245387341802,72.90863712159404,111.67358111814164
1356.3530697312985,386.71886623538813,73.44400419055725,111.20211361572582
1356.5462293404964,391.0945192181333,75.18348844277286,109.36863430276233
1348.4370963463325,395.6033695492848,78.13215260920146,106.23340472505407
1353.499377571716,387.42633828624355,82.52581678196991,101.21875768692756
1344.4301288730433,384.1209608766985,84.53475180138555,99.52230158377645
1328.5682234607052,392.1687303881308,85.61668640535828,97.79722783953731
1313.4769812657541,378.501189099125,89.53277904111025,93.83557656134786
1299.6030152163994,375.5590431405665,92.74336143889218,90.73168736426808
1296.190867434732,383.60058900728967,93.13673401715008,89.91513043611947
1281.632582393998,385.59226860218314,96.35706195689394,88.25572106017533
1282.2995451152603,388.2662072700399,97.06346072549016,87.68531526682018
1270.2640356200636,386.3237292714316,96.49286480194333,88.62464905830262
1271.4250754663963,376.45456465877265,96.62299267458548,88.45426971123281
1270.2608668495784,386.4613268895706,93.11775598137187,92.20098389709779
1260.8303857114975,379.91748463196967,89.66476485787544,95.03769280347394
1255.6884735498345,384.9946194034139,82.92453942229051,102.05957072152304
1248.722168551798,377.4738885177189,80.7334254345989,103.50069737175828
1234.1254641620408,381.86904143373056,80.27629863061708,103.5379328910533
1235.010699334306,375.82883031254136,80.35765328494196,102.69561228980373
1236.209080428501,369.9823744727716,80.6045092033943,102.34662238090334
1231.9821963328018,369.9145276711059,80.18073680641388,103.15188595341203
1224.6124138991495,362.9525154567409,79.8549950102051,103.4633701370858
1207.063693741794,381.5967487203904,76.35156328512143,106.33747837785324
1192.1743518477595,375.6084954659177,73.91277118207705,108.26531697908374
1173.7338706723385,383.5647625786335,69.84816163350467,111.48512223119124
1192.1899018316024,376.25417536277286,70.51401069193007,110.79566967926993
1144.882422664141,324.10796251400694,69.88752920751739,111.28720731527835
1185.1928180849372,358.5687979504126,70.08704323653016,110.81520532674442
1199.7809052056605,387.3586446644867,70.21043717135308,111.06830227335206
1165.629570361722,364.67940788593694,71.88946489145648,109.37067689246334
1132.3396793647091,363.2423318222567,70.11157324046286,112.88939788035458
1112.3019665961644,350.9878403518745,70.49252551095054,112.01280457295002
1127.3242312540249,350.2099532197239,70.2080326637358,112.46929478440249
1113.7791517689207,366.17511624081686,71.47068842959823,109.6443497541794
1130.710291603439,365.56872695730647,70.94573862506374,110.10455393698768
1095.8626900557354,381.04278587020247,70.99209986256055,109.6473666684467
1092.05223536126,369.7595351878248,67.97286013499532,111.89172066381727
1098.3429793709756,365.5750399347935,67.10852947945587,110.46610591475297
1087.5246193955777,365.0054723770976,66.56826845796166,109.44480916826726
1083.10156180384,367.7247481978451,66.70136236305547,108.14662265052104
1081.9294883485964,364.2478734091994,67.11159318162382,106.84366217532218
1086.3710833314449,369.21503676259977,66.73920929960616,105.93049654792819
1084.3165820241077,352.8669275549311,67.23041573164781,103.67915179187874
1074.77494911558,353.9064583124051,67.66924375878612,102.56878466579721
1084.7066446013557,357.8897649591621,67.42107762549188,100.84139342199636
1069.4060899849806,360.755545175006,68.57692013460942,98.69059227718913
1084.7280813090572,361.793917618992,69.41267762927846,95.5079398298222
1076.3005281819453,364.1421737724255,69.57915473311121,94.07472317343738
1070.1181614828777,360.2197405333668,70.33060402022369,92.69051135870816
1095.230596438453,358.7307317925232,71.4526884547763,91.50296573385842
1080.0524571541773,356.34134572465007,72.26090565247816,90.69479805789825
1104.9939739932524,355.9261666122993,72.36160610518692,91.08708181303336
1108.65148510931,366.84418578716486,72.31819317940764,91.11350264604154
1089.617826666588,368.423070884194,71.970089532625,91.43506871373256
1071.150749150602,374.37188362740903,72.00241579872788,91.43875700904067
1072.8398779555773,367.4814108385515,70.58831827350151,93.10028921090132
1089.5350810097652,367.3869667972632,70.39464373250868,93.09436147898278
1088.455481451736,364.8372126010851,70.56340271833321,92.78585938855088
1083.6824596046122,364.78337824020304,70.39453972007583,92.4645151262777
1067.5916163804623,363.64865854629664,67.51187222550476,94.18102612597171
1067.9729075857983,365.2469606949431,67.2797951144006,93.26300249426721
1045.627278011285,369.46902770092777,67.2158586457519,93.42747386712448
1056.3985018929154,362.2454432754993,66.87941407157754,93.58444248452193
1056.1811578586157,363.8337737397273,66.88893675516934,93.6399182824454
1061.467612545089,359.75272389413817,66.87003968080654,93.36529044981992
1063.372865464973,353.60492141574093,66.99861288728805,93.06032758892633
1045.4531652841688,360.0216079691294,67.20834024474617,92.80524160678331
1084.8867904087886,370.31625803445087,68.90964773476453,90.93240265778093
1092.6397825241638,379.5670081085699,69.5636461852884,90.50334170326848
1089.4963450931082,385.52987066597086,69.86886544971263,90.26675309359354
1057.1105172188009,364.88200722148963,70.85694804769247,89.58166790980209
1088.1684967220503,383.3021456035822,71.54492123113512,89.32336898985518
1084.6391004411428,379.53203107583823,74.36145381370218,88.19985121154187
1094.379882030874,406.5717460468718,74.55325527352194,87.60517773920128
1029.4615787898767,373.11304956431366,75.42692535414923,87.07886800656371
979.8108459873421,360.75606779726405,75.41080978246072,87.03270924146855
975.2078089102604,371.028055739433,74.62412423203422,87.3952770888201
980.9303173548047,375.8812560276188,71.12121502040539,89.78530252258028
971.7305917362211,378.3075644563941,71.1045724312788,89.42244654073158
958.9129800158096,362.1734604279929,71.08956927908416,89.46623977209455
952.2970058122125,389.33468678103355,71.44438145580934,89.44438902524178
953.8590135053121,365.4793508386096,71.41267673664836,89.49096026311699
964.3163285014225,360.7597719777385,71.38765512760624,89.43040313347981
1029.8807650319036,402.34190330745025,71.51639620238602,89.30215121624386
996.9727411719559,381.38918968555777,71.09258338761357,89.5004251397163
946.6845413318725,361.7975313305418,71.05990561416708,89.50117806800992
936.6475100027624,357.73993300139756,71.51042357939414,89.26956724644002
939.4670230973711,351.2207119021322,71.17814053516584,89.28166037728273
934.9620206596521,353.7577150917828,71.75916553694661,88.58667278155087
923.7304930815621,348.1892792906767,71.68447617103172,88.75922133993977
917.4190236941693,350.243361154187,72.55058473036331,86.96655429603996
923.8042076071204,362.27148467533897,73.6681430061458,84.9308837307868
932.4842759608517,372.5608473522835,73.60815240158823,84.51359827252769
925.4090063220913,374.6071063333351,75.33457172976846,82.24605520494808
927.0771724444472,374.6528722064635,74.36494943264265,82.0006555583198
924.9569322518744,375.019397351198,73.63980930005746,81.50537599016707
923.8002316793477,375.0138355711564,72.27790007180462,81.76806736102408
929.6497904548451,368.5978162650388,70.23378892950142,81.84866592504154
918.9162175675023,364.8966163814181,69.95715266072997,81.68637367186672
929.499424992845,368.9220331837206,69.8041197680523,81.53617292553804
931.7077952439181,370.81049409972076,68.26397547829309,81.97886893716563
933.5892093320651,371.16066918146544,67.00247481664739,81.94799581921237
925.5340223094927,371.77405045980777,66.852991684058,81.68192650269341
917.6184322802014,378.102334686208,65.68825346871463,81.57834038021524
914.3664713118608,382.4938014166669,63.84108115948537,82.46821747380186
913.2572858090298,377.2473216964792,63.026115764161744,82.69917492290517
917.4700945773898,370.7643558289881,62.66241457875999,82.32448089494805
911.7342768041893,379.5123583047868,61.74095510868148,82.77987479283787
915.2881040046343,380.0597333061767,60.77845470712002,83.5403689497565
924.5695717090011,372.27983205721273,60.882238735031905,82.52333200066306
907.8188703190318,367.3761250349266,60.472890172197246,82.4915689135825
904.6186737242953,374.1233783540228,60.355358576056254,81.32352597473081
908.8969610945494,362.1001653986287,59.95589404978141,81.39802233534814
901.8004781387715,372.1419863778949,60.00084398538512,81.42677470970142
884.5590030226282,372.62109164003243,60.04993725356037,80.94498035602349
943.3842196579865,404.6966108404242,60.39961079436713,80.5502819820954
935.0601616915574,399.2772911605799,59.19211874077522,81.47453936088806
941.0864637418687,396.72773700855646,59.3066136391761,80.94562356367757
941.1642748752656,398.03114356695045,59.03731230608175,80.86035013499998
952.8448962095152,395.4704577334611,58.59679259900836,81.14266054175533
934.4788499785474,413.9715723275764,58.58466051260422,81.10888762183528
870.117763404947,388.1891095007898,58.55907670179706,81.13084834010566
841.2999111702362,380.23406789517,56.80079160823037,82.19442638624514
900.4428287917218,396.2622461639901,58.26358307424354,80.83182404477199
912.4549499531744,396.5810409362796,58.17250916259329,80.88290781762544
893.0394310944813,391.5477449540614,58.00551907846586,81.12944477412725
899.7116045413032,403.0935596985999,57.75541237342047,81.52633495362927
891.4579621503137,397.7419176263044,57.59158700220131,81.69421680024665
880.5984112858232,395.36446794968157,58.26279139231521,82.30163137413446
889.6858891208337,415.1644004631818,58.15803187402762,82.45516524239771
892.9702637936477,421.32844357884505,58.180753246783404,82.44587993727966
900.7309706964679,419.89026846960155,57.972445024333965,82.70703416615788
898.3566906968924,408.65030671058213,57.274611533647196,83.49262174669673
896.6869444437201,416.24332251168056,57.330147035444774,83.49927908645542
902.3984402227916,415.08814016267837,57.261239492194385,83.56171135037773
894.2262680843786,413.7149429826638,56.77947674387384,83.73982549037517
898.256704703716,396.60966832415323,55.85759009272356,84.85911580471073
895.3680057527031,399.44815069052714,55.401517554838335,85.37153600924934
892.3089069984931,387.515744931011,55.69782613961351,85.65910563069855
884.8252599592183,393.58578119817884,53.72229680812879,87.50138535313786
883.9341788052155,394.14276012541734,51.44319269386263,91.73125617679199
890.686570505129,396.3183246386259,50.53738829031245,92.87137718852176
887.6587385343249,401.5511073476416,49.28759750093313,94.53441093736048
882.7202298662513,404.93541675436103,46.08472935429227,98.13841461385084
879.7192182857187,403.69575910147717,46.29078541330659,98.658028143114
888.5252739904374,415.3878615043842,45.97337462642776,98.97061784718761
885.7178905443462,425.56737463688256,44.35099609472107,100.40106797684429
886.5557068310815,420.35659760452586,44.319368939074295,100.5523669527515
880.3148480116682,400.7658765893569,44.42100921584027,100.4472756273766
886.5249747963884,392.84069911185287,47.92573580997408,97.00332668834164
885.1026937480259,392.01802980361373,49.53113474637515,95.71935092989625
894.3910768499862,407.45043692618464,50.290435742161435,95.16258302569679
861.25567535672,404.28874963403007,48.122876607112055,97.11288021742774
845.3827394268212,403.4177292187868,46.77422408336441,98.32213026784683
859.8464849095986,402.7304561038882,47.29546740125692,97.89252126712194
873.974553987342,413.26549128433487,46.95060701676634,98.27900531907035
863.8581784635686,424.84883520010044,46.88844572605632,97.67084638768571
854.2756514738572,414.51330496206583,45.85417414395546,97.15714009434578
845.5919365381752,418.7909255221732,45.65187707134987,97.0683754145607
861.4674395845965,429.62488289596166,46.600574195060034,95.7281927531654
858.0070735395315,424.2942178055708,46.47701955728483,95.02777805327096
864.6976403630462,424.9994893888757,47.01027265952305,94.0915129194408
859.3201267596993,416.5086574022199,46.39014727832623,93.2149691901157
848.0002357550957,415.78985465454434,46.13036645184004,93.19124343718346
852.3966461661242,419.1096867038468,46.28414082173839,92.85975204136777
848.38609782049,435.39525183508897,46.38525174182767,92.90347468415692
836.7607093713261,405.54498219606626,47.4031013177677,92.2060418552687
840.3515108333696,404.80169978755106,46.63508644070839,92.56753717328334
832.3802418988419,410.9840882447152,46.60995100806722,92.60481409196284
807.0310828305087,405.47748381369166,47.50180399580766,92.0361404772033
822.4436506548649,417.88335720691964,45.22378558037166,93.58895286433128
838.5932101762463,476.46340061677296,45.28325189527478,93.54171241913636
840.0421993175812,521.9481919320328,44.57111135827159,94.16999203226902
839.0325192950328,515.1021920843014,43.27065171457146,95.02804168500737
843.1258898245115,526.3612968479573,42.0798446651658,95.92895294626969
821.9133019871575,567.1770354264925,41.360508163360244,96.60202596009776
817.2966526592182,538.7338594124092,41.636615351953694,95.9666914343092
834.5647633502856,522.9834848955953,41.67568083505326,96.0312393723559
828.6647415357638,582.3801875431094,40.19800687376471,97.24053488299191
819.9355641102062,577.1637805330788,40.237733032253026,97.26015806137826
838.9367925815528,623.5900505348063,40.029038296591075,97.44304896612623
826.011934567234,588.2381272037369,39.91028852017515,97.50769732504253
827.255620407576,566.5839787329335,39.93803019322031,97.45117569365141
840.0693068073347,549.1480270876598,40.047351729640575,97.36831747907165
839.2488793750944,589.5472937332877,38.57217113269539,98.61951258137056
840.0455669534132,605.285926745297,38.62912735404077,98.57209427463697
834.2655712001354,606.52965543399,38.52335023724442,98.53942534367745
845.3935623050675,633.862627529364,37.51096124332259,98.86403977719723
839.8796911038057,633.8837768439406,37.84338923849733,98.72512321095589
840.972671058728,642.2448662067002,37.91246520588054,98.69048644710655
834.8208832092134,627.1428173586278,37.80529909887946,98.89130350360301
850.2418978831212,620.191290768931,37.48090509652304,99.01490912745454
855.0779910037717,645.5560495264695,38.46825330956757,98.40282706769997
859.9117729657099,651.3875223444653,38.683248208323015,98.29205313886162
856.9217086446606,637.9835782418579,39.6526050990178,97.5907650898038
847.1745788157058,638.0226405643841,40.44864736495962,97.2697269899805
840.110156255025,648.782178138296,40.65133739598929,97.43084860424165
847.2338660498668,682.7125154988333,41.061509626068656,97.22799553844031
845.8530133072453,690.0518245932111,40.90684471946608,97.3232516325218
860.1021055506834,687.6391780343591,41.44946795658891,97.1492681121946
901.2724079499106,760.8585639756702,41.644179625419675,96.9303601211741
901.6461690494874,791.9611274639562,42.345537979511576,96.15036589606694
872.6325278599041,841.1419762756126,43.477488022252416,95.56390630986354
885.7423737855129,839.3942397447744,43.469185712660874,95.53799107922742
868.5568490438328,840.0282580863146,44.976419888403896,94.6175437995377
876.9854313275689,781.4033467807567,45.75602175464756,94.201099015634
891.5801343735242,781.038522033675,45.91236265675554,94.24758903923936
887.7890721336136,814.3957990348529,46.09790930149378,94.23218512233284
865.8108853432766,821.1346561913991,47.96987126107378,93.22081659628871
871.0563259819671,845.9622829801459,51.712620164051636,91.01009732055292
871.028988700839,854.2634276197006,52.44926413052842,90.6917073486946
856.2006441892079,883.3309999529052,53.91059869212092,89.80794741739263
876.1374520089057,906.575538958859,54.6562304892487,89.53772621700836
872.4845429503175,914.091307532249,55.80644901230888,88.58180018473062
872.2955692416606,901.6006106045878,56.61481277521891,88.16081595777746
877.7847620875062,887.1280832378295,56.60592381051734,88.1697230014747
872.3682697232282,893.0090839880469,59.857010326640655,85.63038538043449
876.8423811992147,906.6114115733291,59.295921926669585,86.10117385916209
885.1412464806655,928.5031414711622,58.6768672060532,86.42176374611306
882.8952516642074,952.7899030604049,55.990539292124744,89.40624685424888
878.9099804635398,948.7285155042135,55.617935369302295,89.66169618385563
880.9630798380025,943.2444719941484,54.839723576019686,90.30774550714743
878.6046934739954,962.7389336129097,52.308239620684084,92.40675104159743
883.628111937779,960.8819499046053,51.000588980043354,93.14267967036453
878.3347586144198,969.5068044120002,50.962452983023844,93.15039596380225
887.1479820172458,967.2453456630818,51.05055047363655,93.13756402621428
879.3363056548458,962.7764420617445,49.92044326801672,93.7521795861276
880.9442933424396,967.7235797095117,48.46739256400221,94.56028065625499
878.5161257988393,960.5644996975395,48.667429013812516,94.48611051052141
887.45480350797,968.2990814230095,48.63347836544865,94.72515705103652
876.6185659206961,964.2214346413741,48.37128976741345,94.33571661314772
884.1108123404409,911.251147264675,48.20144841718153,94.41459703060859
856.8082225978546,864.5966988527267,48.56786218580147,94.23216847608708
867.0278573334897,876.2022909729844,49.20014117644553,93.84359318332561
860.6124215004293,869.002317219801,49.12203724136989,93.90604679320812
879.8830221559069,884.2515912524904,49.16468297631312,93.95680941203335
877.4727717690763,853.3353839407742,50.287380014241364,93.7313741514325
853.9902163883281,811.0677247290764,50.34251763120632,93.67756598791397
841.1628563971065,794.2938846594054,50.45763914868384,93.58584945977555
842.1157466200387,782.518095805542,52.22190622441057,91.96502573927987
846.9711128613327,762.9180959410082,54.71824695349252,88.92761396932372
851.2691298215086,800.097161316421,54.50701871246196,89.09385913402575
844.1789517409823,804.2437120145484,57.704484744425315,86.44953379215329
846.751074824675,823.0027058639803,61.02830574622933,83.89587485915862
836.2760859705047,791.8416579729152,63.450531531962476,81.81766393962866
833.8596095913738,787.5976920748717,62.81825334845196,82.3941930333839
824.9285273119157,778.0192030956091,63.113668334614154,82.03619258309578
823.6813404214258,792.4648909265412,64.0423347896585,81.0317702751133
841.3624550899843,773.2941410754013,66.51859117031505,78.98037523252009
843.8124246717973,732.1900693055923,65.9078346696529,79.62031961442347
841.7895839846813,723.8645113908123,66.38436249659804,79.19284314356833
830.4074257207324,720.5433453472529,69.73261953047725,76.12314863461776
819.7249861566238,696.9548650291714,67.33788562158492,78.8795617854292
830.3934137820963,704.6938567739954,67.78027574722678,78.44456802661598
833.1978251478059,702.3673950360061,69.62587644338947,76.54611325247268
821.8317663875406,695.7682460336978,68.82026660796296,77.50160959082957
817.0146260002914,706.9327486372748,68.8674235116119,77.43953973218616
821.6659768689591,704.3583025915285,66.80659170072906,79.77134631914696
817.0282918322292,698.8753623926941,64.70094122822931,82.1269524019354
837.642071441483,697.6537446100323,60.98446370527836,86.71348659320498
826.2491174335407,705.3869167307664,59.23600320614825,88.58895067082854
827.247985606582,704.2872772366666,57.25056138534645,90.55519948882612
831.1531892583491,670.1147085911317,54.57846499108337,93.2603755372199
811.9278268540614,724.4673689029474,55.17319080673889,92.51947141749476
817.0950269363218,724.5420777551034,54.74024938245238,93.13602400289005
835.9629134393141,713.0741074228193,55.696111508303744,92.45016138376664
846.9579276911041,739.3765533619155,56.450813000451184,91.94923526485167
833.2780970264525,765.862693790617,56.0119952495542,92.35393805002701
824.8537485498008,755.6679463785481,53.895989596656634,94.43742548891073
811.7238016564447,768.5178851238617,54.039113592719325,94.17619812950919
832.3227808301892,766.6421660835657,54.353572084829956,93.95615441002175
838.836820310832,776.6018636969378,54.964491155160744,93.50361709343382
825.9198518138588,799.4497774551999,54.20875224578667,94.14765621509326
821.2689593248841,806.9660672506534,55.834580497661754,92.81509073856623
807.3771102842509,796.1993997614796,57.117502288034856,91.11372456029746
824.4293516925176,781.4698861774134,57.647334962224065,90.60556193961163
817.4075858369615,788.1933073611827,59.498667919979134,88.67559007073012
840.1937913972407,850.1559037511753,59.417914056500905,88.74188288644821
835.6737583842176,846.4324348369157,60.55643074325268,87.83604418756254
832.043323861011,843.6072445504369,63.101939625023604,85.71806128472049
820.1899020240538,828.4885505135969,63.36841464659424,85.46971441882539
834.6533040290711,822.491573347468,63.46580344661816,85.27729885514798
837.051347113031,808.727757619067,63.18709751627769,85.5154443805535
830.2927114874196,814.6315651770605,63.37327116465619,85.35704114811155
826.8787936233051,849.766494002893,62.39420400744835,86.13736965367318
823.4001411601549,860.4552636510089,63.43159564181743,85.24886119545405
834.8286332531334,866.7765814793737,65.69119623369252,83.44073252724972
832.2173980959801,817.9483058735559,63.98891002105208,85.0131315172058
822.4783646837458,769.1999855667956,64.33018943097007,84.43186838316768
815.7531676054289,751.8867778369812,63.5973646316102,85.37520126223015
828.211012775194,737.3403582803735,63.44406252145001,85.50010290596302
826.7856442841036,710.1469489560599,63.05922454292235,85.88573518374074
820.8386659758643,701.1101722152266,64.63473500003805,84.20248133813675
827.0296067559951,697.3562375664696,65.21246533247644,83.66072714627082
822.2551878117235,685.9682857540281,68.58110979679489,80.52611593961092
829.1059324326912,661.9579514204554,68.42653179448355,80.84858056622895
832.760112058819,655.6309406404903,65.25841702617583,83.46293690399135
847.4147159832704,665.7704988284747,67.17560001589588,81.74039821051745
833.8265501552514,653.3900745415859,67.26926527483931,81.65317282494448
838.7255809721472,654.8195591899195,63.65578205977932,85.01823926817615
836.0443133582411,607.9994658688241,62.176577156213376,86.34214173067936
842.6494663176861,632.210457366326,64.79944594282873,84.18228565828299
838.6441463906195,634.6807954912701,68.47361280883314,80.99688453866662
833.555172204298,618.5742685271515,69.97718564741878,79.46911662852503
845.6258752843713,589.2805778021991,71.53545600094387,78.09527829083213
853.4385379784889,543.9149776517532,69.09270393119021,80.26838075236834
853.5725721387107,545.5700439043817,69.40009717719482,80.02111541172316
861.7279195750413,538.7277883989578,66.19399367416253,82.86884015242931
857.5032637042863,556.8227020048577,64.0477949328845,84.87524096797337
849.8024112397675,550.3006650590763,63.53424717637524,85.35386323752687
852.5850567030519,491.9098211831868,60.874245184513846,88.29432631889577
859.3510037722933,479.0139337929543,59.829076853221046,89.45494036327679
864.3953820474982,498.55282804085414,58.84640035804814,90.38434638652012
853.8355609922913,488.5609841223089,59.12591833821287,89.97254739194551
865.5079687863549,531.111585547819,58.42102393844024,90.55412194571053
870.5679336872022,539.9402197977789,59.14204224160402,90.02698993565868
871.7470746310033,523.487082276109,57.74420021482249,91.14419675695254
867.4804498432802,502.4947728811708,56.40482539299098,92.89063347895812
869.6255754804238,486.38984909240867,54.89304225072288,94.6158600085086
898.3057189837829,538.6784548123643,54.796732294785905,94.6312312712342
870.3905505228289,543.666779238151,55.84875271889107,93.78394834068122
884.9135614925256,494.01942754910834,52.09468672737385,97.07013731446963
872.5966523934729,504.11671342997965,51.565676480044395,97.69185163976316
889.6237053356341,503.8369995595712,48.79656281373968,101.0306675698959
893.5407979762555,508.1897690860401,47.820466025844034,102.11792083720955
890.7880498954614,486.71504514739274,44.874061705254576,106.1225063487816
896.7840469165412,472.35285575261673,40.94839475812662,111.17326682168317
890.3348664404879,471.30942187551494,39.467215266812886,113.33313126675611
895.5898617007628,469.04554220109577,39.026374717271466,113.6951687222839
896.6583144084968,492.29400640601403,38.89098969708225,113.85745814692007
903.6520952642829,482.83982783390115,38.258900550207194,115.7426238391195
911.2332730125399,503.5665745452703,37.59157068845893,116.38618394421319
904.9897131452303,490.79585774385964,37.265032662457884,117.00547742557457
910.8729565177639,493.24245008874516,36.72745922458077,118.35967156194484
908.582341025385,493.81020739658754,36.837404866168505,118.22157862814112
915.8909299273063,490.23000008514464,36.85157090387851,117.91538663405305
919.9027879339374,496.7657879922232,36.64519764879511,118.20990540912936
937.1053092871007,543.3481571276536,37.328766545251675,116.99884145467476
939.0600171749026,549.153553304243,36.99887743247447,117.45376012291919
940.1611688707786,557.9506154977854,35.800790234875244,118.69171848424757
920.0521713639998,490.13829007449215,36.686239014301826,117.62015656227942
922.5753367624038,481.80160179168126,37.367396735255284,116.76378230392652
929.6869819414818,478.1616832390607,36.985569466088464,117.95883299406749
921.5188867903933,472.9618737522602,37.794088907975045,117.23478520436291
923.0377004696276,471.06552030975723,39.02027885983969,116.9905605746288
921.2524717160145,477.8721767498944,39.62978289302105,116.59644687495759
932.6429032760592,484.4520606169949,39.99813737852237,116.47504355115693
921.9047848537325,469.3560141456039,42.22056715530481,115.35589534403655
932.6159061354113,485.64877194361486,41.99719620449598,116.05467769112985
931.0754148269053,483.371351751425,41.88980048746238,116.1678052192169
922.5217917240873,492.4106307754076,38.71700976682902,118.18550724205252
949.2867783279358,516.1228698625274,38.81459240629988,118.2082946928129
947.174681280637,497.68141057597234,40.7595513763097,117.30284504082533
945.6163908259779,489.9407873300148,42.03683093789531,116.20975452712514
948.7233627109746,496.67751472310454,44.96350453850731,113.69601367679778
960.7207960529408,534.4123604610313,44.890997321127436,113.80785754029972
967.069125352034,542.5170480497535,45.01418773722333,113.43775009356813
990.7478559909656,576.1315003420469,46.93416557679179,111.39257658808282
991.613804632001,584.3550104955322,46.525413445859414,111.66175043394456
1008.125362131344,598.4910269964082,45.78330430654846,112.40449938409662
1003.8948095207204,577.752180611434,45.41375156881122,112.66198875438678
968.4329238444404,507.99810195906286,47.28246158103904,109.63822467241033
965.9533455009846,502.13773395861466,47.731449715552216,109.8293271512731
969.5556521694431,497.9462460811389,49.70136545425768,108.5201346704458
966.7301754939915,490.17386323134946,50.69562963813823,109.58251664199736
970.3545362126587,493.75192235207396,52.9144127021466,108.31523096967064
973.6627984744327,484.03467582322435,54.54777278400612,108.3690630166277
985.4620672005983,494.40243943262425,57.73787821497582,106.86449282907788
988.0761466899787,506.32656129906593,58.15690503867462,107.25016823987127
987.6958644085394,504.9852070065283,58.392148833197204,108.18982469996948
986.7303286228373,506.7234207192808,59.349389347052664,107.98439861342322
997.2121563757377,508.50004143028974,58.67072033722364,109.36498745263573
991.95230320466,489.63024512498566,58.97965035033845,110.45999922217942
1004.5670979188826,501.8097958228657,58.27256954310897,111.70463470386079
1003.49545393063,491.1524020462406,58.02306243370733,112.26046534793142
1003.1119960368511,487.47049881490545,57.178095177022314,114.15499538237896
1011.4265794027468,503.22583368615153,59.01617354715945,114.07563629357338
1018.4493422584468,518.053311972256,59.90681936743679,113.76013055754603
1018.0565000785726,506.9066359641609,61.306842244374224,114.91991285632898
1016.0292464914957,501.4478879510639,62.29525049007661,115.5189140857701
1012.3819067541891,500.69230911324973,65.5068234468979,114.45731570938119
1017.8823869819397,504.92435852062954,67.02233771521261,115.50300445413086
1018.0086988568612,488.91789352159026,69.13370308013094,115.87578628936762
1029.4388427517274,505.76591061975125,71.71429892687314,117.02480671951048
1012.7663877121096,501.79974184615594,73.45211710242242,116.32130003604928
1059.7965248446258,551.2984226679633,72.06867694383513,117.1978626478055
1078.2211769665478,574.6565475254173,72.22873778177834,117.07350899002647
1105.9733764649254,606.9452440441124,79.77122904381214,111.89467933764594
1104.0005605483334,607.4793564193723,82.6828375920839,110.49624652400072
1119.5220553756492,623.0121043138482,82.82593077741812,111.90080917621091
1135.29045665337,634.455793255343,83.05140773247473,112.74976132557012
1124.3280671348227,616.1522941144622,83.75752641495492,114.19778591348403
1118.0388269112007,614.6536391309701,84.06497643617395,114.55980382724549
1114.1040250332182,600.1002926196697,84.19359050708005,114.63167629320552
1062.7476830311155,540.1742802715173,86.52736063189084,114.72108197095578
1093.4738953291326,560.5126259953486,87.89218533395265,114.30463298545152
1134.5446042248982,619.4045625130188,87.74816591888604,114.34571112198596
1161.6586314178471,644.3943139211524,86.6094212253711,114.68269084966403
1145.4532698142143,626.2778882074455,85.94076821193362,114.88230863449976
1165.7441076871974,632.8744980843312,85.44087194594783,114.59169489116542
1162.738382475102,627.9468448618038,85.4948262039092,114.59347522080263
1211.9631230281855,667.1508281620373,85.46263483162919,114.96656788547229
1227.7305822727585,680.4360535074529,85.23250874665796,115.91683481549087
1222.066628022457,686.6327928671635,84.93169124170669,118.20322384051553
1231.947644056633,688.5418174861442,85.03885129676772,118.32602056889316
1233.7239988660838,674.0412306390391,86.30511331177762,119.24301724589135
1224.6584102445263,676.4834070953914,86.66419964302715,120.79156237777316
1237.369598007819,675.6124656320626,86.82765099022133,121.43684191087593
1215.9057713712186,681.099508382964,88.14558212597066,120.99732805671707
1247.6063383820378,689.2841451684367,89.0707115320665,121.38038526580124
1251.0577834907344,707.8199226037217,89.2963913944769,121.6710816769694
1259.1127429949033,695.494472273512,89.20386931301873,123.13446135655376
1270.4657345471248,714.052898196392,89.88585808662783,123.81417933501254
1254.7570582072256,702.1651046840145,91.75942757856004,124.43721661611528
1267.2943625163623,711.0299524828607,91.63880417452005,124.26914745274885
1258.744542247974,714.2652646393485,92.44282283934801,123.7238265989409
1243.4619015678595,676.3686457424054,92.39977251927935,124.05199176099111
1300.5933195319037,728.8877866301881,92.03715174011683,126.0187759033945
1323.7987261724345,766.7947601690205,93.22508571247339,127.51200350834678
1307.733985853127,755.7744448487888,95.79979302039948,127.09042253992365
1315.8445104513441,763.6758559896815,96.32205093761272,128.92900917842613
1323.6413629702156,767.8502489078419,97.54073908834637,128.52380158536104
1329.3316270331504,763.0896727647078,100.16329133051866,127.58131556596518
1389.6705655852968,821.9841176309943,99.92696543472228,128.1809680086851
1398.4123542229809,830.8918746635159,100.43062036760605,128.65808318558538
1382.315743269499,805.7534352022305,99.58625987710872,131.61635859253104
1369.0939673882579,773.7250414856486,101.04796196918088,131.3492629690543
1371.135548153425,789.7078409914375,101.29741199966836,131.2140567950009
1376.2969462372066,784.568641649725,103.94696785999783,130.3833951909502
1359.8565095641382,783.2897132996325,108.30730478340567,128.0853778295508
1398.9115105619314,807.0004233484862,109.72789665988917,127.35097707998816
1393.5767253330782,806.4541977487497,109.8057875445364,127.39480793625262
1408.2567627789645,808.915542001838,110.87260779436578,127.39622841216219
1431.6890271843276,824.1650680701678,111.10578101000637,129.06229163194806
1423.4715982210105,810.4350073789481,113.26095582354257,128.03867316148217
1415.4625762363594,808.9797202559986,116.53972481420708,125.90546898788648
1445.7206803413396,836.4684231875146,119.44437308007664,124.28210899277423
1449.9543209960052,849.8970139900224,119.65714548168287,125.00180688910154
1441.3327920243933,849.5610996329829,120.62300654075173,124.46584463237839
1412.720605806609,826.2934052348993,120.44774366137888,124.51835760457078
1421.7147581394834,853.7792994378772,120.45597715786164,124.51282438660326
1449.6361526705398,853.1573734665716,120.69296485966488,124.35058058603525
1515.1767652261708,888.973374326019,124.69398462144935,122.99577765864431
1508.7807180210152,887.5307481096211,124.51037102394821,124.66459096351812
1522.5633234509912,900.5483572333058,125.26809145366892,122.76154053231082
1528.67428133372,902.0746854989106,129.83475753635605,120.19255241783961
1534.6267020304676,916.749161952955,133.07746481839803,118.32634372666979
1541.5890719179547,917.4424373526432,132.98640138161971,119.32842784741358
1520.6003388760962,899.7283521963834,132.84319333203564,119.49984233107587
1543.37419904907,923.0828494499532,134.9864329165079,117.90868382247145
1545.4233783368288,927.1771455580637,138.67102092759947,116.64579179393357
1553.1110156804039,919.4703941922621,138.51030484182868,116.77592927590283
1565.9372625490114,931.7785263121275,138.3525506370845,118.85934727188987
1564.0769348102335,939.4796516849729,140.52570943819492,117.04619354920939
1544.5154080709394,919.223536745344,141.24420282767164,116.13317623608448
1548.7115217891376,908.9785450411996,140.985629985697,116.25816559530088
1459.9361091265919,852.6605152061439,141.62343040844456,117.37650981131058
1383.8818836614762,795.060066001987,141.5707637849649,117.18186226015179
1404.497953343446,802.6150170762045,140.82665390100613,119.15882076845507
1400.7355857499842,784.3731968475782,141.38077131678057,119.17665617199661
1404.5417369215213,789.4313631641529,142.86567032105756,119.7536190176681
1423.5087525712481,799.7044957564954,140.80974799987544,118.96055817868634
1434.9085636966427,797.3103292329783,133.9909692930929,121.0976105841647
1437.4976297888145,791.5945172452149,129.82404349722268,122.59815564886381
1449.0040611193335,788.9976315583372,126.61783671997368,123.63988320319191
1441.3322478251132,783.0267645548722,121.50315413483015,125.23136219760964
1459.0509164877287,777.8357897793684,116.77567475027296,126.37147138606844
1458.6342227104028,785.0158460190868,113.37146007103814,126.69366233528142
1451.8348911785204,782.0477415393667,108.31620200748354,129.32516376756107
1450.4970256152387,787.3716699185072,106.8183558253922,126.6473368402126
1440.0295854052722,792.3730585505741,105.2316755763801,123.24741954998636
1435.1887316113443,781.1972331606368,102.17179743272939,124.15428998012956
1425.304601121181,779.6521160401907,102.78356617977983,119.69995711286734
1412.1473408573354,780.0795212658973,104.11579262482944,115.7741859013376
1404.8422746154645,763.820483376124,102.20341648735534,114.59661730222194
1390.452643144076,749.5557137623292,102.52378660786624,114.68186827602744
1389.5138816533365,754.7247457197891,102.88826392074346,114.96130085158619
1344.716097019739,722.3690466768016,101.62205492866148,117.04589840045182
1337.2458162454018,716.7330140251743,103.51045144590258,116.95113764627251
1337.102909931644,709.4409765157329,109.09634675698135,113.98214450414432
1296.9859897830488,719.4230650708257,112.12427732516807,112.32949655350455
1290.5504456592132,703.5498381994662,115.04916424837631,112.70673146992968
1290.9890297489014,710.0640186958854,112.99629206661933,112.72750949991865
1292.324429320082,723.1154753071312,113.71557409147934,112.68277231807636
1251.677190612875,689.1337568192844,112.80424095901859,112.52304797785193
1244.8538476102135,678.9342632928181,114.35185927635281,112.01618175930018
1260.0018144923397,685.6164762273313,105.7292939660803,112.37553270759543
1254.0358496744584,674.3483740837555,100.61016769363961,113.95291283703227
1196.2462470263065,651.6140244052923,102.72215649824426,112.83883707799193
1177.2463436368773,648.8542503846182,103.96406303906552,112.5147633885356
1159.179457037761,649.7841822165777,104.98750756298165,112.35288513530698
1160.0669344569867,643.6755020901244,107.57478159492199,111.51636946505693
1135.2394713775016,642.1621768244605,109.51172069334541,111.7755510670938
1132.7685123918902,638.3103174009523,108.95846854814357,111.79603903718763
1128.510880574604,634.1813308401264,109.96203727457385,111.74398694369047
1132.9427106687776,634.8463125993458,113.99771771580413,111.0297711750573
1119.9775306633853,635.6866566564163,113.33049014113986,113.29413830726932
1127.4946291132658,633.1692805226054,111.93387315928658,114.06039930673325
1113.746528561196,637.466291498346,110.48729090771315,117.66780195394585
1098.7771676251996,617.6103404569478,109.99535062455473,118.33219961169343
1079.0880563240648,624.037596079062,111.45961753834752,117.29154926071449
1076.60709228932,635.3404275322149,112.95682225921988,116.84550854679142
1067.3517425705718,605.733118014887,112.9004574114378,116.64466508755068
1069.1081044642276,623.3632229069019,113.83703439011747,116.3482461970757
1061.6188086622808,612.915926683806,115.21486648778526,115.71650197334574
1064.905268023465,620.1176627958997,115.84526397711784,115.84755752778366
1058.8116872972394,622.2283904726447,116.00843384479109,115.83683654166428
1050.5315773826119,611.8130185817224,116.9351955365338,115.56415625124316
1049.3078001588974,600.8357185860871,117.10655159681653,115.53294691634201
1039.4520939003341,605.0142955398153,116.34091714739046,115.47006161697894
1037.0700028796289,595.0931525584047,116.48329447459795,115.37540261825235
1034.712135779725,602.6512078538494,116.50851458672881,115.40586890877141
1025.9286660733758,603.0961527635773,113.55771184244473,114.21730128722983
1028.0782799607405,594.3717242603448,111.01698941210628,114.69192085167822
1023.8790355603174,576.9913102940163,109.91534851324546,115.19687415054614
1030.1793978873382,576.850077260791,109.44255354670405,115.33560652184737
1008.6876991642761,589.8748833692975,112.36840246987884,114.30494381350132
1004.5801430264887,566.754408660795,113.22539478085399,115.01226285941269
1004.1701784027794,582.7194461650097,116.33530515505791,112.10666676333666
1007.7605341888946,571.2416324817923,117.21120941229532,111.65337002698843
1005.971131030566,579.0312225349045,118.57840207386215,111.2500703528929
999.3124257201255,574.8390991179658,120.00677937717734,110.72281625598418
999.3360642000878,574.2930785150304,121.3397702757579,110.54591939727959
993.0001983745129,580.4613558517882,122.22367348147294,110.4549644704683
1001.1652990718795,587.399212015832,120.80975187952558,110.8525570816507
989.982193525071,604.869215975969,120.6817765717754,109.69635882324168
1014.5562426501986,688.3857920943847,120.69788959471366,109.710173139145
990.1300128007376,582.3010498203439,121.9372816666824,110.27435678390613
994.9016095170659,565.8169699441572,122.51315924080065,110.91629888491231
999.4752327294228,569.2308558986376,123.7200683565532,111.79411483987354
988.1198784655421,571.6734970996104,126.46351843094551,111.3299697708444
993.3950703897888,554.9619858013639,128.97756672661706,111.95795605141949
985.8289350138242,565.4552967902166,130.06098646536273,112.10632858054994
970.5643931525453,566.5190311947388,131.98161071526408,112.03246795059799
965.1872333752314,568.8449134093416,133.0830381571603,111.87632281841984
967.2727410858947,567.4695376641102,131.06263485169342,111.0557208733663
945.3309002603311,562.4855990106548,128.57059171034024,110.90347050235958
936.7868400450878,515.6393853732019,125.79218076875648,108.8550606800974
942.128963214148,553.1680677065546,119.36135955194348,107.93418588155632
932.1260439291134,488.1818764792147,114.46043695257904,107.32842807744689
901.4749076077411,553.2469924113246,107.93277642881972,106.45663432357856
927.1702323354017,580.7247594569246,111.04327138267838,105.67529456831615
951.5576644551917,588.5892439853651,106.56419495437764,105.10695764491913
902.4974483963396,588.7558406851399,101.55453063653492,105.91618501410721
914.8856928972906,561.8836448529598,97.91912821300217,106.87088093872116
908.4781893190582,543.3891622794742,95.06635544698148,106.9266109172355
915.741560230439,586.5690994104979,83.29672660410883,108.1086372899538
883.031637393151,556.8857879705059,79.49918031091154,109.11644211573835
953.2097984658328,635.3685979348245,75.18259205226659,109.8857007271404
925.9839768154177,642.7928140539599,67.29387280426855,111.99462589548571
905.20959097566,616.1739754635129,64.77309873793426,113.04210608541308
889.4179244816155,609.209809147078,49.92503905634565,119.68095135637476
855.9583957631921,611.4832270307661,49.82097179836824,119.77767409119595
877.2488525306601,636.8387554658783,41.008044561039775,124.66404458913551
891.3996419553113,635.5254868446036,33.918560972357504,129.4917618129166
891.1930114551553,625.8506329537342,28.032350117505818,133.73276979607135
943.0117530445564,645.0461541930937,17.208999629133395,141.42676073410058
954.9078950433695,663.9242027673895,13.13003731729805,144.8678872488391
