433	315	52	50
442	315	54	52
447	317	61	51
458	317	58	51
466	319	61	50
476	320	54	51
482	321	57	53
489	321	57	54
500	324	53	54
505	326	57	55
510	330	56	54
516	331	55	51
522	333	54	51
529	334	52	53
535	338	53	51
539	337	54	54
545	342	50	53
549	344	51	54
553	346	55	52
558	349	53	54
562	351	51	54
565	354	55	57
569	358	50	54
572	360	53	55
572	364	53	53
571	369	56	55
574	370	53	55
574	374	53	55
574	379	53	56
577	383	51	53
577	385	51	56
575	389	56	58
578	394	55	56
576	400	56	56
577	402	57	57
581	408	53	55
582	413	51	58
580	417	52	59
579	423	55	59
583	429	51	58
584	434	51	58
585	441	54	55
581	444	59	58
579	449	60	59
584	454	56	61
586	460	56	60
589	465	52	58
590	471	54	62
592	475	52	63
589	480	56	64
592	487	53	60
593	490	53	64
593	499	55	62
592	504	57	62
598	508	51	63
603	515	47	61
601	522	49	64
598	528	52	63
598	535	56	64
599	539	55	62
604	545	49	63
606	552	51	64
608	557	49	65
608	564	49	64
607	569	53	68
602	576	58	66
608	582	56	66
612	587	52	65
613	595	50	62
615	600	49	66
617	607	50	63
617	613	51	63
616	619	54	66
620	625	51	66
620	632	52	65
621	636	52	68
621	645	55	66
622	651	54	66
625	658	53	65
625	664	54	67
624	671	58	68
629	677	54	67
629	684	56	67
631	690	54	68
631	696	59	68
633	702	59	70
634	707	57	73
637	717	57	73
638	723	56	71
639	729	57	71
641	736	58	73
641	742	57	75
643	748	57	74
643	758	60	70
647	765	56	72
647	772	58	73
650	776	55	77
651	783	58	76
653	790	59	75
654	796	59	78
653	802	60	77
657	809	58	75
656	815	61	74
658	822	57	78
659	828	64	76
660	835	62	78
662	840	62	77
665	847	58	75
664	854	62	75
666	858	61	79
668	864	60	76
671	871	61	79
669	876	66	75
672	882	61	77
673	887	62	79
674	892	63	79
675	898	65	80
677	904	64	79
680	909	63	78
683	916	62	78
683	921	62	77
685	926	63	81
686	932	64	80
688	939	64	79
686	945	70	80
688	949	69	83
693	955	65	82
695	962	66	81
697	967	68	84
698	972	66	84
696	978	71	85
699	984	70	85
702	988	71	86
706	993	67	87
700	1003	78	85
708	1006	71	88
710	1014	71	90
710	1020	74	87
716	1027	69	86
716	1032	71	86
719	1038	73	87
716	1043	79	91
720	1048	76	93
725	1056	71	89
725	1061	76	97
728	1070	76	92
730	1075	76	93
734	1080	74	90
733	1085	78	89
739	1091	75	91
739	1098	80	93
744	1105	78	91
744	1108	80	94
749	1116	75	97
751	1126	79	95
752	1129	81	97
755	1135	83	96
758	1144	79	93
765	1147	75	101
762	1153	82	96
767	1161	80	94
771	1169	81	92
770	1174	84	95
777	1181	80	96
777	1188	85	99
781	1195	82	94
783	1201	86	93
783	1206	88	97
788	1216	87	95
793	1221	83	99
798	1225	87	100
798	1234	87	98
803	1241	85	100
804	1245	92	102
809	1256	89	102
809	1261	94	102
815	1270	92	107
817	1274	95	105
819	1279	98	108
822	1288	102	108
826	1298	98	105
830	1304	101	105
834	1313	100	104
837	1318	101	104
842	1320	98	114
846	1328	100	114
850	1337	98	109
853	1342	100	110
857	1351	101	110
858	1357	107	111
863	1362	112	115
866	1373	109	110
872	1379	108	112
876	1386	103	113
879	1389	108	117
882	1400	110	117
886	1409	108	113
892	1414	110	115
897	1421	108	114
900	1430	107	116
903	1435	107	116
908	1443	106	120
915	1448	103	121
918	1455	108	118
923	1467	106	116
928	1472	104	123
931	1480	105	120
934	1488	111	121
938	1497	112	117
944	1504	108	122
945	1510	109	119
953	1516	108	118
958	1525	108	119
962	1533	110	123
966	1540	112	125
971	1548	110	123
976	1558	112	124
978	1566	115	128
986	1573	113	124
988	1581	114	125
992	1588	117	127
995	1597	122	132
999	1605	125	132
1007	1613	119	130
1012	1622	120	132
1003	1627	138	129
997	1641	150	125
1007	1644	148	131
1010	1650	145	138
1034	1653	127	148
1055	1669	110	136
1052	1677	123	138
1070	1689	107	131
1070	1695	119	134
1073	1701	122	140
1082	1707	118	140
1088	1715	118	144
1090	1731	125	138
1095	1739	127	141
1104	1745	126	141
1107	1753	130	142
1117	1765	126	143
1119	1769	133	145
1127	1782	133	141
1131	1793	134	143
1140	1800	137	143
1149	1804	136	145
1157	1809	137	145
1164	1806	143	146
1166	1803	150	149
1177	1792	150	155
1187	1782	152	157
1193	1769	150	162
1201	1758	152	160
1210	1743	152	162
1222	1732	148	150
1233	1715	148	151
1240	1701	149	153
1253	1688	146	150
1259	1666	154	159
1269	1653	152	151
1278	1638	151	157
1290	1629	150	151
1296	1604	149	160
1297	1589	160	160
1304	1573	165	161
1315	1557	162	160
1324	1539	161	167
1340	1528	159	160
1349	1516	157	164
1358	1510	155	160
1369	1509	158	150
1377	1508	158	149
1385	1505	155	150
1394	1502	161	157
1399	1506	164	161
1409	1507	157	157
1421	1515	157	156
1427	1519	165	165
1437	1526	166	166
1446	1538	164	166
1453	1549	167	166
1460	1559	161	170
1467	1567	169	169
1477	1577	158	167
1486	1585	165	175
1498	1605	161	155
1506	1610	168	157
1515	1620	164	165
1521	1631	170	163
1533	1643	172	166
1540	1654	165	161
1553	1662	171	173
1558	1677	173	153
1573	1696	163	138
1578	1697	175	168
1590	1718	177	148
1599	1726	172	152
1612	1734	173	167
1622	1749	150	142
1638	1765	163	163
1643	1771	174	173
1652	1784	182	175
1659	1792	178	170
1666	1805	188	175
1672	1820	195	172
1685	1836	193	179
1694	1847	188	176
1705	1857	198	193
1709	1880	200	174
1731	1896	192	179
1741	1900	191	189
1733	1920	219	173
1755	1941	194	150
1812	1998	172	139
1794	1966	179	158
