1898	319	52	125
1904	320	52	125
1911	324	52	123
1916	329	53	123
1923	335	54	123
1930	340	53	125
1937	346	50	122
1943	351	56	128
1949	358	55	130
1954	363	55	127
1960	370	60	129
1967	378	57	129
1973	384	59	128
1978	396	59	122
1983	402	62	126
1987	410	62	127
1993	420	61	127
1999	430	56	121
2002	433	56	130
2006	441	60	132
2011	451	60	129
2017	459	59	121
2021	466	56	131
2027	472	52	135
2032	478	52	130
2037	485	49	132
2043	494	47	130
2048	500	44	126
2049	508	51	126
2056	520	49	117
2059	525	49	117
2062	532	49	112
2065	541	56	110
2069	550	47	104
2065	558	54	101
2062	567	53	97
2050	573	62	98
2036	580	70	93
2016	586	80	96
1992	596	86	90
1964	603	89	78
1930	610	106	72
1897	617	115	68
1856	624	113	71
1810	630	113	70
1757	637	121	74
1699	645	122	66
1636	654	130	68
1574	667	126	67
1511	679	131	65
1445	691	131	70
1385	707	136	71
1320	720	133	77
1257	735	136	88
1199	752	125	83
1141	771	128	75
1099	788	116	74
1066	806	105	82
1051	811	96	93
1038	815	87	103
1035	824	78	102
1039	830	60	93
1040	832	59	97
1044	834	57	98
1052	837	53	95
1056	841	51	91
1062	842	48	93
1068	847	44	85
1072	849	45	85
1076	851	46	86
1081	851	44	89
1086	853	44	89
1091	855	44	88
1095	856	48	90
1099	857	48	89
1102	857	52	94
1107	860	51	90
1110	859	48	94
1110	859	54	92
1110	861	60	90
1112	862	63	90
1115	863	62	87
1116	863	62	92
1117	863	60	88
1123	863	58	88
1124	862	60	86
1131	863	54	85
1133	863	53	85
1135	862	53	86
1140	862	48	85
1140	863	52	86
1143	865	55	90
1147	866	50	86
1150	867	47	88
1151	868	50	86
1154	870	46	88
1158	870	48	90
1162	874	48	88
1167	876	52	84
1175	878	54	83
1182	879	57	83
1192	882	51	83
1202	885	52	82
1212	891	56	73
1227	892	55	76
1242	892	52	76
1258	893	57	83
1274	891	58	84
1291	895	68	81
1314	896	63	79
1334	901	60	71
1355	898	64	82
1378	900	65	81
1402	899	63	88
1427	904	66	81
1452	907	65	73
1478	903	64	77
1502	906	66	83
1528	907	63	88
1552	910	61	91
1569	911	62	98
1587	916	53	98
1598	921	41	99
1602	928	48	97
1609	933	43	95
1615	941	39	91
1617	947	42	90
1618	956	41	90
1619	965	41	87
1623	975	42	85
1628	981	44	87
1631	991	42	84
1632	1002	49	83
1638	1009	48	90
1639	1019	47	86
1643	1027	54	82
1647	1036	48	89
1652	1046	44	89
1652	1055	50	92
1656	1062	47	96
1660	1074	51	100
1664	1085	50	93
1666	1096	48	97
1668	1106	48	93
1671	1119	49	91
1677	1131	45	90
1677	1138	52	95
1679	1154	55	92
1685	1162	53	92
1685	1176	55	89
1692	1184	51	95
1693	1196	57	95
1699	1208	44	95
1701	1221	49	99
1703	1230	48	91
1702	1243	58	89
1706	1253	60	90
1709	1267	62	84
1717	1276	54	89
1715	1285	60	96
1720	1299	58	94
1724	1311	56	92
1729	1318	54	101
1730	1332	53	96
1734	1345	58	96
1738	1356	53	100
1740	1369	59	105
1745	1379	63	106
1751	1390	52	110
1753	1401	58	106
1755	1412	58	102
1760	1425	55	93
1764	1430	53	94
1769	1442	55	96
1771	1449	61	89
1775	1459	61	91
1779	1467	60	98
1785	1476	48	95
1789	1484	58	101
1794	1490	55	103
1794	1500	65	99
1803	1503	54	103
1806	1510	54	101
1809	1518	54	95
1811	1525	57	98
1818	1528	53	97
1821	1533	57	97
1827	1537	54	108
1830	1544	58	98
1835	1546	57	103
1840	1549	53	107
1844	1555	56	100
1849	1558	57	107
1853	1563	57	110
1858	1564	56	115
1862	1570	48	105
1865	1569	53	112
1869	1572	58	118
1874	1573	52	126
1880	1573	51	131
1884	1575	49	126
1886	1575	58	116
1896	1573	59	114
1899	1576	54	103
1906	1577	54	96
1904	1578	70	81
1908	1579	65	72
1915	1577	58	81
1913	1574	61	89
1922	1575	65	80
1931	1576	60	85
1933	1569	61	79
1939	1569	60	91
1942	1563	61	94
1946	1557	60	107
1947	1557	63	97
1951	1553	67	105
1958	1550	58	111
1960	1543	65	112
1960	1546	67	104
1961	1537	58	106
1970	1536	69	93
1975	1529	69	94
1971	1524	76	103
1981	1518	76	100
1988	1511	68	98
1989	1505	70	113
1991	1496	78	117
1997	1493	71	111
2002	1485	70	117
2006	1475	70	122
2009	1473	69	122
2012	1468	72	113
2015	1452	70	117
2021	1445	66	114
2021	1436	73	119
2029	1425	66	131
2029	1414	69	137
2029	1407	71	135
2033	1396	73	139
2036	1389	71	135
2038	1384	74	140
2045	1375	70	130
2047	1361	67	141
2048	1355	71	135
2050	1340	70	149
2050	1330	75	148
2050	1326	76	151
2053	1314	71	147
2053	1308	76	142
2054	1299	79	148
2053	1290	83	147
2054	1279	86	157
2054	1268	85	162
2059	1264	77	148
2062	1250	79	149
2066	1245	75	148
2063	1233	80	135
2067	1232	83	128
2071	1222	76	129
2076	1213	77	128
2074	1200	77	125
2077	1190	76	145
2075	1174	82	137
2078	1164	80	145
2086	1152	69	155
2089	1142	68	155
2089	1135	78	147
2091	1121	71	146
2093	1119	71	158
2089	1104	79	182
2093	1089	77	201
2092	1082	79	210
2093	1070	80	204
2101	1059	80	214
2096	1049	90	209
2104	1043	81	200
2110	1032	87	204
2111	1023	84	200
2114	1012	82	208
2120	1000	87	209
2117	997	90	214
2108	986	107	224
2087	980	127	232
2118	972	109	211
2098	967	124	230
2085	960	138	241
2137	950	96	219
2136	946	95	225
2152	937	83	222
2153	937	88	203
2154	936	86	202
2161	929	83	188
2167	932	77	162
2170	929	77	153
2167	931	86	146
2169	925	85	153
2174	924	80	164
2177	927	83	172
2177	925	88	188
2181	923	89	183
2182	924	88	178
2182	924	93	182
2185	922	87	193
2196	925	79	207
2192	925	84	190
2194	929	87	181
2196	928	85	182
2196	929	83	189
2195	930	86	184
2194	929	85	171
2197	923	80	192
2191	922	85	184
2189	921	94	195
2189	921	93	186
2193	919	94	175
2194	922	93	170
2198	923	92	162
2205	918	88	178
2206	914	95	188
2214	909	89	199
2217	915	91	192
2227	912	86	187
2228	911	87	194
2233	910	90	185
2241	909	81	197
2242	907	84	206
2243	905	90	211
2249	901	89	206
2255	906	85	195
2258	900	86	214
2267	901	81	204
2271	902	81	195
2277	907	83	190
2286	907	79	180
2291	911	75	174
2295	912	80	175
2305	913	73	170
2306	919	71	163
2312	925	76	164
2316	929	73	173
2323	936	75	171
2329	942	73	173
2334	949	73	179
2337	956	78	170
2344	965	74	182
2349	975	72	200
2356	974	73	197
2360	983	79	197
2362	992	82	203
2369	1002	76	202
2370	1009	83	200
2376	1017	82	200
2377	1022	84	209
2385	1031	82	202
2387	1038	92	211
2395	1038	85	225
2398	1039	88	233
2404	1047	92	235
2406	1053	86	218
2415	1058	87	207
2423	1063	83	201
2429	1067	84	199
2437	1073	82	182
2443	1079	78	178
2445	1085	81	196
2455	1088	79	190
2464	1091	77	207
2467	1100	84	201
2475	1102	86	214
2477	1111	92	208
2480	1119	91	185
2488	1121	86	203
2492	1129	84	211
2489	1136	92	202
2489	1140	91	197
2483	1145	101	194
2473	1148	92	196
2463	1154	100	190
2455	1154	93	187
2444	1153	88	198
2428	1156	102	193
2422	1163	92	183
2411	1165	92	180
2406	1166	85	182
2407	1170	85	188
2406	1175	90	185
2410	1176	96	186
2410	1185	94	194
2415	1197	78	180
2420	1197	75	192
2428	1202	78	197
2430	1208	72	214
2433	1207	85	195
2436	1210	87	197
2439	1221	89	185
2443	1226	100	172
2445	1232	100	177
2448	1236	109	174
2453	1238	109	184
2452	1239	114	200
2461	1246	105	193
2466	1247	97	193
2473	1246	100	201
2474	1255	97	204
2473	1254	96	199
2472	1258	89	199
2467	1252	89	211
2459	1255	97	195
2451	1263	119	178
2435	1263	127	176
2417	1263	134	160
2401	1258	129	160
2385	1258	120	161
2372	1249	110	163
2347	1240	117	164
2333	1240	114	156
2316	1236	102	157
2292	1233	112	146
2277	1227	102	166
2255	1227	107	158
2238	1226	105	159
2219	1221	106	166
2200	1220	103	167
2184	1216	101	162
2153	1205	113	181
2137	1210	114	182
2121	1210	118	175
2102	1209	125	176
2099	1209	120	177
2096	1207	123	173
2100	1208	117	179
2095	1203	131	182
2103	1210	127	173
2103	1206	127	181
2111	1212	118	170
2114	1204	115	183
2120	1207	112	178
2131	1200	99	207
2135	1200	95	190
2141	1203	86	188
2143	1202	86	188
2146	1200	87	193
2149	1193	82	198
2153	1203	78	187
2148	1196	89	197
2145	1192	92	204
2145	1195	85	207
2130	1192	96	211
2118	1190	104	222
2102	1191	114	231
2082	1182	121	247
2075	1182	128	239
2064	1182	123	249
2061	1180	114	255
2057	1173	115	255
2049	1179	113	249
2041	1181	106	250
2038	1177	106	252
2029	1182	109	249
2027	1185	94	238
2022	1187	92	235
2014	1185	88	247
2006	1183	90	228
2001	1179	90	243
1994	1177	90	233
1982	1177	99	244
1977	1176	114	249
1966	1174	122	234
1966	1168	123	237
1964	1163	119	238
1969	1157	125	247
1962	1155	129	256
1965	1153	125	246
1969	1153	117	247
1971	1151	109	251
1978	1149	115	260
1979	1142	126	262
1984	1139	129	278
1988	1142	127	275
1995	1145	123	262
1996	1143	134	262
1997	1139	127	261
2003	1136	132	268
2005	1135	136	272
2013	1138	137	268
2014	1140	146	261
2021	1140	142	283
2024	1140	148	260
2030	1140	165	289
2034	1139	165	273
2041	1139	149	260
2036	1145	162	254
2041	1141	145	264
2042	1145	174	246
2047	1140	171	248
2050	1143	161	241
2057	1139	148	237
2057	1138	151	241
2060	1133	149	240
2062	1130	147	243
2067	1130	140	247
2072	1125	138	255
2073	1132	138	240
2069	1134	132	240
2072	1130	142	231
2066	1130	156	235
2068	1130	156	236
2071	1124	143	244
2076	1133	108	238
2069	1128	112	232
2074	1128	97	231
2069	1117	96	244
2061	1122	101	245
2053	1115	110	238
2041	1119	99	230
2029	1117	96	227
2006	1124	102	211
1991	1127	103	207
1967	1121	111	201
1947	1121	107	183
1926	1116	109	179
1909	1112	109	181
1887	1110	109	177
1866	1101	114	185
1846	1097	112	183
1827	1089	123	202
1810	1079	122	219
1794	1072	131	209
1787	1066	122	201
1777	1054	127	215
1769	1048	129	214
1765	1036	130	211
1759	1027	140	215
1756	1017	130	218
1754	1006	135	213
1755	997	131	215
1753	986	143	224
1758	978	145	212
1763	963	138	225
1768	955	125	232
1768	950	144	225
1774	945	136	220
1784	937	138	226
1785	927	136	230
1793	925	137	223
1796	918	137	226
1807	906	127	231
1806	903	134	231
1813	899	128	212
1825	891	124	216
1829	886	125	213
1837	879	121	213
1843	869	123	217
1845	864	120	229
1853	848	111	227
1860	842	102	225
1862	835	107	230
1868	820	114	242
1876	817	103	244
1881	803	102	257
1886	790	100	257
1888	784	104	271
1895	776	103	252
1902	764	98	262
1903	753	108	268
1912	745	104	267
1917	745	99	271
1923	731	95	282
1929	724	90	281
1938	714	84	297
1940	710	88	295
1944	708	86	264
1948	708	86	256
1953	705	81	250
1959	703	80	256
1963	701	82	248
1967	693	90	261
1971	692	89	265
1975	702	94	258
1981	697	90	254
1985	703	87	241
1994	697	90	245
2005	696	83	238
2009	693	87	218
2017	696	81	212
2023	692	82	213
2028	693	83	208
2035	695	86	197
2044	695	80	190
2050	691	81	206
2057	691	75	215
2064	688	77	209
2069	682	75	217
2077	681	70	228
2083	680	70	215
2088	675	74	214
2093	672	74	208
2101	672	72	206
2106	667	69	202
2112	667	69	201
2116	667	68	187
2120	663	67	183
2127	662	68	189
2130	667	68	178
2135	665	66	192
2142	657	62	200
2144	662	65	202
2147	652	68	213
2147	655	67	214
2151	653	61	213
2142	651	71	224
2132	645	86	245
2122	638	79	248
2103	639	86	240
2080	638	97	243
2064	634	90	247
2048	629	85	230
2033	623	103	236
2023	626	93	233
2016	624	87	234
2015	618	89	239
2015	618	84	242
2015	616	87	246
2020	619	87	242
2020	619	92	235
2026	619	86	249
2029	620	93	239
2031	617	89	238
2036	617	89	249
2040	612	90	268
2043	621	86	253
2046	617	81	258
2054	616	76	265
2053	624	82	256
2058	623	77	251
2057	626	83	253
2058	628	89	255
2061	633	88	244
2066	638	83	238
2063	636	94	244
2068	643	88	228
2073	642	83	241
2070	649	88	229
2076	655	81	232
2073	654	90	234
2071	658	91	229
2069	653	95	236
2069	656	88	230
2066	657	88	227
2064	652	88	232
2059	654	94	232
2059	662	91	200
2057	666	91	192
2051	674	99	159
2049	667	101	168
2042	667	104	175
2038	660	111	195
2034	654	115	217
2028	651	120	239
2026	645	119	250
2017	641	125	253
2008	636	125	257
1999	644	159	258
1978	643	157	246
1975	641	169	259
1961	642	151	255
1958	639	149	274
1946	638	191	289
1933	635	173	290
1921	634	159	273
1904	643	128	256
1898	641	113	273
1880	637	112	274
1865	632	110	276
1849	631	108	296
1833	630	112	279
1822	630	111	292
1813	627	110	296
1805	629	105	294
1792	633	105	282
1784	637	101	280
1772	632	109	275
1762	631	105	263
1754	628	99	280
1742	626	103	285
1733	624	111	275
1724	618	106	283
1715	614	107	288
1704	618	113	286
1693	611	109	274
1682	611	118	295
1680	606	95	307
1669	598	92	291
1660	600	93	290
1661	594	80	287
1646	599	87	284
1640	599	83	271
1633	596	85	285
1624	598	88	271
1619	601	79	264
1613	600	78	271
1607	595	80	279
1598	598	84	272
1596	599	79	280
1589	597	84	285
1583	604	86	267
1574	608	89	263
1571	608	102	257
1565	617	92	252
1559	614	97	265
1556	615	91	272
1552	618	83	258
1552	630	78	248
1547	629	88	263
1542	636	81	259
1536	642	75	251
1532	648	76	258
1524	652	79	268
1520	660	77	275
1513	663	75	273
1505	667	77	276
1498	672	75	288
1490	679	77	290
1484	688	77	275
1477	697	77	273
1472	706	74	278
1463	708	76	263
1457	720	77	281
1453	731	77	264
1444	737	82	280
1440	742	74	280
1431	754	74	265
1422	763	83	266
1416	769	81	274
1412	777	88	280
1400	789	93	246
1397	796	97	241
1385	804	95	246
1381	811	98	252
1376	819	95	266
1370	824	100	258
1364	823	106	278
1359	822	106	265
1357	829	101	228
1350	829	103	238
1347	827	105	232
1341	823	101	225
1338	822	103	235
1331	810	101	260
1325	808	109	248
1325	799	106	258
1325	789	95	267
1321	776	95	284
1313	765	99	294
1310	750	98	305
1301	735	104	324
1295	723	106	311
1288	708	108	319
1278	689	109	327
1272	668	112	345
1261	650	117	339
1255	628	119	331
1249	608	128	303
1246	588	122	318
1240	564	120	323
1234	541	129	320
1227	512	135	341
1229	484	133	346
1221	469	133	337
1218	438	130	352
1219	415	129	345
1215	400	133	334
1221	382	128	341
1220	358	129	342
1223	341	128	345
1222	328	132	349
1226	308	130	347
1226	289	133	362
1236	277	129	376
1237	267	130	356
1240	258	142	369
1239	248	149	365
1249	243	135	356
1254	233	133	357
1265	228	135	384
1268	220	145	393
1272	229	142	378
1277	224	127	343
1288	232	120	324
1292	229	128	352
1301	239	123	308
1309	238	124	316
1325	249	115	312
1328	257	115	305
1343	265	108	316
1339	275	125	336
1352	284	120	327
1354	297	135	351
1369	309	118	346
1382	325	115	311
1391	343	106	304
1400	359	110	320
1405	378	109	313
1414	401	108	331
1425	427	107	325
1435	448	108	338
1447	475	104	331
1457	502	99	313
1465	543	114	266
1481	576	108	270
1491	611	92	261
1501	655	93	241
1511	695	90	254
1521	735	90	236
1531	775	86	245
1540	814	86	245
1549	852	82	233
1559	895	87	223
1570	935	82	211
1578	967	82	211
1584	995	81	208
1592	1018	80	218
1596	1044	85	209
1602	1066	84	190
1606	1086	84	194
1612	1102	81	183
1616	1109	81	200
1622	1118	81	211
1628	1131	80	208
1633	1139	81	198
1637	1152	82	188
1641	1161	81	192
1647	1169	77	187
1654	1185	73	182
1660	1193	72	188
1664	1200	73	183
1671	1210	70	191
1672	1219	70	188
1679	1231	73	198
1683	1242	72	189
1688	1251	76	194
1691	1262	79	187
1695	1271	80	181
1701	1285	79	177
1709	1295	71	183
1712	1305	69	177
1713	1316	73	179
1719	1326	71	173
1720	1335	75	189
1724	1348	73	180
1731	1361	69	176
1732	1370	75	157
1737	1380	70	161
1740	1392	70	170
1744	1404	69	186
1747	1412	71	190
1748	1426	74	173
1753	1433	68	173
1758	1447	65	167
1758	1460	69	168
