259	8	46	33
262	17	49	33
265	26	52	35
266	35	47	30
269	46	40	28
274	52	44	30
275	62	40	29
277	69	42	33
279	77	41	30
279	85	42	32
284	91	42	33
283	97	42	33
283	106	45	31
287	109	44	30
287	112	48	30
288	114	46	30
288	114	49	32
289	117	48	30
290	117	50	33
290	118	49	30
292	118	48	28
293	119	45	26
293	117	48	26
294	116	48	30
292	115	52	28
293	115	47	29
294	115	42	29
295	116	42	28
297	114	40	28
297	114	40	27
296	113	43	27
297	113	42	27
299	112	41	26
300	112	41	26
301	110	42	30
304	108	39	29
306	110	43	24
310	109	44	23
316	109	40	21
322	108	40	20
330	105	43	20
339	103	43	22
350	102	43	21
361	100	41	21
372	98	44	23
383	96	46	24
392	94	44	24
406	93	42	28
416	91	42	22
425	90	43	21
432	88	45	26
441	87	48	22
448	86	47	25
458	84	43	24
467	85	46	23
475	83	41	23
483	82	47	27
493	82	41	23
500	82	44	21
511	80	42	19
516	79	44	23
523	79	43	21
526	78	41	23
528	78	41	23
528	79	36	23
529	79	37	25
530	81	33	22
528	80	37	25
530	79	38	25
530	79	45	29
530	80	41	24
530	80	41	25
530	80	40	25
531	79	39	28
530	81	39	28
530	83	37	23
529	84	34	23
530	84	36	23
529	85	34	23
532	86	30	20
530	86	32	25
529	87	33	25
529	86	33	24
530	87	31	25
530	87	29	24
529	89	27	24
534	88	29	24
533	90	33	21
533	89	37	25
533	90	35	23
531	89	38	25
529	89	44	27
528	83	45	34
528	82	51	35
529	81	50	37
530	80	51	40
529	80	51	40
529	84	49	40
528	80	49	46
530	82	47	43
531	83	47	41
536	82	41	43
535	85	41	39
532	87	44	39
529	87	46	41
529	90	47	39
528	91	46	41
531	92	42	39
530	95	42	38
530	95	43	38
528	96	44	38
528	96	44	36
528	99	45	36
531	100	39	35
530	103	39	34
530	103	40	36
529	105	42	33
529	106	39	34
531	109	38	31
529	111	38	30
529	112	37	30
528	111	40	33
530	115	37	29
528	112	38	34
528	112	38	35
528	114	41	33
529	113	43	35
526	116	44	34
527	116	42	37
527	117	42	36
528	119	40	36
527	122	41	33
528	124	38	31
527	127	36	31
528	125	40	31
527	125	41	32
526	126	43	35
526	129	42	32
527	133	41	31
526	130	38	35
525	130	43	35
524	130	46	41
524	131	50	37
524	133	55	36
524	134	55	38
523	134	61	41
522	133	64	39
520	136	66	37
520	138	67	37
517	139	70	37
517	141	68	35
518	142	70	36
519	142	65	37
518	145	63	38
518	148	53	36
519	148	49	38
521	153	44	33
520	162	45	25
519	165	43	23
519	167	45	23
520	169	42	22
520	171	42	22
519	173	41	20
521	174	40	22
521	175	40	23
519	176	45	27
519	178	43	25
519	179	39	23
519	181	43	25
519	182	45	25
518	185	43	24
518	186	46	25
518	188	42	21
519	189	42	24
518	190	43	24
516	192	46	26
514	193	47	29
512	194	49	27
511	195	50	27
506	198	53	26
504	201	52	25
498	203	53	27
498	204	52	30
492	208	47	26
488	210	55	27
485	209	60	37
482	212	55	33
477	213	59	41
475	215	60	38
471	218	57	32
468	220	62	38
467	222	64	35
481	221	59	36
466	224	65	39
465	229	65	36
465	229	65	36
463	231	69	41
467	231	69	41
476	235	59	36
476	235	59	36
474	239	61	48
472	238	65	50
469	239	69	48
473	242	63	46
481	245	59	43
475	246	63	40
476	249	65	46
475	250	69	41
479	250	67	38
475	256	71	34
476	257	70	39
477	258	70	39
477	258	70	39
480	263	70	40
478	261	78	42
479	264	78	41
487	263	74	43
484	268	75	44
483	268	76	50
483	273	75	48
487	273	76	47
487	283	75	38
488	288	70	38
497	294	68	38
492	301	64	44
495	305	73	45
492	311	80	44
493	317	82	44
499	325	76	42
501	331	73	41
502	338	76	44
502	347	75	42
502	355	77	38
507	361	77	39
506	367	84	41
510	375	82	39
514	382	74	39
514	387	78	44
519	394	76	42
517	400	77	38
516	403	81	41
523	410	76	33
525	413	78	34
525	415	81	42
525	421	79	43
532	426	73	32
535	429	74	33
534	430	79	38
537	433	78	38
542	436	76	35
544	439	75	33
545	441	76	37
549	444	75	32
548	446	78	38
549	449	80	37
552	452	81	36
553	455	85	38
558	457	81	38
563	461	78	36
565	463	79	34
567	466	79	39
573	468	78	40
572	472	83	38
574	475	82	40
576	478	84	39
579	480	83	39
582	483	80	39
585	487	82	40
588	490	81	38
592	494	81	36
593	496	82	41
598	500	82	36
604	503	80	37
605	505	82	38
609	509	81	36
611	512	81	36
618	515	80	36
620	518	82	36
624	521	81	35
627	524	82	37
629	525	83	46
631	525	84	47
634	528	83	44
639	531	82	45
642	535	82	41
643	540	86	40
647	542	85	40
649	545	86	42
649	550	88	45
