1648	611	33	44
1648	611	30	42
1646	609	32	44
1645	609	33	46
1645	608	31	47
1644	608	31	47
1642	608	31	46
1641	607	33	47
1640	606	32	49
1639	606	37	48
1638	604	36	50
1638	607	36	45
1636	604	37	48
1636	603	36	49
1635	601	35	50
1634	598	36	54
1633	596	34	55
1633	597	36	51
1632	597	36	51
1631	595	36	52
1631	593	33	54
1630	594	34	52
1629	596	35	48
1627	596	36	47
1627	595	36	47
1626	594	36	47
1624	593	38	47
1623	593	39	43
1623	593	37	42
1622	592	35	43
1621	589	35	44
1620	587	37	46
1618	586	38	46
1617	585	38	47
1616	584	38	45
1614	582	38	46
1614	581	38	46
1612	579	40	48
1611	575	37	54
1611	574	37	51
1609	576	37	48
1608	577	38	46
1606	576	38	45
1606	575	35	45
1605	574	35	47
1602	572	38	48
1602	574	37	45
1600	571	39	47
1597	572	41	46
1596	570	40	48
1595	568	40	50
1594	567	39	51
1593	567	37	51
1590	568	42	49
1589	566	40	50
1587	566	41	51
1587	566	39	50
1585	564	37	53
1583	564	40	51
1583	566	39	49
1581	566	40	50
1578	565	42	51
1577	564	40	54
1575	564	41	55
1574	565	40	54
1572	566	42	53
1570	567	42	53
1568	568	42	53
1567	568	40	54
1566	569	41	54
1565	569	40	56
1562	572	43	54
1561	573	42	55
1560	575	43	55
1557	577	46	55
1556	578	45	58
1553	580	45	59
1552	584	45	56
1550	587	46	55
1549	589	48	56
1547	588	48	61
1546	594	45	57
1544	598	48	57
1543	601	47	59
1541	605	46	56
1540	608	46	58
1537	611	48	57
1535	610	50	66
1535	616	49	62
1533	621	49	59
1531	623	47	63
1529	625	49	66
1527	628	50	66
1526	635	51	63
1524	636	51	65
1523	638	50	72
1521	642	52	73
1520	646	51	72
1519	655	54	66
1517	654	54	73
1518	660	53	71
1516	665	54	68
1514	667	54	71
1513	672	54	73
1514	674	56	73
1513	677	56	78
1513	684	56	73
1512	683	55	80
1512	691	57	76
1512	694	54	77
1514	700	56	74
1512	702	61	75
1511	710	61	71
1513	711	58	75
1513	717	58	77
1514	717	56	83
1515	722	60	82
1517	728	58	80
1517	731	57	80
1519	737	60	78
1520	740	59	82
1522	739	58	90
1523	746	58	87
1526	752	60	85
1527	755	60	88
1529	758	61	90
1531	762	60	90
1534	770	61	85
1535	772	63	90
1538	776	62	92
1540	781	61	92
1544	787	62	87
1545	791	66	94
1546	797	68	91
1550	802	61	91
1553	809	64	87
1553	816	67	84
1558	818	65	88
1559	824	66	89
1561	828	69	93
1564	831	67	95
1565	839	70	93
1569	846	69	91
1572	850	66	93
1573	857	68	90
1576	867	71	83
1579	875	65	87
1579	874	71	94
1583	878	69	100
1584	880	70	108
1587	890	70	104
1590	898	69	102
1591	902	70	101
1592	910	73	103
1593	912	77	113
1594	921	75	108
1595	923	74	118
1594	933	74	111
1591	934	80	127
1589	942	76	129
1586	949	74	126
1583	958	78	123
1580	965	82	126
1579	971	81	128
1578	975	81	134
1576	986	80	129
1576	989	81	136
1575	999	88	133
1577	1008	83	135
1578	1009	81	150
1579	1017	84	158
1581	1022	85	161
1583	1032	84	161
1583	1040	85	167
1587	1049	85	164
1586	1060	87	165
1587	1069	90	166
1589	1081	93	156
1591	1090	92	164
1590	1096	94	167
1593	1104	94	163
1592	1113	95	169
1592	1124	99	168
1595	1132	94	178
1595	1138	98	191
1595	1151	97	187
1594	1160	104	195
1596	1168	100	198
1596	1179	101	200
1597	1192	106	200
1595	1199	108	203
1595	1210	106	208
1593	1223	104	205
1589	1234	103	204
1587	1247	101	201
1585	1256	102	208
1582	1269	102	210
1578	1280	108	208
1578	1294	109	203
1576	1306	109	209
1577	1318	113	209
1575	1334	114	213
1576	1344	113	220
1576	1360	117	213
1575	1376	116	214
1575	1390	122	209
1575	1409	118	197
1574	1424	117	208
1574	1438	118	209
1574	1451	123	201
1572	1475	123	199
1573	1501	124	187
1574	1506	125	201
1570	1529	129	204
1568	1536	129	207
1567	1562	127	215
1568	1567	132	230
1562	1583	140	228
1564	1595	140	239
1560	1628	143	241
1555	1643	147	227
1551	1664	159	223
1553	1693	154	231
1552	1702	151	237
1551	1737	155	230
1543	1739	163	251
1540	1777	161	230
1540	1784	164	253
1535	1817	165	247
1531	1834	164	261
1528	1856	167	270
1522	1880	175	273
1516	1887	178	275
1515	1932	170	244
1415	1612	148	221
1412	1675	151	185
1401	1699	158	182
1391	1738	170	165
1388	1768	164	163
1382	1798	161	164
