1914	1869	129	283
1918	1860	123	266
1917	1848	126	264
1913	1828	135	274
1918	1827	131	265
1920	1815	128	265
1923	1812	130	258
1912	1794	137	264
1926	1783	129	260
1913	1777	136	256
1922	1759	131	268
1918	1760	135	255
1921	1743	136	259
1921	1735	132	249
1929	1731	125	240
1924	1716	130	245
1935	1707	128	247
1932	1696	125	246
1930	1699	131	238
1933	1683	126	240
1926	1680	140	237
1931	1668	136	241
1929	1667	131	230
1942	1653	130	241
1933	1641	135	238
1930	1635	136	239
1938	1630	138	235
1936	1622	134	242
1928	1614	138	238
1933	1613	135	222
1940	1603	138	236
1952	1598	116	235
1944	1588	128	231
1939	1585	131	229
1942	1578	139	232
1937	1573	137	234
1945	1573	126	224
1958	1565	127	222
1943	1554	133	225
1946	1554	144	228
1947	1540	137	262
1949	1540	129	236
1947	1530	130	262
1940	1519	140	257
1949	1517	132	271
1951	1508	133	281
1956	1511	132	240
1956	1507	131	239
1951	1500	143	236
1957	1495	134	250
1951	1492	142	261
1956	1483	139	255
1956	1483	130	235
1961	1483	139	238
1958	1477	135	252
1963	1478	129	226
1959	1470	138	235
1966	1468	128	231
1966	1468	141	222
1964	1457	139	235
1967	1457	141	239
1970	1450	130	241
1970	1448	137	237
1971	1447	140	237
1970	1449	138	228
1977	1442	131	226
1972	1446	140	228
1973	1436	131	227
1979	1441	131	224
1979	1435	134	228
1979	1431	135	229
1982	1429	137	225
1987	1425	130	229
1989	1427	128	225
1982	1427	137	224
1989	1421	133	222
1977	1427	140	213
1989	1423	142	222
1981	1417	139	217
1993	1416	144	221
1989	1413	135	214
1993	1419	130	219
1997	1412	130	221
1997	1409	139	221
1996	1410	135	215
1993	1413	140	214
2000	1412	135	213
2001	1407	132	217
2001	1411	134	210
2004	1409	135	214
2000	1405	130	213
2006	1405	136	212
2006	1404	130	212
2008	1405	129	213
2010	1406	133	209
2013	1402	129	212
2013	1405	130	212
2013	1404	130	209
2020	1411	134	204
2017	1408	125	204
2020	1405	132	208
2018	1402	133	212
2019	1405	134	208
2021	1404	130	209
2024	1402	133	207
2019	1400	132	206
2020	1401	137	209
2022	1406	135	205
2028	1406	134	203
2022	1401	131	207
2032	1405	136	212
2032	1397	126	211
2034	1403	137	210
2034	1397	127	209
2038	1403	130	209
2035	1393	135	212
2039	1397	131	209
2036	1390	134	212
2042	1396	136	216
2045	1391	136	216
2045	1399	131	201
2049	1392	133	205
2052	1396	133	209
2047	1400	140	199
2049	1383	134	212
2057	1383	135	212
2050	1379	131	208
2058	1382	133	208
2055	1383	135	203
2061	1376	127	208
2067	1372	131	211
2064	1366	130	213
2066	1362	133	217
2070	1368	127	207
2073	1366	128	204
2074	1359	135	209
2074	1362	131	207
2076	1355	125	204
2086	1357	121	202
2082	1354	125	200
2090	1343	124	210
2087	1341	124	206
2089	1335	131	209
2091	1340	120	204
2097	1338	126	198
2100	1331	122	206
2104	1327	123	206
2101	1317	124	212
2108	1308	125	217
2101	1316	135	206
2109	1310	125	211
2110	1309	128	208
2121	1307	118	211
2111	1307	125	203
2119	1303	119	206
2122	1308	117	205
2117	1310	128	210
2127	1305	121	209
2125	1314	124	208
2126	1319	127	210
2125	1316	126	218
2124	1327	128	206
2132	1328	113	210
2132	1334	117	213
2125	1342	118	215
2125	1347	131	216
2122	1354	126	211
2125	1364	125	211
2124	1374	122	215
2124	1379	135	217
2124	1388	120	222
2125	1396	120	221
2121	1411	119	213
2123	1416	125	217
2118	1427	129	221
2114	1437	140	226
2111	1441	152	242
2107	1451	153	242
2107	1461	142	229
2106	1466	145	242
2104	1470	157	239
2103	1469	154	238
2094	1470	164	246
2096	1469	162	245
2099	1470	156	236
2095	1469	169	244
2086	1465	177	254
2086	1459	173	249
2085	1454	180	251
2085	1450	170	249
2092	1445	176	254
2092	1446	167	250
2081	1449	173	244
2087	1437	165	254
2085	1432	169	256
2085	1433	172	241
2079	1433	167	244
2082	1428	168	240
2078	1418	172	250
2079	1422	180	232
2078	1414	173	239
2076	1415	169	235
2074	1402	173	243
2074	1402	176	241
2069	1400	173	234
2072	1396	175	241
2069	1398	171	233
2075	1389	167	237
2070	1389	169	237
2067	1385	179	238
2068	1379	170	240
2062	1378	179	225
2062	1388	176	237
2065	1367	165	236
2063	1368	176	235
2066	1365	171	231
2064	1355	167	236
2059	1355	179	234
2062	1346	159	229
2061	1343	170	233
2061	1344	161	231
2057	1337	175	229
2054	1337	166	229
2062	1326	162	231
2055	1330	177	226
2059	1327	174	227
2061	1322	174	226
2062	1319	173	231
2060	1319	166	222
2067	1310	170	226
2064	1311	163	229
2055	1311	182	228
2059	1302	187	230
2057	1296	173	229
2060	1292	186	226
2062	1290	178	233
2062	1285	156	228
2059	1276	184	238
2063	1280	180	229
2058	1274	181	229
2068	1265	158	230
2064	1267	154	229
2071	1264	145	224
2070	1258	137	229
2071	1259	136	226
2073	1256	137	224
2077	1256	138	223
2074	1253	140	224
2074	1250	144	232
2069	1255	146	223
2074	1243	150	226
2071	1244	159	230
2069	1242	151	226
2077	1241	150	223
2074	1246	147	219
2073	1241	156	222
2072	1236	157	230
2074	1227	150	239
2075	1228	150	242
2068	1222	163	236
2075	1222	162	226
2070	1217	160	236
2080	1211	148	236
2079	1210	151	239
2078	1206	151	241
2073	1201	151	233
2074	1199	153	232
2077	1192	154	235
2077	1183	147	240
2081	1180	142	233
2078	1179	145	238
2085	1177	142	231
2082	1176	134	225
2088	1169	129	228
2084	1164	131	230
2081	1155	142	250
2077	1148	143	255
2080	1144	151	254
2075	1141	144	239
2073	1135	152	228
2081	1135	148	226
2078	1123	144	220
2075	1120	153	218
2073	1114	148	215
2074	1107	151	218
2078	1104	147	214
2079	1102	140	211
2074	1095	154	216
2086	1094	147	218
2079	1084	143	228
2077	1081	144	229
2082	1071	144	230
2077	1069	151	230
2086	1061	141	229
2079	1058	145	221
2087	1054	142	215
2085	1047	141	216
2092	1039	137	215
2092	1040	130	207
2090	1031	138	207
2089	1031	139	204
2096	1021	144	207
2094	1015	135	207
2098	1016	132	202
2102	1006	137	205
2094	1002	140	199
2100	999	141	199
2098	997	141	194
2099	989	132	192
2106	987	135	191
2104	981	136	194
2110	979	130	192
2110	978	131	192
2120	969	130	187
2123	966	133	189
2121	965	127	189
2133	959	132	187
2144	962	121	183
2149	958	116	180
2147	949	126	187
2151	948	129	184
2160	946	124	184
2167	944	128	183
2173	940	127	182
2179	939	123	181
2185	938	126	178
2191	933	124	178
2192	931	125	175
2197	933	120	172
2205	924	120	181
2206	924	120	182
2207	921	122	183
2212	920	119	179
2220	922	116	169
2212	914	123	172
2216	915	123	174
2211	912	131	179
2219	909	130	180
2219	913	123	171
2220	907	121	169
2223	905	125	169
2226	905	124	166
2226	900	122	173
2231	896	113	174
2231	893	119	170
2234	896	116	162
2234	893	119	166
2234	891	116	166
2239	889	114	168
2241	887	115	167
2235	888	115	164
2242	882	119	168
2243	885	118	168
2238	883	116	167
2242	880	123	170
2241	879	122	169
2249	878	116	169
2245	881	110	167
2246	870	124	173
2245	872	123	174
2248	874	115	167
2251	868	115	170
2253	872	113	171
2254	868	114	176
2254	868	118	173
2253	867	115	171
2255	865	117	172
2258	867	113	170
2259	864	120	171
2257	867	118	171
2259	863	121	171
2260	866	117	164
2266	866	111	166
2265	867	115	164
2265	864	117	165
2262	865	123	169
2264	861	119	170
2263	862	120	169
2261	862	127	168
2266	859	116	170
2262	859	122	172
2264	856	121	171
2264	856	121	168
2264	855	120	174
2263	857	130	175
2264	857	144	174
2263	855	153	175
2263	859	139	173
2265	854	149	178
2264	854	157	183
2264	853	166	181
2270	855	139	171
2268	856	152	175
2272	852	156	176
2275	857	145	173
2274	857	134	175
2270	853	155	183
2275	858	141	177
2273	859	152	171
2272	857	152	177
2277	855	153	170
2279	859	145	174
2281	860	146	173
2280	859	141	173
2279	860	150	175
2285	857	138	170
2285	864	134	172
2286	866	144	166
2289	864	126	167
2291	861	127	168
2287	861	144	170
2289	859	133	173
2292	866	114	171
2293	859	140	168
2295	858	128	168
2294	858	142	165
2297	853	124	176
2293	853	153	173
2296	852	138	168
2296	850	137	170
2296	849	153	168
2297	844	142	171
2295	841	160	175
2297	842	154	173
2300	837	159	170
2299	834	159	176
2304	832	153	171
2307	830	151	170
2307	823	155	172
2307	821	152	167
2310	820	146	170
2313	815	139	172
2313	811	133	163
2318	811	121	166
2323	811	109	164
2321	798	125	174
2322	798	138	165
2323	793	133	169
2325	795	130	160
2326	788	139	162
2325	786	135	161
2332	774	124	163
2337	763	112	167
2337	759	121	171
2337	758	121	171
2338	752	121	169
2342	746	119	172
2341	741	120	172
2340	735	132	171
2347	728	120	168
2348	727	115	170
2343	720	128	170
2345	715	129	172
2348	707	124	174
2351	704	127	168
2352	698	129	173
2355	691	130	173
2353	688	126	179
2357	684	135	177
2356	681	131	179
2356	682	139	175
2361	675	139	175
2359	671	144	173
2359	670	146	165
2359	661	150	175
2365	658	145	171
2363	654	149	174
2375	658	131	168
2372	651	138	175
2369	650	146	174
2368	647	141	171
2371	644	139	179
2376	641	139	181
2376	644	144	175
2373	639	149	181
2374	639	147	185
2367	637	154	185
2371	639	155	181
2369	634	162	187
2369	637	157	189
2368	633	162	196
2367	633	159	205
2367	631	156	216
2369	634	163	225
2369	634	162	221
2373	636	162	211
2376	649	162	208
2372	642	160	202
2376	645	160	208
2377	654	155	195
2381	658	152	203
2383	659	148	198
2382	666	157	193
2377	668	163	200
2377	675	163	192
2379	676	165	199
2386	679	160	202
2381	689	152	193
2389	688	154	195
2383	694	160	191
2387	700	162	195
2384	701	169	205
2381	704	172	210
2386	712	169	215
2386	711	174	240
2386	714	170	218
2386	719	176	218
2389	727	170	213
2389	730	167	211
2395	738	167	216
2392	742	169	213
2392	749	169	216
2397	750	171	221
2398	756	172	220
2403	764	163	219
2400	770	165	225
2404	775	162	227
2398	787	172	221
2394	784	173	229
2390	785	171	233
2376	797	167	234
2373	798	162	226
2359	801	167	224
2348	803	162	233
2327	803	173	235
2309	811	168	230
2288	814	169	227
2271	821	164	230
2239	822	169	229
2211	826	176	224
2183	829	176	226
2145	831	174	231
2117	835	174	232
2077	842	183	225
2052	844	179	228
2020	852	179	230
1997	851	177	232
1964	859	189	231
1934	866	189	231
1907	871	186	236
1889	874	188	235
1875	883	190	233
1856	892	189	237
1847	894	190	241
1832	908	202	241
1829	906	195	249
1828	915	193	247
1822	929	200	237
1820	934	193	242
1821	938	197	243
1811	953	199	238
1815	955	199	242
1813	965	197	245
1808	969	197	250
1811	984	195	244
1811	991	193	252
1809	1000	201	254
1807	1008	196	249
1804	1011	200	258
1800	1028	201	250
1802	1036	196	248
1798	1039	204	257
1803	1052	198	255
1795	1064	202	260
1802	1066	202	264
1791	1085	206	254
1788	1089	206	266
1788	1102	199	260
1786	1109	201	272
1785	1127	191	264
1786	1127	201	260
1784	1132	201	263
1780	1147	204	269
1773	1161	211	272
1770	1165	212	282
1775	1178	201	279
1774	1189	207	277
1768	1204	209	281
1772	1210	197	295
1764	1226	205	283
1757	1241	212	291
1763	1237	207	292
1765	1244	202	297
1760	1262	204	290
1764	1267	199	298
1763	1281	200	298
1757	1285	205	297
1756	1298	203	303
1752	1297	205	302
1747	1301	214	320
1754	1308	213	316
1754	1309	214	335
1759	1319	211	322
1754	1339	211	331
1771	1342	203	318
1767	1354	200	323
1762	1357	224	318
1774	1366	208	329
1775	1370	215	332
1786	1376	212	324
1796	1385	211	334
1805	1390	205	325
1816	1395	210	318
1816	1400	214	320
1823	1409	207	314
1837	1401	207	327
1841	1412	206	324
1846	1413	206	329
1860	1422	204	318
1874	1416	198	325
1890	1414	185	330
1880	1420	202	333
1900	1424	202	330
1908	1429	187	328
1913	1424	196	331
1915	1441	206	318
1928	1427	200	325
1930	1440	207	317
1935	1431	202	324
1956	1431	184	327
1957	1431	212	321
1960	1425	196	335
1973	1428	188	340
1969	1423	202	326
1972	1419	188	330
1973	1418	189	330
1971	1413	194	331
1969	1408	194	335
1972	1407	183	327
1966	1408	192	315
1969	1402	185	316
1969	1392	192	330
1962	1386	192	326
1969	1383	194	323
1969	1381	183	314
1967	1374	194	317
1968	1367	177	319
1972	1366	179	311
1969	1358	177	314
1972	1353	185	306
1960	1340	184	308
1967	1341	181	300
1966	1338	184	303
1961	1319	191	309
1965	1311	191	305
1977	1301	174	303
1975	1300	177	307
1968	1288	177	308
1976	1286	169	299
1977	1271	168	302
1981	1265	174	289
1973	1261	171	290
1976	1252	177	290
1974	1242	173	290
1973	1233	173	280
1972	1222	172	282
1975	1214	171	288
1983	1202	159	287
1977	1197	166	281
1973	1193	170	275
1989	1179	162	280
1979	1177	163	272
1978	1165	168	275
1982	1153	165	277
1985	1147	164	268
1987	1139	152	264
1981	1133	165	259
1992	1128	156	262
1981	1109	164	267
1981	1100	161	266
1989	1090	160	264
1988	1093	157	260
1994	1082	148	254
